0.001001 0.045619 0 0.001074 0 0 0 0 0.047694
0.001036 0.057161 0 0.001159 0 0 0 0 0.059356
0.001029 0.059835 0 0.001243 0 0 0 0 0.062107
0.00104 0.059983 0 0.028957 0 0 0 0 0.08998
0.061772 0.074161 0 0.015352 0 0 0 0 0.151285
0.061317 0.074736 0 0.01467 0 0 0 0 0.150723
0.06186 0.074807 0 0.014876 0 0 0 0 0.151543
0.062919 0.075618 0 0.014657 0 0 0 0 0.153194
0.060883 0.090586 0 0.014882 0 0 0 0 0.166351
0.058643 0.072646 0 0.014151 0 0 0 0 0.14544
0.058371 0.072612 0 0.014385 0 0 0 0 0.145368
0.06773 0.072499 0 0.014111 0 0 0 0 0.15434
0.070727 0.073439 0 0.014517 0 0 0 0 0.158683
0.074034 0.073159 0 0.014434 0 0 0 0 0.161627
0.062004 0.070137 0 0.014262 0 0 0 0 0.146403
0.057702 0.069586 0 0.014299 0 0 0 0 0.141587
0.044161 0.068269 0 0.014191 0 0 0 0 0.126621
0.039233 0.067554 0 0.014141 0 0 0 0 0.120928
0.035289 0.066711 0 0.014108 0 0 0 0 0.116108
0.029999 0.065802 0 0.01401 0 0 0 0 0.109811
0.027188 0.065961 0 0.014841 0 0 0 0 0.10799
0.02409 0.065202 0 0.014525 0 0 0 0 0.103817
0.020788 0.064454 0 0.014408 0 0 0 0 0.09965
0.018977 0.065449 0 0.015033 0 0 0 0 0.099459
0.019045 0.064305 0 0.014488 0 0 0 0 0.097838
0.01735 0.063321 0 0.014498 0 0 0 0 0.095169
0.018256 0.063484 0 0.014472 0 0 0 0 0.096212
0.018716 0.063422 0 0.01449 0 0 0 0 0.096628
0.015588 0.06341 0 0.014477 0 0 0 0 0.093475
0.013968 0.063928 0 0.014464 0 0 0 0 0.09236
0.011609 0.063817 0 0.014578 0 0 0 0 0.090004
0.010636 0.065509 0 0.014827 0 0 0 0 0.090972
0.009653 0.063206 0 0.014544 0 0 0 0 0.087403
0.00964 0.063245 0 0.014485 0 0 0 0 0.08737
0.010375 0.063227 0 0.014257 0 0 0 0 0.087859
