0.005466 0.03631 0 0.002025 0 0 0 0 0.043801
0.005542 0.044074 0 0.002112 0 0 0 0 0.051728
0.005366 0.045467 0 0.002077 0 0 0 0 0.05291
0.005404 0.045926 0 0.00209 0 0 0 0 0.05342
0.005438 0.045236 0 0.002117 0 0 0 0 0.052791
0.005454 0.045843 0 0.002117 0 0 0 0 0.053414
0.005456 0.046195 0 0.002145 0 0 0 0 0.053796
0.005789 0.046145 0 0.002201 0 0 0 0 0.054135
0.007779 0.045081 0 0.022302 0 0 0 0 0.075162
0.031727 0.054715 0 0.013794 0 0 0 0 0.100236
0.028005 0.070627 0 0.013165 0 0 0 0 0.111797
0.030185 0.056538 0 0.013213 0 0 0 0 0.099936
0.027773 0.055385 0 0.013789 0 0 0 0 0.096947
0.028994 0.056295 0 0.015716 0 0 0 0 0.101005
0.049693 0.05926 0 0.01322 0 0 0 0 0.122173
0.05161 0.058521 0 0.013886 0 0 0 0 0.124017
0.047156 0.055696 0 0.01396 0 0 0 0 0.116812
0.038571 0.055709 0 0.013169 0 0 0 0 0.107449
0.028441 0.055683 0 0.01428 0 0 0 0 0.098404
0.045946 0.055442 0 0.01796 0 0 0 0 0.119348
0.046216 0.055187 0 0.017781 0 0 0 0 0.119184
0.049715 0.056646 0 0.014244 0 0 0 0 0.120605
0.045504 0.054364 0 0.015302 0 0 0 0 0.11517
0.031675 0.054355 0 0.014691 0 0 0 0 0.100721
0.035144 0.053638 0 0.014882 0 0 0 0 0.103664
