0.005612 0.036361 0 0.002015 0 0 0 0 0.043988
0.005612 0.040465 0 0.002078 0 0 0 0 0.048155
0.005549 0.042163 0 0.002131 0 0 0 0 0.049843
0.005511 0.045418 0 0.002105 0 0 0 0 0.053034
0.005562 0.045594 0 0.002102 0 0 0 0 0.053258
0.005515 0.046551 0 0.002115 0 0 0 0 0.054181
0.005538 0.046033 0 0.00216 0 0 0 0 0.053731
0.005853 0.045854 0 0.002225 0 0 0 0 0.053932
0.008028 0.047438 0 0.021055 0 0 0 0 0.076521
0.032537 0.054628 0 0.013749 0 0 0 0 0.100914
0.028679 0.069159 0 0.01326 0 0 0 0 0.111098
0.030867 0.054974 0 0.012936 0 0 0 0 0.098777
0.028551 0.055228 0 0.013704 0 0 0 0 0.097483
0.029733 0.05426 0 0.015509 0 0 0 0 0.099502
0.05109 0.058349 0 0.013075 0 0 0 0 0.122514
0.052827 0.058449 0 0.01374 0 0 0 0 0.125016
0.048233 0.054158 0 0.013676 0 0 0 0 0.116067
0.0395 0.054315 0 0.012904 0 0 0 0 0.106719
0.030013 0.054006 0 0.013939 0 0 0 0 0.097958
0.046698 0.053774 0 0.017636 0 0 0 0 0.118108
0.045592 0.052583 0 0.01732 0 0 0 0 0.115495
0.049723 0.05391 0 0.013897 0 0 0 0 0.11753
0.046704 0.053417 0 0.015235 0 0 0 0 0.115356
0.031897 0.052809 0 0.01436 0 0 0 0 0.099066
0.036234 0.052196 0 0.014633 0 0 0 0 0.103063
