0.00566 0.038217 0 0.002046 0 0 0 0 0.045923
0.005534 0.046249 0 0.002157 0 0 0 0 0.05394
0.005494 0.04916 0 0.002168 0 0 0 0 0.056822
0.005405 0.047608 0 0.002048 0 0 0 0 0.055061
0.005328 0.047009 0 0.002051 0 0 0 0 0.054388
0.005369 0.046944 0 0.002045 0 0 0 0 0.054358
0.005307 0.046708 0 0.002078 0 0 0 0 0.054093
0.005637 0.04673 0 0.002121 0 0 0 0 0.054488
0.007745 0.046913 0 0.021045 0 0 0 0 0.075703
0.032144 0.071729 0 0.013317 0 0 0 0 0.11719
0.02734 0.055551 0 0.012648 0 0 0 0 0.095539
0.029234 0.056076 0 0.013274 0 0 0 0 0.098584
0.028718 0.059552 0 0.013848 0 0 0 0 0.102118
0.029826 0.058331 0 0.015997 0 0 0 0 0.104154
0.049742 0.061529 0 0.013096 0 0 0 0 0.124367
0.05128 0.071659 0 0.014286 0 0 0 0 0.137225
0.048487 0.057802 0 0.013733 0 0 0 0 0.120022
0.037858 0.057045 0 0.012901 0 0 0 0 0.107804
0.028027 0.055478 0 0.013842 0 0 0 0 0.097347
0.044775 0.055051 0 0.017695 0 0 0 0 0.117521
0.043583 0.053648 0 0.017301 0 0 0 0 0.114532
0.048821 0.056247 0 0.013779 0 0 0 0 0.118847
0.04438 0.054871 0 0.014741 0 0 0 0 0.113992
0.030356 0.053547 0 0.01426 0 0 0 0 0.098163
0.034632 0.053386 0 0.014531 0 0 0 0 0.102549
