0 0.063023 0 0.038755 0 0 0 0 0.101778
0 0.068743 0 0.032981 0 0 0 0 0.101724
0 0.078077 0 0.040502 0 0 0 0 0.118579
0 0.078654 0 0.034245 0 0 0 0 0.112899
0 0.079224 0 0.047818 0 0 0 0 0.127042
0 0.079286 0 0.040675 0 0 0 0 0.119961
0 0.078854 0 0.040293 0 0 0 0 0.119147
0 0.080552 0 0.03507 0 0 0 0 0.115622
0 0.079348 0 0.061337 0 0 0 0 0.140685
0 0.07906 0 0.072057 0 0 0 0 0.151117
0 0.078368 0 0.079068 0 0 0 0 0.157436
0 0.079059 0 0.077648 0 0 0 0 0.156707
0 0.078131 0 0.127173 0 0 0 0 0.205304
0 0.077713 0 0.142536 0 0 0 0 0.220249
0 0.077276 0 0.108525 0 0 0 0 0.185801
