0.001245 0.060101 0 0.001344 0 0 0 0 0.06269
0.001063 0.052632 0 0.030882 0 0 0 0 0.084577
0.062601 0.072219 0 0.015404 0 0 0 0 0.150224
0.059277 0.073838 0 0.014036 0 0 0 0 0.147151
0.058725 0.072473 0 0.014872 0 0 0 0 0.14607
0.059217 0.073015 0 0.015047 0 0 0 0 0.147279
0.058984 0.071723 0 0.013868 0 0 0 0 0.144575
0.055837 0.076271 0 0.014847 0 0 0 0 0.146955
0.054181 0.08745 0 0.014176 0 0 0 0 0.155807
0.049006 0.072976 0 0.015359 0 0 0 0 0.137341
0.046807 0.071633 0 0.014069 0 0 0 0 0.132509
0.04223 0.069628 0 0.016305 0 0 0 0 0.128163
0.042177 0.071169 0 0.014223 0 0 0 0 0.127569
0.039153 0.070119 0 0.014524 0 0 0 0 0.123796
0.035928 0.068972 0 0.014254 0 0 0 0 0.119154
0.030289 0.067699 0 0.01417 0 0 0 0 0.112158
0.024801 0.066899 0 0.014214 0 0 0 0 0.105914
0.020565 0.066315 0 0.014179 0 0 0 0 0.101059
0.017033 0.065326 0 0.014147 0 0 0 0 0.096506
0.01404 0.06458 0 0.014131 0 0 0 0 0.092751
0.010375 0.063607 0 0.01415 0 0 0 0 0.088132
0.009475 0.062872 0 0.014189 0 0 0 0 0.086536
0.005918 0.062768 0 0.014215 0 0 0 0 0.082901
0.005271 0.062752 0 0.016397 0 0 0 0 0.08442
0.004562 0.064075 0 0.014215 0 0 0 0 0.082852
