0 0.059951 0 0.036796 0 0 0 0 0.096747
0 0.069047 0 0.032177 0 0 0 0 0.101224
0 0.072167 0 0.039229 0 0 0 0 0.111396
0 0.072546 0 0.034011 0 0 0 0 0.106557
0 0.072921 0 0.046478 0 0 0 0 0.119399
0 0.072828 0 0.039889 0 0 0 0 0.112717
0 0.075304 0 0.039627 0 0 0 0 0.114931
0 0.073198 0 0.034259 0 0 0 0 0.107457
0 0.074545 0 0.060079 0 0 0 0 0.134624
0 0.073264 0 0.069603 0 0 0 0 0.142867
0 0.073011 0 0.075966 0 0 0 0 0.148977
0 0.072787 0 0.075133 0 0 0 0 0.14792
0 0.072783 0 0.122771 0 0 0 0 0.195554
0 0.071902 0 0.13633 0 0 0 0 0.208232
0 0.071863 0 0.104744 0 0 0 0 0.176607
