0.005631 0.046179 0 0.002033 0 0 0 0 0.053843
0.005642 0.041398 0 0.00213 0 0 0 0 0.04917
0.005647 0.043872 0 0.002191 0 0 0 0 0.05171
0.005723 0.045032 0 0.00222 0 0 0 0 0.052975
0.00568 0.04542 0 0.002203 0 0 0 0 0.053303
0.005664 0.045333 0 0.002215 0 0 0 0 0.053212
0.005666 0.043844 0 0.002191 0 0 0 0 0.051701
0.005914 0.042434 0 0.002196 0 0 0 0 0.050544
0.008086 0.042552 0 0.025827 0 0 0 0 0.076465
0.03284 0.050048 0 0.014573 0 0 0 0 0.097461
0.028707 0.049927 0 0.013643 0 0 0 0 0.092277
0.030363 0.050325 0 0.013969 0 0 0 0 0.094657
0.02864 0.050501 0 0.014704 0 0 0 0 0.093845
0.02937 0.049949 0 0.018054 0 0 0 0 0.097373
0.054734 0.054527 0 0.014299 0 0 0 0 0.12356
0.052818 0.053182 0 0.015143 0 0 0 0 0.121143
0.047861 0.050389 0 0.014863 0 0 0 0 0.113113
0.039002 0.050255 0 0.01408 0 0 0 0 0.103337
0.029183 0.050353 0 0.015237 0 0 0 0 0.094773
0.04611 0.049939 0 0.018857 0 0 0 0 0.114906
0.045083 0.049126 0 0.019518 0 0 0 0 0.113727
0.063196 0.050692 0 0.015168 0 0 0 0 0.129056
0.046314 0.049674 0 0.01658 0 0 0 0 0.112568
0.031848 0.048617 0 0.015431 0 0 0 0 0.095896
0.035805 0.048352 0 0.01585 0 0 0 0 0.100007
