0.005651 0.038082 0 0.002037 0 0 0 0 0.04577
0.005743 0.041784 0 0.002204 0 0 0 0 0.049731
0.005753 0.06161 0 0.002278 0 0 0 0 0.069641
0.005614 0.049868 0 0.002134 0 0 0 0 0.057616
0.005496 0.048076 0 0.002123 0 0 0 0 0.055695
0.005583 0.048721 0 0.00211 0 0 0 0 0.056414
0.005485 0.048184 0 0.002159 0 0 0 0 0.055828
0.005873 0.048013 0 0.002182 0 0 0 0 0.056068
0.007945 0.048413 0 0.022065 0 0 0 0 0.078423
0.032629 0.074274 0 0.014635 0 0 0 0 0.121538
0.028762 0.059037 0 0.012926 0 0 0 0 0.100725
0.0305 0.058166 0 0.012982 0 0 0 0 0.101648
0.028488 0.05828 0 0.013611 0 0 0 0 0.100379
0.029497 0.058524 0 0.01677 0 0 0 0 0.104791
0.050794 0.063087 0 0.013326 0 0 0 0 0.127207
0.052288 0.061811 0 0.014449 0 0 0 0 0.128548
0.04781 0.058248 0 0.013921 0 0 0 0 0.119979
0.039225 0.058047 0 0.013573 0 0 0 0 0.110845
0.029258 0.059185 0 0.014982 0 0 0 0 0.103425
0.046965 0.058479 0 0.018679 0 0 0 0 0.124123
0.045774 0.057662 0 0.018468 0 0 0 0 0.121904
0.050019 0.058573 0 0.014211 0 0 0 0 0.122803
0.047051 0.056774 0 0.015561 0 0 0 0 0.119386
0.032255 0.056022 0 0.014805 0 0 0 0 0.103082
0.036224 0.055923 0 0.015163 0 0 0 0 0.10731
