0.580339 0.607855 0.011422
0.580039 0.618189 0.010669
0.575275 0.612957 0.011077
0.433308 0.446145 0.067182
0.432686 0.455115 0.061676
0.428064 0.450445 0.064110
0.514207 0.374445 0.112759
0.514574 0.384214 0.108323
0.509440 0.379339 0.110650
0.349576 0.518852 0.028265
0.348960 0.528868 0.025350
0.344363 0.523627 0.026639
0.500025 0.689448 0.008935
0.500000 0.699393 0.008896
0.495077 0.694436 0.008907
0.423380 0.605131 0.012527
0.422938 0.615877 0.011525
0.418249 0.610368 0.011984
0.506000 0.524400 0.029892
0.505347 0.534430 0.026546
0.500797 0.529275 0.028294
0.662116 0.528989 0.021336
0.661597 0.538861 0.019166
0.656960 0.533751 0.020482
0.589862 0.449485 0.060257
0.589065 0.458814 0.054982
0.584648 0.454062 0.058316
0.631369 0.412809 0.075245
0.630711 0.422149 0.069800
0.626221 0.417386 0.073514
0.593663 0.374351 0.104827
0.593760 0.384214 0.099677
0.588870 0.379364 0.103249
0.547936 0.486245 0.044571
0.547139 0.495907 0.040048
0.542675 0.490926 0.042616
0.512083 0.448189 0.068311
0.511341 0.457261 0.062532
0.506818 0.452610 0.065563
0.554059 0.412669 0.089989
0.553517 0.421755 0.084040
0.548903 0.417187 0.087616
0.621030 0.567709 0.015378
0.620622 0.577838 0.013933
0.615922 0.572652 0.014782
0.583975 0.526507 0.026190
0.583388 0.536480 0.023322
0.578798 0.531350 0.024998
0.625549 0.488523 0.036659
0.624864 0.498227 0.033009
0.620345 0.493201 0.035304
0.464547 0.564051 0.019109
0.464015 0.574450 0.017067
0.459388 0.569106 0.018076
0.427909 0.522047 0.030235
0.427258 0.532102 0.026945
0.422693 0.526891 0.028480
0.469945 0.484143 0.047451
0.469177 0.493757 0.042749
0.464668 0.488781 0.045048
0.386306 0.561338 0.018743
0.385725 0.571776 0.016770
0.381117 0.566319 0.017667
0.461204 0.648469 0.009839
0.460974 0.658871 0.009502
0.456160 0.653658 0.009664
0.312566 0.478014 0.039973
0.312025 0.487634 0.036439
0.307372 0.482584 0.037901
0.474852 0.411800 0.092802
0.474506 0.420691 0.087006
0.469754 0.416179 0.089791
0.435218 0.375146 0.110403
0.435462 0.384369 0.105829
0.430428 0.379839 0.107740
0.472677 0.334078 0.125473
0.473055 0.344330 0.123015
0.467977 0.339333 0.124274
0.551872 0.333545 0.124740
0.552376 0.343899 0.122118
0.547117 0.338761 0.123767
0.511282 0.293455 0.129444
0.511324 0.303343 0.129278
0.506365 0.298389 0.129406
0.391356 0.481455 0.044793
0.390713 0.491060 0.040550
0.386119 0.486041 0.042382
0.354180 0.442563 0.060342
0.353644 0.451689 0.055502
0.348974 0.446856 0.057427
0.395648 0.409684 0.086455
0.395316 0.418271 0.080971
0.390530 0.413714 0.083131
0.539948 0.648910 0.009670
0.539764 0.659152 0.009395
0.534927 0.654018 0.009538
0.501835 0.606728 0.012289
0.501467 0.617246 0.011334
0.496741 0.611914 0.011812
0.542727 0.565910 0.017848
0.542263 0.576192 0.015998
0.537599 0.570939 0.017006
0.703564 0.491524 0.028748
0.702968 0.501206 0.026068
0.698367 0.496159 0.027776
0.667231 0.451597 0.047757
0.666508 0.461121 0.043513
0.662010 0.456182 0.046325
0.585096 0.613084 0.010957
0.437935 0.450778 0.064671
0.519396 0.379385 0.110491
0.354173 0.524067 0.026913
0.504937 0.694437 0.008907
0.428061 0.610618 0.012000
0.510540 0.529532 0.028041
0.666746 0.534089 0.019965
0.594278 0.454227 0.056847
0.635892 0.417591 0.071525
0.598600 0.379285 0.101287
0.552397 0.491190 0.041909
0.516610 0.452821 0.065181
0.558711 0.417254 0.086434
0.625721 0.572885 0.014477
0.588556 0.531622 0.024433
0.630067 0.493536 0.034293
0.469166 0.569371 0.018028
0.432468 0.527228 0.028611
0.474457 0.489073 0.045065
0.390908 0.566756 0.017781
0.466005 0.653710 0.009657
0.317221 0.483042 0.038453
0.479648 0.416334 0.090075
0.440285 0.379713 0.108525
0.477745 0.339095 0.124343
0.557109 0.338660 0.123190
0.516225 0.298385 0.129407
0.395954 0.486432 0.042887
0.358854 0.447364 0.058361
0.400465 0.414217 0.084321
0.544775 0.654062 0.009512
0.506553 0.612053 0.011744
0.547383 0.571148 0.016774
0.708164 0.496568 0.026987
0.671724 0.456528 0.044885
0.664480 0.489954 0.032433
0.669041 0.494984 0.030364
0.663847 0.499649 0.029289
0.669678 0.485309 0.033583
0.685285 0.471435 0.037131
0.689835 0.476439 0.034830
0.684632 0.481062 0.033689
0.701279 0.530426 0.019288
0.705909 0.535511 0.018122
0.700748 0.540239 0.017426
0.706451 0.525724 0.020045
0.721999 0.511704 0.022391
0.726619 0.516752 0.021057
0.721435 0.521421 0.020304
0.541075 0.607306 0.011918
0.545815 0.612581 0.011404
0.540744 0.617732 0.011048
0.546158 0.602176 0.012383
0.561430 0.586885 0.014020
0.566138 0.592133 0.013257
0.561051 0.597220 0.012735
0.500573 0.648704 0.009778
0.505387 0.653891 0.009603
0.500367 0.659014 0.009464
0.505614 0.643545 0.009947
0.520785 0.627977 0.010538
0.525554 0.633262 0.010275
0.520500 0.638443 0.010091
0.539459 0.689458 0.008930
0.544373 0.694438 0.008905
0.539437 0.699392 0.008895
0.544414 0.684458 0.008969
0.559330 0.669372 0.009156
0.564205 0.674431 0.009073
0.559234 0.679454 0.009014
0.393761 0.444565 0.064221
0.398421 0.449272 0.062002
0.393186 0.453571 0.059010
0.398993 0.440340 0.067369
0.414685 0.427805 0.077265
0.419360 0.432364 0.074754
0.414126 0.436562 0.071452
0.351964 0.479798 0.042382
0.356596 0.484804 0.040692
0.351382 0.489411 0.038498
0.357178 0.475254 0.044745
0.372840 0.461847 0.052483
0.377486 0.466711 0.050551
0.372258 0.471176 0.047923
0.388774 0.520563 0.029425
0.393350 0.525773 0.027938
0.388141 0.530606 0.026303
0.393990 0.515779 0.031236
0.409676 0.501550 0.037251
0.414236 0.506639 0.035429
0.409005 0.511391 0.033411
0.512041 0.333710 0.125533
0.517199 0.338847 0.124401
0.512484 0.343985 0.123172
0.516799 0.328588 0.126497
0.531256 0.313297 0.128576
0.536355 0.318320 0.127949
0.531526 0.323441 0.127283
0.554135 0.374642 0.110720
0.559286 0.379594 0.107843
0.554446 0.384480 0.105993
0.558878 0.369620 0.112468
0.572926 0.354039 0.116973
0.578205 0.359169 0.114357
0.573521 0.364396 0.112895
0.474552 0.374534 0.112450
0.479675 0.379358 0.110424
0.474880 0.384171 0.108047
0.479252 0.369572 0.114649
0.493205 0.354283 0.120270
0.498443 0.359364 0.118659
0.493793 0.364453 0.116831
0.435318 0.411113 0.090514
0.440109 0.415595 0.088099
0.434972 0.419822 0.084835
0.440379 0.406824 0.093642
0.455298 0.393508 0.102424
0.460233 0.398103 0.100194
0.455268 0.402582 0.097337
0.472768 0.447307 0.068765
0.477361 0.451925 0.065937
0.472103 0.456313 0.063070
0.478019 0.442958 0.071769
0.493755 0.429886 0.081040
0.498373 0.434435 0.077845
0.493122 0.438815 0.074802
0.310281 0.517075 0.027050
0.314889 0.522302 0.025801
0.309653 0.527111 0.024319
0.315504 0.512326 0.028657
0.331137 0.498246 0.033976
0.335756 0.503360 0.032511
0.330547 0.508055 0.030706
0.460591 0.689437 0.008938
0.465500 0.694430 0.008908
0.460563 0.699386 0.008896
0.465552 0.684415 0.008986
0.480502 0.669206 0.009232
0.485363 0.674308 0.009130
0.480381 0.679374 0.009049
0.384140 0.603832 0.012344
0.388808 0.609451 0.011858
0.383667 0.614739 0.011372
0.389292 0.598614 0.012962
0.404765 0.583147 0.015204
0.409403 0.588640 0.014451
0.404249 0.593799 0.013707
0.466992 0.523298 0.030507
0.471538 0.528454 0.028743
0.466330 0.533345 0.027124
0.472217 0.518459 0.032306
0.487944 0.504077 0.038145
0.492446 0.509126 0.035964
0.487207 0.513925 0.034052
0.425442 0.562868 0.019088
0.430050 0.568235 0.018066
0.424883 0.573304 0.017066
0.430617 0.557846 0.020219
0.446169 0.542897 0.024117
0.450750 0.548161 0.022752
0.445568 0.553147 0.021462
0.462606 0.606035 0.012502
0.467305 0.611433 0.011954
0.462200 0.616657 0.011502
0.467722 0.600843 0.013082
0.483091 0.585379 0.015166
0.487758 0.590721 0.014343
0.482639 0.595872 0.013662
0.623008 0.527676 0.023736
0.627618 0.532786 0.022156
0.622463 0.537605 0.021218
0.628176 0.522892 0.024769
0.643711 0.508668 0.027973
0.648292 0.513736 0.026129
0.643115 0.518466 0.025106
0.581864 0.566778 0.016673
0.586538 0.571984 0.015674
0.581430 0.576988 0.015023
0.586987 0.561810 0.017410
0.602392 0.547042 0.019886
0.607032 0.552200 0.018602
0.601900 0.557112 0.017809
0.619617 0.608435 0.010834
0.624390 0.613622 0.010427
0.619346 0.618671 0.010212
0.624673 0.603404 0.011134
0.639870 0.588420 0.012217
0.644607 0.593596 0.011610
0.639548 0.598574 0.011265
0.551182 0.448939 0.065559
0.555635 0.453596 0.062175
0.550366 0.458097 0.059881
0.556456 0.444459 0.067965
0.572248 0.430936 0.075128
0.576664 0.435527 0.071274
0.571419 0.440070 0.069024
0.509014 0.485217 0.046782
0.513483 0.490144 0.044207
0.508215 0.494854 0.042075
0.514280 0.480588 0.049041
0.530086 0.466902 0.056002
0.534555 0.471672 0.053042
0.529285 0.476241 0.050794
0.544976 0.525443 0.028424
0.549534 0.530565 0.026569
0.544350 0.535448 0.025250
0.550179 0.520602 0.029887
0.565830 0.506211 0.034485
0.570340 0.511257 0.032228
0.565129 0.516052 0.030767
0.592885 0.412562 0.083323
0.597382 0.417162 0.079477
0.592258 0.421778 0.077579
0.597939 0.407897 0.085117
0.612963 0.393776 0.090273
0.617627 0.398540 0.086522
0.612594 0.403217 0.084808
0.628425 0.450314 0.054019
0.632893 0.455191 0.050845
0.627682 0.459781 0.049262
0.633641 0.445738 0.055677
0.649353 0.432065 0.060682
0.653813 0.436922 0.057239
0.648572 0.441482 0.055622
0.586748 0.487303 0.040877
0.591222 0.492279 0.038286
0.585999 0.496994 0.036745
0.591968 0.482631 0.042502
0.607601 0.468715 0.047415
0.612069 0.473622 0.044532
0.606862 0.478261 0.042962
0.660202 0.568743 0.014093
0.664886 0.573892 0.013305
0.659806 0.578786 0.012835
0.665307 0.563881 0.014636
0.680674 0.549421 0.016463
0.685322 0.554540 0.015482
0.680198 0.559347 0.014890
0.503633 0.565031 0.018682
0.508266 0.570304 0.017579
0.503134 0.575377 0.016697
0.508777 0.559998 0.019680
0.524245 0.545041 0.023063
0.528843 0.550242 0.021605
0.523690 0.555222 0.020509
0.421838 0.648165 0.009844
0.426625 0.653482 0.009666
0.421581 0.658694 0.009503
0.426907 0.642900 0.010047
0.442177 0.627013 0.010786
0.446907 0.632450 0.010507
0.441821 0.637735 0.010269
0.500000 0.728990 0.008894
0.504929 0.733920 0.008894
0.500000 0.738849 0.008894
0.504929 0.724060 0.008894
0.519718 0.709262 0.008895
0.524648 0.714195 0.008894
0.519718 0.719128 0.008894
0.347098 0.559513 0.018140
0.351708 0.564924 0.017232
0.346494 0.569930 0.016218
0.352318 0.554569 0.019273
0.367945 0.539877 0.023105
0.372531 0.545206 0.021932
0.367331 0.550103 0.020646
0.514493 0.412245 0.092837
0.519264 0.416834 0.089760
0.514077 0.421262 0.086927
0.519595 0.407744 0.095494
0.534676 0.393948 0.102735
0.539636 0.398699 0.099794
0.534607 0.403311 0.097484
0.430691 0.482907 0.046594
0.435248 0.487851 0.044455
0.429982 0.492511 0.042066
0.435953 0.478334 0.049139
0.451742 0.464855 0.057218
0.456316 0.469616 0.054753
0.451050 0.474115 0.052084
0.579329 0.649113 0.009527
0.584166 0.654236 0.009392
0.579165 0.659300 0.009302
0.584346 0.644024 0.009633
0.599437 0.628718 0.009975
0.604238 0.633905 0.009779
0.599211 0.638998 0.009681
0.646366 0.469977 0.042115
0.645672 0.479572 0.038169
0.641158 0.474592 0.040742
0.650877 0.474946 0.039482
0.659285 0.494610 0.031299
0.682800 0.510133 0.024941
0.682234 0.519893 0.022492
0.677620 0.514820 0.024016
0.687409 0.515198 0.023369
0.696116 0.535145 0.018549
0.522246 0.586158 0.014710
0.521833 0.596573 0.013289
0.517137 0.591273 0.014031
0.526934 0.591449 0.013901
0.535998 0.612452 0.011499
0.481477 0.627561 0.010713
0.481157 0.638136 0.010218
0.476396 0.632807 0.010461
0.486227 0.632909 0.010434
0.495542 0.653849 0.009621
0.519915 0.669281 0.009202
0.519807 0.679408 0.009036
0.514928 0.674347 0.009114
0.524783 0.674362 0.009107
0.534514 0.694438 0.008905
0.375011 0.425834 0.073006
0.374495 0.434658 0.067554
0.369804 0.429950 0.069698
0.379712 0.430507 0.070822
0.388529 0.448825 0.061154
0.333363 0.459996 0.049311
0.332820 0.469406 0.045121
0.328162 0.464453 0.046817
0.338023 0.464920 0.047557
0.346754 0.484374 0.040128
0.370432 0.499975 0.035718
0.369809 0.509798 0.032154
0.365213 0.504662 0.033703
0.375027 0.505083 0.034102
0.383562 0.525365 0.027708
0.491746 0.313390 0.128608
0.491967 0.323528 0.127344
0.486935 0.318493 0.128059
0.496766 0.318419 0.128039
0.507303 0.338846 0.124429
0.532952 0.354290 0.119976
0.533602 0.364518 0.116394
0.528269 0.359403 0.118414
0.538274 0.359429 0.118066
0.549344 0.379581 0.108883
0.453978 0.355076 0.119556
0.454459 0.365043 0.115867
0.449316 0.360259 0.117572
0.459100 0.359941 0.117963
0.469806 0.379412 0.110129
0.415768 0.393151 0.099126
0.415706 0.401875 0.094024
0.410795 0.397382 0.096070
0.420710 0.397644 0.097113
0.430215 0.415342 0.087301
0.454245 0.429052 0.080124
0.453662 0.437874 0.074054
0.449022 0.433320 0.076808
0.458896 0.433582 0.077292
0.467516 0.451664 0.065806
0.291802 0.496388 0.032270
0.291222 0.506209 0.029272
0.286606 0.501034 0.030565
0.296429 0.501527 0.030938
0.305048 0.521857 0.025517
0.441089 0.669126 0.009243
0.440955 0.679342 0.009053
0.436088 0.674242 0.009138
0.445943 0.674256 0.009139
0.455641 0.694427 0.008908
0.365568 0.581420 0.014822
0.365027 0.592143 0.013371
0.360386 0.586533 0.014004
0.370198 0.586999 0.014123
0.378992 0.609089 0.011791
0.448855 0.502895 0.038200
0.448142 0.512742 0.034167
0.443604 0.507648 0.036072
0.453386 0.507961 0.036193
0.461775 0.528162 0.028787
0.407079 0.541548 0.023776
0.406469 0.551804 0.021205
0.401882 0.546472 0.022390
0.411661 0.546850 0.022504
0.420267 0.567906 0.018021
0.443934 0.584409 0.015328
0.443448 0.594981 0.013804
0.438790 0.589555 0.014534
0.448584 0.589815 0.014529
0.457493 0.611248 0.011981
0.604733 0.507354 0.031277
0.604088 0.517183 0.027968
0.599536 0.512111 0.029965
0.609275 0.512415 0.029202
0.617846 0.532483 0.022727
0.563300 0.546021 0.021661
0.562776 0.556151 0.019311
0.558147 0.550959 0.020632
0.567920 0.551197 0.020247
0.576747 0.571771 0.015965
0.600640 0.587618 0.013156
0.600291 0.597867 0.012040
0.595558 0.592650 0.012673
0.605365 0.592829 0.012468
0.614565 0.613483 0.010566
0.533189 0.430525 0.079615
0.532441 0.439544 0.073299
0.527907 0.434949 0.076760
0.537724 0.435107 0.076049
0.545908 0.453417 0.063154
0.491027 0.465963 0.057550
0.490278 0.475251 0.052302
0.485760 0.470459 0.054958
0.495546 0.470714 0.054802
0.503747 0.489886 0.044560
0.526901 0.505140 0.036884
0.526169 0.514987 0.032893
0.521661 0.509921 0.035054
0.531398 0.510186 0.034618
0.539782 0.530306 0.027005
0.574221 0.394049 0.098166
0.574014 0.403459 0.092765
0.569251 0.398800 0.096299
0.579020 0.398740 0.094628
0.587798 0.417205 0.081462
0.610690 0.431135 0.068046
0.609896 0.440465 0.062462
0.605483 0.435726 0.066101
0.615101 0.435876 0.064340
0.623215 0.454900 0.052363
0.568954 0.467789 0.052471
0.568151 0.477217 0.047536
0.563705 0.472373 0.050496
0.573392 0.472603 0.049409
0.581522 0.491996 0.039263
0.641529 0.548168 0.018086
0.641063 0.558167 0.016273
0.636397 0.553018 0.017353
0.646188 0.553307 0.016944
0.655108 0.573628 0.013579
0.485226 0.544040 0.023910
0.484641 0.554262 0.021253
0.480048 0.549008 0.022595
0.489809 0.549269 0.022468
0.498493 0.570088 0.017730
0.402877 0.626255 0.010737
0.402485 0.637177 0.010230
0.397758 0.631620 0.010450
0.407589 0.631823 0.010478
0.416779 0.653410 0.009660
0.480281 0.709259 0.008895
0.480281 0.719124 0.008895
0.475352 0.714191 0.008895
0.485211 0.714193 0.008895
0.495070 0.733919 0.008895
0.328695 0.538113 0.022253
0.328055 0.548340 0.019896
0.323455 0.543001 0.020938
0.333294 0.543428 0.021151
0.341875 0.564485 0.017063
0.494860 0.393652 0.103683
0.494852 0.402937 0.098581
0.489917 0.398290 0.101138
0.499844 0.398348 0.101184
0.509356 0.416708 0.090062
0.412327 0.463508 0.055340
0.411689 0.472777 0.050441
0.407082 0.467934 0.052574
0.416938 0.468306 0.053131
0.425430 0.487519 0.044130
0.560105 0.628351 0.010289
0.559851 0.638723 0.009911
0.555056 0.633506 0.010116
0.564891 0.633584 0.010055
0.574317 0.654193 0.009424
0.569314 0.659263 0.009328
0.569184 0.669397 0.009142
0.564318 0.664323 0.009238
0.574170 0.664353 0.009218
0.579038 0.669421 0.009127
0.578948 0.679478 0.009001
0.574061 0.674449 0.009063
0.559637 0.649012 0.009603
0.564469 0.654150 0.009455
0.559464 0.659226 0.009352
0.564660 0.643906 0.009728
0.569690 0.638789 0.009858
0.574503 0.643965 0.009682
0.569483 0.649062 0.009566
0.550012 0.638655 0.009960
0.549793 0.648961 0.009638
0.544976 0.643789 0.009812
0.554818 0.643848 0.009771
0.554622 0.654105 0.009485
0.420171 0.492170 0.041750
0.419476 0.501908 0.037544
0.414919 0.496849 0.039453
0.424725 0.497198 0.039758
0.429273 0.502251 0.037802
0.428580 0.512096 0.033855
0.424029 0.506990 0.035676
0.411032 0.482211 0.045789
0.415609 0.487171 0.043761
0.410357 0.491814 0.041392
0.416283 0.477654 0.048320
0.421536 0.473136 0.050935
0.426120 0.478002 0.048755
0.420864 0.482567 0.046215
0.401838 0.472400 0.049892
0.401197 0.481840 0.045315
0.396596 0.476907 0.047297
0.406442 0.477288 0.047834
0.405784 0.486809 0.043346
0.504185 0.421134 0.087166
0.503623 0.430047 0.080917
0.498981 0.425524 0.084149
0.508861 0.425664 0.083970
0.513485 0.430202 0.080650
0.512800 0.439183 0.074354
0.508225 0.434603 0.077635
0.494662 0.412040 0.093109
0.499451 0.416595 0.090212
0.494292 0.421003 0.087257
0.499740 0.407553 0.095886
0.504780 0.403009 0.098547
0.509665 0.407639 0.095766
0.504576 0.412141 0.093048
0.484934 0.402860 0.098476
0.484753 0.411926 0.093027
0.479912 0.407362 0.095698
0.489821 0.407462 0.095863
0.489548 0.416473 0.090215
0.336647 0.569500 0.016046
0.336059 0.580096 0.014380
0.331417 0.574569 0.015093
0.341277 0.574985 0.015267
0.345914 0.580516 0.014542
0.345361 0.591276 0.013117
0.340708 0.585666 0.013722
0.327410 0.558665 0.017770
0.332025 0.564063 0.016881
0.326783 0.569090 0.015861
0.332657 0.553701 0.018904
0.337894 0.548767 0.020096
0.342494 0.554129 0.019093
0.337262 0.559081 0.017960
0.318204 0.547923 0.019688
0.317542 0.558262 0.017568
0.312938 0.552882 0.018497
0.322805 0.553285 0.018706
0.322158 0.563658 0.016687
0.490140 0.738848 0.008895
0.490141 0.748703 0.008895
0.485211 0.743775 0.008895
0.495070 0.743777 0.008895
0.500000 0.748705 0.008895
0.500000 0.758557 0.008895
0.495070 0.753631 0.008895
0.480281 0.728986 0.008895
0.485211 0.733917 0.008895
0.480281 0.738845 0.008895
0.485211 0.724057 0.008895
0.490140 0.719126 0.008895
0.495070 0.724058 0.008895
0.490140 0.728988 0.008895
0.470422 0.719121 0.008895
0.470422 0.728983 0.008895
0.465492 0.724051 0.008896
0.475352 0.724054 0.008895
0.475352 0.733914 0.008895
0.411733 0.658635 0.009497
0.411530 0.669049 0.009236
0.406699 0.663837 0.009353
0.416550 0.663884 0.009360
0.421383 0.669080 0.009240
0.421242 0.679323 0.009052
0.416378 0.674209 0.009135
0.402153 0.647957 0.009820
0.406934 0.653328 0.009650
0.401884 0.658568 0.009487
0.407230 0.642658 0.010024
0.412319 0.637340 0.010250
0.417069 0.642786 0.010039
0.411996 0.648067 0.009834
0.392649 0.636998 0.010203
0.392310 0.647836 0.009800
0.387552 0.642360 0.009978
0.397391 0.642516 0.010004
0.397088 0.653237 0.009636
0.493356 0.575165 0.016825
0.492880 0.585588 0.015077
0.488222 0.580262 0.015969
0.498005 0.580473 0.015863
0.502668 0.585783 0.014971
0.502235 0.596237 0.013501
0.497551 0.590913 0.014254
0.484093 0.564566 0.018952
0.488718 0.569861 0.017855
0.483576 0.574940 0.016929
0.489247 0.559528 0.020001
0.494404 0.554513 0.021115
0.499013 0.559768 0.019856
0.493864 0.564805 0.018831
0.474876 0.554000 0.021357
0.474321 0.564314 0.019045
0.469709 0.559015 0.020198
0.479479 0.559278 0.020115
0.478943 0.569623 0.017955
0.650023 0.578536 0.013094
0.649668 0.588637 0.011987
0.644944 0.583467 0.012640
0.654734 0.583701 0.012395
0.659453 0.588864 0.011769
0.659139 0.598967 0.010894
0.654400 0.593805 0.011405
0.640626 0.568209 0.014716
0.645320 0.573371 0.013867
0.640229 0.578295 0.013367
0.645737 0.563318 0.015291
0.650854 0.558450 0.015902
0.655526 0.563595 0.014956
0.650419 0.568472 0.014397
0.631268 0.557893 0.016657
0.630828 0.567955 0.015047
0.626146 0.562790 0.016000
0.635942 0.563050 0.015642
0.635522 0.573124 0.014169
0.576291 0.496715 0.037660
0.575555 0.506484 0.033708
0.571059 0.501453 0.036066
0.580775 0.501730 0.035214
0.585279 0.506764 0.032903
0.584604 0.516601 0.029384
0.580070 0.511533 0.031480
0.567360 0.486767 0.042892
0.571822 0.491723 0.040225
0.566580 0.496442 0.038540
0.572601 0.482104 0.044672
0.577834 0.477460 0.046443
0.582285 0.482362 0.043596
0.577057 0.487031 0.041907
0.558452 0.476973 0.048517
0.557652 0.486505 0.043780
0.553195 0.481596 0.046540
0.562904 0.481849 0.045658
0.562114 0.491456 0.041112
0.618010 0.459496 0.050711
0.617272 0.468996 0.046106
0.612805 0.464101 0.049061
0.622476 0.464383 0.047683
0.626956 0.469302 0.044785
0.626245 0.478881 0.040584
0.621753 0.473924 0.043280
0.609117 0.449829 0.057162
0.613557 0.454644 0.053870
0.608352 0.459241 0.052147
0.614322 0.445241 0.058961
0.619529 0.440655 0.060764
0.623970 0.445468 0.057325
0.618762 0.450053 0.055596
0.600279 0.440318 0.064150
0.599486 0.449640 0.058716
0.595073 0.444904 0.062202
0.604691 0.445053 0.060587
0.603912 0.454420 0.055365
0.582669 0.421820 0.079504
0.581898 0.430959 0.073483
0.577483 0.426397 0.077396
0.587099 0.426377 0.075589
0.591492 0.430973 0.071684
0.590672 0.440211 0.065825
0.586281 0.435562 0.069590
0.573605 0.412706 0.087127
0.578173 0.417271 0.083360
0.573011 0.421844 0.081249
0.578691 0.408071 0.089102
0.583728 0.403376 0.090955
0.588343 0.407974 0.087164
0.583286 0.412646 0.085327
0.564234 0.403483 0.094322
0.563859 0.412709 0.088680
0.559170 0.408104 0.092222
0.568960 0.408113 0.090786
0.568472 0.417285 0.085016
0.534595 0.535193 0.025636
0.534005 0.545286 0.022763
0.529416 0.540104 0.024320
0.539173 0.540355 0.023980
0.543767 0.545531 0.022429
0.543227 0.555688 0.019965
0.538608 0.550481 0.021311
0.525484 0.524921 0.029258
0.530032 0.530048 0.027396
0.524843 0.534939 0.025980
0.530692 0.520075 0.030829
0.535909 0.515252 0.032451
0.540435 0.520338 0.030385
0.535229 0.525182 0.028866
0.516431 0.514724 0.033275
0.515741 0.524660 0.029600
0.511211 0.519550 0.031553
0.520951 0.519812 0.031219
0.520284 0.529790 0.027741
0.498474 0.494593 0.042374
0.497694 0.504349 0.037941
0.493205 0.499325 0.040230
0.502951 0.499591 0.039981
0.507433 0.504612 0.037661
0.506695 0.514461 0.033598
0.502190 0.509393 0.035729
0.489509 0.484701 0.047312
0.493998 0.489625 0.044821
0.488721 0.494325 0.042586
0.494781 0.480085 0.049679
0.500049 0.475505 0.052087
0.504537 0.480338 0.049412
0.499269 0.484963 0.047096
0.480491 0.474985 0.052409
0.479733 0.484428 0.047430
0.475219 0.479546 0.049906
0.485007 0.479821 0.049844
0.484234 0.489354 0.044989
0.540633 0.457899 0.060756
0.539825 0.467129 0.055309
0.535358 0.462392 0.058371
0.545096 0.462606 0.057590
0.549551 0.467352 0.054490
0.548740 0.476730 0.049386
0.544284 0.471908 0.052311
0.531669 0.448587 0.067254
0.536158 0.453228 0.063981
0.530882 0.457694 0.061489
0.536949 0.444147 0.069872
0.542231 0.439703 0.072504
0.546716 0.444311 0.069004
0.541437 0.448769 0.066487
0.522628 0.439369 0.073914
0.521883 0.448393 0.067861
0.517353 0.443779 0.071096
0.527160 0.443970 0.070568
0.526391 0.453029 0.064656
0.609518 0.618547 0.010333
0.609270 0.628814 0.009887
0.604475 0.623625 0.010135
0.614306 0.623736 0.010031
0.619105 0.628913 0.009795
0.618894 0.639145 0.009549
0.614076 0.633991 0.009701
0.599976 0.608138 0.011138
0.604741 0.613347 0.010701
0.599691 0.618424 0.010449
0.605038 0.603079 0.011479
0.610104 0.598037 0.011853
0.614854 0.603239 0.011309
0.609795 0.608285 0.010988
0.590480 0.597700 0.012221
0.590157 0.607995 0.011282
0.585407 0.602769 0.011804
0.595222 0.602922 0.011644
0.594919 0.613214 0.010831
0.571636 0.576787 0.015286
0.571231 0.587064 0.013813
0.566530 0.581826 0.014638
0.576328 0.582015 0.014402
0.581032 0.587245 0.013599
0.580670 0.597537 0.012398
0.575944 0.592301 0.013067
0.562291 0.566343 0.017298
0.566957 0.571562 0.016252
0.561842 0.576589 0.015541
0.567420 0.561352 0.018101
0.572555 0.556384 0.018944
0.577203 0.561578 0.017757
0.572077 0.566558 0.016990
0.553000 0.555920 0.019652
0.552508 0.566127 0.017584
0.547860 0.560904 0.018726
0.557639 0.561128 0.018426
0.557169 0.571356 0.016523
0.612689 0.537313 0.021746
0.612171 0.547312 0.019437
0.607537 0.542165 0.020798
0.617314 0.542447 0.020311
0.621953 0.547590 0.018987
0.621476 0.557626 0.017043
0.616817 0.552466 0.018187
0.603484 0.527074 0.024967
0.608079 0.532188 0.023297
0.602919 0.537027 0.022273
0.608657 0.522270 0.026098
0.613836 0.517489 0.027256
0.618414 0.522576 0.025435
0.613243 0.527371 0.024352
0.594344 0.516888 0.028678
0.593728 0.526786 0.025580
0.589157 0.521686 0.027418
0.598905 0.521974 0.026760
0.598315 0.531901 0.023866
0.452384 0.616481 0.011521
0.452001 0.627165 0.010778
0.447279 0.621736 0.011122
0.457099 0.621900 0.011109
0.461826 0.627306 0.010763
0.461488 0.637949 0.010253
0.456736 0.632577 0.010497
0.442993 0.605613 0.012538
0.447682 0.611051 0.011998
0.442569 0.616294 0.011532
0.448117 0.600408 0.013134
0.453245 0.595224 0.013791
0.457920 0.600632 0.013114
0.452799 0.605831 0.012526
0.433650 0.594725 0.013802
0.433186 0.605383 0.012539
0.428513 0.599917 0.013133
0.438315 0.600170 0.013140
0.437872 0.610842 0.012004
0.415096 0.572964 0.017018
0.414559 0.583506 0.015259
0.409929 0.578044 0.016079
0.419719 0.578394 0.016131
0.424353 0.583834 0.015299
0.423851 0.594446 0.013785
0.419200 0.588974 0.014494
0.405878 0.562154 0.018951
0.410483 0.567549 0.017958
0.405308 0.572596 0.016952
0.411062 0.557156 0.020086
0.416247 0.552173 0.021298
0.420841 0.557513 0.020161
0.415661 0.562523 0.019028
0.396688 0.551413 0.021093
0.396093 0.561758 0.018856
0.391496 0.556369 0.019881
0.401280 0.556775 0.019992
0.400696 0.567166 0.017879
0.456566 0.533049 0.027147
0.455937 0.543198 0.024127
0.451364 0.537961 0.025590
0.461130 0.538259 0.025585
0.465702 0.543489 0.024096
0.465108 0.553727 0.021426
0.460518 0.548454 0.022737
0.447457 0.522692 0.030473
0.452009 0.527859 0.028778
0.446799 0.532744 0.027122
0.452683 0.517859 0.032314
0.457917 0.513051 0.034237
0.462452 0.518163 0.032341
0.457227 0.523000 0.030519
0.438363 0.512425 0.034031
0.437684 0.522376 0.030371
0.433132 0.517225 0.032085
0.442909 0.517547 0.032225
0.442239 0.527549 0.028717
0.373847 0.614387 0.011305
0.373394 0.625454 0.010601
0.368704 0.619736 0.010886
0.378529 0.620071 0.010953
0.383222 0.625744 0.010656
0.382813 0.636801 0.010168
0.378095 0.631155 0.010370
0.364513 0.603010 0.012172
0.369175 0.608697 0.011711
0.364024 0.614012 0.011226
0.369673 0.597782 0.012791
0.374836 0.592600 0.013477
0.379483 0.598213 0.012884
0.374328 0.603434 0.012264
0.355203 0.591699 0.013252
0.354683 0.602597 0.012066
0.350019 0.596922 0.012565
0.359855 0.597341 0.012685
0.359351 0.608296 0.011620
0.450704 0.699383 0.008897
0.450704 0.709249 0.008896
0.445774 0.704315 0.008896
0.455633 0.704318 0.008896
0.460563 0.709253 0.008896
0.460563 0.719117 0.008896
0.455633 0.714184 0.008896
0.440874 0.689430 0.008938
0.445782 0.694425 0.008908
0.440844 0.699379 0.008897
0.445837 0.684405 0.008986
0.450811 0.679350 0.009053
0.455694 0.684410 0.008986
0.450732 0.689433 0.008938
0.431099 0.679333 0.009053
0.431015 0.689426 0.008938
0.426121 0.684394 0.008986
0.435979 0.684399 0.008986
0.435923 0.694421 0.008908
0.299807 0.526669 0.024054
0.299146 0.536834 0.021554
0.294555 0.531521 0.022658
0.304405 0.531955 0.022905
0.309005 0.537258 0.021792
0.308338 0.547515 0.019471
0.303741 0.542166 0.020491
0.290610 0.516155 0.026446
0.295209 0.521403 0.025236
0.289965 0.526226 0.023797
0.295834 0.511405 0.027997
0.301051 0.506689 0.029622
0.305668 0.511872 0.028324
0.300442 0.516621 0.026744
0.281404 0.505713 0.028935
0.280785 0.515682 0.026161
0.276192 0.510433 0.027377
0.286009 0.510925 0.027681
0.285376 0.520947 0.024966
0.462260 0.456037 0.062894
0.461581 0.465153 0.057476
0.457002 0.460432 0.060031
0.466843 0.460719 0.060249
0.471409 0.465437 0.057617
0.470689 0.474707 0.052409
0.466143 0.469910 0.054934
0.453049 0.446762 0.068206
0.457661 0.451385 0.065548
0.452408 0.455745 0.062594
0.458293 0.442448 0.071301
0.463534 0.438138 0.074445
0.468159 0.442712 0.071602
0.462912 0.447043 0.068551
0.443789 0.437591 0.073533
0.443181 0.446464 0.067736
0.438550 0.441862 0.070323
0.448424 0.442165 0.070867
0.447801 0.451090 0.065162
0.425073 0.419522 0.084012
0.424588 0.428180 0.078114
0.419893 0.423669 0.080656
0.429795 0.424010 0.081495
0.434482 0.428505 0.078875
0.433908 0.437283 0.072920
0.429255 0.432721 0.075523
0.415505 0.410535 0.088684
0.420309 0.415030 0.086406
0.415163 0.419163 0.083094
0.420580 0.406367 0.091887
0.425617 0.402137 0.095013
0.430486 0.406628 0.092816
0.425417 0.410857 0.089649
0.405783 0.401536 0.092934
0.405581 0.410144 0.087620
0.400733 0.405631 0.089726
0.410662 0.406036 0.090857
0.410392 0.414655 0.085412
0.465014 0.384201 0.107684
0.465157 0.393544 0.102932
0.460178 0.388900 0.105116
0.470040 0.388900 0.105550
0.475039 0.393578 0.103311
0.475029 0.402777 0.098233
0.470110 0.398170 0.100641
0.454893 0.374761 0.111683
0.459965 0.379486 0.109726
0.455173 0.384242 0.107202
0.459595 0.369842 0.114034
0.464246 0.364821 0.116237
0.469407 0.369689 0.114387
0.464710 0.374634 0.112120
0.444647 0.365355 0.115359
0.445060 0.374939 0.111105
0.439956 0.370317 0.112948
0.449787 0.370047 0.113560
0.450136 0.379584 0.109194
0.544502 0.384441 0.106946
0.544621 0.394026 0.101977
0.539613 0.389228 0.104899
0.549557 0.389289 0.104041
0.554532 0.394077 0.100961
0.554400 0.403460 0.095628
0.549550 0.398769 0.098883
0.534173 0.374566 0.112200
0.539373 0.379532 0.109668
0.534532 0.384373 0.107640
0.538914 0.369598 0.114098
0.543605 0.364547 0.115877
0.548905 0.369627 0.113406
0.544164 0.374619 0.111586
0.523602 0.364474 0.116675
0.524174 0.374498 0.112563
0.518925 0.369493 0.114770
0.528910 0.369547 0.114539
0.529383 0.379461 0.110195
0.502582 0.343989 0.123185
0.503107 0.354252 0.120304
0.497881 0.349135 0.121800
0.507787 0.349123 0.121808
0.513024 0.354252 0.120277
0.513646 0.364440 0.116819
0.508365 0.359356 0.118661
0.492284 0.333754 0.125524
0.497413 0.338860 0.124421
0.492697 0.344026 0.123160
0.497040 0.328604 0.126505
0.501824 0.323491 0.127342
0.506917 0.328591 0.126511
0.502154 0.333716 0.125536
0.482154 0.323647 0.127358
0.482458 0.333875 0.125502
0.477402 0.328845 0.126498
0.487199 0.328682 0.126501
0.487556 0.338937 0.124392
0.378354 0.530186 0.026084
0.377733 0.540324 0.023302
0.373149 0.535023 0.024550
0.382936 0.535456 0.024758
0.387517 0.540752 0.023480
0.386905 0.550998 0.020962
0.382318 0.545649 0.022104
0.369185 0.519722 0.028862
0.373771 0.524941 0.027453
0.368564 0.529749 0.025844
0.374398 0.514961 0.030638
0.379614 0.510218 0.032513
0.384196 0.515378 0.030952
0.378982 0.520150 0.029155
0.359999 0.509370 0.031792
0.359384 0.519288 0.028564
0.354787 0.514100 0.029981
0.364595 0.514533 0.030310
0.363975 0.524505 0.027184
0.341546 0.488977 0.037980
0.340965 0.498689 0.034409
0.336341 0.493601 0.035929
0.346173 0.494039 0.036404
0.350790 0.499124 0.034844
0.350186 0.508937 0.031430
0.345579 0.503800 0.032908
0.332268 0.478921 0.041170
0.336912 0.483938 0.039566
0.331709 0.488537 0.037463
0.337472 0.474375 0.043440
0.342678 0.469860 0.045816
0.347325 0.474818 0.044091
0.342117 0.479363 0.041775
0.322962 0.468945 0.044430
0.322418 0.478471 0.040570
0.317763 0.473466 0.042149
0.327618 0.473924 0.042792
0.327067 0.483494 0.039008
0.383297 0.453123 0.058172
0.382718 0.462289 0.053281
0.378067 0.457464 0.055276
0.387951 0.457909 0.056102
0.392593 0.462714 0.054030
0.391983 0.472007 0.049288
0.387357 0.467135 0.051284
0.373959 0.443596 0.062305
0.378632 0.448353 0.060235
0.373407 0.452656 0.057279
0.379180 0.439372 0.065419
0.384406 0.435187 0.068633
0.389089 0.439872 0.066433
0.383860 0.444094 0.063291
0.364595 0.434110 0.066479
0.364066 0.443084 0.061323
0.359387 0.438314 0.063360
0.369279 0.438849 0.064388
0.368740 0.447864 0.059296
0.529578 0.699393 0.008895
0.529577 0.709262 0.008895
0.524648 0.704328 0.008895
0.534507 0.704327 0.008895
0.539437 0.709260 0.008895
0.539437 0.719125 0.008894
0.534507 0.714194 0.008894
0.519742 0.689453 0.008933
0.524655 0.694438 0.008906
0.519719 0.699394 0.008895
0.524698 0.684445 0.008975
0.529664 0.679419 0.009031
0.534556 0.684451 0.008972
0.529600 0.689456 0.008932
0.509951 0.679399 0.009040
0.509883 0.689451 0.008934
0.504983 0.684434 0.008980
0.514840 0.684439 0.008978
0.514796 0.694438 0.008906
0.490519 0.658981 0.009477
0.490355 0.669224 0.009227
0.485505 0.664100 0.009347
0.495356 0.664126 0.009338
0.500208 0.669242 0.009220
0.500094 0.679390 0.009043
0.495218 0.674320 0.009126
0.480888 0.648594 0.009815
0.485696 0.653805 0.009636
0.480670 0.658947 0.009488
0.485936 0.643416 0.009997
0.490992 0.638220 0.010193
0.495775 0.643483 0.009974
0.490731 0.648651 0.009798
0.471323 0.638046 0.010238
0.471046 0.648534 0.009829
0.466259 0.643266 0.010031
0.476097 0.643343 0.010016
0.475850 0.653759 0.009648
0.530923 0.617614 0.011128
0.530613 0.628073 0.010482
0.525852 0.622788 0.010807
0.535677 0.622896 0.010740
0.540443 0.628167 0.010422
0.540174 0.638585 0.010007
0.535387 0.633345 0.010226
0.521452 0.607022 0.012120
0.526181 0.612321 0.011588
0.521103 0.617493 0.011203
0.526542 0.601871 0.012619
0.531635 0.596738 0.013166
0.536349 0.602024 0.012506
0.531263 0.607165 0.012023
0.512033 0.596406 0.013400
0.511643 0.606876 0.012208
0.506932 0.601558 0.012819
0.516736 0.601716 0.012724
0.516366 0.612188 0.011670
0.690960 0.539884 0.017830
0.690455 0.549753 0.016104
0.685813 0.544642 0.017134
0.695597 0.544986 0.016753
0.700233 0.550092 0.015763
0.699732 0.559983 0.014297
0.695096 0.554866 0.015160
0.681691 0.529693 0.020264
0.686324 0.534786 0.018999
0.681171 0.539535 0.018255
0.686856 0.524971 0.021077
0.692027 0.520268 0.021907
0.696651 0.525345 0.020548
0.691484 0.530056 0.019764
0.672446 0.519524 0.023105
0.671902 0.529338 0.020788
0.667278 0.524247 0.022211
0.677065 0.524606 0.021631
0.676534 0.534433 0.019471
0.654090 0.499281 0.030180
0.653473 0.509023 0.027169
0.648898 0.503966 0.029070
0.658658 0.504328 0.028224
0.663241 0.509385 0.026396
0.662664 0.519164 0.023745
0.658062 0.514089 0.025396
0.644998 0.489221 0.034498
0.649537 0.494244 0.032269
0.644341 0.498920 0.031104
0.650198 0.484570 0.035737
0.655399 0.479932 0.036991
0.659933 0.484936 0.034641
0.654735 0.489583 0.033447
0.635953 0.479220 0.039378
0.635268 0.488865 0.035580
0.630751 0.483862 0.038017
0.640470 0.484212 0.036870
0.639798 0.493886 0.033274
0.599021 0.649216 0.009443
0.603864 0.654324 0.009322
0.598867 0.659372 0.009248
0.604033 0.644146 0.009529
0.609052 0.639070 0.009616
0.613877 0.644209 0.009474
0.608868 0.649269 0.009398
0.589016 0.659336 0.009276
0.594015 0.654280 0.009357
0.593876 0.664413 0.009177
0.589175 0.649165 0.009486
0.589370 0.638927 0.009742
0.594401 0.633822 0.009853
0.594189 0.644085 0.009582
0.583917 0.674466 0.009053
0.584023 0.664383 0.009198
0.588893 0.669444 0.009112
0.450333 0.483545 0.047197
0.454869 0.488480 0.044938
0.449593 0.493153 0.042563
0.455605 0.478961 0.049720
0.460875 0.474417 0.052300
0.465418 0.479259 0.049864
0.460144 0.483849 0.047373
0.439790 0.492837 0.042341
0.445061 0.488170 0.044735
0.444324 0.497854 0.040252
0.440514 0.483231 0.046925
0.441216 0.473803 0.051763
0.446479 0.469310 0.054460
0.445782 0.478653 0.049472
0.433818 0.507326 0.035891
0.434526 0.497532 0.040025
0.439066 0.502578 0.038024
0.534330 0.412496 0.091883
0.539053 0.417091 0.088563
0.533852 0.421547 0.085924
0.539448 0.407973 0.094350
0.544522 0.403400 0.096682
0.549330 0.408054 0.093410
0.544214 0.412596 0.091057
0.523972 0.421409 0.086529
0.529170 0.416972 0.089276
0.528611 0.425968 0.083138
0.524417 0.412373 0.092468
0.524664 0.403200 0.098034
0.529692 0.398604 0.100448
0.529533 0.407867 0.095043
0.518070 0.434776 0.077281
0.518738 0.425813 0.083642
0.523345 0.430369 0.080229
0.366724 0.560423 0.018466
0.371325 0.565856 0.017535
0.366134 0.570846 0.016521
0.371922 0.555486 0.019603
0.377119 0.550561 0.020813
0.381710 0.555940 0.019751
0.376517 0.560891 0.018612
0.356322 0.570378 0.016376
0.361524 0.565381 0.017389
0.360943 0.575878 0.015573
0.356919 0.559960 0.018308
0.357531 0.549649 0.020471
0.362739 0.544751 0.021747
0.362126 0.555022 0.019442
0.350556 0.586088 0.013870
0.351119 0.575422 0.015427
0.355750 0.580957 0.014689
0.519718 0.728990 0.008894
0.524648 0.733920 0.008894
0.519718 0.738849 0.008894
0.524648 0.724059 0.008894
0.529577 0.719127 0.008894
0.534507 0.724057 0.008894
0.529577 0.728989 0.008894
0.509859 0.738849 0.008894
0.514789 0.733920 0.008894
0.514789 0.743778 0.008894
0.509859 0.728990 0.008894
0.509859 0.719128 0.008894
0.514789 0.714196 0.008894
0.514789 0.724060 0.008894
0.504929 0.753632 0.008895
0.504929 0.743778 0.008894
0.509859 0.748705 0.008895
0.441521 0.648328 0.009849
0.446315 0.653603 0.009668
0.441277 0.658789 0.009507
0.446582 0.643095 0.010047
0.451654 0.637845 0.010264
0.456420 0.643183 0.010041
0.451362 0.648401 0.009846
0.431429 0.658745 0.009507
0.436470 0.653544 0.009669
0.436251 0.663957 0.009365
0.431679 0.648251 0.009849
0.431987 0.637618 0.010269
0.437078 0.632315 0.010510
0.436745 0.643001 0.010050
0.426233 0.674228 0.009137
0.426400 0.663924 0.009364
0.431236 0.669105 0.009242
0.523175 0.565474 0.018310
0.527819 0.570729 0.017217
0.522693 0.575788 0.016384
0.528313 0.560453 0.019253
0.533457 0.555455 0.020251
0.538085 0.560679 0.019002
0.532949 0.565692 0.018090
0.512912 0.575584 0.016549
0.518041 0.570517 0.017408
0.517572 0.580869 0.015593
0.513403 0.565253 0.018507
0.513926 0.554987 0.020740
0.519082 0.550001 0.021868
0.518543 0.560226 0.019479
0.507344 0.591094 0.014149
0.507788 0.580672 0.015736
0.512456 0.585972 0.014847
0.679744 0.569310 0.013530
0.684412 0.574447 0.012799
0.679337 0.579311 0.012356
0.684850 0.564476 0.014042
0.689968 0.559661 0.014585
0.694610 0.564784 0.013769
0.689501 0.569605 0.013270
0.669577 0.579044 0.012589
0.674654 0.574166 0.013045
0.674276 0.584194 0.011944
0.669978 0.569022 0.013804
0.670422 0.559040 0.015211
0.675544 0.554220 0.015821
0.675083 0.564174 0.014331
0.664179 0.594023 0.011212
0.664511 0.583943 0.012163
0.669224 0.589099 0.011562
0.606137 0.487884 0.038788
0.610632 0.492881 0.036307
0.605420 0.497586 0.034892
0.611344 0.483214 0.040281
0.616549 0.478562 0.041779
0.621043 0.483530 0.039154
0.615838 0.488196 0.037728
0.595708 0.497284 0.035822
0.600925 0.492574 0.037301
0.600210 0.502311 0.033483
0.596440 0.487587 0.039837
0.597183 0.477978 0.044134
0.602394 0.473340 0.045772
0.601653 0.482915 0.041397
0.589802 0.511818 0.030725
0.590491 0.502015 0.034352
0.595004 0.507054 0.032092
0.647815 0.450936 0.050840
0.652299 0.455845 0.047802
0.647080 0.460432 0.046339
0.653044 0.446364 0.052380
0.658277 0.441795 0.053934
0.662750 0.446686 0.050773
0.657522 0.451263 0.049281
0.637373 0.460097 0.047802
0.642590 0.455513 0.049316
0.641864 0.465027 0.044891
0.638110 0.450613 0.052431
0.638867 0.441172 0.057340
0.644104 0.436615 0.059008
0.643337 0.446045 0.054021
0.631449 0.474248 0.042016
0.632162 0.464692 0.046292
0.636654 0.469631 0.043452
0.612081 0.412557 0.079282
0.616584 0.417249 0.075503
0.611441 0.421846 0.073696
0.617169 0.407929 0.081033
0.622244 0.403293 0.082758
0.626822 0.408046 0.078994
0.621709 0.412649 0.077263
0.601844 0.421784 0.075639
0.606975 0.417176 0.077490
0.606277 0.426439 0.071824
0.602476 0.412529 0.081302
0.602967 0.403210 0.086861
0.607973 0.398502 0.088575
0.607545 0.407881 0.083073
0.595879 0.435623 0.067851
0.596684 0.426383 0.073710
0.601085 0.431030 0.069870
0.564475 0.525968 0.027390
0.569042 0.531084 0.025560
0.563866 0.535958 0.024354
0.569668 0.521135 0.028725
0.574867 0.516324 0.030087
0.579412 0.521407 0.028074
0.574225 0.526234 0.026799
0.554107 0.535703 0.024823
0.559287 0.530824 0.026088
0.558696 0.540855 0.023186
0.554725 0.525705 0.027932
0.555389 0.515784 0.031389
0.560606 0.510987 0.032923
0.559923 0.520868 0.029334
0.548376 0.550720 0.020987
0.548933 0.540605 0.023602
0.553532 0.545776 0.022062
0.528484 0.485730 0.045867
0.532948 0.490664 0.043235
0.527681 0.495378 0.041226
0.533750 0.481091 0.047995
0.539017 0.476485 0.050145
0.543477 0.481343 0.047319
0.538213 0.485987 0.045267
0.517948 0.495116 0.041692
0.523217 0.490403 0.043765
0.522419 0.500116 0.039245
0.518750 0.485473 0.046372
0.519547 0.475995 0.051333
0.524815 0.471435 0.053655
0.524017 0.480839 0.048569
0.511926 0.509657 0.035424
0.512685 0.499853 0.039651
0.517167 0.504876 0.037308
0.570591 0.449239 0.063211
0.575011 0.453920 0.059752
0.569768 0.458469 0.057695
0.575835 0.444701 0.065362
0.581066 0.440142 0.067487
0.585460 0.444790 0.063803
0.580242 0.449360 0.061785
0.560079 0.458287 0.058861
0.565338 0.453764 0.061042
0.564517 0.463017 0.055624
0.560902 0.449096 0.064467
0.561725 0.439968 0.070369
0.566990 0.435460 0.072763
0.566164 0.444590 0.066752
0.554002 0.472141 0.051463
0.554816 0.462814 0.056675
0.559261 0.467572 0.053544
0.639260 0.608747 0.010512
0.644035 0.613913 0.010140
0.639003 0.618931 0.009957
0.644304 0.603747 0.010777
0.649351 0.598766 0.011074
0.654103 0.603931 0.010609
0.649068 0.608913 0.010357
0.629175 0.618799 0.010086
0.634216 0.613765 0.010282
0.633970 0.623965 0.009811
0.629439 0.608588 0.010675
0.629733 0.598390 0.011465
0.634800 0.593395 0.011826
0.634492 0.603572 0.010954
0.623915 0.634078 0.009621
0.624138 0.623849 0.009923
0.628941 0.629015 0.009699
0.601442 0.567233 0.016031
0.606125 0.572424 0.015083
0.601023 0.577403 0.014486
0.606561 0.562288 0.016710
0.611686 0.557366 0.017427
0.616352 0.562536 0.016356
0.611235 0.567468 0.015706
0.591226 0.577193 0.014757
0.596331 0.572201 0.015380
0.595926 0.582406 0.013918
0.591653 0.567003 0.016354
0.592116 0.556864 0.018189
0.597251 0.551941 0.019015
0.596773 0.562046 0.017061
0.585750 0.592474 0.012872
0.586127 0.582208 0.014162
0.590836 0.587430 0.013379
0.642554 0.528315 0.022502
0.647177 0.533422 0.021021
0.642026 0.538216 0.020163
0.647718 0.523553 0.023446
0.652888 0.518811 0.024412
0.657496 0.523896 0.022816
0.652334 0.528648 0.021907
0.632243 0.537906 0.020689
0.637396 0.533099 0.021583
0.636880 0.543033 0.019334
0.632778 0.527991 0.023118
0.633349 0.518129 0.025822
0.638527 0.513389 0.026890
0.637944 0.523217 0.024102
0.626605 0.552739 0.017771
0.627095 0.542736 0.019823
0.631739 0.547874 0.018536
0.482220 0.606407 0.012419
0.486928 0.611766 0.011869
0.481833 0.616973 0.011435
0.487327 0.601225 0.012977
0.492437 0.596061 0.013589
0.497130 0.601397 0.012904
0.492027 0.606574 0.012360
0.472016 0.616821 0.011473
0.477116 0.611605 0.011917
0.476740 0.622198 0.011059
0.472413 0.606228 0.012466
0.472841 0.595669 0.013720
0.477965 0.590515 0.014415
0.477524 0.601041 0.013036
0.466566 0.632696 0.010482
0.466920 0.622054 0.011088
0.471652 0.627438 0.010741
0.444996 0.563486 0.019151
0.449609 0.568829 0.018098
0.444450 0.573907 0.017111
0.450166 0.558454 0.020269
0.455339 0.553443 0.021462
0.459938 0.558740 0.020249
0.454772 0.563774 0.019144
0.434667 0.573616 0.017098
0.439830 0.568539 0.018093
0.439295 0.579008 0.016185
0.435220 0.563186 0.019130
0.435797 0.552841 0.021429
0.440980 0.547857 0.022729
0.440392 0.558156 0.020258
0.428996 0.589279 0.014522
0.429508 0.578714 0.016166
0.434144 0.584132 0.015322
0.486508 0.523868 0.030313
0.491049 0.529011 0.028496
0.485848 0.533907 0.026932
0.491728 0.519021 0.032052
0.496955 0.514197 0.033858
0.501473 0.519288 0.031833
0.496258 0.524138 0.030131
0.476091 0.533631 0.027052
0.481296 0.528738 0.028646
0.480654 0.538827 0.025440
0.476753 0.523588 0.030439
0.477451 0.513642 0.034180
0.482693 0.508849 0.036128
0.481976 0.518745 0.032209
0.470284 0.548736 0.022685
0.470893 0.538548 0.025535
0.475465 0.543770 0.024023
0.403762 0.604540 0.012462
0.408437 0.610090 0.011955
0.403305 0.615361 0.011472
0.408905 0.599325 0.013076
0.414051 0.594137 0.013753
0.418710 0.599636 0.013112
0.413572 0.604850 0.012501
0.393486 0.615064 0.011428
0.398623 0.609785 0.011913
0.398176 0.620666 0.011054
0.393952 0.604201 0.012410
0.394446 0.593430 0.013645
0.399604 0.588275 0.014393
0.399099 0.598985 0.013026
0.387927 0.631397 0.010414
0.388353 0.620382 0.011009
0.393050 0.626010 0.010702
0.480308 0.689443 0.008937
0.485218 0.694434 0.008907
0.480282 0.699391 0.008896
0.485267 0.684424 0.008983
0.490237 0.679382 0.009047
0.495125 0.684429 0.008982
0.490166 0.689445 0.008936
0.470422 0.699389 0.008896
0.475359 0.694432 0.008908
0.475352 0.704324 0.008896
0.470449 0.689439 0.008937
0.470524 0.679366 0.009051
0.475508 0.674295 0.009133
0.475410 0.684420 0.008985
0.465492 0.714188 0.008896
0.465493 0.704322 0.008896
0.470422 0.709256 0.008896
0.329942 0.517969 0.027660
0.334546 0.523186 0.026362
0.329324 0.527989 0.024842
0.335157 0.513222 0.029320
0.340369 0.508499 0.031068
0.344975 0.513663 0.029651
0.339762 0.518412 0.027963
0.319493 0.527549 0.024582
0.324721 0.522744 0.026083
0.324095 0.532820 0.023398
0.320115 0.517524 0.027356
0.320719 0.507606 0.030344
0.325930 0.502913 0.032115
0.325333 0.512776 0.028989
0.313604 0.542580 0.020718
0.314255 0.532386 0.023154
0.318855 0.537683 0.022025
0.492452 0.447780 0.068801
0.497014 0.452398 0.065816
0.491753 0.456816 0.063050
0.497710 0.443393 0.071703
0.502966 0.439003 0.074647
0.507536 0.443586 0.071468
0.502275 0.447990 0.068622
0.481935 0.456572 0.063122
0.487194 0.452170 0.065941
0.486490 0.461251 0.060325
0.482616 0.447552 0.068848
0.483267 0.438609 0.074819
0.488513 0.434251 0.077915
0.487870 0.443185 0.071803
0.475958 0.470191 0.055002
0.476673 0.460992 0.060348
0.481226 0.465707 0.057642
0.455081 0.411500 0.091928
0.459868 0.416006 0.089365
0.454737 0.420303 0.086185
0.460130 0.407126 0.094948
0.465140 0.402685 0.097853
0.470014 0.407250 0.095392
0.464960 0.411658 0.092436
0.444861 0.420078 0.085563
0.449992 0.415814 0.088796
0.449569 0.424560 0.082899
0.445206 0.411321 0.091278
0.445398 0.402466 0.096676
0.450372 0.398028 0.099607
0.450259 0.406985 0.094361
0.439142 0.433035 0.076209
0.439687 0.424301 0.082244
0.444369 0.428792 0.079549
0.494329 0.374426 0.112811
0.499496 0.379321 0.110686
0.494687 0.384155 0.108424
0.499042 0.369461 0.114900
0.503712 0.364431 0.116868
0.508978 0.369463 0.114887
0.504261 0.374422 0.112839
0.484771 0.384154 0.108295
0.489573 0.379326 0.110610
0.489834 0.388920 0.106051
0.484426 0.374463 0.112681
0.483908 0.364526 0.116713
0.488550 0.359420 0.118588
0.489131 0.369495 0.114820
0.480005 0.398232 0.100957
0.479926 0.388906 0.105862
0.484940 0.393613 0.103562
0.573987 0.374553 0.108250
0.579059 0.379477 0.105025
0.574216 0.384426 0.103329
0.578744 0.369460 0.109886
0.583457 0.364281 0.111452
0.588626 0.369352 0.108249
0.583863 0.374449 0.106661
0.564352 0.384479 0.104786
0.569192 0.379559 0.106556
0.569331 0.389296 0.101556
0.564079 0.374624 0.109605
0.563571 0.364498 0.114120
0.568242 0.359296 0.115616
0.568823 0.369560 0.111292
0.559425 0.398807 0.097718
0.559467 0.389316 0.102925
0.564402 0.394088 0.099690
0.531901 0.333686 0.125414
0.537123 0.338818 0.124149
0.532379 0.343988 0.122974
0.536688 0.328527 0.126339
0.541491 0.323370 0.127109
0.546664 0.328446 0.126043
0.541886 0.333635 0.125171
0.522402 0.343992 0.123110
0.527136 0.338842 0.124332
0.527655 0.349141 0.121646
0.521942 0.333708 0.125497
0.521586 0.323478 0.127327
0.526406 0.318380 0.128021
0.526718 0.328572 0.126460
0.518296 0.359372 0.118581
0.517700 0.349130 0.121758
0.522961 0.354271 0.120178
0.408348 0.521339 0.029883
0.412915 0.526536 0.028324
0.407706 0.531391 0.026670
0.413568 0.516535 0.031718
0.418795 0.511752 0.033649
0.423352 0.516888 0.031916
0.418130 0.521701 0.030072
0.397925 0.531008 0.026498
0.403134 0.526164 0.028144
0.402501 0.536266 0.025109
0.398563 0.520959 0.029667
0.399212 0.511015 0.033143
0.404440 0.506272 0.035148
0.403781 0.516165 0.031491
0.392101 0.546071 0.022257
0.392720 0.535871 0.024944
0.397299 0.541160 0.023638
0.371661 0.480645 0.043608
0.376279 0.485638 0.041830
0.371051 0.490253 0.039543
0.376890 0.476102 0.046066
0.382122 0.471598 0.048628
0.386746 0.476511 0.046708
0.381511 0.481056 0.044221
0.361217 0.489835 0.039020
0.366437 0.485225 0.041259
0.365829 0.494893 0.037359
0.361812 0.480226 0.042993
0.362396 0.470746 0.047217
0.367616 0.466276 0.049796
0.367033 0.475682 0.045404
0.355398 0.504235 0.033305
0.356002 0.494470 0.036881
0.360612 0.499553 0.035280
0.413545 0.445419 0.065851
0.418188 0.450082 0.063478
0.412946 0.454394 0.060479
0.418783 0.441172 0.069002
0.424020 0.436943 0.072227
0.428670 0.441535 0.069701
0.423429 0.445798 0.066553
0.403068 0.453995 0.059779
0.408307 0.449691 0.062776
0.407704 0.458739 0.057557
0.403656 0.445007 0.065074
0.404226 0.436142 0.070596
0.409458 0.431964 0.073900
0.408891 0.440774 0.068225
0.397222 0.467543 0.051959
0.397830 0.458335 0.056863
0.402463 0.463121 0.054716
0.559176 0.689463 0.008927
0.564091 0.694436 0.008904
0.559155 0.699387 0.008895
0.564129 0.684472 0.008962
0.569091 0.679466 0.009008
0.573987 0.684479 0.008958
0.569034 0.689465 0.008926
0.549296 0.699390 0.008895
0.554232 0.694438 0.008905
0.554226 0.704323 0.008895
0.549317 0.689461 0.008929
0.549377 0.679442 0.009020
0.554349 0.674413 0.009083
0.554271 0.684465 0.008966
0.544366 0.714191 0.008894
0.544366 0.704325 0.008895
0.549296 0.709257 0.008895
0.520260 0.648807 0.009729
0.525080 0.653975 0.009562
0.520065 0.659081 0.009433
0.525294 0.643668 0.009885
0.530336 0.638515 0.010051
0.535135 0.643729 0.009850
0.530103 0.648858 0.009701
0.510216 0.659047 0.009449
0.515234 0.653933 0.009583
0.515059 0.664177 0.009316
0.510416 0.648756 0.009754
0.510663 0.638371 0.010129
0.515721 0.633178 0.010321
0.515454 0.643607 0.009917
0.505073 0.674333 0.009120
0.505207 0.664150 0.009328
0.510061 0.669261 0.009211
0.560705 0.607582 0.011685
0.565454 0.612833 0.011193
0.560390 0.617962 0.010870
0.565780 0.602472 0.012109
0.570860 0.597378 0.012570
0.575594 0.602619 0.011959
0.570522 0.607718 0.011556
0.550566 0.617848 0.010962
0.555634 0.612708 0.011302
0.555330 0.623105 0.010591
0.550889 0.607445 0.011806
0.551244 0.597061 0.012889
0.556334 0.591964 0.013436
0.555968 0.602324 0.012250
0.545221 0.633426 0.010173
0.545503 0.623002 0.010668
0.550273 0.628260 0.010358
0.720881 0.531168 0.018400
0.725508 0.536232 0.017321
0.720336 0.540949 0.016676
0.726060 0.526477 0.019100
0.731241 0.521800 0.019813
0.735866 0.526847 0.018656
0.730686 0.531532 0.017982
0.710540 0.540597 0.017043
0.715707 0.535874 0.017713
0.715170 0.545682 0.016048
0.711079 0.530799 0.018835
0.711630 0.521038 0.020816
0.716813 0.516365 0.021598
0.716255 0.526103 0.019563
0.704866 0.555200 0.014855
0.705381 0.545336 0.016392
0.710012 0.550433 0.015440
0.684001 0.490721 0.030515
0.688581 0.495759 0.028602
0.683389 0.500411 0.027610
0.689198 0.486084 0.031583
0.694398 0.481457 0.032667
0.698975 0.486486 0.030641
0.693777 0.491118 0.029613
0.673614 0.500026 0.028432
0.678806 0.495367 0.029465
0.678201 0.505076 0.026626
0.674235 0.490333 0.031455
0.674878 0.480676 0.034750
0.680080 0.476052 0.035933
0.679433 0.485692 0.032564
0.667838 0.514451 0.024692
0.668425 0.504698 0.027409
0.673017 0.509755 0.025653
0.665809 0.470689 0.039544
0.670337 0.475674 0.037077
0.665134 0.480300 0.035851
0.671018 0.466080 0.040844
0.676230 0.461478 0.042158
0.680751 0.466448 0.039574
0.675542 0.471057 0.038318
0.702389 0.510913 0.023607
0.707008 0.515974 0.022162
0.701826 0.520651 0.021348
0.707578 0.506257 0.024475
0.712770 0.501611 0.025350
0.717382 0.506657 0.023820
0.712194 0.511310 0.022987
0.541833 0.586526 0.014393
0.546532 0.591794 0.013604
0.541438 0.596901 0.013033
0.546940 0.581448 0.015067
0.552051 0.576391 0.015778
0.556734 0.581637 0.014861
0.551631 0.586706 0.014214
0.501130 0.627780 0.010636
0.505889 0.633092 0.010363
0.500827 0.638297 0.010163
0.506205 0.622568 0.010926
0.511284 0.617371 0.011271
0.516029 0.622679 0.010869
0.510957 0.627880 0.010589
0.539622 0.669325 0.009181
0.544494 0.674395 0.009092
0.539521 0.679430 0.009026
0.544614 0.664262 0.009273
0.549614 0.659189 0.009374
0.554466 0.664292 0.009256
0.549476 0.669348 0.009169
0.394857 0.426912 0.075299
0.399549 0.431520 0.072960
0.394319 0.435683 0.069657
0.400064 0.422825 0.078700
0.405244 0.418746 0.082081
0.409983 0.423273 0.079724
0.404775 0.427382 0.076327
0.353096 0.460937 0.050890
0.357749 0.465832 0.049046
0.352536 0.470307 0.046515
0.358309 0.456535 0.053587
0.363523 0.452177 0.056389
0.368185 0.457004 0.054430
0.362966 0.461396 0.051685
0.390063 0.500790 0.036555
0.394640 0.505890 0.034833
0.389415 0.510624 0.032844
0.395297 0.496106 0.038726
0.400537 0.491444 0.040992
0.405110 0.496485 0.039109
0.399871 0.501177 0.036921
0.511460 0.313353 0.128594
0.516503 0.318403 0.128035
0.511699 0.323485 0.127343
0.516311 0.308329 0.129006
0.521192 0.303332 0.129280
0.526200 0.308302 0.129008
0.521335 0.313343 0.128590
0.552958 0.354258 0.118914
0.558268 0.359391 0.116660
0.553597 0.364545 0.115116
0.557656 0.349041 0.120215
0.562369 0.343785 0.121384
0.567643 0.348911 0.119314
0.562949 0.354177 0.118050
0.473520 0.354545 0.120035
0.478696 0.359537 0.118449
0.474059 0.364650 0.116515
0.478177 0.349348 0.121653
0.482855 0.344139 0.123103
0.488008 0.349205 0.121748
0.483342 0.354381 0.120181
0.435561 0.393422 0.100998
0.440497 0.397942 0.098885
0.435513 0.402326 0.095898
0.440465 0.388915 0.103842
0.445324 0.384304 0.106577
0.450330 0.388904 0.104547
0.445437 0.393472 0.101771
0.474002 0.429509 0.080862
0.478644 0.434047 0.077845
0.473403 0.438383 0.074700
0.479212 0.425196 0.084074
0.484398 0.420856 0.087203
0.489098 0.425369 0.084183
0.483880 0.429707 0.081021
0.311469 0.497341 0.033113
0.316098 0.502461 0.031720
0.310887 0.507152 0.029982
0.316670 0.492704 0.034986
0.321868 0.488089 0.036950
0.326507 0.493156 0.035457
0.321305 0.497796 0.033543
0.460795 0.669167 0.009240
0.465653 0.674282 0.009136
0.460668 0.679358 0.009052
0.465803 0.664046 0.009360
0.470822 0.658910 0.009496
0.475654 0.664074 0.009354
0.470648 0.669187 0.009237
0.385170 0.582342 0.015045
0.389803 0.587880 0.014318
0.384641 0.593030 0.013569
0.390342 0.577258 0.015925
0.395517 0.572200 0.016870
0.400136 0.577666 0.016011
0.394968 0.582760 0.015132
0.468416 0.503504 0.038325
0.472931 0.508562 0.036220
0.467687 0.513351 0.034242
0.473680 0.498764 0.040484
0.478955 0.494046 0.042711
0.483448 0.499049 0.040398
0.478185 0.503795 0.038273
0.426629 0.542261 0.023990
0.431209 0.547543 0.022674
0.426023 0.552518 0.021373
0.431826 0.537335 0.025473
0.437029 0.532430 0.027049
0.441596 0.537653 0.025551
0.436400 0.542587 0.024066
0.463513 0.584921 0.015285
0.468171 0.590295 0.014470
0.463043 0.595453 0.013763
0.468653 0.579801 0.016119
0.473796 0.574701 0.017010
0.478438 0.580038 0.016055
0.473303 0.585157 0.015235
0.624207 0.507988 0.029631
0.628770 0.513053 0.027664
0.623589 0.517804 0.026540
0.629400 0.503268 0.030840
0.634598 0.498567 0.032057
0.639145 0.503612 0.029949
0.633955 0.508322 0.028802
0.582842 0.546519 0.020781
0.587472 0.551688 0.019428
0.582335 0.556622 0.018567
0.587994 0.541623 0.021769
0.593152 0.536750 0.022798
0.597764 0.541891 0.021284
0.592616 0.546777 0.020334
0.620252 0.588009 0.012694
0.624987 0.593202 0.012045
0.619918 0.598211 0.011661
0.625335 0.583025 0.013159
0.630425 0.578063 0.013651
0.635143 0.583242 0.012897
0.630062 0.588212 0.012457
0.552795 0.430779 0.077783
0.557270 0.435364 0.074053
0.551995 0.439845 0.071528
0.558062 0.426311 0.080347
0.563290 0.421817 0.082759
0.567799 0.426373 0.078983
0.562544 0.430871 0.076560
0.510580 0.466438 0.057015
0.515069 0.471195 0.054151
0.509803 0.475749 0.051764
0.515846 0.461948 0.059533
0.521117 0.457481 0.062081
0.525608 0.462173 0.059018
0.520337 0.466671 0.056571
0.546369 0.505673 0.035826
0.550871 0.510719 0.033553
0.545649 0.515518 0.031950
0.551612 0.500914 0.037568
0.556862 0.496174 0.039336
0.561338 0.501182 0.036855
0.556101 0.505941 0.035191
0.593652 0.393836 0.094373
0.598339 0.398532 0.090633
0.593355 0.403267 0.088921
0.598565 0.389013 0.096025
0.603457 0.384160 0.097671
0.608242 0.388987 0.093994
0.603300 0.393771 0.092319
0.629963 0.431501 0.064374
0.634407 0.436322 0.060793
0.629184 0.440891 0.059057
0.635184 0.426942 0.066133
0.640396 0.422395 0.067847
0.644883 0.427221 0.064226
0.639645 0.431766 0.062528
0.588280 0.468218 0.049996
0.592726 0.473078 0.047000
0.587508 0.477712 0.045294
0.593495 0.463613 0.051781
0.598705 0.459014 0.053571
0.603146 0.463844 0.050428
0.597938 0.468456 0.048712
0.661105 0.548779 0.017237
0.665762 0.553908 0.016178
0.660640 0.558741 0.015548
0.666241 0.543976 0.017954
0.671383 0.539194 0.018700
0.676027 0.544305 0.017534
0.670891 0.549096 0.016841
0.504736 0.544548 0.023561
0.509324 0.549761 0.022101
0.504165 0.554752 0.020943
0.509911 0.539603 0.024889
0.515093 0.534685 0.026284
0.519662 0.539854 0.024623
0.514489 0.544795 0.023329
0.422528 0.626675 0.010780
0.427249 0.632170 0.010508
0.422154 0.637487 0.010263
0.427639 0.621373 0.011125
0.432754 0.616096 0.011533
0.437459 0.621561 0.011128
0.432352 0.626853 0.010787
0.500000 0.709262 0.008895
0.504929 0.714196 0.008895
0.500000 0.719128 0.008895
0.504930 0.704329 0.008895
0.509859 0.699394 0.008895
0.514789 0.704329 0.008895
0.509859 0.709263 0.008895
0.348341 0.538985 0.022690
0.352936 0.544303 0.021555
0.347719 0.549202 0.020288
0.353555 0.534135 0.024103
0.358766 0.529308 0.025599
0.363356 0.534578 0.024328
0.358148 0.539429 0.022900
0.514744 0.393757 0.103527
0.519730 0.398494 0.100856
0.514716 0.403090 0.098367
0.519664 0.389049 0.105853
0.524544 0.384286 0.108077
0.529643 0.389143 0.105498
0.524707 0.393848 0.103235
0.432043 0.464219 0.056405
0.436636 0.468992 0.054074
0.431378 0.473478 0.051376
0.437297 0.459813 0.059254
0.442550 0.455438 0.062174
0.447153 0.460129 0.059692
0.441895 0.464544 0.056848
0.579770 0.628530 0.010140
0.584564 0.633741 0.009924
0.579530 0.638858 0.009801
0.584816 0.623411 0.010330
0.589865 0.618306 0.010561
0.594645 0.623517 0.010235
0.589603 0.628623 0.010059
0.656791 0.460773 0.044906
0.656084 0.470329 0.040810
0.651577 0.465371 0.043503
0.661294 0.465721 0.042154
0.660603 0.475306 0.038260
0.693174 0.500804 0.026821
0.692590 0.510519 0.024259
0.687984 0.505461 0.025876
0.697777 0.505856 0.025159
0.697205 0.515583 0.022751
0.532477 0.575991 0.016200
0.532039 0.586343 0.014558
0.527359 0.581064 0.015433
0.537148 0.581257 0.015258
0.536732 0.591623 0.013758
0.491649 0.617115 0.011389
0.491303 0.627675 0.010678
0.486562 0.622331 0.011022
0.496383 0.622454 0.010978
0.496058 0.633004 0.010401
0.529914 0.659116 0.009415
0.529769 0.669302 0.009192
0.524910 0.664204 0.009303
0.534762 0.664232 0.009288
0.534639 0.674378 0.009100
0.385380 0.417738 0.079764
0.384931 0.426395 0.074179
0.380205 0.421771 0.076376
0.390137 0.422324 0.077582
0.389633 0.431034 0.071933
0.343769 0.451194 0.054616
0.343229 0.460470 0.050099
0.338565 0.455575 0.051911
0.348436 0.456059 0.052748
0.347886 0.465379 0.048300
0.380884 0.490662 0.040065
0.380249 0.500388 0.036152
0.375655 0.495308 0.037840
0.385478 0.495714 0.038303
0.384835 0.505494 0.034485
0.501463 0.303345 0.129277
0.501594 0.313357 0.128592
0.496589 0.308341 0.129011
0.506448 0.308334 0.129006
0.506632 0.318408 0.128040
0.542377 0.343962 0.122651
0.542957 0.354291 0.119559
0.537655 0.349141 0.121387
0.547658 0.349111 0.120909
0.548276 0.359429 0.117479
0.463300 0.344594 0.122895
0.463738 0.354772 0.119833
0.458637 0.349846 0.121327
0.468388 0.349562 0.121514
0.468879 0.359712 0.118241
0.425588 0.384395 0.104968
0.425673 0.393326 0.100114
0.420700 0.388828 0.102095
0.430591 0.388906 0.103022
0.430611 0.397827 0.098052
0.464618 0.420507 0.086666
0.464123 0.429290 0.080562
0.459445 0.424792 0.083432
0.469327 0.425004 0.083824
0.468771 0.433825 0.077638
0.302181 0.487169 0.035932
0.301631 0.496875 0.032685
0.296992 0.491769 0.034058
0.306829 0.492245 0.034518
0.306262 0.502002 0.031326
0.451125 0.658831 0.009506
0.450942 0.669147 0.009242
0.446102 0.663988 0.009365
0.455953 0.664018 0.009363
0.455798 0.674270 0.009138
0.375931 0.571323 0.016654
0.375370 0.581894 0.014941
0.370748 0.576355 0.015705
0.380546 0.576821 0.015823
0.380001 0.587455 0.014229
0.459389 0.493460 0.042699
0.458639 0.503204 0.038301
0.454117 0.498165 0.040412
0.463903 0.498469 0.040489
0.463161 0.508266 0.036242
0.417483 0.531756 0.026819
0.416855 0.541914 0.023893
0.412279 0.536642 0.025252
0.422054 0.536998 0.025373
0.421436 0.547207 0.022599
0.454233 0.574185 0.017101
0.453723 0.584672 0.015316
0.449081 0.579286 0.016184
0.458867 0.579550 0.016162
0.458377 0.590062 0.014508
0.615139 0.497900 0.033954
0.614467 0.507665 0.030456
0.609934 0.502617 0.032608
0.619663 0.502936 0.031727
0.619019 0.512728 0.028435
0.573626 0.536216 0.023845
0.573071 0.546267 0.021227
0.568460 0.541106 0.022734
0.578227 0.541362 0.022253
0.577696 0.551440 0.019838
0.610821 0.577618 0.014212
0.610445 0.587812 0.012927
0.605727 0.582608 0.013669
0.615531 0.582815 0.013416
0.615176 0.593013 0.012259
0.543703 0.421663 0.085095
0.543008 0.430662 0.078801
0.538461 0.426105 0.082422
0.548280 0.426220 0.081492
0.547513 0.435245 0.075148
0.501555 0.457044 0.062854
0.500812 0.466205 0.057341
0.496292 0.461493 0.060182
0.506076 0.461722 0.059918
0.505315 0.470956 0.054533
0.537411 0.495642 0.040679
0.536636 0.505406 0.036390
0.532152 0.500381 0.038762
0.541883 0.500646 0.038203
0.541135 0.510452 0.034118
0.584031 0.384327 0.101626
0.583982 0.393954 0.096389
0.579147 0.389224 0.099937
0.588895 0.389108 0.098062
0.588714 0.398627 0.092699
0.621061 0.421966 0.071749
0.620313 0.431291 0.066213
0.615885 0.426549 0.069932
0.625519 0.426716 0.068035
0.624741 0.436073 0.062571
0.579427 0.458638 0.056380
0.578625 0.468000 0.051267
0.574196 0.463213 0.054435
0.583848 0.463404 0.053122
0.583060 0.472833 0.048216
0.651811 0.538535 0.019654
0.651318 0.548470 0.017652
0.646667 0.543340 0.018854
0.656454 0.543655 0.018394
0.655976 0.553604 0.016552
0.495600 0.534173 0.026763
0.494983 0.544299 0.023756
0.490410 0.539095 0.025300
0.500162 0.539353 0.025117
0.499568 0.549519 0.022303
0.413122 0.615632 0.011504
0.412703 0.626476 0.010764
0.407998 0.620926 0.011088
0.417819 0.621162 0.011112
0.417419 0.632006 0.010497
0.490141 0.699392 0.008896
0.490141 0.709261 0.008895
0.485211 0.704326 0.008895
0.495070 0.704328 0.008895
0.495070 0.714195 0.008895
0.339146 0.528428 0.025098
0.338523 0.538546 0.022475
0.333924 0.533256 0.023638
0.343744 0.533694 0.023873
0.343121 0.543862 0.021357
0.504624 0.384174 0.108436
0.504797 0.393697 0.103674
0.499763 0.388946 0.106115
0.509708 0.388984 0.106052
0.509782 0.398410 0.101093
0.422818 0.454768 0.061111
0.422187 0.463874 0.055903
0.417573 0.459121 0.058186
0.427437 0.459478 0.058752
0.426789 0.468659 0.053631
0.570215 0.618075 0.010772
0.569937 0.628440 0.010217
0.565158 0.623206 0.010509
0.574987 0.623308 0.010422
0.574727 0.633662 0.009991
0.714642 0.555526 0.014567
0.709496 0.560305 0.014025
0.719799 0.550764 0.015132
0.704363 0.565100 0.013511
0.699249 0.569909 0.013025
0.735313 0.536584 0.016945
0.730136 0.541294 0.016324
0.740493 0.531891 0.017581
0.724964 0.546020 0.015718
0.554225 0.714188 0.008895
0.549296 0.719122 0.008894
0.559155 0.709254 0.008895
0.544366 0.724055 0.008894
0.539436 0.728987 0.008894
0.573950 0.694435 0.008904
0.569014 0.699384 0.008896
0.578893 0.689468 0.008924
0.564085 0.704319 0.008895
0.307658 0.557875 0.017355
0.460563 0.728979 0.008896
0.382467 0.647702 0.009775
0.633754 0.634167 0.009537
0.628736 0.639221 0.009479
0.638775 0.629119 0.009600
0.623722 0.644272 0.009416
0.618715 0.649322 0.009351
0.653840 0.614069 0.010005
0.648819 0.619069 0.009835
0.658863 0.609086 0.010211
0.643797 0.624086 0.009699
0.673943 0.594249 0.011030
0.668913 0.599176 0.010724
0.678981 0.589342 0.011368
0.663886 0.604122 0.010451
0.694158 0.574737 0.012567
0.689085 0.579586 0.012137
0.684027 0.584454 0.011737
0.421157 0.689422 0.008938
0.514789 0.753632 0.008895
0.509859 0.758558 0.008895
0.519718 0.748705 0.008894
0.504930 0.763483 0.008895
0.500000 0.768407 0.008896
0.534507 0.733918 0.008894
0.529577 0.738848 0.008894
0.524648 0.743777 0.008894
0.344836 0.602206 0.011946
0.593772 0.674483 0.009042
0.588805 0.679489 0.008994
0.598747 0.669466 0.009096
0.583845 0.684485 0.008954
0.613713 0.654368 0.009284
0.608718 0.659408 0.009219
0.603729 0.664441 0.009155
0.284709 0.531102 0.022421
0.280130 0.525791 0.023549
0.289291 0.536425 0.021324
0.275550 0.520490 0.024706
0.270969 0.515202 0.025886
0.303056 0.552490 0.018278
0.298463 0.547114 0.019248
0.293875 0.541761 0.020265
0.435915 0.704310 0.008897
0.430985 0.699376 0.008897
0.440844 0.709244 0.008896
0.426064 0.694417 0.008908
0.455633 0.724046 0.008896
0.450703 0.719113 0.008896
0.445774 0.714179 0.008896
0.358873 0.619392 0.010809
0.354189 0.613647 0.011135
0.363564 0.625144 0.010537
0.349510 0.607916 0.011514
0.377712 0.642189 0.009945
0.372976 0.636587 0.010126
0.368262 0.630891 0.010317
0.396847 0.663785 0.009344
0.392036 0.658493 0.009474
0.401677 0.669014 0.009230
0.387242 0.653135 0.009618
0.416264 0.684387 0.008985
0.411386 0.679310 0.009050
0.406523 0.674187 0.009132
0.475352 0.743772 0.008895
0.470422 0.738842 0.008895
0.480281 0.748701 0.008895
0.465492 0.733911 0.008895
0.495070 0.763482 0.008896
0.490141 0.758556 0.008895
0.485211 0.753629 0.008895
0.321539 0.574173 0.014904
0.316901 0.568698 0.015662
0.326186 0.579696 0.014203
0.312274 0.563270 0.016480
0.340166 0.596524 0.012430
0.335501 0.590874 0.012968
0.330841 0.585264 0.013558
