0.581210 0.606618 0.013025
0.580739 0.617150 0.011880
0.576064 0.611795 0.012491
0.438904 0.443982 0.085661
0.438098 0.452452 0.078808
0.433616 0.447919 0.081931
0.520118 0.376357 0.143197
0.520429 0.386203 0.137112
0.515338 0.381292 0.140267
0.353822 0.512007 0.037623
0.352884 0.521948 0.033698
0.348487 0.516556 0.035530
0.500047 0.689364 0.008959
0.500008 0.699347 0.008897
0.495090 0.694368 0.008915
0.424621 0.602154 0.014709
0.423934 0.613322 0.013205
0.419383 0.607494 0.013927
0.509029 0.521482 0.037958
0.508112 0.531518 0.033598
0.503727 0.526282 0.035883
0.664430 0.527881 0.027936
0.663696 0.537676 0.024857
0.659178 0.532546 0.026680
0.594282 0.449275 0.077563
0.593272 0.458210 0.070878
0.588987 0.453615 0.074971
0.636456 0.414659 0.097992
0.635604 0.423542 0.090977
0.631221 0.418972 0.095574
0.599464 0.376850 0.134834
0.599439 0.386753 0.127950
0.594620 0.381861 0.132424
0.551701 0.484347 0.056925
0.550663 0.493803 0.051170
0.546354 0.488860 0.054393
0.517000 0.447276 0.086376
0.516060 0.455899 0.079191
0.511678 0.451408 0.082957
0.559419 0.414156 0.113752
0.558714 0.422749 0.106264
0.554207 0.418401 0.110650
0.622602 0.566182 0.019039
0.621995 0.576389 0.016918
0.617403 0.571126 0.018131
0.586553 0.524535 0.033629
0.585736 0.534492 0.029784
0.581283 0.529315 0.031982
0.628901 0.487474 0.048096
0.627981 0.496997 0.043266
0.623600 0.491997 0.046214
0.466713 0.560791 0.023754
0.465894 0.571375 0.020945
0.461434 0.565841 0.022361
0.431527 0.517607 0.038919
0.430575 0.527660 0.034603
0.426200 0.522319 0.036684
0.474333 0.481144 0.060457
0.473311 0.490518 0.054522
0.468974 0.485563 0.057470
0.388958 0.556033 0.023973
0.388052 0.566659 0.021191
0.383640 0.560927 0.022526
0.461557 0.647564 0.010414
0.461205 0.658241 0.009868
0.456452 0.652874 0.010132
0.318351 0.470562 0.053992
0.317516 0.479900 0.049324
0.313051 0.474793 0.051377
0.480651 0.412622 0.116935
0.480203 0.420949 0.109664
0.475539 0.416667 0.113186
0.441441 0.376917 0.140295
0.441679 0.385935 0.134227
0.436691 0.381489 0.136815
0.478650 0.334529 0.161244
0.479032 0.345174 0.157774
0.473961 0.340038 0.159532
0.557845 0.333904 0.160601
0.558333 0.344718 0.156971
0.553084 0.339332 0.159162
0.517292 0.293095 0.166691
0.517331 0.302991 0.166506
0.512373 0.298032 0.166648
0.396456 0.476637 0.058338
0.395543 0.485975 0.052901
0.391130 0.480940 0.055360
0.360574 0.438170 0.079136
0.359830 0.446807 0.072999
0.355318 0.442042 0.075588
0.402140 0.408964 0.110489
0.401716 0.416932 0.103651
0.397036 0.412536 0.106499
0.540238 0.648390 0.010161
0.539951 0.658815 0.009709
0.535165 0.653580 0.009939
0.502844 0.604924 0.014155
0.502274 0.615712 0.012758
0.497656 0.610196 0.013463
0.544536 0.563739 0.022015
0.543834 0.574156 0.019443
0.539306 0.568783 0.020829
0.706703 0.491594 0.038765
0.705878 0.501086 0.035027
0.701400 0.496052 0.037353
0.671375 0.452138 0.063582
0.670425 0.461337 0.057997
0.666055 0.456497 0.061587
0.585874 0.611968 0.012337
0.443396 0.448462 0.082454
0.525270 0.381389 0.140088
0.358221 0.517357 0.035717
0.504948 0.694386 0.008914
0.429160 0.607941 0.013902
0.513405 0.526682 0.035555
0.668940 0.532994 0.026043
0.598567 0.453851 0.073378
0.640874 0.419250 0.093374
0.604335 0.381885 0.130370
0.556011 0.489238 0.053596
0.521390 0.451735 0.082499
0.563967 0.418535 0.109378
0.627183 0.571427 0.017753
0.590997 0.529688 0.031333
0.633285 0.492453 0.045061
0.471163 0.566290 0.022250
0.435897 0.522898 0.036736
0.478678 0.486034 0.057412
0.393364 0.561706 0.022560
0.466289 0.652972 0.010117
0.322819 0.475633 0.051871
0.485365 0.416941 0.113462
0.446470 0.381430 0.137732
0.483714 0.339688 0.159674
0.563074 0.339248 0.158580
0.522233 0.298028 0.166649
0.400877 0.481611 0.055797
0.365096 0.442887 0.076483
0.406857 0.413335 0.107668
0.545008 0.653652 0.009905
0.507449 0.610427 0.013365
0.549054 0.569088 0.020544
0.711181 0.496622 0.036371
0.675741 0.456961 0.059917
0.667707 0.489418 0.043216
0.672137 0.494424 0.040492
0.666840 0.498931 0.038946
0.673007 0.484946 0.044856
0.688922 0.471640 0.049895
0.693345 0.476595 0.046876
0.688040 0.481026 0.045250
0.703512 0.529805 0.025352
0.708023 0.534885 0.023673
0.702763 0.539490 0.022614
0.708787 0.525245 0.026490
0.724655 0.511716 0.030004
0.729155 0.516748 0.028117
0.723863 0.521245 0.026981
0.542008 0.605839 0.013652
0.546645 0.611259 0.012905
0.541491 0.616495 0.012364
0.547179 0.600635 0.014336
0.562725 0.585171 0.016730
0.567320 0.590536 0.015658
0.562142 0.595682 0.014887
0.500892 0.648016 0.010309
0.505643 0.653341 0.010028
0.500574 0.658544 0.009803
0.505993 0.642760 0.010585
0.521382 0.626871 0.011554
0.526064 0.632323 0.011136
0.520937 0.637610 0.010830
0.539474 0.689432 0.008951
0.544378 0.694432 0.008911
0.539439 0.699389 0.008896
0.544442 0.684410 0.009014
0.559431 0.669205 0.009325
0.564275 0.674318 0.009190
0.559280 0.679381 0.009091
0.399739 0.441427 0.082850
0.404258 0.446012 0.079948
0.398976 0.449925 0.076325
0.405007 0.437614 0.086647
0.420767 0.426361 0.098548
0.425329 0.430726 0.095339
0.420071 0.434510 0.091359
0.357413 0.473765 0.056176
0.361863 0.478788 0.053866
0.356549 0.483101 0.051125
0.362717 0.469541 0.059108
0.378610 0.457160 0.068617
0.383094 0.461974 0.066031
0.377790 0.466101 0.062811
0.392710 0.515037 0.038438
0.397090 0.520376 0.036392
0.391762 0.525051 0.034294
0.398041 0.510436 0.040736
0.414051 0.496804 0.048294
0.418423 0.501948 0.045865
0.413086 0.506511 0.043332
0.518020 0.334026 0.161402
0.523171 0.339370 0.159810
0.518452 0.344722 0.158056
0.522783 0.328724 0.162757
0.537255 0.313048 0.165610
0.542348 0.318173 0.164792
0.537514 0.323426 0.163867
0.559978 0.376787 0.140988
0.565079 0.381852 0.137229
0.560201 0.386733 0.134572
0.564749 0.371653 0.143571
0.578861 0.355472 0.150495
0.584124 0.360922 0.147092
0.579415 0.366330 0.144812
0.480556 0.376358 0.142796
0.485653 0.381220 0.139988
0.480863 0.385996 0.136785
0.485243 0.371313 0.145849
0.499173 0.355456 0.153884
0.504409 0.360753 0.151558
0.499761 0.366036 0.148933
0.441405 0.411343 0.114580
0.446117 0.415619 0.111470
0.440976 0.419443 0.107496
0.446461 0.407422 0.118436
0.461350 0.394975 0.129497
0.466232 0.399445 0.126538
0.461271 0.403654 0.122916
0.478017 0.445879 0.087076
0.482474 0.450331 0.083523
0.477161 0.454408 0.079999
0.483315 0.441860 0.090762
0.499175 0.429783 0.102165
0.503676 0.434110 0.098199
0.498381 0.438172 0.094441
0.314826 0.508707 0.036744
0.319234 0.514067 0.034949
0.313870 0.518612 0.033012
0.320175 0.504238 0.038823
0.336167 0.491012 0.045620
0.340593 0.496203 0.043575
0.335265 0.500624 0.041274
0.460620 0.689299 0.008964
0.465517 0.694328 0.008916
0.460575 0.699302 0.008898
0.465598 0.684234 0.009039
0.480631 0.668847 0.009432
0.485456 0.674040 0.009268
0.480446 0.679160 0.009139
0.385558 0.599806 0.014720
0.390064 0.605834 0.013932
0.384812 0.611260 0.013208
0.390825 0.594510 0.015608
0.406657 0.578944 0.018740
0.411120 0.584740 0.017615
0.405849 0.589938 0.016577
0.470303 0.519721 0.038879
0.474672 0.524967 0.036558
0.469358 0.529773 0.034473
0.475631 0.514993 0.041172
0.491651 0.501007 0.048576
0.495981 0.506076 0.045781
0.490645 0.510750 0.043348
0.427835 0.558742 0.024007
0.432259 0.564326 0.022548
0.426967 0.569379 0.021197
0.433134 0.553759 0.025520
0.449042 0.538973 0.030650
0.453441 0.544392 0.028786
0.448143 0.549331 0.027086
0.463714 0.603747 0.014516
0.468287 0.609372 0.013705
0.463087 0.614697 0.013045
0.468933 0.598477 0.015338
0.484621 0.582846 0.018244
0.489147 0.588373 0.017085
0.483923 0.593580 0.016132
0.625432 0.526126 0.030792
0.629916 0.531264 0.028680
0.624667 0.536015 0.027328
0.630696 0.521429 0.032267
0.646526 0.507538 0.036842
0.650978 0.512604 0.034403
0.645703 0.517219 0.032930
0.583537 0.564949 0.020611
0.588088 0.570242 0.019224
0.582887 0.575268 0.018263
0.588755 0.559976 0.021691
0.604440 0.545259 0.025283
0.608957 0.550478 0.023536
0.603731 0.555369 0.022375
0.620445 0.607376 0.012261
0.625133 0.612663 0.011639
0.620013 0.617781 0.011277
0.625581 0.602287 0.012743
0.641027 0.587183 0.014463
0.645668 0.592437 0.013555
0.640529 0.597451 0.013006
0.555823 0.448437 0.083286
0.560143 0.452919 0.079143
0.554801 0.457166 0.076197
0.561166 0.444229 0.086369
0.577164 0.431537 0.095630
0.581460 0.435911 0.090961
0.576144 0.440188 0.088013
0.513067 0.482828 0.059480
0.517375 0.487703 0.056240
0.512022 0.492243 0.053536
0.518411 0.478398 0.062333
0.534442 0.465377 0.071135
0.538765 0.470030 0.067464
0.533419 0.474382 0.064604
0.547759 0.523046 0.036183
0.552167 0.528219 0.033783
0.546887 0.533049 0.032011
0.553056 0.518282 0.038129
0.568988 0.504180 0.044253
0.573349 0.509226 0.041388
0.568044 0.513927 0.039423
0.598078 0.414217 0.106701
0.602467 0.418596 0.102013
0.597269 0.422954 0.099400
0.603206 0.409786 0.109228
0.618451 0.396289 0.116620
0.623019 0.400924 0.111967
0.617908 0.405378 0.109517
0.632686 0.450434 0.070705
0.637028 0.455179 0.066735
0.631721 0.459543 0.064557
0.637998 0.446100 0.072982
0.653995 0.433183 0.079865
0.658333 0.437877 0.075554
0.652996 0.442187 0.073325
0.590278 0.485812 0.052835
0.594609 0.490739 0.049574
0.589292 0.495314 0.047487
0.595589 0.481306 0.055027
0.611493 0.467950 0.061684
0.615827 0.472763 0.058071
0.610528 0.477215 0.055928
0.661696 0.567497 0.017401
0.666275 0.572695 0.016221
0.661112 0.577580 0.015484
0.666888 0.562665 0.018251
0.682520 0.548375 0.021072
0.687056 0.553513 0.019630
0.681843 0.558256 0.018711
0.505605 0.562401 0.023080
0.510086 0.567813 0.021568
0.504844 0.572909 0.020350
0.510857 0.557363 0.024447
0.526637 0.542447 0.029027
0.531085 0.547748 0.027089
0.525829 0.552715 0.025596
0.422231 0.647025 0.010465
0.426941 0.652562 0.010162
0.421838 0.657922 0.009897
0.427375 0.641588 0.010795
0.442901 0.625186 0.011986
0.447524 0.630888 0.011521
0.442353 0.636335 0.011137
0.500002 0.728975 0.008895
0.504931 0.733911 0.008895
0.500001 0.738841 0.008895
0.504932 0.724044 0.008895
0.519722 0.709248 0.008895
0.524650 0.714186 0.008895
0.519720 0.719118 0.008895
0.350033 0.552693 0.023714
0.354441 0.558376 0.022344
0.349096 0.563250 0.020959
0.355383 0.547900 0.025238
0.371394 0.533675 0.030303
0.375780 0.539206 0.028617
0.370452 0.543963 0.026922
0.520050 0.413417 0.116886
0.524726 0.417802 0.113018
0.519500 0.421919 0.109456
0.525190 0.409180 0.120288
0.540382 0.395966 0.129811
0.545269 0.400638 0.126035
0.540196 0.405059 0.122968
0.435431 0.479097 0.059878
0.439815 0.484018 0.057092
0.434462 0.488447 0.054133
0.440771 0.474786 0.063013
0.456769 0.462161 0.072926
0.461189 0.466825 0.069777
0.455853 0.471047 0.066495
0.579601 0.648683 0.009978
0.584385 0.653894 0.009752
0.579338 0.659023 0.009591
0.584674 0.643515 0.010173
0.599963 0.627952 0.010818
0.604690 0.633252 0.010488
0.599596 0.638428 0.010295
0.650115 0.469655 0.055711
0.649190 0.478990 0.050502
0.644807 0.474075 0.053791
0.654495 0.474550 0.052347
0.662408 0.493911 0.041597
0.685515 0.509536 0.033218
0.684724 0.519148 0.029778
0.680233 0.514078 0.031866
0.690002 0.514594 0.031068
0.698248 0.534397 0.024238
0.523648 0.584101 0.017599
0.523011 0.594722 0.015594
0.518439 0.589265 0.016641
0.528208 0.589539 0.016467
0.536844 0.611065 0.013029
0.482129 0.626150 0.011816
0.481636 0.637051 0.011018
0.476966 0.631519 0.011413
0.486782 0.631702 0.011367
0.495804 0.653252 0.010055
0.520027 0.669045 0.009386
0.519861 0.679287 0.009119
0.515010 0.674162 0.009244
0.524862 0.674200 0.009234
0.534520 0.694425 0.008912
0.381521 0.423239 0.094400
0.380854 0.431467 0.087600
0.376298 0.426890 0.090436
0.386094 0.427769 0.091523
0.394466 0.445283 0.079146
0.339509 0.453985 0.065629
0.338710 0.463017 0.060218
0.334227 0.458067 0.062542
0.343999 0.458891 0.063237
0.352105 0.478030 0.053365
0.375141 0.494082 0.047066
0.374214 0.503743 0.042400
0.369812 0.498523 0.044534
0.379545 0.499259 0.044854
0.387380 0.519663 0.036248
0.497737 0.313144 0.165634
0.497949 0.323508 0.163918
0.492914 0.318360 0.164885
0.502759 0.318266 0.164877
0.513278 0.339361 0.159840
0.538896 0.355542 0.153577
0.539523 0.366225 0.148460
0.534207 0.360870 0.151292
0.544205 0.360937 0.150919
0.555156 0.381774 0.138333
0.460035 0.356532 0.152808
0.460538 0.366752 0.147627
0.455410 0.361905 0.150021
0.465144 0.361492 0.150564
0.475822 0.381248 0.139633
0.422151 0.394041 0.125925
0.422042 0.402259 0.119430
0.417211 0.397916 0.122156
0.427020 0.398394 0.123233
0.436306 0.415178 0.110652
0.459978 0.428401 0.101368
0.459251 0.436642 0.093863
0.454728 0.432281 0.097345
0.464520 0.432717 0.097805
0.472715 0.449910 0.083448
0.297138 0.487613 0.044201
0.296239 0.497205 0.040154
0.291821 0.491936 0.042006
0.301569 0.492839 0.042303
0.309466 0.513209 0.034748
0.441234 0.668676 0.009456
0.441029 0.679077 0.009150
0.436195 0.673888 0.009289
0.446047 0.673912 0.009286
0.455659 0.694321 0.008917
0.367706 0.575827 0.018639
0.366853 0.586930 0.016488
0.362399 0.580913 0.017497
0.372146 0.581776 0.017547
0.380295 0.605171 0.013911
0.452887 0.499084 0.048940
0.451892 0.508814 0.043775
0.447537 0.503663 0.046278
0.457236 0.504188 0.046322
0.464981 0.524483 0.036678
0.410234 0.536626 0.030624
0.409307 0.546982 0.027134
0.404915 0.541447 0.028814
0.414623 0.542113 0.028845
0.422535 0.563746 0.022573
0.445625 0.581183 0.018621
0.444869 0.592045 0.016460
0.440366 0.586368 0.017526
0.450117 0.586826 0.017468
0.458502 0.609051 0.013768
0.607691 0.505752 0.040645
0.606812 0.515482 0.036250
0.602398 0.510399 0.038836
0.612095 0.510814 0.037964
0.620175 0.530857 0.029352
0.565502 0.543868 0.027353
0.564744 0.554065 0.024149
0.560252 0.548788 0.025920
0.569984 0.549119 0.025470
0.578324 0.569954 0.019574
0.601852 0.586161 0.015666
0.601316 0.596556 0.014018
0.596682 0.591234 0.014934
0.606475 0.591470 0.014675
0.615316 0.612488 0.011826
0.538330 0.430819 0.100492
0.537403 0.439328 0.092664
0.532993 0.434936 0.096916
0.542745 0.435189 0.096123
0.550479 0.452648 0.080216
0.495705 0.463942 0.072997
0.494733 0.472875 0.066433
0.490371 0.468180 0.069779
0.500071 0.468577 0.069549
0.507718 0.487310 0.056674
0.530309 0.502639 0.046994
0.529324 0.512388 0.041875
0.524976 0.507298 0.044633
0.534646 0.507694 0.044116
0.542469 0.527844 0.034295
0.579807 0.396331 0.124935
0.579450 0.405465 0.117917
0.574779 0.400936 0.122298
0.584518 0.400928 0.120539
0.592920 0.418613 0.104113
0.615435 0.431927 0.088046
0.614438 0.440816 0.080949
0.610146 0.436262 0.085416
0.619729 0.436480 0.083495
0.627382 0.454786 0.068436
0.573051 0.466669 0.067228
0.572024 0.475785 0.060975
0.567721 0.471043 0.064638
0.577349 0.471365 0.063449
0.584961 0.490353 0.050661
0.643468 0.546751 0.023129
0.642797 0.556752 0.020511
0.638244 0.551556 0.022032
0.648012 0.551930 0.021529
0.656516 0.572365 0.016597
0.487843 0.540881 0.030151
0.486983 0.551205 0.026599
0.482556 0.545812 0.028414
0.492260 0.546236 0.028218
0.500354 0.567470 0.021774
0.403701 0.623830 0.012048
0.403089 0.635347 0.011174
0.398483 0.629404 0.011580
0.408288 0.629771 0.011583
0.417105 0.652437 0.010165
0.480289 0.709207 0.008897
0.480287 0.719089 0.008896
0.475358 0.714145 0.008896
0.485217 0.714153 0.008896
0.495072 0.733907 0.008895
0.332437 0.530378 0.029807
0.331465 0.540604 0.026521
0.327067 0.535047 0.028065
0.336835 0.535894 0.028192
0.344678 0.557514 0.022254
0.500714 0.395414 0.130886
0.500625 0.404391 0.124222
0.495756 0.399887 0.127555
0.505637 0.400003 0.127599
0.514878 0.417588 0.113372
0.417720 0.459938 0.071263
0.416856 0.468817 0.065095
0.412411 0.464035 0.067887
0.422174 0.464656 0.068388
0.430088 0.483460 0.056836
0.560662 0.627452 0.011226
0.560257 0.638054 0.010591
0.555539 0.632706 0.010925
0.565366 0.632819 0.010848
0.574539 0.653837 0.009794
0.569490 0.658976 0.009623
0.569283 0.669236 0.009308
0.564454 0.664099 0.009466
0.574304 0.664138 0.009442
0.579136 0.669266 0.009290
0.578992 0.679410 0.009074
0.574130 0.674340 0.009178
0.559918 0.648546 0.010074
0.564694 0.653780 0.009833
0.559644 0.658927 0.009653
0.564998 0.643355 0.010293
0.570090 0.638148 0.010525
0.574836 0.643436 0.010235
0.569759 0.648615 0.010028
0.550426 0.637954 0.010655
0.550078 0.648470 0.010118
0.545325 0.643181 0.010400
0.555161 0.643271 0.010348
0.554851 0.653718 0.009870
0.424740 0.487872 0.053888
0.423766 0.497415 0.048511
0.419394 0.492322 0.051037
0.429112 0.492914 0.051269
0.433476 0.497997 0.048693
0.432495 0.507718 0.043617
0.428132 0.502547 0.046036
0.415953 0.477926 0.059205
0.420355 0.482872 0.056535
0.415013 0.487267 0.053601
0.421284 0.473647 0.062319
0.426611 0.469419 0.065530
0.431030 0.474232 0.062691
0.425694 0.478526 0.059565
0.407097 0.468184 0.064605
0.406207 0.477296 0.058796
0.401778 0.472384 0.061421
0.411534 0.473030 0.061896
0.410619 0.482256 0.056189
0.509672 0.421700 0.109742
0.508967 0.430045 0.101996
0.504435 0.425759 0.105997
0.514244 0.425995 0.105773
0.518757 0.430300 0.101673
0.517902 0.438760 0.093873
0.513451 0.434384 0.097934
0.500336 0.413053 0.117222
0.505036 0.417391 0.113557
0.499848 0.421480 0.109868
0.505438 0.408836 0.120751
0.510503 0.404528 0.124173
0.515309 0.408996 0.120604
0.510190 0.413231 0.117136
0.490759 0.404242 0.124119
0.490489 0.412852 0.117155
0.485724 0.408485 0.120579
0.495575 0.408672 0.120741
0.495198 0.417182 0.113586
0.339319 0.562381 0.020862
0.338399 0.573204 0.018404
0.333956 0.567313 0.019539
0.343748 0.568188 0.019645
0.348187 0.574080 0.018501
0.347313 0.585227 0.016355
0.342851 0.579179 0.017343
0.330486 0.550981 0.023505
0.334898 0.556651 0.022150
0.329524 0.561511 0.020748
0.335864 0.546202 0.025038
0.341232 0.541453 0.026636
0.345631 0.547053 0.025144
0.340268 0.551838 0.023616
0.321684 0.539751 0.026395
0.320687 0.550121 0.023380
0.316285 0.544490 0.024790
0.326082 0.545348 0.024920
0.325101 0.555788 0.022030
0.490142 0.738837 0.008895
0.490141 0.748699 0.008895
0.485212 0.743767 0.008895
0.495071 0.743770 0.008895
0.500000 0.748702 0.008895
0.500000 0.758557 0.008895
0.495071 0.753629 0.008895
0.480285 0.728964 0.008896
0.485213 0.733902 0.008895
0.480283 0.738833 0.008895
0.485215 0.724030 0.008896
0.490145 0.719096 0.008896
0.495073 0.724037 0.008895
0.490143 0.728970 0.008895
0.470428 0.719082 0.008896
0.470426 0.728958 0.008896
0.465497 0.724018 0.008896
0.475356 0.724024 0.008896
0.475354 0.733896 0.008896
0.411996 0.657821 0.009897
0.411685 0.668547 0.009460
0.406906 0.663174 0.009661
0.416752 0.663252 0.009663
0.421534 0.668597 0.009460
0.421318 0.679050 0.009151
0.416489 0.673836 0.009290
0.402572 0.646661 0.010465
0.407269 0.652295 0.010165
0.402155 0.657707 0.009895
0.407729 0.641161 0.010803
0.412903 0.635639 0.011175
0.417552 0.641388 0.010802
0.412401 0.646854 0.010467
0.393275 0.635022 0.011166
0.392743 0.646446 0.010458
0.388085 0.640627 0.010789
0.397907 0.640907 0.010799
0.397433 0.652135 0.010160
0.495106 0.572568 0.020531
0.494375 0.583192 0.018107
0.489861 0.577693 0.019354
0.499608 0.578037 0.019196
0.504130 0.583508 0.017952
0.503463 0.594185 0.015887
0.498909 0.588689 0.016951
0.486158 0.561651 0.023471
0.490623 0.567104 0.021957
0.485367 0.572199 0.020691
0.491424 0.556616 0.024893
0.496692 0.551610 0.026394
0.501141 0.557000 0.024684
0.495882 0.562039 0.023289
0.477272 0.550775 0.026770
0.476435 0.561235 0.023626
0.471992 0.555769 0.025220
0.481708 0.556206 0.025071
0.480892 0.566711 0.022116
0.651347 0.577270 0.015839
0.650810 0.587452 0.014151
0.646184 0.582210 0.015128
0.655958 0.582499 0.014794
0.660580 0.587731 0.013843
0.660096 0.597935 0.012477
0.655448 0.592694 0.013268
0.642160 0.566824 0.018214
0.646748 0.572044 0.016978
0.641570 0.576969 0.016199
0.647360 0.561953 0.019106
0.652565 0.557115 0.020046
0.657127 0.562304 0.018674
0.651933 0.567156 0.017804
0.633023 0.556398 0.020984
0.632380 0.566500 0.018629
0.627810 0.561274 0.019987
0.637586 0.561609 0.019546
0.636968 0.571732 0.017366
0.579637 0.494931 0.048506
0.578658 0.504557 0.043386
0.574311 0.499541 0.046368
0.583973 0.499920 0.045419
0.588330 0.504943 0.042483
0.587417 0.514684 0.037863
0.583027 0.509606 0.040550
0.571001 0.485079 0.055059
0.575316 0.489980 0.051725
0.569982 0.494556 0.049481
0.576330 0.480585 0.057418
0.581650 0.476121 0.059778
0.585958 0.480937 0.056236
0.580641 0.485441 0.053973
0.562385 0.475444 0.062053
0.561354 0.484715 0.056042
0.557045 0.479876 0.059481
0.566691 0.480233 0.058504
0.565666 0.489610 0.052707
0.622084 0.459156 0.066176
0.621123 0.468334 0.060224
0.616788 0.463544 0.063925
0.626421 0.463928 0.062386
0.630770 0.468748 0.058741
0.629830 0.478058 0.053254
0.625471 0.473174 0.056667
0.613449 0.449768 0.074189
0.617760 0.454435 0.070111
0.612466 0.458806 0.067770
0.618741 0.445421 0.076631
0.624037 0.441084 0.079083
0.628356 0.445735 0.074821
0.623056 0.450078 0.072461
0.604860 0.440601 0.082786
0.603859 0.449501 0.075890
0.599573 0.444938 0.080168
0.609149 0.445156 0.078414
0.608157 0.454124 0.071758
0.587721 0.422971 0.101433
0.586764 0.431607 0.093879
0.582466 0.427278 0.098609
0.592037 0.427291 0.096697
0.596313 0.431659 0.091968
0.595297 0.440435 0.084594
0.591029 0.435991 0.089169
0.578877 0.414307 0.110702
0.583337 0.418655 0.106110
0.578108 0.422959 0.103278
0.584028 0.409908 0.113415
0.589131 0.405422 0.116017
0.593643 0.409837 0.111383
0.588517 0.414280 0.108807
0.569707 0.405435 0.119564
0.569174 0.414258 0.112351
0.564586 0.409838 0.116720
0.574335 0.409906 0.115192
0.573679 0.418626 0.107865
0.537186 0.532677 0.032469
0.536346 0.542813 0.028658
0.531908 0.537544 0.030712
0.541613 0.537914 0.030301
0.546060 0.543173 0.028257
0.545277 0.553407 0.024926
0.540802 0.548102 0.026729
0.528384 0.522276 0.037171
0.532776 0.527464 0.034761
0.527489 0.532297 0.032887
0.533688 0.517511 0.039230
0.538999 0.512781 0.041353
0.543370 0.517899 0.038707
0.538069 0.522665 0.036702
0.519652 0.511991 0.042337
0.518704 0.521882 0.037590
0.514337 0.516719 0.040110
0.524010 0.517118 0.039698
0.523087 0.527076 0.035181
0.502361 0.491842 0.053915
0.501322 0.501433 0.048293
0.497004 0.496410 0.051209
0.506669 0.496821 0.050881
0.510984 0.501840 0.047933
0.509985 0.511588 0.042738
0.505648 0.506492 0.045467
0.493727 0.482031 0.060167
0.498051 0.486907 0.057014
0.492689 0.491424 0.054205
0.499077 0.477627 0.063129
0.504418 0.473268 0.066143
0.508749 0.478017 0.062784
0.503403 0.482438 0.059874
0.485032 0.472456 0.066614
0.484037 0.481600 0.060362
0.479686 0.476776 0.063506
0.489388 0.477214 0.063370
0.488370 0.486482 0.057260
0.545133 0.456870 0.077165
0.544111 0.465715 0.070353
0.539787 0.461110 0.074136
0.549457 0.461429 0.073265
0.553771 0.466042 0.069442
0.552737 0.475096 0.063017
0.548426 0.470376 0.066644
0.536440 0.447892 0.085160
0.540795 0.452360 0.081133
0.535451 0.456559 0.077986
0.541784 0.443737 0.088458
0.547129 0.439582 0.091784
0.551487 0.443994 0.087502
0.546141 0.448174 0.084306
0.527658 0.439052 0.093360
0.526724 0.447592 0.085849
0.522327 0.443162 0.089845
0.532062 0.443459 0.089239
0.531098 0.452055 0.081893
0.610192 0.617623 0.011439
0.609792 0.628077 0.010700
0.605075 0.622778 0.011103
0.614899 0.622919 0.010963
0.619622 0.628202 0.010576
0.619271 0.638615 0.010118
0.614523 0.633361 0.010384
0.600823 0.606995 0.012660
0.605500 0.612314 0.012005
0.600373 0.617465 0.011594
0.605966 0.601874 0.013195
0.611116 0.596777 0.013778
0.615772 0.602080 0.012974
0.610633 0.607185 0.012465
0.591519 0.596336 0.014249
0.591015 0.606806 0.012847
0.586362 0.601465 0.013612
0.596163 0.601669 0.013408
0.595686 0.612140 0.012175
0.573119 0.574995 0.018580
0.572503 0.585417 0.016479
0.567918 0.580068 0.017632
0.577692 0.580327 0.017348
0.582283 0.585663 0.016217
0.581725 0.596117 0.014471
0.577104 0.590767 0.015426
0.564028 0.564353 0.021352
0.568564 0.569670 0.019915
0.563353 0.574723 0.018885
0.569254 0.559353 0.022508
0.574485 0.554385 0.023719
0.579003 0.559662 0.022103
0.573781 0.564650 0.020987
0.555008 0.553740 0.024551
0.554280 0.564051 0.021694
0.549769 0.558725 0.023251
0.559510 0.559043 0.022892
0.558807 0.569384 0.020239
0.614924 0.535623 0.027950
0.614188 0.545622 0.024751
0.609679 0.540423 0.026592
0.619424 0.540801 0.026017
0.623942 0.545992 0.024214
0.623254 0.556050 0.021453
0.618713 0.550832 0.023039
0.605978 0.525311 0.032223
0.610442 0.530459 0.030017
0.605188 0.535238 0.028567
0.611247 0.520588 0.033809
0.616521 0.515898 0.035431
0.620967 0.521003 0.033041
0.615701 0.525714 0.031511
0.597111 0.515078 0.037060
0.596263 0.524918 0.032929
0.591830 0.519789 0.035323
0.601535 0.520184 0.034570
0.600716 0.530069 0.030678
0.453296 0.614390 0.013097
0.452705 0.625453 0.011953
0.448095 0.619768 0.012503
0.457893 0.620056 0.012460
0.462511 0.625702 0.011913
0.461993 0.636715 0.011087
0.457336 0.631112 0.011490
0.444163 0.603009 0.014633
0.448719 0.608707 0.013822
0.443506 0.614061 0.013141
0.449393 0.597721 0.015478
0.454629 0.592470 0.016399
0.459162 0.598112 0.015414
0.453937 0.603391 0.014580
0.435112 0.591592 0.016509
0.434391 0.602602 0.014677
0.429864 0.596854 0.015570
0.439627 0.597303 0.015530
0.438938 0.608338 0.013867
0.417237 0.568778 0.021217
0.416397 0.579584 0.018731
0.411944 0.573842 0.019940
0.421679 0.574464 0.019925
0.426139 0.580168 0.018709
0.425356 0.591097 0.016545
0.420868 0.585338 0.017599
0.408397 0.557482 0.024020
0.412811 0.563116 0.022583
0.407509 0.568124 0.021223
0.413707 0.552547 0.025539
0.419018 0.547631 0.027148
0.423421 0.553176 0.025537
0.418116 0.558136 0.024021
0.399596 0.546290 0.027105
0.398678 0.556781 0.024004
0.394277 0.551153 0.025495
0.403993 0.551873 0.025525
0.403088 0.562436 0.022579
0.459664 0.529279 0.034572
0.458743 0.539486 0.030585
0.454351 0.534109 0.032562
0.464048 0.534613 0.032481
0.468444 0.539975 0.030480
0.467562 0.550319 0.026909
0.463146 0.544890 0.028699
0.450919 0.518708 0.039001
0.455288 0.523977 0.036747
0.449968 0.528763 0.034623
0.456250 0.514001 0.041336
0.461587 0.509330 0.043768
0.465942 0.514508 0.041285
0.460612 0.519225 0.038968
0.442194 0.508277 0.043716
0.441223 0.518169 0.038977
0.436858 0.512926 0.041263
0.446555 0.513474 0.041325
0.445593 0.523449 0.036764
0.375036 0.610613 0.013182
0.374318 0.622362 0.012003
0.369781 0.616144 0.012535
0.379563 0.616765 0.012564
0.384110 0.622897 0.012027
0.383463 0.634663 0.011152
0.378876 0.628551 0.011550
0.366038 0.598295 0.014655
0.370528 0.604451 0.013880
0.365262 0.609915 0.013147
0.371318 0.592992 0.015552
0.376600 0.587767 0.016529
0.381070 0.593781 0.015586
0.375797 0.599078 0.014693
0.357092 0.586080 0.016431
0.356265 0.597498 0.014601
0.351784 0.591337 0.015441
0.361559 0.592167 0.015506
0.360757 0.603694 0.013836
0.450716 0.699297 0.008898
0.450713 0.709187 0.008897
0.445785 0.704241 0.008898
0.455644 0.704245 0.008898
0.460572 0.709192 0.008897
0.460569 0.719075 0.008897
0.455641 0.714132 0.008897
0.440904 0.689286 0.008965
0.445800 0.694317 0.008917
0.440857 0.699295 0.008898
0.445885 0.684210 0.009042
0.450884 0.679092 0.009148
0.455742 0.684220 0.009041
0.450762 0.689291 0.008964
0.431174 0.679064 0.009151
0.431046 0.689285 0.008965
0.426171 0.684198 0.009043
0.436028 0.684202 0.009042
0.435941 0.694316 0.008917
0.304095 0.517743 0.032832
0.303101 0.527803 0.029362
0.298712 0.522316 0.030989
0.308492 0.523191 0.031151
0.312890 0.528673 0.029516
0.311888 0.538891 0.026259
0.307493 0.533330 0.027784
0.295300 0.506953 0.036306
0.299698 0.512331 0.034551
0.294324 0.516864 0.032658
0.300651 0.502506 0.038324
0.305994 0.498095 0.040425
0.310412 0.503384 0.038571
0.305060 0.507840 0.036520
0.286495 0.496292 0.039899
0.285548 0.506052 0.036105
0.281157 0.500689 0.037871
0.290899 0.501607 0.038090
0.289937 0.511443 0.034365
0.467405 0.453962 0.079880
0.466519 0.462648 0.073124
0.462090 0.458044 0.076372
0.471843 0.458511 0.076532
0.476260 0.463108 0.073201
0.475317 0.472012 0.066685
0.470928 0.467303 0.069893
0.458469 0.444994 0.086612
0.462947 0.449458 0.083241
0.457641 0.453487 0.079633
0.463757 0.441031 0.090384
0.469039 0.437076 0.094220
0.473539 0.441462 0.090643
0.468246 0.445453 0.086911
0.449462 0.436172 0.093370
0.448689 0.444503 0.086181
0.444187 0.440069 0.089475
0.453974 0.440566 0.089987
0.453174 0.448974 0.082902
0.431165 0.418944 0.106663
0.430575 0.426962 0.099384
0.425983 0.422661 0.102618
0.435793 0.423215 0.103456
0.440381 0.427489 0.100139
0.439668 0.435669 0.092779
0.435133 0.431298 0.096091
0.421777 0.410349 0.112708
0.426492 0.414656 0.109744
0.421351 0.418360 0.105745
0.426837 0.406587 0.116610
0.431854 0.402732 0.120451
0.436649 0.407049 0.117570
0.431592 0.410894 0.113688
0.412228 0.401678 0.118324
0.411959 0.409706 0.111642
0.407204 0.405353 0.114433
0.417021 0.406022 0.115565
0.416676 0.414042 0.108750
0.471043 0.385980 0.136361
0.471151 0.395105 0.130058
0.466219 0.390554 0.132982
0.476028 0.390624 0.133474
0.480980 0.395218 0.130478
0.480909 0.404072 0.123866
0.476050 0.399612 0.127023
0.460984 0.376571 0.141847
0.466028 0.381291 0.139151
0.461255 0.385964 0.135803
0.465658 0.371615 0.145053
0.470280 0.366476 0.148124
0.475429 0.371442 0.145508
0.470752 0.376451 0.142385
0.450785 0.367125 0.146958
0.451212 0.376735 0.141143
0.446138 0.372131 0.143682
0.455903 0.371843 0.144450
0.456254 0.381351 0.138521
0.550281 0.386627 0.135592
0.550295 0.396116 0.128986
0.545356 0.391355 0.132755
0.555272 0.391484 0.131829
0.560176 0.396234 0.127895
0.559911 0.405350 0.120958
0.555147 0.400779 0.125050
0.540049 0.376589 0.142573
0.545205 0.381661 0.139176
0.540335 0.386492 0.136346
0.544810 0.371519 0.145295
0.549517 0.366302 0.147908
0.554789 0.371603 0.144558
0.550023 0.376701 0.141910
0.529534 0.366133 0.148769
0.530067 0.376461 0.142975
0.524848 0.371308 0.146035
0.534820 0.371412 0.145775
0.535236 0.381526 0.139754
0.508555 0.344717 0.158068
0.509071 0.355429 0.153932
0.503853 0.350084 0.156085
0.513752 0.350079 0.156097
0.518981 0.355445 0.153904
0.519590 0.366062 0.148930
0.514321 0.360761 0.151563
0.498259 0.334070 0.161381
0.503390 0.339371 0.159828
0.498668 0.344755 0.158030
0.503025 0.328735 0.162762
0.507814 0.323466 0.163925
0.512902 0.328723 0.162771
0.508135 0.334027 0.161405
0.488126 0.323670 0.163912
0.488426 0.334233 0.161326
0.483371 0.329065 0.162702
0.493171 0.328833 0.162738
0.493524 0.339466 0.159773
0.382051 0.524312 0.034163
0.381107 0.534468 0.030409
0.376723 0.528983 0.032182
0.386435 0.529749 0.032301
0.390818 0.535226 0.030499
0.389883 0.545556 0.027060
0.385493 0.539993 0.028699
0.373278 0.513563 0.038048
0.377666 0.518916 0.036080
0.372336 0.523541 0.034013
0.378608 0.509008 0.040306
0.383939 0.504478 0.042676
0.388327 0.509737 0.040535
0.382996 0.514315 0.038254
0.364484 0.502990 0.042120
0.363553 0.512792 0.037836
0.359154 0.507485 0.039817
0.368884 0.508255 0.040062
0.367947 0.518144 0.035900
0.346796 0.482331 0.050672
0.345916 0.491810 0.045980
0.341483 0.486659 0.048091
0.351234 0.487442 0.048497
0.355661 0.492587 0.046342
0.354749 0.502220 0.041838
0.350337 0.496995 0.043894
0.337886 0.472205 0.055080
0.342346 0.477252 0.052865
0.337039 0.481541 0.050221
0.343185 0.467992 0.057912
0.348480 0.463821 0.060863
0.352951 0.468777 0.058509
0.347650 0.472995 0.055627
0.328940 0.462193 0.059574
0.328120 0.471393 0.054535
0.323647 0.466360 0.056724
0.333417 0.467186 0.057317
0.332585 0.476453 0.052367
0.389185 0.449187 0.075535
0.388393 0.457904 0.069364
0.383900 0.453145 0.072020
0.393687 0.453888 0.072796
0.398173 0.458617 0.070060
0.397333 0.467518 0.064061
0.392871 0.462693 0.066709
0.380143 0.439854 0.081020
0.384669 0.444510 0.078271
0.379394 0.448414 0.074690
0.385401 0.436057 0.084775
0.390657 0.432311 0.088641
0.395206 0.436862 0.085749
0.389940 0.440662 0.081963
0.371065 0.430595 0.086563
0.370355 0.439024 0.080079
0.365823 0.434355 0.082795
0.375608 0.435217 0.083785
0.374879 0.443709 0.077376
0.529581 0.699383 0.008896
0.529580 0.709254 0.008895
0.524651 0.704316 0.008895
0.534509 0.704322 0.008895
0.539438 0.709257 0.008895
0.539437 0.719123 0.008894
0.534509 0.714190 0.008895
0.519760 0.689404 0.008955
0.524662 0.694415 0.008912
0.519723 0.699374 0.008896
0.524730 0.684373 0.009022
0.529715 0.679315 0.009112
0.534586 0.684393 0.009018
0.529617 0.689420 0.008953
0.510007 0.679256 0.009125
0.509903 0.689385 0.008957
0.505019 0.684325 0.009029
0.514874 0.684351 0.009026
0.514805 0.694402 0.008913
0.490731 0.658469 0.009823
0.490480 0.668895 0.009422
0.485673 0.663667 0.009615
0.495519 0.663729 0.009601
0.500328 0.668946 0.009411
0.500153 0.679223 0.009130
0.495307 0.674080 0.009261
0.481223 0.647799 0.010368
0.485965 0.653160 0.010078
0.480889 0.658393 0.009840
0.486334 0.642512 0.010661
0.491460 0.637204 0.010977
0.496163 0.642640 0.010625
0.491057 0.647909 0.010340
0.471814 0.636888 0.011055
0.471389 0.647684 0.010392
0.466677 0.642235 0.010721
0.476505 0.642377 0.010693
0.476127 0.653067 0.010099
0.531684 0.616313 0.012471
0.531200 0.627028 0.011478
0.526530 0.621582 0.011978
0.536343 0.621752 0.011888
0.541019 0.627177 0.011398
0.540595 0.637846 0.010716
0.535887 0.632458 0.011069
0.522421 0.605400 0.013919
0.527043 0.610861 0.013147
0.521879 0.616121 0.012572
0.527603 0.600175 0.014644
0.532789 0.594975 0.015433
0.537389 0.600410 0.014494
0.532213 0.605624 0.013789
0.513235 0.594458 0.015746
0.512631 0.605167 0.014041
0.508037 0.599678 0.014917
0.517818 0.599931 0.014785
0.517245 0.610648 0.013259
0.692994 0.539022 0.023151
0.692280 0.548804 0.020589
0.687752 0.543681 0.022094
0.697516 0.544130 0.021585
0.702038 0.549242 0.020119
0.701334 0.559064 0.017868
0.696808 0.553931 0.019183
0.683961 0.528822 0.026606
0.688475 0.533919 0.024823
0.683226 0.538563 0.023704
0.689225 0.524225 0.027814
0.694499 0.519659 0.029044
0.699002 0.524730 0.027141
0.693733 0.529308 0.025970
0.674957 0.518648 0.030533
0.674192 0.528346 0.027262
0.669689 0.523249 0.029222
0.679454 0.523731 0.028508
0.678705 0.533451 0.025425
0.657110 0.498428 0.039997
0.656259 0.508019 0.035899
0.651815 0.502970 0.038410
0.661547 0.503462 0.037415
0.666001 0.508512 0.034981
0.665198 0.518160 0.031311
0.660721 0.513083 0.033534
0.648283 0.488419 0.045623
0.652690 0.493412 0.042730
0.647391 0.497937 0.041074
0.653584 0.483937 0.047374
0.658886 0.479477 0.049143
0.663289 0.484434 0.046100
0.657989 0.488912 0.044405
0.639504 0.478516 0.051885
0.638586 0.487939 0.046865
0.634202 0.482981 0.049986
0.643888 0.483453 0.048677
0.642982 0.492926 0.043892
0.599286 0.648818 0.009868
0.604078 0.654006 0.009661
0.599036 0.659115 0.009520
0.604354 0.643674 0.010036
0.609433 0.638521 0.010209
0.614196 0.643754 0.009962
0.609131 0.648885 0.009809
0.589187 0.659070 0.009556
0.594231 0.653950 0.009708
0.594007 0.664212 0.009389
0.589444 0.648751 0.009925
0.589760 0.638335 0.010377
0.594857 0.633143 0.010587
0.594514 0.643595 0.010107
0.583984 0.674360 0.009165
0.584155 0.664175 0.009416
0.588989 0.669294 0.009270
0.454895 0.480164 0.060346
0.459261 0.485069 0.057433
0.453898 0.489525 0.054486
0.460245 0.475828 0.063462
0.465590 0.471542 0.066646
0.469971 0.476314 0.063537
0.464619 0.480666 0.060451
0.444181 0.488996 0.054336
0.449540 0.484554 0.057302
0.448537 0.494020 0.051616
0.445165 0.479641 0.060143
0.446108 0.470528 0.066237
0.451441 0.466321 0.069546
0.450511 0.475318 0.063281
0.437835 0.503118 0.046173
0.438825 0.493479 0.051462
0.443183 0.498551 0.048840
0.539784 0.413837 0.115808
0.544408 0.418230 0.111680
0.539156 0.422386 0.108317
0.544950 0.409571 0.119014
0.550072 0.405221 0.122093
0.554789 0.409723 0.117995
0.549620 0.414014 0.114905
0.529334 0.422160 0.108995
0.534578 0.418029 0.112469
0.533865 0.426491 0.104811
0.529922 0.413630 0.116462
0.530296 0.404869 0.123580
0.535361 0.400468 0.126755
0.535080 0.409387 0.119778
0.523224 0.434661 0.097513
0.524055 0.426240 0.105386
0.528550 0.430568 0.101182
0.369517 0.554398 0.023868
0.373917 0.560098 0.022478
0.368596 0.564990 0.021103
0.374843 0.549581 0.025391
0.380168 0.544779 0.026998
0.384560 0.550390 0.025451
0.379238 0.555237 0.023928
0.358855 0.564120 0.021039
0.364187 0.559238 0.022418
0.363276 0.569937 0.019804
0.359783 0.553546 0.023798
0.360725 0.543132 0.026837
0.366062 0.538390 0.028523
0.365120 0.548743 0.025320
0.352635 0.580046 0.017430
0.353521 0.569063 0.019733
0.357955 0.574953 0.018579
0.519719 0.728984 0.008894
0.524648 0.733916 0.008894
0.519719 0.738846 0.008894
0.524649 0.724053 0.008894
0.529579 0.719122 0.008894
0.534508 0.724055 0.008894
0.529578 0.728986 0.008894
0.509860 0.738844 0.008894
0.514790 0.733914 0.008894
0.514789 0.743775 0.008894
0.509861 0.728980 0.008894
0.509862 0.719112 0.008895
0.514792 0.714181 0.008895
0.514791 0.724050 0.008894
0.504930 0.753630 0.008895
0.504930 0.743773 0.008895
0.509859 0.748703 0.008895
0.441893 0.647311 0.010446
0.446615 0.652774 0.010145
0.441521 0.658088 0.009887
0.447025 0.641929 0.010766
0.452172 0.636530 0.011114
0.456851 0.642087 0.010746
0.451725 0.647440 0.010432
0.431679 0.658010 0.009893
0.436778 0.652671 0.010155
0.436444 0.663377 0.009658
0.432062 0.647176 0.010458
0.432536 0.636129 0.011156
0.437713 0.630649 0.011547
0.437200 0.641765 0.010783
0.426342 0.673864 0.009290
0.426598 0.663320 0.009662
0.431384 0.668638 0.009459
0.525061 0.563088 0.022591
0.529561 0.568469 0.021095
0.524332 0.573552 0.019931
0.530304 0.558061 0.023898
0.535550 0.553065 0.025275
0.540034 0.558397 0.023586
0.534796 0.563418 0.022314
0.514586 0.573235 0.020149
0.519822 0.568146 0.021341
0.519107 0.578665 0.018826
0.515331 0.562749 0.022846
0.516112 0.552356 0.025891
0.521373 0.547384 0.027418
0.520578 0.557716 0.024185
0.508672 0.588983 0.016802
0.509355 0.578357 0.019019
0.513887 0.583809 0.017782
0.681195 0.568205 0.016617
0.685759 0.573384 0.015488
0.680604 0.578230 0.014789
0.686386 0.563414 0.017429
0.691591 0.558655 0.018285
0.696124 0.563802 0.017031
0.690930 0.568574 0.016236
0.670864 0.577899 0.015134
0.676022 0.573034 0.015852
0.675464 0.583109 0.014139
0.671450 0.567846 0.017006
0.672089 0.557867 0.019146
0.677300 0.553104 0.020088
0.676641 0.563034 0.017836
0.665213 0.592963 0.012983
0.665718 0.582799 0.014465
0.670335 0.588020 0.013537
0.609571 0.486606 0.050502
0.613926 0.491561 0.047351
0.608618 0.496123 0.045406
0.614873 0.482101 0.052547
0.620172 0.477624 0.054602
0.624531 0.482530 0.051276
0.619230 0.487030 0.049308
0.598951 0.495711 0.046454
0.604264 0.491142 0.048471
0.603310 0.500717 0.043474
0.599921 0.486200 0.051678
0.600895 0.476829 0.057233
0.606195 0.472378 0.059453
0.605226 0.481693 0.053797
0.592709 0.509996 0.039698
0.593638 0.500312 0.044453
0.598007 0.505341 0.041570
0.652017 0.451260 0.067120
0.656374 0.456047 0.063284
0.651056 0.460413 0.061250
0.657344 0.446924 0.069251
0.662674 0.442597 0.071401
0.667021 0.447350 0.067410
0.661695 0.451693 0.065338
0.641381 0.459967 0.062911
0.646695 0.455607 0.065009
0.645743 0.464794 0.059234
0.642342 0.450834 0.068921
0.643319 0.441783 0.075267
0.648651 0.437478 0.077561
0.647665 0.446505 0.071116
0.635131 0.473612 0.055240
0.636073 0.464347 0.060822
0.640435 0.469192 0.057233
0.617212 0.414285 0.102393
0.621607 0.418772 0.097745
0.616382 0.423106 0.095240
0.622381 0.409907 0.104858
0.627536 0.405515 0.107302
0.632012 0.410086 0.102639
0.626816 0.414433 0.100205
0.606817 0.422996 0.097333
0.612026 0.418648 0.099891
0.611137 0.427435 0.092672
0.607636 0.414214 0.104558
0.608308 0.405320 0.111711
0.613388 0.400821 0.114170
0.612782 0.409808 0.107053
0.600582 0.436100 0.087307
0.601581 0.427332 0.094698
0.605866 0.431763 0.090022
0.567150 0.523792 0.034994
0.571573 0.528950 0.032623
0.566303 0.533775 0.030969
0.572437 0.519030 0.036806
0.577729 0.514301 0.038656
0.582131 0.519405 0.036070
0.576850 0.524160 0.034323
0.556593 0.533415 0.031510
0.561868 0.528587 0.033226
0.561038 0.538633 0.029366
0.557453 0.523422 0.035613
0.558360 0.513550 0.040127
0.563671 0.508850 0.042170
0.562745 0.518658 0.037495
0.550524 0.548449 0.026340
0.551323 0.538277 0.029852
0.555779 0.543524 0.027821
0.532385 0.483596 0.058398
0.536694 0.488479 0.055100
0.531340 0.493032 0.052521
0.537733 0.479147 0.061117
0.543081 0.474742 0.063867
0.547392 0.479514 0.060352
0.542044 0.483974 0.057711
0.521680 0.492639 0.053071
0.527034 0.488093 0.055715
0.525988 0.497620 0.049982
0.522726 0.483214 0.058988
0.523755 0.474015 0.065229
0.529098 0.469677 0.068164
0.528073 0.478775 0.061777
0.515311 0.506898 0.045083
0.516328 0.497223 0.050470
0.520645 0.502242 0.047499
0.575114 0.448900 0.080741
0.579403 0.453405 0.076517
0.574082 0.457715 0.073815
0.580433 0.444618 0.083562
0.585740 0.440316 0.086370
0.590008 0.444764 0.081894
0.584712 0.449088 0.079208
0.564452 0.457448 0.075081
0.569786 0.453173 0.077911
0.568752 0.462030 0.071107
0.565483 0.448680 0.082098
0.566505 0.440015 0.089460
0.571839 0.435784 0.092554
0.570817 0.444439 0.085057
0.558079 0.470714 0.065702
0.559113 0.461736 0.072256
0.563418 0.466361 0.068400
0.640074 0.607762 0.011828
0.644765 0.613020 0.011244
0.639660 0.618100 0.010929
0.645196 0.602711 0.012261
0.650320 0.597688 0.012741
0.654984 0.602936 0.012018
0.649874 0.607965 0.011607
0.629836 0.617940 0.011106
0.634953 0.612838 0.011444
0.634554 0.623203 0.010662
0.630260 0.607567 0.012049
0.630723 0.597224 0.013272
0.635873 0.592188 0.013845
0.635392 0.602496 0.012504
0.624358 0.633471 0.010274
0.624726 0.623061 0.010816
0.629453 0.628328 0.010445
0.603060 0.565557 0.019838
0.607627 0.570828 0.018503
0.602434 0.575823 0.017606
0.608272 0.560616 0.020851
0.613490 0.555706 0.021917
0.618038 0.560942 0.020422
0.612829 0.565867 0.019442
0.592658 0.575544 0.017939
0.597856 0.570533 0.018867
0.597246 0.580851 0.016754
0.593297 0.565251 0.020228
0.593978 0.555036 0.022828
0.599206 0.550130 0.024027
0.598511 0.560294 0.021274
0.586892 0.591000 0.015184
0.587468 0.580588 0.017055
0.592066 0.585911 0.015946
0.644919 0.526982 0.029340
0.649420 0.532109 0.027333
0.644175 0.536826 0.026073
0.650180 0.522317 0.030710
0.655447 0.517684 0.032110
0.659931 0.522777 0.029956
0.654672 0.527426 0.028629
0.634418 0.536416 0.026702
0.639666 0.531681 0.028004
0.638936 0.541578 0.024852
0.635172 0.526548 0.030068
0.635966 0.516766 0.033769
0.641243 0.512136 0.035295
0.640434 0.521867 0.031485
0.628475 0.551191 0.022538
0.629177 0.541186 0.025437
0.633702 0.546367 0.023673
0.483275 0.604385 0.014356
0.487864 0.609944 0.013553
0.482677 0.615246 0.012917
0.488481 0.599127 0.015151
0.493692 0.593896 0.016016
0.498258 0.599413 0.015040
0.493058 0.604667 0.014261
0.472881 0.614983 0.012985
0.478075 0.609670 0.013634
0.477495 0.620576 0.012355
0.473493 0.604079 0.014441
0.474157 0.593237 0.016235
0.479386 0.588028 0.017204
0.478705 0.598815 0.015250
0.467150 0.631322 0.011454
0.467693 0.620325 0.012411
0.472319 0.625934 0.011867
0.447271 0.559824 0.023930
0.451708 0.565364 0.022446
0.446427 0.570439 0.021112
0.452561 0.554816 0.025428
0.457852 0.549838 0.027014
0.462276 0.555306 0.025339
0.456991 0.560321 0.023856
0.436696 0.569928 0.021163
0.441982 0.564859 0.022508
0.441151 0.575549 0.019853
0.437553 0.559301 0.023978
0.438434 0.548800 0.027126
0.443737 0.543870 0.028837
0.442847 0.554301 0.025487
0.430616 0.585880 0.017569
0.431415 0.575032 0.019896
0.435881 0.580696 0.018672
0.489675 0.520646 0.038531
0.494046 0.525867 0.036160
0.488741 0.530691 0.034130
0.494995 0.515896 0.040763
0.500319 0.511178 0.043076
0.504668 0.516314 0.040467
0.499354 0.521074 0.038273
0.479051 0.530244 0.034325
0.484361 0.525428 0.036385
0.483441 0.535550 0.032188
0.479991 0.520195 0.038734
0.480965 0.510298 0.043554
0.486305 0.505637 0.046023
0.485315 0.515456 0.040998
0.472851 0.545363 0.028575
0.473745 0.535093 0.032356
0.478144 0.540441 0.030335
0.405085 0.601092 0.014738
0.409608 0.606995 0.013940
0.404369 0.612394 0.013227
0.410341 0.595796 0.015614
0.415601 0.590546 0.016568
0.420102 0.596353 0.015599
0.414852 0.601650 0.014730
0.394589 0.611853 0.013223
0.399835 0.606442 0.013941
0.399135 0.617854 0.012595
0.395321 0.600478 0.014735
0.396097 0.589272 0.016574
0.401374 0.584085 0.017618
0.400582 0.595182 0.015617
0.388678 0.628998 0.011569
0.389348 0.617334 0.012584
0.393904 0.623386 0.012042
0.480334 0.689324 0.008962
0.485233 0.694352 0.008915
0.480292 0.699320 0.008898
0.485309 0.684273 0.009035
0.490300 0.679189 0.009135
0.495164 0.684298 0.009032
0.490191 0.689342 0.008961
0.470434 0.699310 0.008898
0.475375 0.694339 0.008916
0.475361 0.704260 0.008897
0.470477 0.689309 0.008963
0.470592 0.679134 0.009143
0.475604 0.674003 0.009274
0.475454 0.684252 0.009038
0.465500 0.714138 0.008897
0.465503 0.704251 0.008897
0.470431 0.709199 0.008897
0.334340 0.510388 0.037188
0.338744 0.515740 0.035340
0.333396 0.520306 0.033364
0.339678 0.505895 0.039323
0.345010 0.501431 0.041557
0.349419 0.506699 0.039571
0.344085 0.511205 0.037407
0.323638 0.519465 0.033191
0.328994 0.514911 0.035146
0.328039 0.524902 0.031475
0.324587 0.509555 0.036967
0.325513 0.499800 0.040991
0.330843 0.495392 0.043255
0.329930 0.505075 0.039074
0.317287 0.534193 0.027929
0.318271 0.524052 0.031316
0.322670 0.529530 0.029665
0.497533 0.446633 0.086998
0.501957 0.451077 0.083277
0.496639 0.455207 0.079852
0.502840 0.442553 0.090586
0.508144 0.438471 0.094230
0.512586 0.442858 0.090288
0.507271 0.446962 0.086756
0.486907 0.454823 0.079989
0.492222 0.450720 0.083466
0.491317 0.459358 0.076479
0.487781 0.446272 0.087105
0.488607 0.437842 0.094509
0.493895 0.433814 0.098318
0.493083 0.442223 0.090744
0.480656 0.467755 0.069894
0.481587 0.458949 0.076567
0.485990 0.463539 0.073159
0.461016 0.412062 0.116043
0.465724 0.416357 0.112760
0.460583 0.420277 0.108858
0.466068 0.408023 0.119804
0.471079 0.403877 0.123464
0.475887 0.408269 0.120266
0.470826 0.412359 0.116564
0.450784 0.419882 0.108233
0.455922 0.416009 0.112183
0.455401 0.424136 0.104861
0.451215 0.411726 0.115371
0.451471 0.403398 0.122213
0.456435 0.399253 0.125904
0.456266 0.407742 0.119190
0.444933 0.431808 0.096764
0.445600 0.423698 0.104207
0.450183 0.427964 0.100806
0.500282 0.376276 0.143248
0.505420 0.381237 0.140307
0.500601 0.386058 0.137226
0.504999 0.371213 0.146177
0.509669 0.366028 0.148983
0.514917 0.371241 0.146165
0.510194 0.376298 0.143285
0.490716 0.386021 0.137074
0.495521 0.381215 0.140214
0.495738 0.390753 0.134042
0.490400 0.376298 0.143085
0.489886 0.366114 0.148772
0.494520 0.360812 0.151458
0.495101 0.371235 0.146072
0.485892 0.399758 0.127362
0.485869 0.390688 0.133828
0.490835 0.395319 0.130754
0.579806 0.376835 0.138401
0.584822 0.381882 0.134276
0.579930 0.386813 0.131763
0.584604 0.371653 0.140889
0.589351 0.366340 0.143319
0.594480 0.371671 0.139186
0.589673 0.376831 0.136747
0.570085 0.386796 0.133293
0.574968 0.381883 0.135875
0.574995 0.391622 0.129191
0.569907 0.376830 0.139815
0.569465 0.366355 0.146073
0.574157 0.360944 0.148383
0.574686 0.371657 0.142347
0.564987 0.400882 0.123803
0.565155 0.391577 0.130638
0.570014 0.396309 0.126542
0.537877 0.334021 0.161279
0.543091 0.339372 0.159549
0.538340 0.344761 0.157845
0.542670 0.328678 0.162598
0.547479 0.323359 0.163694
0.552645 0.328605 0.162301
0.547861 0.333982 0.161034
0.528367 0.344744 0.157989
0.533106 0.339380 0.159737
0.533611 0.350138 0.155922
0.527919 0.334032 0.161365
0.527574 0.323458 0.163910
0.532399 0.318231 0.164862
0.532701 0.328715 0.162719
0.524242 0.360803 0.151476
0.523660 0.350103 0.156044
0.528912 0.355490 0.153796
0.412126 0.516386 0.038729
0.416500 0.521705 0.036610
0.411175 0.526425 0.034491
0.417458 0.511743 0.041054
0.422792 0.507130 0.043489
0.427160 0.512350 0.041172
0.421829 0.517013 0.038836
0.401470 0.525756 0.034403
0.406797 0.521058 0.036512
0.405850 0.531173 0.032478
0.402420 0.515728 0.038596
0.403375 0.505863 0.043144
0.408711 0.501318 0.045663
0.407751 0.511105 0.040909
0.395205 0.540740 0.028765
0.396144 0.530479 0.032399
0.400527 0.535945 0.030570
0.376937 0.475241 0.057281
0.381377 0.480242 0.054875
0.376052 0.484578 0.052035
0.382252 0.471006 0.060313
0.387564 0.466823 0.063459
0.392018 0.471709 0.060894
0.386699 0.475951 0.057831
0.366301 0.483849 0.051579
0.371620 0.479524 0.054370
0.370727 0.488947 0.049310
0.367174 0.474513 0.056727
0.368018 0.465362 0.062160
0.373316 0.461234 0.065330
0.372484 0.470282 0.059709
0.360077 0.497769 0.044214
0.360982 0.488204 0.048903
0.365402 0.493344 0.046704
0.419327 0.442808 0.084400
0.423833 0.447331 0.081339
0.418544 0.451275 0.077700
0.424602 0.438954 0.088210
0.429871 0.435121 0.092107
0.434395 0.439538 0.088879
0.429117 0.443422 0.085066
0.408762 0.450621 0.077047
0.414047 0.446695 0.080679
0.413249 0.455262 0.074150
0.409535 0.442143 0.083662
0.410269 0.433837 0.090533
0.415524 0.430086 0.094507
0.414806 0.438312 0.087466
0.402643 0.463381 0.067328
0.403471 0.454594 0.073506
0.407949 0.459296 0.070692
0.559188 0.689447 0.008947
0.564095 0.694435 0.008910
0.559156 0.699390 0.008896
0.564156 0.684433 0.009005
0.569136 0.679396 0.009083
0.574013 0.684440 0.009001
0.569047 0.689449 0.008945
0.549297 0.699391 0.008896
0.554237 0.694435 0.008910
0.554226 0.704325 0.008895
0.549331 0.689441 0.008949
0.549425 0.679362 0.009098
0.554421 0.674293 0.009202
0.554298 0.684423 0.009010
0.544367 0.714191 0.008895
0.544368 0.704325 0.008895
0.549297 0.709258 0.008895
0.520563 0.648214 0.010239
0.525323 0.653505 0.009970
0.520260 0.658687 0.009759
0.525657 0.642983 0.010498
0.530765 0.637731 0.010775
0.535491 0.643085 0.010450
0.530400 0.648304 0.010201
0.510417 0.658617 0.009782
0.515483 0.653425 0.010000
0.515212 0.663852 0.009568
0.510727 0.648117 0.010275
0.511110 0.637482 0.010882
0.516241 0.632180 0.011199
0.515825 0.642874 0.010542
0.505158 0.674122 0.009253
0.505365 0.663792 0.009585
0.510178 0.668997 0.009399
0.561605 0.606241 0.013355
0.566256 0.611623 0.012636
0.561112 0.616836 0.012134
0.566766 0.601059 0.013993
0.571932 0.595900 0.014684
0.576563 0.601261 0.013807
0.571406 0.606430 0.013195
0.551300 0.616670 0.012252
0.556450 0.611445 0.012774
0.555972 0.622068 0.011693
0.551805 0.606044 0.013507
0.552355 0.595455 0.015079
0.557537 0.590300 0.015878
0.556971 0.600851 0.014169
0.545712 0.632586 0.010999
0.546157 0.621915 0.011793
0.550839 0.627319 0.011314
0.723082 0.530818 0.024180
0.727590 0.535872 0.022599
0.722314 0.540446 0.021597
0.728367 0.526287 0.025251
0.733657 0.521779 0.026337
0.738161 0.526810 0.024660
0.732872 0.531328 0.023622
0.712537 0.539967 0.022096
0.717804 0.535378 0.023127
0.717050 0.545051 0.020618
0.713295 0.530310 0.024756
0.714071 0.520713 0.027647
0.719360 0.516204 0.028819
0.718575 0.525765 0.025860
0.706557 0.554360 0.018748
0.707280 0.544588 0.021092
0.711797 0.549689 0.019667
0.687178 0.490475 0.040929
0.691633 0.495494 0.038370
0.686335 0.499980 0.036929
0.692480 0.486017 0.042462
0.697784 0.481576 0.044016
0.702237 0.486577 0.041313
0.696934 0.491027 0.039831
0.676581 0.499448 0.037924
0.681878 0.494951 0.039416
0.681041 0.504487 0.035501
0.677435 0.489939 0.042057
0.678309 0.480494 0.046517
0.683614 0.476060 0.048196
0.682737 0.485474 0.043644
0.670473 0.513575 0.032689
0.671288 0.503968 0.036445
0.675754 0.509017 0.034087
0.669497 0.470617 0.052741
0.673896 0.475541 0.049549
0.668592 0.479978 0.047814
0.674808 0.466212 0.054569
0.680120 0.461820 0.056414
0.684513 0.466714 0.053074
0.679203 0.471120 0.051302
0.705070 0.510612 0.031557
0.709568 0.515661 0.029544
0.704281 0.520182 0.028333
0.710366 0.506124 0.032836
0.715666 0.501652 0.034124
0.720158 0.506684 0.032005
0.714862 0.511164 0.030768
0.543179 0.584655 0.017191
0.547758 0.590056 0.016086
0.542571 0.595220 0.015261
0.548383 0.579535 0.018155
0.553592 0.574444 0.019173
0.558149 0.579806 0.017901
0.552951 0.584917 0.016967
0.501752 0.626534 0.011695
0.506420 0.632031 0.011259
0.501284 0.637347 0.010931
0.506911 0.621217 0.012146
0.512075 0.615921 0.012668
0.516720 0.621403 0.012064
0.511567 0.626707 0.011627
0.539728 0.669132 0.009357
0.544568 0.674265 0.009214
0.539570 0.679340 0.009105
0.544756 0.664011 0.009510
0.549796 0.658873 0.009681
0.554605 0.664057 0.009489
0.549579 0.669170 0.009342
0.401143 0.424939 0.096627
0.405716 0.429379 0.093594
0.400465 0.433104 0.089628
0.406355 0.421312 0.100692
0.411534 0.417689 0.104742
0.416170 0.422026 0.101698
0.410956 0.425687 0.097629
0.359055 0.455617 0.067121
0.363542 0.460475 0.064631
0.358249 0.464603 0.061510
0.364335 0.451592 0.070425
0.369610 0.447622 0.073844
0.374115 0.452378 0.071222
0.368831 0.456399 0.067869
0.394607 0.495497 0.047751
0.398994 0.500660 0.045426
0.393659 0.505185 0.042925
0.399943 0.491051 0.050457
0.405281 0.486635 0.053273
0.409671 0.491700 0.050767
0.404331 0.496165 0.048040
0.517459 0.313102 0.165626
0.522497 0.318252 0.164875
0.517688 0.323462 0.163927
0.522314 0.308012 0.166168
0.527198 0.302980 0.166509
0.532203 0.307985 0.166170
0.527334 0.313093 0.165623
0.558892 0.355581 0.152473
0.564185 0.360986 0.149454
0.559500 0.366351 0.147109
0.563601 0.350124 0.154448
0.568324 0.344627 0.156228
0.573590 0.350034 0.153538
0.568879 0.355537 0.151588
0.479506 0.355798 0.153527
0.484677 0.360957 0.151258
0.480059 0.366263 0.148502
0.484150 0.350359 0.155850
0.488821 0.344904 0.157931
0.493975 0.350165 0.156004
0.489312 0.355577 0.153749
0.441754 0.394648 0.127928
0.446632 0.399031 0.125123
0.441663 0.403100 0.121385
0.446635 0.390384 0.131550
0.451469 0.385956 0.135084
0.456431 0.390474 0.132342
0.451555 0.394828 0.128778
0.479576 0.429163 0.102060
0.484107 0.433483 0.098291
0.478826 0.437476 0.094435
0.484814 0.425217 0.105989
0.490024 0.421232 0.109842
0.494626 0.425505 0.106068
0.489377 0.429490 0.102187
0.316654 0.489361 0.044901
0.321088 0.494563 0.042935
0.315756 0.498958 0.040707
0.321970 0.485033 0.047285
0.327279 0.480731 0.049772
0.331729 0.485856 0.047688
0.326413 0.490196 0.045260
0.460932 0.668757 0.009447
0.465752 0.673970 0.009279
0.460738 0.679112 0.009146
0.465982 0.663548 0.009637
0.471047 0.658318 0.009855
0.475828 0.663607 0.009627
0.470782 0.668800 0.009440
0.387180 0.577496 0.018716
0.391630 0.583373 0.017608
0.386348 0.588548 0.016558
0.392477 0.572436 0.019927
0.397780 0.567418 0.021214
0.402210 0.573166 0.019940
0.396918 0.578248 0.018735
0.472283 0.500089 0.048912
0.476621 0.505175 0.046194
0.471278 0.509824 0.043694
0.477641 0.495519 0.051619
0.483006 0.490982 0.054408
0.487328 0.495975 0.051455
0.481971 0.500559 0.048782
0.429641 0.537872 0.030676
0.434033 0.543323 0.028857
0.428727 0.548237 0.027145
0.434955 0.533033 0.032598
0.440272 0.528224 0.034628
0.444653 0.533583 0.032599
0.439342 0.538437 0.030675
0.465119 0.582072 0.018467
0.469628 0.587655 0.017307
0.464392 0.592868 0.016323
0.470372 0.576921 0.019612
0.475630 0.571801 0.020829
0.480116 0.577322 0.019493
0.474869 0.582474 0.018364
0.627088 0.506616 0.038762
0.631517 0.511682 0.036194
0.626238 0.516326 0.034604
0.632381 0.502023 0.040461
0.637680 0.497460 0.042174
0.642093 0.502490 0.039432
0.636802 0.507070 0.037805
0.584961 0.544553 0.026332
0.589461 0.549788 0.024513
0.584229 0.554709 0.023276
0.590208 0.539689 0.027728
0.595459 0.534861 0.029178
0.599941 0.540053 0.027162
0.594698 0.544903 0.025810
0.621434 0.586666 0.015082
0.626070 0.591947 0.014130
0.620918 0.597000 0.013529
0.626603 0.581655 0.015800
0.631781 0.576677 0.016562
0.636397 0.581929 0.015465
0.631230 0.586923 0.014776
0.557818 0.431243 0.098483
0.562174 0.435616 0.093944
0.556832 0.439811 0.090716
0.563146 0.427077 0.101760
0.568436 0.422877 0.104888
0.572832 0.427204 0.100298
0.567512 0.431409 0.097163
0.515088 0.464675 0.072313
0.519428 0.469316 0.068744
0.514090 0.473643 0.065741
0.520422 0.460439 0.075467
0.525759 0.456235 0.078661
0.530108 0.460780 0.074870
0.524767 0.465030 0.071788
0.549647 0.503419 0.045767
0.553994 0.508469 0.042885
0.548679 0.513168 0.040770
0.554982 0.498785 0.048049
0.560324 0.494182 0.050368
0.564647 0.499165 0.047248
0.559317 0.503802 0.045046
0.599186 0.396219 0.120968
0.603780 0.400798 0.116354
0.598725 0.405340 0.113887
0.604163 0.391530 0.123400
0.609119 0.386791 0.125836
0.613821 0.391586 0.121248
0.608810 0.396212 0.118802
0.634652 0.432444 0.084010
0.638980 0.437094 0.079567
0.633663 0.441407 0.077189
0.639966 0.428150 0.086429
0.645268 0.423867 0.088801
0.649642 0.428512 0.084289
0.644311 0.432797 0.081947
0.592267 0.467267 0.064530
0.596575 0.472018 0.060811
0.591269 0.476464 0.058516
0.597567 0.462871 0.066928
0.602864 0.458491 0.069337
0.607172 0.463192 0.065439
0.601876 0.467595 0.063119
0.662997 0.547545 0.022075
0.667540 0.552704 0.020557
0.662330 0.557487 0.019591
0.668224 0.542812 0.023155
0.673460 0.538114 0.024273
0.677988 0.543242 0.022618
0.672759 0.547955 0.021567
0.507237 0.541690 0.029662
0.511666 0.547013 0.027717
0.506401 0.551989 0.026158
0.512515 0.536782 0.031422
0.517798 0.531911 0.033263
0.522209 0.537167 0.031086
0.516934 0.542073 0.029361
0.423298 0.624587 0.012034
0.427903 0.630393 0.011567
0.422719 0.635900 0.011169
0.428506 0.619125 0.012567
0.433719 0.613710 0.013178
0.438300 0.619458 0.012539
0.433099 0.624902 0.012014
0.500005 0.709229 0.008896
0.504934 0.714173 0.008895
0.500004 0.719105 0.008895
0.504935 0.704296 0.008896
0.509865 0.699362 0.008896
0.514793 0.704307 0.008896
0.509863 0.709240 0.008895
0.351938 0.532044 0.030070
0.356332 0.537566 0.028422
0.350986 0.542295 0.026742
0.357278 0.527384 0.031916
0.362614 0.522751 0.033858
0.367005 0.528190 0.032052
0.361671 0.532864 0.030190
0.520519 0.395630 0.130702
0.525438 0.400281 0.127216
0.520392 0.404681 0.123963
0.525466 0.391035 0.133814
0.530372 0.386337 0.136832
0.535415 0.391199 0.133412
0.530447 0.395792 0.130368
0.437250 0.461112 0.072223
0.441688 0.465793 0.069219
0.436361 0.469988 0.065910
0.442563 0.457026 0.075701
0.447872 0.452982 0.079262
0.452329 0.457548 0.076088
0.447011 0.461648 0.072613
0.580310 0.627702 0.011035
0.585026 0.633035 0.010680
0.579925 0.638242 0.010453
0.585430 0.622495 0.011360
0.590555 0.617308 0.011741
0.595251 0.622637 0.011235
0.590136 0.627827 0.010930
0.660738 0.460868 0.059609
0.659801 0.470129 0.054211
0.655424 0.465254 0.057650
0.665112 0.465726 0.056095
0.664190 0.475038 0.050933
0.696100 0.500525 0.035963
0.695287 0.510068 0.032375
0.690805 0.505019 0.034585
0.700580 0.505566 0.033695
0.699780 0.515122 0.030293
0.534081 0.573859 0.019696
0.533412 0.584382 0.017402
0.528861 0.578965 0.018618
0.538620 0.579255 0.018394
0.537981 0.589802 0.016283
0.492474 0.615490 0.012841
0.491940 0.626350 0.011759
0.487298 0.620807 0.012292
0.497104 0.621020 0.012222
0.496601 0.631872 0.011316
0.530105 0.658753 0.009735
0.529878 0.669090 0.009372
0.525059 0.663908 0.009550
0.534907 0.663962 0.009531
0.534715 0.674234 0.009224
0.391895 0.416091 0.102471
0.391327 0.424120 0.095538
0.386722 0.419649 0.098426
0.396538 0.420519 0.099600
0.395905 0.428605 0.092599
0.350055 0.445969 0.072153
0.349282 0.454811 0.066375
0.344785 0.449951 0.068833
0.354559 0.450783 0.069629
0.353770 0.459694 0.063933
0.385800 0.485289 0.052487
0.384876 0.494802 0.047424
0.380471 0.489671 0.049719
0.390209 0.490374 0.050108
0.389272 0.499974 0.045157
0.507470 0.302994 0.166505
0.507593 0.313107 0.165624
0.502591 0.308025 0.166172
0.512451 0.308017 0.166167
0.512626 0.318256 0.164880
0.548336 0.344757 0.157512
0.548896 0.355578 0.153140
0.543606 0.350165 0.155651
0.553606 0.350166 0.155157
0.554200 0.360981 0.150303
0.469300 0.345562 0.157560
0.469752 0.356114 0.153221
0.464662 0.351071 0.155321
0.474380 0.350662 0.155623
0.474886 0.361186 0.150960
0.431894 0.385852 0.133258
0.431953 0.394401 0.126969
0.427046 0.390028 0.129626
0.436839 0.390254 0.130635
0.436826 0.398759 0.124225
0.470388 0.420631 0.109336
0.469775 0.428800 0.101787
0.465198 0.424533 0.105385
0.475004 0.424893 0.105761
0.474314 0.433118 0.098120
0.307750 0.479047 0.048880
0.306892 0.488503 0.044544
0.302447 0.483319 0.046490
0.312207 0.484190 0.046883
0.311328 0.493715 0.042615
0.451363 0.658165 0.009879
0.451083 0.668715 0.009452
0.446290 0.663433 0.009653
0.456136 0.663490 0.009646
0.455900 0.673940 0.009283
0.378324 0.565849 0.021154
0.377443 0.576687 0.018684
0.373013 0.570811 0.019858
0.382745 0.571651 0.019899
0.381887 0.582604 0.017584
0.463608 0.490032 0.054548
0.462588 0.499597 0.048965
0.458245 0.494540 0.051700
0.467947 0.495040 0.051701
0.466931 0.504693 0.046294
0.420876 0.527061 0.034557
0.419938 0.537269 0.030659
0.415554 0.531830 0.032538
0.425256 0.532450 0.032578
0.424329 0.542738 0.028860
0.456160 0.570921 0.021039
0.455371 0.581642 0.018553
0.450890 0.576035 0.019792
0.460630 0.576492 0.019712
0.459872 0.587254 0.017396
0.618294 0.496552 0.044343
0.617384 0.506177 0.039709
0.612990 0.501137 0.042483
0.622680 0.501572 0.041478
0.621801 0.511241 0.037084
0.576017 0.534130 0.030386
0.575230 0.544208 0.026850
0.570757 0.538982 0.028843
0.580480 0.539332 0.028289
0.579721 0.549451 0.024995
0.612212 0.576104 0.017266
0.611641 0.586412 0.015378
0.607028 0.581117 0.016444
0.616814 0.581385 0.016126
0.616271 0.591708 0.014407
0.548952 0.422583 0.107407
0.548089 0.431045 0.099592
0.543656 0.426716 0.104015
0.553419 0.426913 0.102999
0.552474 0.435416 0.095133
0.506356 0.455561 0.079586
0.505404 0.464317 0.072715
0.501032 0.459738 0.076266
0.510732 0.460091 0.075930
0.509755 0.468951 0.069205
0.541002 0.493419 0.051888
0.539977 0.503031 0.046417
0.535652 0.498013 0.049415
0.545317 0.498401 0.048771
0.544319 0.508084 0.043533
0.589728 0.386789 0.129984
0.589541 0.396291 0.123074
0.584789 0.391615 0.127492
0.594515 0.391560 0.125535
0.594183 0.400854 0.118522
0.625975 0.423286 0.093121
0.625028 0.432153 0.086042
0.620714 0.427604 0.090619
0.630322 0.427841 0.088538
0.629338 0.436757 0.081546
0.583686 0.457961 0.072393
0.582665 0.466964 0.065917
0.578373 0.462311 0.069815
0.587971 0.462580 0.068391
0.586961 0.471682 0.062146
0.653934 0.537246 0.025457
0.653233 0.547144 0.022595
0.648698 0.541981 0.024272
0.658460 0.542392 0.023706
0.657777 0.552312 0.021037
0.498428 0.531116 0.033888
0.497541 0.541297 0.029926
0.493134 0.535982 0.031976
0.502825 0.536391 0.031721
0.501963 0.546633 0.027985
0.414151 0.612883 0.013222
0.413499 0.624230 0.012046
0.408923 0.618325 0.012595
0.418714 0.618749 0.012586
0.418095 0.630100 0.011579
0.490150 0.699332 0.008897
0.490147 0.709217 0.008896
0.485220 0.704270 0.008897
0.495077 0.704282 0.008896
0.495075 0.714162 0.008896
0.343145 0.521133 0.033533
0.342193 0.531215 0.029942
0.337796 0.525740 0.031628
0.347542 0.526567 0.031775
0.346589 0.536733 0.028311
0.510508 0.386114 0.137240
0.510610 0.395510 0.130871
0.505632 0.390822 0.134114
0.515542 0.390910 0.134042
0.515531 0.400127 0.127489
0.428322 0.451886 0.078287
0.427487 0.460544 0.071773
0.423024 0.455890 0.074730
0.432795 0.456478 0.075247
0.431932 0.465242 0.068832
0.570925 0.616994 0.012011
0.570485 0.627578 0.011134
0.565790 0.622214 0.011588
0.575609 0.622354 0.011478
0.575196 0.632927 0.010767
0.716311 0.554790 0.018334
0.711075 0.559479 0.017468
0.721562 0.550135 0.019234
0.705855 0.564201 0.016642
0.700656 0.568954 0.015860
0.737378 0.536369 0.022090
0.732097 0.540926 0.021116
0.742666 0.531840 0.023082
0.726824 0.545514 0.020162
0.554226 0.714190 0.008895
0.549296 0.719123 0.008894
0.559156 0.709257 0.008895
0.544367 0.724054 0.008894
0.539437 0.728986 0.008894
0.573954 0.694433 0.008909
0.569015 0.699387 0.008896
0.578905 0.689452 0.008943
0.564085 0.704322 0.008895
0.310872 0.549260 0.023241
0.460566 0.728953 0.008896
0.382915 0.646208 0.010446
0.634194 0.633580 0.010159
0.629111 0.638709 0.010022
0.639284 0.628455 0.010308
0.624038 0.643834 0.009884
0.618976 0.648951 0.009746
0.654563 0.613210 0.011044
0.649469 0.618269 0.010750
0.659659 0.608177 0.011387
0.644376 0.623351 0.010505
0.674962 0.593241 0.012701
0.669856 0.598192 0.012215
0.680074 0.588320 0.013235
0.664755 0.603171 0.011777
0.695483 0.573744 0.015130
0.690331 0.578570 0.014449
0.685196 0.583429 0.013818
0.421187 0.689284 0.008965
0.514789 0.753631 0.008895
0.509859 0.758557 0.008895
0.519719 0.748703 0.008894
0.504930 0.763483 0.008895
0.500000 0.768407 0.008896
0.534508 0.733916 0.008894
0.529578 0.738846 0.008894
0.524648 0.743775 0.008894
0.346476 0.596695 0.014529
0.593839 0.674380 0.009151
0.588848 0.679422 0.009065
0.598843 0.669321 0.009250
0.583870 0.684447 0.008996
0.613925 0.654061 0.009611
0.608886 0.659160 0.009482
0.603859 0.664248 0.009361
0.288936 0.521449 0.030833
0.284559 0.515986 0.032494
0.293315 0.526940 0.029213
0.280183 0.510549 0.034190
0.275806 0.505137 0.035916
0.306472 0.543627 0.024648
0.302082 0.538023 0.026115
0.297696 0.532463 0.027638
0.435926 0.704238 0.008898
0.430998 0.699295 0.008898
0.440854 0.709183 0.008898
0.426082 0.694317 0.008917
0.455638 0.724012 0.008897
0.450710 0.719070 0.008897
0.445782 0.714126 0.008897
0.359994 0.615490 0.012495
0.355476 0.609202 0.013097
0.364526 0.621782 0.011970
0.350970 0.602932 0.013775
0.378265 0.640317 0.010773
0.373652 0.634270 0.011131
0.369075 0.628063 0.011523
0.397060 0.663086 0.009657
0.392314 0.657579 0.009889
0.401835 0.668490 0.009457
0.387598 0.651957 0.010152
0.416314 0.684192 0.009042
0.411463 0.679034 0.009150
0.406636 0.673803 0.009288
0.475353 0.743764 0.008896
0.470424 0.738828 0.008896
0.480282 0.748696 0.008895
0.465495 0.733892 0.008896
0.495070 0.763482 0.008896
0.490141 0.758555 0.008895
0.485211 0.753627 0.008895
0.324146 0.566437 0.019415
0.319710 0.560641 0.020618
0.328593 0.572328 0.018288
0.315286 0.554923 0.021895
0.341991 0.590504 0.015357
0.337516 0.584371 0.016260
0.333050 0.578309 0.017237
