0.595179 0.579304 0.036793
0.593106 0.590811 0.031771
0.589393 0.584438 0.034266
0.476461 0.432661 0.200504
0.474735 0.437056 0.187473
0.471042 0.433983 0.194147
0.555255 0.391171 0.324827
0.554543 0.401268 0.306418
0.550831 0.396164 0.315528
0.387739 0.463199 0.111239
0.385794 0.470855 0.101384
0.382125 0.466044 0.106533
0.505160 0.672816 0.011892
0.503926 0.686414 0.010895
0.499756 0.679310 0.011327
0.445635 0.555788 0.040858
0.443567 0.568162 0.035029
0.440011 0.561011 0.038012
0.536255 0.491020 0.101627
0.534363 0.498861 0.091849
0.530654 0.494120 0.096971
0.686299 0.511223 0.094909
0.684744 0.519549 0.085836
0.680813 0.514735 0.090411
0.620971 0.449556 0.191866
0.620380 0.455207 0.178255
0.616180 0.452135 0.185275
0.655849 0.426798 0.250096
0.656657 0.433044 0.234366
0.651860 0.429870 0.242464
0.618401 0.394788 0.321032
0.618775 0.404393 0.302745
0.614600 0.399549 0.312291
0.580316 0.469280 0.143088
0.578780 0.475524 0.131453
0.574921 0.471777 0.137519
0.548747 0.443686 0.196242
0.547549 0.448567 0.182849
0.543631 0.445558 0.189740
0.586649 0.426256 0.254237
0.586500 0.431935 0.238555
0.582305 0.428942 0.246573
0.641429 0.541989 0.061923
0.639429 0.551872 0.054720
0.635688 0.546279 0.058336
0.611127 0.501694 0.097414
0.609352 0.509825 0.087918
0.605557 0.505084 0.092811
0.654306 0.476894 0.138669
0.653083 0.483833 0.127214
0.649082 0.479844 0.133118
0.491047 0.519193 0.067702
0.488944 0.529230 0.059892
0.485352 0.523286 0.063973
0.461854 0.477860 0.106584
0.459916 0.485570 0.096638
0.456254 0.480755 0.101861
0.506353 0.458688 0.148236
0.504575 0.464528 0.136592
0.500850 0.460754 0.142711
0.416944 0.504696 0.071847
0.414957 0.514612 0.063705
0.411341 0.508613 0.067982
0.474295 0.614005 0.021154
0.472425 0.627545 0.018018
0.468718 0.620063 0.019546
0.358335 0.429357 0.154875
0.356369 0.435422 0.143978
0.352671 0.431377 0.149458
0.518313 0.420616 0.256484
0.516996 0.425562 0.241304
0.513326 0.422668 0.249009
0.489197 0.390439 0.321338
0.488135 0.398365 0.304610
0.484499 0.394382 0.312484
0.519748 0.338267 0.386357
0.520857 0.352192 0.375465
0.515757 0.345542 0.381116
0.594133 0.338202 0.387016
0.592676 0.352529 0.376227
0.589255 0.345063 0.382097
0.557284 0.291370 0.400788
0.557311 0.301365 0.400456
0.552368 0.296328 0.400690
0.432587 0.444712 0.152791
0.430656 0.450517 0.141302
0.427011 0.446618 0.147240
0.403511 0.417222 0.202602
0.401493 0.421695 0.189942
0.397893 0.418372 0.196248
0.448009 0.409829 0.257369
0.446007 0.413807 0.243018
0.442528 0.410885 0.250186
0.549261 0.623290 0.020558
0.547508 0.636066 0.017679
0.543634 0.629189 0.019081
0.519774 0.568888 0.038423
0.517653 0.580868 0.033066
0.514036 0.574103 0.035788
0.565840 0.531667 0.064090
0.563736 0.541667 0.056629
0.560092 0.535899 0.060477
0.728800 0.485401 0.133567
0.727815 0.492848 0.122953
0.723621 0.488478 0.128531
0.693729 0.453672 0.186778
0.693508 0.460261 0.173231
0.689064 0.456618 0.180344
0.598887 0.585593 0.034144
0.480147 0.435666 0.193719
0.558936 0.396591 0.315524
0.391406 0.467887 0.106001
0.509296 0.679919 0.011340
0.449193 0.562791 0.037719
0.539980 0.495615 0.096384
0.690256 0.515954 0.090219
0.625230 0.452618 0.184710
0.660752 0.430021 0.241861
0.622435 0.399912 0.311316
0.584209 0.472916 0.136924
0.552693 0.446663 0.189211
0.590901 0.429378 0.246087
0.645189 0.547471 0.058190
0.614944 0.506317 0.092394
0.658355 0.480817 0.132630
0.494651 0.524992 0.063498
0.465525 0.482529 0.101256
0.510100 0.462343 0.142026
0.420563 0.510541 0.067457
0.477985 0.621408 0.019491
0.362021 0.433308 0.149296
0.522002 0.423663 0.248670
0.492922 0.394621 0.313332
0.524857 0.344906 0.381542
0.597563 0.345585 0.382040
0.562212 0.296322 0.400697
0.436236 0.448493 0.146756
0.407091 0.420467 0.196180
0.451492 0.412788 0.250133
0.553100 0.630107 0.019035
0.523389 0.575530 0.035543
0.569500 0.537308 0.060122
0.733045 0.489751 0.127824
0.698242 0.457310 0.179493
0.691423 0.480823 0.136307
0.695559 0.484964 0.130376
0.690334 0.488065 0.125162
0.696543 0.477792 0.141756
0.711534 0.468776 0.158692
0.715896 0.472797 0.152115
0.710893 0.475813 0.146554
0.724110 0.516200 0.094140
0.728147 0.520941 0.089647
0.722662 0.524479 0.085389
0.729534 0.512814 0.098545
0.745628 0.503075 0.111962
0.749783 0.507601 0.107071
0.744418 0.510830 0.102675
0.557328 0.574396 0.037475
0.560991 0.580848 0.034721
0.555228 0.586136 0.032308
0.563102 0.569333 0.040187
0.580464 0.554819 0.049131
0.584129 0.560830 0.045789
0.578335 0.565670 0.042813
0.511583 0.619063 0.020833
0.515354 0.626170 0.019244
0.509764 0.632252 0.017842
0.517228 0.613137 0.022471
0.534327 0.595850 0.028061
0.538009 0.602727 0.025953
0.532302 0.608469 0.024111
0.543352 0.675172 0.011934
0.547637 0.681937 0.011395
0.542356 0.688255 0.010957
0.548706 0.668896 0.012599
0.564978 0.650411 0.015262
0.569075 0.657103 0.014261
0.563661 0.663230 0.013379
0.440075 0.425480 0.201948
0.443697 0.428572 0.195329
0.438207 0.429802 0.189147
0.445574 0.424383 0.208364
0.462045 0.421231 0.228530
0.465601 0.424013 0.221388
0.460135 0.425122 0.214633
0.395589 0.437065 0.154156
0.399244 0.440920 0.148337
0.393618 0.442983 0.142899
0.401209 0.435229 0.159799
0.417979 0.430458 0.177317
0.421631 0.433903 0.171131
0.416060 0.435469 0.165291
0.424811 0.470610 0.109049
0.428466 0.475306 0.103720
0.422857 0.478295 0.099093
0.430414 0.467882 0.113884
0.447187 0.460416 0.129001
0.450847 0.464599 0.123245
0.445261 0.467096 0.118207
0.557334 0.337554 0.386878
0.561883 0.344552 0.382022
0.557113 0.351603 0.376237
0.562161 0.330820 0.390932
0.576951 0.312183 0.398648
0.581670 0.318119 0.396822
0.576728 0.324334 0.394256
0.587366 0.393004 0.323990
0.590950 0.398501 0.314357
0.586757 0.403295 0.305395
0.591840 0.387543 0.333326
0.605937 0.368700 0.360569
0.608549 0.376133 0.351180
0.604036 0.382232 0.342119
0.522391 0.390346 0.324116
0.526210 0.395328 0.315116
0.521659 0.399826 0.306075
0.526735 0.385045 0.333600
0.539308 0.365751 0.361542
0.543628 0.372666 0.352913
0.539337 0.379140 0.343525
0.483538 0.416117 0.257306
0.487099 0.419055 0.249806
0.481809 0.420490 0.242520
0.488751 0.414298 0.264860
0.503845 0.406779 0.288758
0.507435 0.410503 0.280551
0.502488 0.413157 0.272569
0.512672 0.438842 0.198461
0.516465 0.441826 0.191486
0.511188 0.443446 0.185274
0.517898 0.437251 0.204955
0.533255 0.432177 0.225652
0.537072 0.434989 0.218105
0.532004 0.436773 0.211134
0.350533 0.455777 0.113212
0.354225 0.460465 0.108082
0.348595 0.463378 0.103523
0.356165 0.453079 0.117933
0.373059 0.445584 0.132739
0.376731 0.449835 0.127293
0.371104 0.452337 0.122329
0.467335 0.669582 0.011815
0.471284 0.677117 0.011257
0.465808 0.683818 0.010793
0.472819 0.662981 0.012531
0.489301 0.643645 0.015397
0.493172 0.651025 0.014320
0.487687 0.657442 0.013376
0.409009 0.548372 0.042101
0.412571 0.555551 0.038825
0.407007 0.561055 0.035947
0.414569 0.543273 0.045217
0.431357 0.529031 0.055130
0.434937 0.535512 0.051318
0.429320 0.540262 0.048047
0.499004 0.484727 0.104162
0.502703 0.489358 0.098847
0.497081 0.492474 0.094276
0.504602 0.481877 0.108956
0.521313 0.473937 0.123966
0.525050 0.478026 0.118183
0.519487 0.480712 0.113182
0.453927 0.512164 0.069700
0.457527 0.518004 0.065407
0.451867 0.522171 0.061731
0.459578 0.508270 0.073598
0.476515 0.497373 0.086020
0.480164 0.502609 0.081211
0.474510 0.506259 0.077085
0.482541 0.562672 0.039599
0.486114 0.569514 0.036588
0.480424 0.574874 0.034013
0.488242 0.557587 0.042462
0.505412 0.543156 0.051774
0.508994 0.549447 0.048177
0.503258 0.554261 0.045095
0.648655 0.506467 0.095979
0.652534 0.511145 0.091119
0.646982 0.514736 0.086654
0.654145 0.503058 0.100687
0.670387 0.493245 0.115410
0.674377 0.497593 0.110015
0.668974 0.500871 0.105145
0.603557 0.537014 0.062781
0.607260 0.542572 0.058942
0.601491 0.546969 0.055475
0.609290 0.532837 0.066477
0.626343 0.520945 0.078348
0.630125 0.526056 0.073999
0.624446 0.530027 0.070041
0.633243 0.583908 0.036352
0.636985 0.590121 0.033771
0.631187 0.595291 0.031420
0.639048 0.578905 0.039005
0.656469 0.564437 0.047842
0.660231 0.570266 0.044686
0.654420 0.575094 0.041737
0.584891 0.447383 0.194176
0.589003 0.450349 0.187050
0.584002 0.452559 0.180627
0.589761 0.445152 0.200917
0.603783 0.438012 0.222177
0.608093 0.440829 0.214354
0.603469 0.443335 0.207272
0.543278 0.464441 0.145544
0.547090 0.468053 0.139360
0.541621 0.470445 0.133898
0.548673 0.462224 0.151195
0.564573 0.455840 0.168811
0.568528 0.459044 0.162226
0.563240 0.461231 0.156346
0.573634 0.496662 0.099378
0.577406 0.501258 0.094228
0.571786 0.504634 0.089721
0.579213 0.493518 0.104134
0.595792 0.484520 0.119131
0.599635 0.488625 0.113469
0.594121 0.491674 0.108481
0.620918 0.426711 0.252007
0.625499 0.429718 0.243837
0.621320 0.432673 0.236319
0.624900 0.423490 0.259765
0.636187 0.412993 0.283875
0.641057 0.416697 0.275232
0.637345 0.420133 0.267208
0.657165 0.451371 0.189857
0.661576 0.454730 0.182635
0.656795 0.457516 0.176197
0.661796 0.448550 0.196598
0.675191 0.439833 0.217553
0.679900 0.443190 0.209629
0.675449 0.446145 0.202680
0.617336 0.473225 0.140693
0.621297 0.476956 0.134581
0.615954 0.479806 0.129130
0.622573 0.470490 0.146361
0.637857 0.462351 0.164160
0.642011 0.465816 0.157589
0.636938 0.468581 0.151640
0.679494 0.546657 0.061516
0.683319 0.552055 0.057858
0.677580 0.556431 0.054367
0.685188 0.542498 0.065244
0.702077 0.530640 0.077096
0.705999 0.535680 0.073012
0.700376 0.539617 0.069058
0.528344 0.525740 0.065747
0.531966 0.531462 0.061655
0.526227 0.535772 0.058117
0.534057 0.521684 0.069512
0.551115 0.510256 0.081562
0.554810 0.515416 0.076942
0.549120 0.519246 0.072935
0.437456 0.608105 0.021434
0.441088 0.615706 0.019693
0.435545 0.621930 0.018123
0.443025 0.602053 0.023268
0.459868 0.584411 0.029465
0.463435 0.591792 0.027120
0.457805 0.597674 0.025088
0.501139 0.725271 0.009461
0.505752 0.731177 0.009324
0.500613 0.736797 0.009206
0.506352 0.719335 0.009628
0.522138 0.700687 0.010307
0.526565 0.707297 0.010062
0.521328 0.713475 0.009835
0.380008 0.496970 0.074018
0.383681 0.502752 0.069558
0.378115 0.506746 0.065703
0.385594 0.493238 0.078058
0.402385 0.482771 0.090733
0.406035 0.488029 0.085827
0.400437 0.491525 0.081616
0.552607 0.423776 0.255631
0.556533 0.426970 0.247668
0.551815 0.429202 0.240083
0.557183 0.421097 0.263521
0.570314 0.411245 0.288345
0.574270 0.415441 0.279566
0.569999 0.418768 0.271331
0.469430 0.451985 0.150645
0.473119 0.455698 0.144516
0.467565 0.457774 0.139034
0.474947 0.450124 0.156302
0.491336 0.445062 0.173811
0.495089 0.448330 0.167316
0.489641 0.450049 0.161498
0.587238 0.626904 0.020363
0.591135 0.633489 0.018890
0.585556 0.639244 0.017567
0.592902 0.621276 0.021914
0.610097 0.604787 0.027242
0.613861 0.611283 0.025288
0.608122 0.616748 0.023523
0.674586 0.465303 0.161812
0.673817 0.471945 0.149394
0.669613 0.468186 0.155875
0.678845 0.469024 0.155180
0.686244 0.483878 0.130953
0.707850 0.497907 0.113745
0.706566 0.505659 0.103885
0.702521 0.501142 0.108922
0.711928 0.502373 0.108583
0.718653 0.519671 0.089782
0.542804 0.549301 0.050298
0.540652 0.560287 0.043808
0.537038 0.554012 0.047138
0.546419 0.555453 0.046830
0.551562 0.579576 0.034905
0.496893 0.590531 0.028725
0.494838 0.603495 0.024584
0.491204 0.596277 0.026655
0.500515 0.597668 0.026502
0.505967 0.625076 0.019306
0.526965 0.647425 0.015318
0.525505 0.660726 0.013374
0.521476 0.653669 0.014289
0.530956 0.654449 0.014281
0.538026 0.681492 0.011381
0.425907 0.413434 0.229189
0.423828 0.417308 0.215550
0.420320 0.414279 0.222362
0.429392 0.416406 0.222254
0.434573 0.426621 0.195653
0.380984 0.422410 0.177830
0.378981 0.427632 0.166031
0.375328 0.423971 0.171909
0.384626 0.425978 0.171848
0.389960 0.439025 0.148623
0.410201 0.453016 0.131145
0.408241 0.459722 0.120477
0.404586 0.455382 0.125999
0.413852 0.457246 0.125521
0.419205 0.473460 0.104317
0.537791 0.312254 0.398576
0.538073 0.324349 0.394134
0.533057 0.318225 0.396683
0.542780 0.318110 0.396707
0.552614 0.344478 0.381984
0.573924 0.366462 0.361784
0.572492 0.380250 0.343702
0.568968 0.373368 0.353077
0.577348 0.373738 0.352984
0.583008 0.398086 0.314820
0.505184 0.367818 0.358909
0.505998 0.380073 0.341276
0.501650 0.374639 0.349598
0.509832 0.373787 0.350875
0.517925 0.395145 0.314875
0.469433 0.403254 0.287587
0.467666 0.408570 0.272263
0.464177 0.405338 0.279757
0.472936 0.406624 0.279994
0.478251 0.417666 0.249913
0.497871 0.427401 0.227448
0.496222 0.431570 0.213245
0.492577 0.428740 0.220477
0.501511 0.430178 0.220052
0.507401 0.440402 0.192127
0.335725 0.438020 0.134028
0.333796 0.444816 0.123964
0.330087 0.440419 0.129135
0.339434 0.442329 0.128789
0.344899 0.458573 0.108584
0.452110 0.638803 0.015420
0.450329 0.653085 0.013308
0.446591 0.645259 0.014286
0.455845 0.646550 0.014303
0.461844 0.676262 0.011222
0.394625 0.521183 0.056926
0.392707 0.532451 0.049570
0.389085 0.525718 0.053397
0.398241 0.527726 0.052979
0.403462 0.553682 0.039077
0.484192 0.467463 0.126606
0.482311 0.474161 0.115776
0.478617 0.469894 0.121435
0.487893 0.471601 0.120829
0.493395 0.487694 0.099469
0.439416 0.490225 0.088347
0.437430 0.499062 0.079299
0.433795 0.493650 0.084058
0.443057 0.495488 0.083466
0.448275 0.516178 0.065908
0.468274 0.536366 0.053405
0.466160 0.547555 0.046532
0.462595 0.541006 0.050098
0.471843 0.542762 0.049707
0.476853 0.567895 0.036863
0.633069 0.488900 0.117078
0.631521 0.496311 0.106575
0.627639 0.492005 0.111972
0.636974 0.493120 0.111553
0.643128 0.509954 0.091384
0.588670 0.515841 0.079745
0.586708 0.524883 0.071278
0.582991 0.519633 0.075636
0.592406 0.520958 0.075249
0.597804 0.541297 0.059198
0.618361 0.559803 0.048312
0.616269 0.570536 0.042132
0.612565 0.564525 0.045226
0.622068 0.565715 0.045077
0.627443 0.588998 0.033849
0.568527 0.435790 0.224165
0.567735 0.440733 0.209343
0.563705 0.437842 0.216889
0.572588 0.438654 0.216443
0.579932 0.449554 0.187601
0.527952 0.451051 0.171207
0.526436 0.456198 0.158843
0.522623 0.452891 0.165309
0.531792 0.454253 0.164652
0.537840 0.466719 0.139995
0.558484 0.479582 0.121435
0.556730 0.486517 0.110701
0.552953 0.482315 0.116305
0.562277 0.483665 0.115711
0.568032 0.499899 0.094741
0.603023 0.412757 0.286443
0.603410 0.420268 0.269435
0.599055 0.416573 0.278124
0.607378 0.416691 0.277543
0.616821 0.429778 0.244396
0.639201 0.438660 0.220060
0.639244 0.444524 0.205147
0.634784 0.441465 0.212741
0.643733 0.441724 0.212308
0.652454 0.454153 0.183237
0.601267 0.459560 0.166458
0.600140 0.465307 0.153947
0.596133 0.461974 0.160447
0.605317 0.462802 0.159833
0.612034 0.475989 0.135142
0.664136 0.525818 0.077511
0.662333 0.534890 0.069334
0.658506 0.529708 0.073431
0.667988 0.530905 0.073291
0.673774 0.550926 0.057907
0.513752 0.504108 0.083715
0.511739 0.513040 0.074932
0.508090 0.507681 0.079536
0.517416 0.509311 0.078975
0.522619 0.529912 0.062090
0.423182 0.577780 0.030171
0.421074 0.591520 0.025489
0.417548 0.583831 0.027792
0.426713 0.585364 0.027700
0.431883 0.614305 0.019711
0.483537 0.699098 0.010241
0.482439 0.712405 0.009788
0.478125 0.705653 0.009990
0.487788 0.706048 0.010010
0.495953 0.731065 0.009319
0.365285 0.475277 0.092992
0.363362 0.483922 0.083844
0.359672 0.478577 0.088653
0.368968 0.480485 0.088099
0.374431 0.500812 0.070058
0.537383 0.409021 0.288759
0.536481 0.416203 0.271995
0.532753 0.412479 0.280298
0.541124 0.413048 0.280252
0.547921 0.426192 0.247914
0.454682 0.438145 0.175824
0.452863 0.443073 0.163632
0.449190 0.439645 0.169933
0.458364 0.441465 0.169437
0.463891 0.453943 0.145083
0.572086 0.600501 0.027569
0.570093 0.612754 0.023760
0.566339 0.606083 0.025640
0.575823 0.607119 0.025554
0.581612 0.632627 0.018921
0.576026 0.638454 0.017591
0.574529 0.651051 0.015253
0.570481 0.644388 0.016371
0.580022 0.645098 0.016355
0.584088 0.651727 0.015245
0.582840 0.664311 0.013388
0.578648 0.657694 0.014260
0.568218 0.625142 0.020450
0.572093 0.631805 0.018955
0.566501 0.637698 0.017616
0.573887 0.619392 0.022016
0.579589 0.613729 0.023692
0.583390 0.620322 0.021963
0.577724 0.626012 0.020404
0.560615 0.611747 0.023837
0.558730 0.624238 0.020502
0.554922 0.617479 0.022143
0.564394 0.618457 0.022077
0.562586 0.630979 0.018993
0.458333 0.456002 0.139618
0.456427 0.462218 0.128393
0.452764 0.458157 0.134255
0.462000 0.459945 0.133657
0.465672 0.463994 0.127789
0.463770 0.470680 0.116969
0.460095 0.466390 0.122630
0.451005 0.448415 0.151758
0.454670 0.452156 0.145656
0.449106 0.454200 0.140203
0.456538 0.446595 0.157387
0.462051 0.444873 0.163110
0.465739 0.448378 0.156844
0.460214 0.450217 0.151202
0.443677 0.441233 0.164134
0.441798 0.446581 0.152293
0.438143 0.442919 0.158421
0.447340 0.444775 0.157919
0.445453 0.450339 0.146219
0.543128 0.428371 0.240352
0.542073 0.433152 0.225287
0.538234 0.430352 0.232930
0.546991 0.431249 0.232622
0.550889 0.434079 0.224936
0.549858 0.438867 0.210242
0.545946 0.435988 0.217705
0.535502 0.422290 0.256006
0.539298 0.425400 0.248137
0.534431 0.427506 0.240625
0.540250 0.419717 0.263841
0.544902 0.416834 0.271902
0.548728 0.420404 0.263701
0.544064 0.423042 0.255823
0.528028 0.415547 0.272102
0.526919 0.421490 0.256220
0.523214 0.418251 0.264170
0.531745 0.419010 0.263987
0.530659 0.424566 0.248379
0.368861 0.504782 0.066171
0.367008 0.515204 0.058197
0.363296 0.508899 0.062351
0.372559 0.510887 0.061919
0.376244 0.517196 0.057792
0.374390 0.528466 0.050282
0.370708 0.521726 0.054170
0.361455 0.493092 0.075050
0.365158 0.498857 0.070549
0.359580 0.502793 0.066632
0.367052 0.489413 0.079134
0.372651 0.485836 0.083296
0.376331 0.491332 0.078599
0.370741 0.495043 0.074536
0.354058 0.481981 0.084391
0.352152 0.491107 0.075562
0.348445 0.485487 0.080201
0.357756 0.487466 0.079668
0.355865 0.496869 0.071037
0.490797 0.736726 0.009201
0.490423 0.747670 0.009038
0.485672 0.742261 0.009107
0.495503 0.742291 0.009111
0.500267 0.747645 0.009040
0.500081 0.757915 0.008954
0.495228 0.752881 0.008987
0.481595 0.724905 0.009444
0.486158 0.730935 0.009312
0.480983 0.736640 0.009196
0.486856 0.718881 0.009610
0.492146 0.712717 0.009803
0.496600 0.719120 0.009620
0.491364 0.725097 0.009453
0.472742 0.712068 0.009770
0.471833 0.724695 0.009432
0.467391 0.718341 0.009580
0.477120 0.718621 0.009596
0.476367 0.730789 0.009304
0.426276 0.620713 0.018101
0.424316 0.635067 0.015334
0.420601 0.627380 0.016611
0.429967 0.628365 0.016668
0.433665 0.636102 0.015389
0.431780 0.650641 0.013227
0.428045 0.642819 0.014208
0.418988 0.605496 0.021451
0.422611 0.613102 0.019693
0.416916 0.619735 0.018043
0.424639 0.599142 0.023382
0.430264 0.592970 0.025427
0.433846 0.600539 0.023342
0.428244 0.606722 0.021460
0.411880 0.590139 0.025520
0.409694 0.604412 0.021406
0.406165 0.596669 0.023361
0.415410 0.597856 0.023388
0.413278 0.612089 0.019639
0.516886 0.534202 0.058542
0.514736 0.544765 0.051376
0.511149 0.538616 0.055103
0.520482 0.540206 0.054689
0.524077 0.546318 0.050996
0.521919 0.557365 0.044414
0.518325 0.551017 0.047810
0.509674 0.522545 0.066706
0.513284 0.528314 0.062549
0.507558 0.532581 0.058987
0.515377 0.518539 0.070493
0.521069 0.514656 0.074398
0.524712 0.520135 0.069990
0.519003 0.524168 0.066216
0.502418 0.511385 0.075475
0.500355 0.520883 0.067204
0.496736 0.515224 0.071532
0.506052 0.516898 0.071011
0.503962 0.526670 0.063022
0.668028 0.555313 0.054423
0.666031 0.565540 0.047778
0.662258 0.559817 0.051066
0.671816 0.560927 0.051006
0.675602 0.566626 0.047735
0.673580 0.577233 0.041657
0.669805 0.571347 0.044640
0.660444 0.544345 0.061673
0.664237 0.549785 0.057980
0.658484 0.554182 0.054501
0.666152 0.540159 0.065389
0.671831 0.536078 0.069225
0.675667 0.541332 0.065304
0.669966 0.545505 0.061583
0.652842 0.533701 0.069469
0.650928 0.543176 0.061787
0.647148 0.537796 0.065631
0.656645 0.538982 0.065500
0.654707 0.548635 0.058076
0.606669 0.478792 0.129700
0.605115 0.485633 0.118569
0.601252 0.481635 0.124363
0.610557 0.482695 0.123790
0.614435 0.486727 0.118031
0.612821 0.494009 0.107454
0.608971 0.489758 0.112930
0.598841 0.471358 0.141900
0.602766 0.475014 0.135743
0.597378 0.477756 0.130291
0.604128 0.468749 0.147559
0.609347 0.466151 0.153321
0.613353 0.469624 0.146939
0.608092 0.472305 0.141286
0.590926 0.464391 0.154549
0.589581 0.470350 0.142495
0.585653 0.466823 0.148764
0.594894 0.467818 0.148169
0.593491 0.473993 0.136338
0.647666 0.456905 0.176742
0.647011 0.463051 0.163670
0.642801 0.459634 0.170380
0.651940 0.460286 0.169875
0.656181 0.463775 0.163133
0.655345 0.470222 0.150633
0.651193 0.466581 0.157086
0.639028 0.450410 0.190872
0.643362 0.453617 0.183739
0.638561 0.456325 0.177221
0.643677 0.447660 0.197707
0.648242 0.444864 0.204691
0.652719 0.448081 0.197209
0.648082 0.450870 0.190406
0.630274 0.444219 0.205595
0.629993 0.449975 0.191340
0.625670 0.446917 0.198638
0.634664 0.447276 0.198152
0.634290 0.453110 0.184204
0.612601 0.432697 0.236912
0.612615 0.438224 0.221597
0.608252 0.435441 0.229514
0.617026 0.435511 0.228917
0.621444 0.438339 0.221012
0.621328 0.443938 0.206107
0.616973 0.441040 0.213761
0.603742 0.426798 0.253177
0.608167 0.429816 0.244990
0.603884 0.432606 0.237491
0.607845 0.423669 0.260939
0.611837 0.420285 0.268854
0.616360 0.423595 0.260343
0.612327 0.426818 0.252605
0.595012 0.420087 0.269990
0.595180 0.426602 0.253727
0.590881 0.423311 0.262034
0.599347 0.423570 0.261502
0.599522 0.429678 0.245554
0.562411 0.503240 0.090226
0.560486 0.511706 0.081078
0.556772 0.506690 0.085832
0.566144 0.508114 0.085338
0.569870 0.513124 0.080611
0.567887 0.522139 0.072064
0.564191 0.516857 0.076487
0.554919 0.493910 0.100468
0.558669 0.498505 0.095271
0.553049 0.501813 0.090747
0.560503 0.490844 0.105237
0.566067 0.487871 0.110124
0.569854 0.492200 0.104678
0.564270 0.495303 0.099915
0.547404 0.485127 0.111293
0.545580 0.492481 0.101039
0.541838 0.488025 0.106401
0.551164 0.489452 0.105811
0.549319 0.497076 0.095818
0.532358 0.469060 0.134542
0.530596 0.475423 0.123302
0.526847 0.471463 0.129195
0.536120 0.472898 0.128542
0.539882 0.476852 0.122663
0.538092 0.483700 0.111902
0.534345 0.479501 0.117537
0.524819 0.461706 0.146849
0.528594 0.465329 0.140648
0.523099 0.467615 0.135210
0.530246 0.459601 0.152467
0.535627 0.457547 0.158192
0.539457 0.460941 0.151823
0.534047 0.463106 0.146184
0.517244 0.454769 0.159524
0.515587 0.460232 0.147540
0.511819 0.456697 0.153838
0.521034 0.458188 0.153142
0.519348 0.463871 0.141330
0.574887 0.451676 0.181188
0.573756 0.456882 0.168226
0.569764 0.453763 0.174929
0.578918 0.454729 0.174355
0.582937 0.457853 0.167642
0.581703 0.463404 0.155143
0.577737 0.460093 0.161631
0.566816 0.445697 0.195230
0.570850 0.448669 0.188145
0.565764 0.450711 0.181745
0.571790 0.443646 0.201953
0.576674 0.441541 0.208861
0.580779 0.444449 0.201442
0.575858 0.446585 0.194708
0.558793 0.439839 0.209802
0.557777 0.444730 0.195739
0.553804 0.441784 0.202924
0.562794 0.442756 0.202446
0.561766 0.447704 0.188681
0.621651 0.594176 0.031494
0.619624 0.605872 0.027178
0.615868 0.599439 0.029291
0.625399 0.600542 0.029222
0.629159 0.606969 0.027119
0.627181 0.618870 0.023427
0.623392 0.612360 0.025234
0.614186 0.581630 0.036547
0.617913 0.587871 0.033936
0.612124 0.593058 0.031577
0.619984 0.576620 0.039204
0.625784 0.571705 0.042005
0.629510 0.577770 0.039097
0.623708 0.582775 0.036443
0.606768 0.569348 0.042275
0.604676 0.580474 0.036663
0.600971 0.574276 0.039463
0.610471 0.575456 0.039326
0.608395 0.586737 0.034034
0.592035 0.545691 0.055728
0.589922 0.556099 0.048894
0.586253 0.550199 0.052371
0.595710 0.551478 0.052125
0.599389 0.557355 0.048678
0.597278 0.568143 0.042436
0.593595 0.562082 0.045581
0.584677 0.534412 0.063385
0.588358 0.540001 0.059482
0.582588 0.544391 0.056003
0.590415 0.530250 0.067092
0.596132 0.526196 0.070922
0.599849 0.531551 0.066769
0.594113 0.535724 0.063070
0.577291 0.523533 0.071658
0.575251 0.533062 0.063724
0.571574 0.527545 0.067812
0.580988 0.528919 0.067438
0.578922 0.538677 0.059788
0.637566 0.513527 0.086912
0.635776 0.522186 0.078089
0.631970 0.517188 0.082566
0.641395 0.518415 0.082308
0.645217 0.523412 0.077867
0.643365 0.532498 0.069624
0.639574 0.527292 0.073776
0.629883 0.504098 0.096619
0.633728 0.508753 0.091682
0.628156 0.512303 0.087209
0.635397 0.500738 0.101344
0.640874 0.497452 0.106196
0.644767 0.501902 0.101003
0.639266 0.505287 0.096281
0.622170 0.495164 0.106994
0.620504 0.502900 0.096996
0.616666 0.498389 0.102142
0.626031 0.499568 0.101723
0.624334 0.507539 0.092018
0.471178 0.573258 0.034261
0.469086 0.586011 0.029277
0.465516 0.578763 0.031794
0.474749 0.580372 0.031575
0.478328 0.587566 0.029091
0.476266 0.600687 0.024835
0.472665 0.593336 0.026964
0.464051 0.559307 0.040217
0.467613 0.566233 0.037143
0.461954 0.571600 0.034512
0.469723 0.554226 0.043131
0.475408 0.549284 0.046168
0.478973 0.555925 0.042795
0.473287 0.561008 0.039906
0.456927 0.545791 0.046902
0.454834 0.557570 0.040533
0.451273 0.550717 0.043821
0.460489 0.552491 0.043472
0.458393 0.564533 0.037428
0.442626 0.520321 0.062218
0.440568 0.530917 0.054689
0.436985 0.524601 0.058626
0.446212 0.526471 0.058160
0.449791 0.532774 0.054250
0.447711 0.543983 0.047282
0.444143 0.537380 0.050906
0.435421 0.508475 0.070763
0.439029 0.514323 0.066420
0.433394 0.518444 0.062710
0.441055 0.504624 0.074689
0.446690 0.500899 0.078725
0.450314 0.506460 0.074137
0.444671 0.510331 0.070228
0.428175 0.497207 0.079877
0.426179 0.506597 0.071304
0.422556 0.500892 0.075809
0.431803 0.502769 0.075247
0.429792 0.512444 0.066937
0.487776 0.490788 0.094879
0.485811 0.499096 0.085454
0.482149 0.494013 0.090395
0.491450 0.495719 0.089811
0.495117 0.500794 0.084881
0.493105 0.509701 0.076016
0.489464 0.504326 0.080658
0.480410 0.481353 0.105395
0.484095 0.486001 0.100076
0.478480 0.489075 0.095469
0.486007 0.478547 0.110225
0.491596 0.475855 0.115158
0.495301 0.480228 0.109601
0.489703 0.483055 0.104787
0.473035 0.472433 0.116371
0.471127 0.479618 0.105986
0.467447 0.475088 0.111420
0.476722 0.476832 0.110827
0.474805 0.484279 0.100668
0.397918 0.559228 0.036147
0.395822 0.572898 0.030492
0.392358 0.565063 0.033308
0.401434 0.566817 0.033169
0.404920 0.574528 0.030404
0.402689 0.588812 0.025522
0.399255 0.580845 0.027899
0.390794 0.544496 0.042693
0.394372 0.551781 0.039326
0.388848 0.557377 0.036337
0.396309 0.539367 0.045899
0.401843 0.534451 0.049185
0.405432 0.541336 0.045557
0.399895 0.546449 0.042398
0.383560 0.530456 0.049938
0.381685 0.542548 0.042969
0.378050 0.535412 0.046545
0.387188 0.537386 0.046234
0.385288 0.549869 0.039563
0.456338 0.683024 0.010752
0.454761 0.697477 0.010146
0.450797 0.689896 0.010391
0.460305 0.690614 0.010435
0.464334 0.698062 0.010183
0.463056 0.711705 0.009748
0.458840 0.704762 0.009937
0.448590 0.667566 0.011739
0.452432 0.675342 0.011180
0.446893 0.682169 0.010705
0.454111 0.660875 0.012474
0.459622 0.654278 0.013334
0.463450 0.661963 0.012506
0.457948 0.668609 0.011780
0.441066 0.651823 0.013276
0.439261 0.666457 0.011692
0.435516 0.658530 0.012390
0.444804 0.659719 0.012437
0.443048 0.674355 0.011131
0.339265 0.461463 0.104046
0.337331 0.469497 0.094645
0.333630 0.464454 0.099585
0.342962 0.466389 0.099046
0.346661 0.471446 0.094096
0.344738 0.480011 0.084938
0.341033 0.474683 0.089757
0.331866 0.451979 0.114153
0.335567 0.456664 0.109084
0.329931 0.459545 0.104566
0.337500 0.449301 0.118812
0.343137 0.446718 0.123569
0.346837 0.451198 0.118376
0.341201 0.453884 0.113684
0.324453 0.442911 0.124354
0.322529 0.450079 0.114617
0.318820 0.445499 0.119674
0.328162 0.447398 0.119245
0.326232 0.454757 0.109579
0.502086 0.441947 0.185920
0.500498 0.446672 0.173210
0.496730 0.443494 0.179820
0.505865 0.445053 0.179190
0.509655 0.448213 0.172548
0.508047 0.453262 0.160217
0.504272 0.449922 0.166676
0.494594 0.435886 0.199626
0.498327 0.438890 0.192734
0.492975 0.440374 0.186503
0.499911 0.434460 0.206115
0.505189 0.433013 0.212742
0.508911 0.435903 0.205547
0.503640 0.437405 0.199075
0.487235 0.430052 0.213652
0.485535 0.434298 0.200090
0.481860 0.431353 0.207002
0.490894 0.432938 0.206596
0.489242 0.437307 0.193260
0.472900 0.418995 0.242662
0.471046 0.422899 0.228304
0.467493 0.420164 0.235537
0.476452 0.421751 0.235352
0.480024 0.424473 0.228066
0.478222 0.428476 0.214003
0.474620 0.425661 0.221113
0.465836 0.413243 0.257350
0.469360 0.416167 0.249994
0.463958 0.417390 0.242793
0.471177 0.411708 0.264784
0.476456 0.409898 0.272402
0.479990 0.413064 0.264836
0.474707 0.414742 0.257333
0.458844 0.407093 0.272129
0.456934 0.411606 0.257363
0.453451 0.408575 0.264676
0.462328 0.410215 0.264729
0.460439 0.414544 0.250067
0.513343 0.399513 0.305909
0.512280 0.407427 0.288787
0.508653 0.403406 0.297201
0.517021 0.403880 0.297294
0.520680 0.408000 0.288765
0.519544 0.414835 0.272248
0.515904 0.411233 0.280457
0.505826 0.390334 0.323165
0.509627 0.394974 0.314548
0.505002 0.399170 0.305645
0.510146 0.385308 0.332568
0.514249 0.379601 0.342189
0.518424 0.385128 0.333172
0.514105 0.390317 0.323730
0.497815 0.380704 0.339999
0.497522 0.390388 0.322346
0.493654 0.385927 0.330518
0.501895 0.385584 0.331679
0.501303 0.394803 0.314042
0.578744 0.402849 0.305827
0.578465 0.411776 0.287986
0.574534 0.407252 0.296999
0.582615 0.407737 0.296599
0.586628 0.412212 0.287537
0.586647 0.419766 0.270503
0.582505 0.415934 0.279151
0.571421 0.392088 0.324662
0.575027 0.397613 0.315186
0.570715 0.402334 0.306156
0.575953 0.386654 0.334036
0.580654 0.380674 0.343504
0.583961 0.387102 0.333736
0.579430 0.392565 0.324380
0.564249 0.379842 0.343778
0.563355 0.391601 0.324800
0.559707 0.385770 0.334264
0.567852 0.386198 0.334215
0.567003 0.397100 0.315424
0.548026 0.351527 0.376178
0.547989 0.365791 0.361684
0.543591 0.358638 0.369388
0.552478 0.358707 0.369476
0.556649 0.365938 0.361763
0.555983 0.379505 0.343769
0.552104 0.372806 0.353029
0.538474 0.337566 0.386775
0.543340 0.344456 0.381925
0.538935 0.351542 0.376076
0.543037 0.330794 0.390872
0.547731 0.324300 0.394166
0.552599 0.330792 0.390908
0.547902 0.337524 0.386839
0.528443 0.324561 0.394062
0.529076 0.337790 0.386624
0.523992 0.331253 0.390644
0.533492 0.330921 0.390796
0.534078 0.344573 0.381796
0.413596 0.476437 0.099687
0.411639 0.484658 0.090145
0.407989 0.479540 0.095158
0.417247 0.481412 0.094567
0.420895 0.486531 0.089550
0.418924 0.495332 0.080456
0.415284 0.489921 0.085239
0.406287 0.466896 0.110183
0.409943 0.471600 0.104894
0.404336 0.474568 0.100265
0.411897 0.464180 0.115017
0.417504 0.461585 0.119960
0.421157 0.466037 0.114467
0.415551 0.468758 0.109628
0.398970 0.457868 0.120969
0.397018 0.465043 0.110720
0.393355 0.460474 0.116050
0.402630 0.462321 0.115543
0.400678 0.469738 0.105456
0.384326 0.441104 0.143208
0.382360 0.447441 0.132375
0.378692 0.443291 0.137912
0.387990 0.445157 0.137577
0.391651 0.449295 0.131989
0.389690 0.456023 0.121439
0.386026 0.451682 0.126882
0.376995 0.433231 0.154584
0.380662 0.437128 0.148878
0.375022 0.439222 0.143489
0.382640 0.431356 0.160191
0.388277 0.429603 0.165912
0.391933 0.433295 0.160015
0.386300 0.435151 0.154388
0.369666 0.425649 0.166107
0.367675 0.431302 0.154746
0.364001 0.427445 0.160427
0.373329 0.429407 0.160327
0.371349 0.435225 0.149100
0.429059 0.427823 0.189453
0.427179 0.432451 0.177058
0.423528 0.429095 0.183340
0.432704 0.431089 0.183062
0.436357 0.434404 0.176709
0.434488 0.439349 0.164596
0.430834 0.435863 0.170809
0.421828 0.421414 0.202392
0.425430 0.424596 0.195889
0.419889 0.425792 0.189670
0.427376 0.420373 0.208836
0.432920 0.419403 0.215405
0.436482 0.422426 0.208637
0.430961 0.423480 0.202211
0.414724 0.415184 0.215652
0.412678 0.419330 0.202523
0.409121 0.416162 0.209067
0.418256 0.418279 0.208977
0.416270 0.422538 0.196061
0.532725 0.687849 0.010941
0.531821 0.701002 0.010321
0.527434 0.694255 0.010598
0.537090 0.694618 0.010614
0.541517 0.701284 0.010335
0.540824 0.713840 0.009855
0.536286 0.707534 0.010075
0.524219 0.674078 0.011912
0.528432 0.681007 0.011367
0.523109 0.687408 0.010926
0.529603 0.667721 0.012586
0.535014 0.661420 0.013373
0.539145 0.668330 0.012592
0.533775 0.674646 0.011923
0.516016 0.659987 0.013375
0.514679 0.673469 0.011902
0.510577 0.666371 0.012575
0.520080 0.667069 0.012580
0.518855 0.680484 0.011354
0.500383 0.631176 0.017890
0.498675 0.644685 0.015379
0.494828 0.637364 0.016587
0.504204 0.638427 0.016553
0.508081 0.645653 0.015358
0.506545 0.659203 0.013377
0.502579 0.651970 0.014310
0.492879 0.616654 0.020997
0.496609 0.623916 0.019371
0.491033 0.630030 0.017937
0.498507 0.610699 0.022672
0.504166 0.604817 0.024457
0.507854 0.611948 0.022569
0.502216 0.617890 0.020916
0.485538 0.602118 0.024710
0.483572 0.615358 0.021077
0.479902 0.608025 0.022876
0.489190 0.609390 0.022775
0.487282 0.622694 0.019432
0.545805 0.584878 0.032477
0.543737 0.597074 0.027922
0.540060 0.590302 0.030194
0.549477 0.591544 0.030041
0.553167 0.598256 0.027794
0.551158 0.610696 0.023921
0.547432 0.603886 0.025840
0.538512 0.571719 0.037916
0.542151 0.578267 0.035102
0.536402 0.583580 0.032659
0.544274 0.566644 0.040656
0.550044 0.561690 0.043534
0.553679 0.568007 0.040413
0.547910 0.573077 0.037688
0.531277 0.558844 0.044102
0.529134 0.570323 0.038161
0.525522 0.563803 0.041196
0.534889 0.565243 0.040917
0.532761 0.576917 0.035315
0.713162 0.523233 0.085481
0.711588 0.531846 0.077061
0.707637 0.526889 0.081248
0.717142 0.528113 0.081190
0.721111 0.533054 0.077035
0.719455 0.541942 0.069070
0.715528 0.536865 0.073005
0.705175 0.513678 0.094502
0.709172 0.518419 0.089915
0.703677 0.521998 0.085576
0.710604 0.510256 0.099022
0.715998 0.506912 0.103600
0.720059 0.511522 0.098789
0.714633 0.514928 0.094324
0.697153 0.504433 0.104170
0.695731 0.512444 0.094693
0.691745 0.507790 0.099498
0.701168 0.509014 0.099251
0.699709 0.517182 0.090055
0.681007 0.486964 0.125688
0.679738 0.494371 0.114977
0.675720 0.490084 0.120505
0.685059 0.491198 0.120028
0.689098 0.495525 0.114554
0.687751 0.503226 0.104476
0.683749 0.498752 0.109635
0.672844 0.478798 0.137536
0.676938 0.482827 0.131526
0.671690 0.485894 0.126215
0.677989 0.475814 0.143076
0.683070 0.472850 0.148716
0.687260 0.476783 0.142423
0.682129 0.479792 0.136927
0.664573 0.471074 0.150045
0.663569 0.477836 0.138129
0.659470 0.473973 0.144312
0.668724 0.474881 0.143713
0.667641 0.481810 0.132092
0.606282 0.628791 0.020287
0.610198 0.635334 0.018831
0.604634 0.640956 0.017523
0.611944 0.623267 0.021824
0.617649 0.617796 0.023474
0.621474 0.624309 0.021782
0.615812 0.629789 0.020250
0.595093 0.640077 0.017544
0.600664 0.634391 0.018860
0.599119 0.646662 0.016326
0.596757 0.627831 0.020324
0.598603 0.615722 0.023575
0.604338 0.610223 0.025346
0.602419 0.622257 0.021868
0.588224 0.658337 0.014259
0.589568 0.645855 0.016340
0.593650 0.652455 0.015238
0.487883 0.455428 0.149522
0.491601 0.459114 0.143354
0.486056 0.461233 0.137876
0.493380 0.453517 0.155168
0.498845 0.451685 0.160886
0.502600 0.455137 0.154525
0.497116 0.457084 0.148904
0.476806 0.459518 0.138459
0.482357 0.457426 0.143951
0.480496 0.463439 0.132485
0.478652 0.453722 0.150091
0.480440 0.448358 0.162051
0.485904 0.446676 0.167889
0.484161 0.451843 0.155755
0.469351 0.468155 0.122026
0.471243 0.461704 0.133067
0.474927 0.465742 0.127198
0.569651 0.425192 0.255084
0.573725 0.428381 0.247006
0.569176 0.430753 0.239432
0.574038 0.422400 0.262940
0.578315 0.419321 0.270956
0.582447 0.422917 0.262518
0.578145 0.425782 0.254694
0.560500 0.430014 0.239783
0.565138 0.427719 0.247370
0.564498 0.432938 0.231953
0.561136 0.424513 0.255393
0.561657 0.418136 0.271602
0.566031 0.414863 0.279877
0.565624 0.421786 0.263275
0.554823 0.436943 0.217307
0.555744 0.432117 0.232305
0.559709 0.434973 0.224567
0.398491 0.500827 0.072947
0.402127 0.506659 0.068513
0.396553 0.510674 0.064722
0.404080 0.497075 0.076940
0.409679 0.493437 0.081035
0.413315 0.498995 0.076372
0.407715 0.502771 0.072395
0.387343 0.508705 0.065221
0.392912 0.504698 0.069044
0.390992 0.514843 0.061010
0.389258 0.498892 0.073490
0.391188 0.489622 0.082187
0.396784 0.486132 0.086411
0.394843 0.495149 0.077506
0.379913 0.523720 0.053795
0.381787 0.512864 0.061473
0.385445 0.519185 0.057370
0.520705 0.725543 0.009474
0.525362 0.731344 0.009334
0.520253 0.736899 0.009213
0.525877 0.719676 0.009645
0.531072 0.713670 0.009845
0.535650 0.719810 0.009653
0.530495 0.725647 0.009480
0.510432 0.736853 0.009210
0.515555 0.731268 0.009329
0.515169 0.742320 0.009117
0.510919 0.725420 0.009467
0.511592 0.713252 0.009824
0.516855 0.707032 0.010050
0.516111 0.719519 0.009637
0.505082 0.752810 0.008988
0.505335 0.742307 0.009114
0.510112 0.747617 0.009042
0.455826 0.611132 0.021303
0.459480 0.618661 0.019598
0.453938 0.624813 0.018084
0.461410 0.605134 0.023074
0.467023 0.599205 0.024962
0.470642 0.606606 0.022976
0.465047 0.612593 0.021230
0.444738 0.623360 0.018111
0.450271 0.617203 0.019648
0.448412 0.631064 0.016688
0.446634 0.609618 0.021374
0.448614 0.596099 0.025214
0.454230 0.590203 0.027277
0.452205 0.603614 0.023172
0.437361 0.643930 0.014259
0.439215 0.629636 0.016692
0.442891 0.637427 0.015413
0.547063 0.528771 0.064878
0.550702 0.534455 0.060850
0.544950 0.538790 0.057333
0.552787 0.524682 0.068622
0.558496 0.520709 0.072490
0.562173 0.526129 0.068208
0.556444 0.530236 0.064475
0.535580 0.537299 0.057715
0.541327 0.532976 0.061242
0.539192 0.543248 0.053928
0.537697 0.527273 0.065302
0.539757 0.517749 0.073400
0.545444 0.513941 0.077417
0.543415 0.523199 0.069057
0.527674 0.552534 0.047464
0.529830 0.541746 0.054298
0.533433 0.547828 0.050637
0.698577 0.548931 0.061459
0.702433 0.554277 0.057831
0.696706 0.558626 0.054324
0.704258 0.544806 0.065205
0.709910 0.540783 0.069057
0.713810 0.545942 0.065221
0.708134 0.550051 0.061467
0.687139 0.557535 0.054335
0.692871 0.553172 0.057833
0.690955 0.563099 0.050950
0.689031 0.547799 0.061475
0.690852 0.538442 0.069086
0.696482 0.534490 0.073039
0.694719 0.543655 0.065212
0.679388 0.572409 0.044613
0.681381 0.562021 0.050968
0.685182 0.567694 0.047712
0.635818 0.475056 0.139636
0.639818 0.478881 0.133581
0.634516 0.481822 0.128116
0.641010 0.472217 0.145332
0.646136 0.469394 0.151151
0.650234 0.473086 0.144844
0.645058 0.475971 0.139158
0.625236 0.480816 0.128603
0.630558 0.477920 0.134062
0.629158 0.484796 0.122765
0.626578 0.474142 0.140143
0.627742 0.467772 0.152155
0.632837 0.465062 0.158085
0.631792 0.471354 0.145827
0.618305 0.490884 0.112430
0.619859 0.483748 0.123257
0.623752 0.487816 0.117534
0.675423 0.452473 0.188432
0.679892 0.455962 0.181155
0.675129 0.458832 0.174816
0.680036 0.449569 0.195073
0.684558 0.446614 0.201852
0.689168 0.450108 0.194233
0.684573 0.453058 0.187626
0.665950 0.458163 0.175550
0.670726 0.455335 0.181927
0.670287 0.461684 0.168605
0.666281 0.451911 0.189192
0.666347 0.445689 0.203459
0.670814 0.442785 0.210443
0.670907 0.449051 0.195871
0.660393 0.467372 0.156522
0.661101 0.460972 0.169287
0.665375 0.464528 0.162510
0.638273 0.426647 0.251060
0.643023 0.429763 0.242952
0.638893 0.432751 0.235371
0.642189 0.423477 0.258861
0.645980 0.420195 0.266755
0.650921 0.423544 0.258388
0.647034 0.426699 0.250624
0.630080 0.432687 0.235804
0.634233 0.429712 0.243368
0.634652 0.435658 0.227889
0.629562 0.426648 0.251489
0.628771 0.420118 0.267672
0.632534 0.416611 0.275718
0.633511 0.423453 0.259282
0.625864 0.441239 0.213215
0.625818 0.435564 0.228362
0.630305 0.438482 0.220501
0.592377 0.499248 0.098360
0.596170 0.503843 0.093266
0.590560 0.507298 0.088776
0.597941 0.496012 0.103101
0.603472 0.492850 0.107954
0.607304 0.497205 0.102601
0.601753 0.500479 0.097873
0.581170 0.505989 0.089236
0.586787 0.502572 0.093737
0.584924 0.510851 0.084407
0.583005 0.497980 0.098858
0.584768 0.490454 0.109012
0.590295 0.487458 0.114012
0.588577 0.494787 0.103610
0.573585 0.518266 0.076050
0.575530 0.509504 0.084861
0.579265 0.514505 0.080165
0.561773 0.466962 0.144301
0.565632 0.470583 0.138125
0.560176 0.473075 0.132656
0.567147 0.464634 0.149968
0.572472 0.462348 0.155743
0.576402 0.465760 0.149362
0.571042 0.468148 0.143691
0.550891 0.471782 0.133271
0.556354 0.469341 0.138737
0.554689 0.475622 0.127290
0.552519 0.465726 0.144918
0.554023 0.460058 0.156953
0.559325 0.457934 0.162822
0.557903 0.463455 0.150578
0.543643 0.480927 0.116912
0.545397 0.474281 0.127909
0.549176 0.478237 0.122042
0.602942 0.448676 0.193056
0.607130 0.451643 0.185888
0.602206 0.454059 0.179472
0.607721 0.446222 0.199789
0.612401 0.443676 0.206687
0.616693 0.446575 0.199189
0.611960 0.449148 0.192456
0.593107 0.453355 0.180060
0.598069 0.451049 0.186482
0.597196 0.456417 0.173198
0.593918 0.448082 0.193629
0.594535 0.442852 0.207830
0.599210 0.440474 0.214923
0.598742 0.445748 0.200367
0.586940 0.461070 0.161041
0.588062 0.455614 0.173782
0.592106 0.458746 0.167058
0.652358 0.586127 0.036218
0.656118 0.592308 0.033665
0.650301 0.597501 0.031306
0.658178 0.581104 0.038879
0.663996 0.576175 0.041687
0.667762 0.582164 0.038844
0.661940 0.587192 0.036179
0.640735 0.596406 0.031355
0.646542 0.591232 0.033709
0.644495 0.602762 0.029104
0.642791 0.585030 0.036276
0.644856 0.573990 0.041806
0.650666 0.569164 0.044753
0.648605 0.580020 0.038933
0.632930 0.613456 0.025183
0.634941 0.601650 0.029158
0.638704 0.608078 0.027064
0.622472 0.539539 0.062293
0.626200 0.545064 0.058511
0.620437 0.549462 0.055047
0.628198 0.535355 0.065989
0.633900 0.531272 0.069815
0.637668 0.536587 0.065793
0.631944 0.540774 0.062093
0.610958 0.548226 0.055249
0.616724 0.543827 0.058713
0.614658 0.553971 0.051704
0.613010 0.538286 0.062522
0.615000 0.528766 0.070301
0.620685 0.524803 0.074258
0.618740 0.534104 0.066217
0.603074 0.563313 0.045394
0.605179 0.552735 0.051903
0.608869 0.558590 0.048484
0.667459 0.508820 0.095414
0.671380 0.513528 0.090627
0.665846 0.517130 0.086204
0.672928 0.505391 0.100060
0.678358 0.502038 0.104802
0.682333 0.506582 0.099769
0.676876 0.510014 0.095150
0.656409 0.515932 0.086424
0.661952 0.512332 0.090867
0.660276 0.520825 0.081888
0.658052 0.507641 0.095695
0.659597 0.499723 0.105500
0.665012 0.496456 0.110408
0.663532 0.504217 0.100372
0.649033 0.528509 0.073589
0.650830 0.519625 0.082087
0.654670 0.524617 0.077681
0.501114 0.565873 0.038998
0.504705 0.572622 0.036049
0.498989 0.577969 0.033530
0.506841 0.560791 0.041809
0.512578 0.555841 0.044747
0.516171 0.562323 0.041493
0.510432 0.567408 0.038703
0.489695 0.576444 0.033770
0.495398 0.571091 0.036317
0.493287 0.583453 0.031148
0.491816 0.564293 0.039296
0.493956 0.552640 0.045449
0.499680 0.547831 0.048555
0.497532 0.559209 0.042134
0.481921 0.594832 0.026809
0.484005 0.581935 0.031360
0.487597 0.589074 0.028907
0.472465 0.515731 0.068694
0.476066 0.521552 0.064448
0.470380 0.525759 0.060801
0.478136 0.511796 0.072566
0.483802 0.507993 0.076552
0.487431 0.513523 0.072050
0.481751 0.517474 0.068198
0.461118 0.523983 0.061260
0.466791 0.519791 0.064925
0.464699 0.530104 0.057258
0.463191 0.513963 0.069190
0.465228 0.504501 0.077615
0.470874 0.500868 0.081758
0.468852 0.510046 0.073080
0.453362 0.539217 0.050495
0.455450 0.528310 0.057701
0.459026 0.534590 0.053821
0.517623 0.487968 0.102870
0.521333 0.492581 0.097580
0.515713 0.495754 0.093041
0.523215 0.485053 0.107642
0.528789 0.482233 0.112530
0.532524 0.486563 0.107010
0.526937 0.489520 0.102236
0.506395 0.494130 0.093661
0.512016 0.490990 0.098212
0.510078 0.499048 0.088613
0.508311 0.486367 0.103519
0.510187 0.479135 0.113852
0.515758 0.476491 0.118853
0.513907 0.483489 0.108296
0.498773 0.506016 0.080101
0.500761 0.497397 0.089217
0.504431 0.502467 0.084300
0.427286 0.552132 0.041495
0.430845 0.559213 0.038294
0.425248 0.564637 0.035517
0.432889 0.547051 0.044529
0.438509 0.542136 0.047666
0.442074 0.548899 0.044177
0.436452 0.553971 0.041181
0.416117 0.562857 0.035738
0.421698 0.557393 0.038564
0.419652 0.570270 0.032851
0.418140 0.550267 0.041801
0.420147 0.538357 0.048426
0.425743 0.533613 0.051730
0.423721 0.545177 0.044875
0.408393 0.582328 0.027858
0.410531 0.568552 0.033017
0.414041 0.576152 0.030298
0.486194 0.671329 0.011865
0.490241 0.678640 0.011309
0.484822 0.685229 0.010855
0.491642 0.664811 0.012564
0.497102 0.658356 0.013379
0.501096 0.665625 0.012571
0.495663 0.672104 0.011882
0.475304 0.684551 0.010827
0.480750 0.677910 0.011286
0.479389 0.691892 0.010504
0.476751 0.670489 0.011843
0.478302 0.656456 0.013368
0.483794 0.650010 0.014324
0.482216 0.663930 0.012550
0.468476 0.705224 0.009966
0.469836 0.691279 0.010472
0.473927 0.698601 0.010214
0.369158 0.459514 0.112242
0.372835 0.464198 0.107055
0.367218 0.467149 0.102463
0.374779 0.456793 0.117012
0.380402 0.454181 0.121891
0.384071 0.458634 0.116538
0.378453 0.461360 0.111745
0.357913 0.465272 0.102996
0.363537 0.462341 0.107572
0.361600 0.470208 0.097962
0.359853 0.457654 0.112731
0.361796 0.450479 0.122756
0.367427 0.447980 0.127689
0.365479 0.454944 0.117478
0.350360 0.476643 0.089206
0.352288 0.468308 0.098507
0.355981 0.473373 0.093546
0.530713 0.441429 0.197275
0.534576 0.444396 0.190283
0.529371 0.446172 0.183993
0.535850 0.439661 0.203874
0.540930 0.437849 0.210678
0.544824 0.440749 0.203394
0.539728 0.442590 0.196745
0.520283 0.444855 0.184619
0.525523 0.443157 0.190864
0.524114 0.447926 0.177860
0.521696 0.440183 0.197850
0.523074 0.435616 0.211637
0.528197 0.433926 0.218539
0.526876 0.438501 0.204391
0.513450 0.451446 0.165993
0.514993 0.446533 0.178521
0.518807 0.449675 0.171867
0.501025 0.418569 0.257056
0.504626 0.421566 0.249356
0.499482 0.423218 0.242068
0.506073 0.416478 0.264636
0.511034 0.414046 0.272423
0.514657 0.417414 0.264398
0.509685 0.419647 0.256783
0.490672 0.421895 0.242332
0.495890 0.420357 0.249631
0.494259 0.424663 0.234880
0.492314 0.417389 0.257225
0.493882 0.412170 0.272604
0.498918 0.409681 0.280566
0.497446 0.415436 0.264804
0.483615 0.427231 0.220819
0.485378 0.423244 0.235145
0.488967 0.425971 0.227790
0.538911 0.390592 0.324630
0.542674 0.395819 0.315451
0.538197 0.400461 0.306329
0.543306 0.385199 0.334115
0.547681 0.379269 0.343685
0.551532 0.385436 0.334229
0.547110 0.390838 0.324765
0.529949 0.400134 0.306214
0.534465 0.395546 0.315311
0.533665 0.404724 0.297419
0.530668 0.390432 0.324412
0.530966 0.379146 0.343237
0.535130 0.372663 0.352691
0.535037 0.385069 0.333912
0.524344 0.411883 0.280362
0.525361 0.404310 0.297356
0.529051 0.408523 0.288755
0.603008 0.393849 0.322853
0.606738 0.399227 0.313113
0.602767 0.403975 0.304273
0.607218 0.388580 0.332023
0.611458 0.383027 0.341196
0.614743 0.389225 0.331037
0.610736 0.394302 0.322050
0.594762 0.403668 0.304877
0.598856 0.398877 0.313794
0.598805 0.408432 0.295561
0.595224 0.393423 0.323489
0.596439 0.381611 0.342761
0.601159 0.375254 0.351976
0.599588 0.388021 0.332774
0.590764 0.416314 0.278666
0.590703 0.408131 0.296116
0.594811 0.412543 0.287018
0.576205 0.337687 0.386953
0.580383 0.344797 0.382094
0.575283 0.351904 0.376303
0.581229 0.330919 0.391019
0.586163 0.324432 0.394315
0.590329 0.331135 0.391074
0.585434 0.337837 0.386991
0.566198 0.351736 0.376270
0.571170 0.344653 0.382056
0.570225 0.359058 0.369553
0.566772 0.337613 0.386905
0.567070 0.324320 0.394209
0.572020 0.318094 0.396764
0.571741 0.330851 0.390964
0.560542 0.373044 0.353080
0.561349 0.358854 0.369525
0.565290 0.366170 0.361794
0.443328 0.474269 0.107827
0.446988 0.478955 0.102483
0.441381 0.481965 0.097868
0.448924 0.471524 0.112652
0.454513 0.468899 0.117585
0.458182 0.473319 0.112029
0.452589 0.476075 0.107202
0.432119 0.480138 0.098486
0.437726 0.477139 0.103105
0.435769 0.485109 0.093358
0.434070 0.472447 0.108447
0.436011 0.465275 0.118819
0.441602 0.462787 0.123857
0.439668 0.469711 0.113274
0.424538 0.491795 0.084650
0.426507 0.483268 0.093967
0.430153 0.488386 0.088951
0.414121 0.440892 0.153577
0.417771 0.444719 0.147656
0.412164 0.446748 0.142187
0.419712 0.439096 0.159237
0.425284 0.437423 0.164985
0.428937 0.441024 0.158869
0.423363 0.442813 0.153220
0.402897 0.444862 0.142561
0.408515 0.442816 0.148016
0.406550 0.448892 0.136826
0.404863 0.438977 0.153886
0.406818 0.433516 0.165544
0.412408 0.431928 0.171384
0.410470 0.437160 0.159541
0.395311 0.453529 0.126451
0.397275 0.447023 0.137216
0.400931 0.451152 0.131581
0.458281 0.429216 0.201269
0.461932 0.432245 0.194562
0.456476 0.433550 0.188358
0.463737 0.428020 0.207716
0.469186 0.426838 0.214323
0.472806 0.429719 0.207367
0.467374 0.430971 0.200893
0.447343 0.431709 0.188773
0.452817 0.430442 0.194961
0.451007 0.434898 0.182270
0.449181 0.427388 0.201626
0.451072 0.423317 0.214927
0.456566 0.422273 0.221651
0.454660 0.426242 0.208053
0.440016 0.437780 0.170398
0.441859 0.433026 0.182692
0.445521 0.436302 0.176286
0.562556 0.676098 0.011958
0.566908 0.682712 0.011425
0.561664 0.688960 0.010989
0.567883 0.669895 0.012616
0.573247 0.663752 0.013383
0.577493 0.670368 0.012625
0.572183 0.676505 0.011971
0.552003 0.688625 0.010973
0.557265 0.682344 0.011410
0.556442 0.695249 0.010645
0.552945 0.675655 0.011946
0.554093 0.662673 0.013376
0.559515 0.656509 0.014264
0.558285 0.669418 0.012607
0.546017 0.707746 0.010087
0.546760 0.694949 0.010629
0.551223 0.701540 0.010349
0.530384 0.621261 0.020685
0.534188 0.628226 0.019132
0.528596 0.634248 0.017754
0.536037 0.615391 0.022294
0.541720 0.609603 0.024013
0.545469 0.616457 0.022216
0.539812 0.622297 0.020619
0.519170 0.633272 0.017796
0.524761 0.627219 0.019186
0.523039 0.640361 0.016489
0.520974 0.620183 0.020757
0.522903 0.607294 0.024218
0.528605 0.601526 0.026076
0.526623 0.614284 0.022380
0.512017 0.652844 0.014299
0.513611 0.639418 0.016520
0.517513 0.646561 0.015337
0.576220 0.576916 0.037097
0.579910 0.583270 0.034400
0.574134 0.588535 0.032009
0.582009 0.571862 0.039787
0.587800 0.566918 0.042616
0.591484 0.573077 0.039617
0.585693 0.578119 0.036937
0.564671 0.587356 0.032152
0.570441 0.582080 0.034552
0.568369 0.593910 0.029768
0.566763 0.575677 0.037278
0.568886 0.564384 0.043035
0.574673 0.559547 0.046018
0.572545 0.570617 0.039976
0.556876 0.605005 0.025736
0.558912 0.592748 0.029898
0.562616 0.599400 0.027676
0.743104 0.518795 0.093771
0.747169 0.523513 0.089393
0.741689 0.527006 0.085225
0.748527 0.515447 0.098054
0.753921 0.512170 0.102358
0.758042 0.516780 0.097812
0.752619 0.520108 0.093592
0.732171 0.525740 0.085302
0.737653 0.522224 0.089516
0.736179 0.530590 0.081096
0.733601 0.517492 0.093954
0.734928 0.509504 0.102990
0.740291 0.506262 0.107464
0.739023 0.514124 0.098299
0.725063 0.538053 0.073006
0.726657 0.529348 0.081137
0.730638 0.534270 0.077019
0.710047 0.483004 0.135034
0.714234 0.487255 0.129191
0.709021 0.490368 0.124113
0.715160 0.479949 0.140345
0.720226 0.476913 0.145728
0.724528 0.481117 0.139540
0.719403 0.484174 0.134333
0.699670 0.489199 0.124638
0.704885 0.486086 0.129796
0.703766 0.493516 0.119094
0.700726 0.481891 0.135679
0.701602 0.474778 0.147303
0.706598 0.471775 0.152951
0.705838 0.478842 0.141074
0.693130 0.499937 0.109269
0.694406 0.492343 0.119556
0.698469 0.496703 0.114143
0.693034 0.466952 0.160318
0.697335 0.470815 0.153719
0.692330 0.473794 0.148019
0.697911 0.463999 0.166291
0.702711 0.461034 0.172384
0.707139 0.464854 0.165451
0.702272 0.467837 0.159530
0.726689 0.500428 0.112892
0.730816 0.504938 0.107850
0.725452 0.508195 0.103299
0.731990 0.497270 0.117592
0.737260 0.494151 0.122323
0.741453 0.498593 0.117041
0.736149 0.501741 0.112433
0.561598 0.552138 0.049677
0.565237 0.558221 0.046271
0.559455 0.563057 0.043276
0.567378 0.547536 0.052933
0.573154 0.543050 0.056304
0.576808 0.548890 0.052639
0.571022 0.553499 0.049394
0.515565 0.593286 0.028372
0.519219 0.600287 0.026208
0.513523 0.606080 0.024334
0.521286 0.587699 0.030540
0.527018 0.582244 0.032855
0.530664 0.589020 0.030361
0.524936 0.594589 0.028210
0.545932 0.649011 0.015286
0.549976 0.655869 0.014268
0.544544 0.662069 0.013374
0.551443 0.642918 0.016410
0.556993 0.636905 0.017646
0.560952 0.643677 0.016389
0.555444 0.649735 0.015273
0.443991 0.417574 0.228929
0.447516 0.420434 0.221893
0.442000 0.421417 0.215189
0.449506 0.416656 0.235870
0.454993 0.415662 0.242915
0.458509 0.418468 0.235712
0.453025 0.419459 0.228742
0.399519 0.426460 0.177671
0.403165 0.429954 0.171586
0.397556 0.431563 0.165750
0.405117 0.425056 0.183702
0.410700 0.423751 0.189832
0.414333 0.427078 0.183548
0.408758 0.428462 0.177520
0.428709 0.456749 0.130160
0.432358 0.460956 0.124451
0.426760 0.463437 0.119408
0.434301 0.454506 0.135415
0.439883 0.452372 0.140770
0.443533 0.456344 0.134846
0.437949 0.458593 0.129595
0.557372 0.312206 0.398593
0.562263 0.318102 0.396739
0.557395 0.324305 0.394190
0.562257 0.306628 0.399820
0.567159 0.301352 0.400465
0.572092 0.306605 0.399841
0.567176 0.312198 0.398605
0.590638 0.367220 0.361513
0.593499 0.374618 0.352480
0.588646 0.381112 0.343202
0.595722 0.360156 0.369277
0.600632 0.353204 0.376031
0.603385 0.360959 0.368897
0.598473 0.367822 0.361168
0.521985 0.366235 0.360786
0.526630 0.372828 0.352312
0.522588 0.379297 0.342805
0.525842 0.358999 0.368864
0.529864 0.351743 0.375853
0.534703 0.358716 0.369205
0.530628 0.365887 0.361256
0.486764 0.405243 0.288308
0.490323 0.408770 0.280449
0.485200 0.411090 0.272535
0.491752 0.402274 0.296631
0.496601 0.398795 0.305205
0.500242 0.402871 0.296996
0.495343 0.406052 0.288596
0.515595 0.429988 0.226523
0.519314 0.432775 0.219023
0.514137 0.434365 0.212184
0.520696 0.428366 0.233656
0.525722 0.426577 0.240938
0.529471 0.429400 0.233267
0.524430 0.431128 0.226063
0.354420 0.441832 0.133418
0.358110 0.446111 0.128071
0.352473 0.448607 0.123170
0.360061 0.439532 0.138520
0.365704 0.437328 0.143746
0.369384 0.441418 0.138226
0.363747 0.443715 0.133089
0.470644 0.641358 0.015418
0.474447 0.648925 0.014322
0.468947 0.655402 0.013353
0.476169 0.635040 0.016640
0.481714 0.628820 0.017979
0.485483 0.636236 0.016616
0.479956 0.642537 0.015410
0.412970 0.525169 0.056018
0.416564 0.531684 0.052143
0.410988 0.536420 0.048805
0.418562 0.520778 0.059567
0.424171 0.516542 0.063205
0.427768 0.522705 0.059095
0.422158 0.527115 0.055573
0.502745 0.470790 0.125329
0.506466 0.474903 0.119531
0.500889 0.477513 0.114517
0.508301 0.468404 0.130564
0.513838 0.466102 0.135901
0.517575 0.469964 0.129874
0.512029 0.472389 0.124649
0.457951 0.493851 0.087151
0.461594 0.499104 0.082307
0.455956 0.502716 0.078160
0.463575 0.490526 0.091542
0.469193 0.487335 0.096048
0.472857 0.492282 0.090969
0.467228 0.495624 0.086579
0.486813 0.539828 0.052585
0.490385 0.546176 0.048936
0.484673 0.550981 0.045807
0.492527 0.535306 0.055959
0.498244 0.530921 0.059439
0.501831 0.536978 0.055530
0.496105 0.541509 0.052179
0.651710 0.491058 0.116258
0.655656 0.495338 0.110795
0.650230 0.498587 0.105845
0.657067 0.487935 0.121451
0.662380 0.484855 0.126733
0.666388 0.488998 0.120986
0.661043 0.492144 0.115845
0.607496 0.518422 0.078975
0.611253 0.523536 0.074553
0.605563 0.527489 0.070594
0.613138 0.514695 0.083196
0.618752 0.511069 0.087544
0.622551 0.515947 0.082862
0.616916 0.519689 0.078643
0.637381 0.562168 0.048030
0.641115 0.568039 0.044838
0.635313 0.572857 0.041896
0.643170 0.557552 0.051247
0.648947 0.553039 0.054599
0.652708 0.558694 0.051148
0.646915 0.563317 0.047924
0.586144 0.437138 0.223244
0.590332 0.439983 0.215460
0.585606 0.442251 0.208358
0.590722 0.434820 0.230615
0.595182 0.432343 0.238043
0.599480 0.435207 0.230081
0.594958 0.437641 0.222729
0.546244 0.453567 0.169985
0.550136 0.456764 0.163422
0.544820 0.458829 0.157567
0.551474 0.451621 0.176069
0.556650 0.449674 0.182297
0.560613 0.452725 0.175499
0.555401 0.454735 0.169396
0.577135 0.482150 0.120257
0.580955 0.486242 0.114563
0.575417 0.489186 0.109559
0.582627 0.479384 0.125505
0.588082 0.476669 0.130870
0.591942 0.480536 0.124934
0.586465 0.483362 0.119689
0.619507 0.412820 0.285121
0.624090 0.416592 0.276273
0.620275 0.420175 0.268228
0.623202 0.408814 0.293461
0.626805 0.404665 0.301890
0.631415 0.409006 0.292744
0.627804 0.412861 0.284458
0.657112 0.439164 0.219041
0.661746 0.442392 0.211187
0.657275 0.445255 0.204138
0.661416 0.436245 0.226330
0.665614 0.433259 0.233685
0.670429 0.436525 0.225581
0.666133 0.439489 0.218348
0.619565 0.460972 0.165224
0.623666 0.464311 0.158621
0.618545 0.466963 0.152714
0.624557 0.458377 0.171389
0.629468 0.455762 0.177712
0.633676 0.459001 0.170865
0.628711 0.461660 0.164668
0.683089 0.528226 0.077247
0.686976 0.533296 0.073095
0.681338 0.537262 0.069142
0.688666 0.524451 0.081420
0.694205 0.520771 0.085692
0.698146 0.525668 0.081320
0.692579 0.529433 0.077157
0.532415 0.507259 0.082593
0.536091 0.512435 0.077913
0.530408 0.516221 0.073887
0.538065 0.503746 0.086878
0.543699 0.500354 0.091287
0.547412 0.505234 0.086345
0.541758 0.508773 0.082066
0.441500 0.581088 0.029848
0.445050 0.588572 0.027436
0.439442 0.594502 0.025334
0.447120 0.575416 0.032242
0.452750 0.569903 0.034768
0.456307 0.577111 0.032016
0.450673 0.582768 0.029657
0.502807 0.699968 0.010278
0.507154 0.706738 0.010038
0.501864 0.713000 0.009814
0.508165 0.693432 0.010566
0.513509 0.686930 0.010910
0.517792 0.693860 0.010582
0.512466 0.700343 0.010292
0.383856 0.479024 0.091879
0.387524 0.484248 0.086982
0.381926 0.487730 0.082746
0.389461 0.475801 0.096308
0.395069 0.472706 0.100832
0.398730 0.477665 0.095740
0.393125 0.480892 0.091313
0.553920 0.410063 0.288704
0.557756 0.414231 0.280075
0.553291 0.417472 0.271783
0.558304 0.406125 0.297429
0.562647 0.401783 0.306345
0.566440 0.406701 0.297279
0.562133 0.410654 0.288578
0.473007 0.441686 0.174846
0.476721 0.444975 0.168415
0.471243 0.446633 0.162582
0.478446 0.440191 0.180872
0.483859 0.438736 0.187009
0.487590 0.441869 0.180374
0.482171 0.443394 0.174344
0.591071 0.602638 0.027389
0.594825 0.609177 0.025409
0.589092 0.614717 0.023631
0.596836 0.597238 0.029453
0.602609 0.591938 0.031669
0.606346 0.598338 0.029368
0.600579 0.603709 0.027312
0.684315 0.459529 0.174041
0.683805 0.466108 0.161079
0.679488 0.462420 0.167865
0.688694 0.463190 0.167094
0.688086 0.469899 0.154461
0.718400 0.491584 0.123555
0.717255 0.499149 0.113332
0.713142 0.494724 0.118626
0.722551 0.495977 0.118124
0.721359 0.503639 0.108226
0.554335 0.540247 0.056971
0.552192 0.550738 0.049978
0.548571 0.544714 0.053578
0.557965 0.546143 0.053246
0.555819 0.556856 0.046542
0.508308 0.579446 0.033293
0.506215 0.591937 0.028545
0.502594 0.584922 0.030938
0.511928 0.586337 0.030733
0.509854 0.599006 0.026351
0.538041 0.635179 0.017715
0.536439 0.648241 0.015301
0.532486 0.641259 0.016460
0.541955 0.642112 0.016434
0.540456 0.655181 0.014274
0.437014 0.411796 0.243105
0.434951 0.415553 0.229084
0.431472 0.412625 0.236107
0.440491 0.414711 0.236007
0.438458 0.418479 0.222103
0.392267 0.419617 0.190002
0.390260 0.424443 0.177775
0.386631 0.420961 0.183862
0.395883 0.423019 0.183806
0.393905 0.427972 0.171740
0.421417 0.448641 0.141776
0.419460 0.454889 0.130677
0.415812 0.450771 0.136405
0.425062 0.452648 0.135939
0.423109 0.459108 0.125008
0.547470 0.301371 0.400448
0.547577 0.312210 0.398579
0.542606 0.306646 0.399808
0.552430 0.306634 0.399811
0.552520 0.318099 0.396724
0.584200 0.352134 0.376298
0.582435 0.366797 0.361696
0.579048 0.359309 0.369544
0.587603 0.359642 0.369467
0.585558 0.374139 0.352793
0.512044 0.352997 0.374822
0.513464 0.366855 0.360054
0.508560 0.360487 0.367415
0.517074 0.359550 0.368314
0.518168 0.373189 0.351740
0.479617 0.397831 0.303932
0.478121 0.404321 0.287947
0.474588 0.400775 0.295640
0.483195 0.401593 0.296148
0.481657 0.407763 0.280236
0.508253 0.424444 0.241703
0.506744 0.428745 0.227008
0.503097 0.425999 0.234524
0.511907 0.427236 0.234090
0.510421 0.431527 0.219544
0.347015 0.433499 0.144181
0.345075 0.439933 0.133728
0.341367 0.435714 0.139040
0.350720 0.437631 0.138789
0.348776 0.444229 0.128435
0.463167 0.626210 0.018052
0.461362 0.640113 0.015422
0.457633 0.632452 0.016676
0.466886 0.633778 0.016660
0.465130 0.647772 0.014316
0.405752 0.512655 0.064210
0.403794 0.523190 0.056469
0.400179 0.516838 0.060527
0.409367 0.518824 0.060044
0.407396 0.529722 0.052558
0.495313 0.462903 0.137255
0.493465 0.469147 0.125984
0.489759 0.465136 0.131881
0.499028 0.466792 0.131241
0.497176 0.473271 0.120194
0.450647 0.483778 0.097249
0.448682 0.492047 0.087745
0.445034 0.486934 0.092744
0.454302 0.488741 0.092135
0.452323 0.497307 0.082879
0.479656 0.527509 0.060346
0.477536 0.538112 0.052994
0.473962 0.531867 0.056822
0.483238 0.533602 0.056390
0.481105 0.544486 0.049320
0.643797 0.482826 0.127662
0.642387 0.489979 0.116658
0.638457 0.485842 0.122311
0.647758 0.486886 0.121883
0.646312 0.494228 0.111169
0.599955 0.508569 0.088333
0.598081 0.517140 0.079345
0.594325 0.512155 0.083978
0.603731 0.513431 0.083568
0.601826 0.522254 0.074883
0.629926 0.550678 0.054871
0.627864 0.560996 0.048160
0.624148 0.555187 0.051528
0.633652 0.556381 0.051375
0.631585 0.566888 0.044948
0.577838 0.431401 0.239020
0.577338 0.436517 0.223723
0.573244 0.433671 0.231555
0.581979 0.434304 0.231106
0.581461 0.439373 0.215965
0.538458 0.447404 0.183408
0.537097 0.452343 0.170582
0.533232 0.449230 0.177234
0.542350 0.450455 0.176644
0.540960 0.455538 0.164029
0.569474 0.474323 0.132050
0.567805 0.480887 0.120841
0.563992 0.476921 0.126685
0.573309 0.478177 0.126089
0.571612 0.484975 0.115130
0.610777 0.404211 0.303576
0.611261 0.412841 0.285821
0.606925 0.408636 0.294938
0.615060 0.408730 0.294235
0.615723 0.416656 0.276916
0.647750 0.432868 0.234922
0.648134 0.438884 0.219604
0.643527 0.435798 0.227460
0.652448 0.435994 0.226958
0.652718 0.442032 0.211810
0.611297 0.454659 0.178856
0.610421 0.460286 0.165833
0.606324 0.457129 0.172591
0.615442 0.457757 0.171967
0.614494 0.463560 0.159205
0.675291 0.518336 0.086007
0.673609 0.527022 0.077365
0.669732 0.522028 0.081705
0.679194 0.523238 0.081548
0.677477 0.532101 0.073180
0.525035 0.497334 0.092432
0.523080 0.505708 0.083142
0.519401 0.500661 0.088013
0.528730 0.502226 0.087433
0.526750 0.510895 0.078432
0.434399 0.566403 0.035281
0.432336 0.579421 0.030021
0.428793 0.571982 0.032667
0.437950 0.573697 0.032464
0.435882 0.586942 0.027581
0.494363 0.685850 0.010878
0.493164 0.699553 0.010262
0.488961 0.692453 0.010529
0.498553 0.692966 0.010550
0.497465 0.706410 0.010025
0.376511 0.469006 0.101926
0.374576 0.477157 0.092438
0.370897 0.472085 0.097415
0.380184 0.473945 0.096865
0.378252 0.482371 0.087543
0.546396 0.400833 0.306405
0.545674 0.409525 0.288753
0.541925 0.405145 0.297471
0.550138 0.405606 0.297486
0.549457 0.413624 0.280191
0.465606 0.435331 0.187921
0.463843 0.439939 0.175339
0.460153 0.436714 0.181816
0.469300 0.438476 0.181348
0.467541 0.443240 0.168927
0.583615 0.589679 0.031884
0.581574 0.601571 0.027474
0.577845 0.595031 0.029650
0.587336 0.596137 0.029547
0.585319 0.608144 0.025478
0.734603 0.539239 0.073029
0.729001 0.543101 0.069100
0.740173 0.535484 0.077024
0.723366 0.547072 0.065250
0.717700 0.551154 0.061493
0.756694 0.524810 0.089280
0.751217 0.528276 0.085160
0.762144 0.521430 0.093422
0.745710 0.531832 0.081072
0.555756 0.707933 0.010099
0.550584 0.713989 0.009866
0.560941 0.701771 0.010364
0.545428 0.719926 0.009662
0.540290 0.725735 0.009487
0.576563 0.683074 0.011441
0.571339 0.689264 0.011005
0.581817 0.676947 0.011984
0.566138 0.695517 0.010661
0.342831 0.489088 0.076073
0.462075 0.724471 0.009418
0.400372 0.603457 0.021326
0.642476 0.614571 0.025135
0.636720 0.619973 0.023380
0.648263 0.609179 0.027021
0.631009 0.625383 0.021740
0.625347 0.630825 0.020214
0.665705 0.593350 0.033641
0.659882 0.598557 0.031276
0.671532 0.588225 0.036161
0.654066 0.603837 0.029068
0.688981 0.573446 0.044608
0.683175 0.578266 0.041646
0.694770 0.568742 0.047711
0.677357 0.583195 0.038830
0.712006 0.555362 0.057852
0.706285 0.559699 0.054337
0.700540 0.564159 0.050955
0.429893 0.665454 0.011630
0.514935 0.752756 0.008989
0.509939 0.757818 0.008954
0.519955 0.747600 0.009043
0.504974 0.762806 0.008938
0.500038 0.767734 0.008940
0.535172 0.731406 0.009339
0.530076 0.736938 0.009217
0.525004 0.742333 0.009119
0.372544 0.540611 0.043215
0.597805 0.659037 0.014258
0.592435 0.664924 0.013393
0.603217 0.653236 0.015230
0.587107 0.670895 0.012635
0.619737 0.636320 0.018801
0.614180 0.641883 0.017501
0.608674 0.647519 0.016311
0.324293 0.462533 0.100113
0.320593 0.457639 0.105076
0.327995 0.467553 0.095188
0.316891 0.452863 0.110066
0.313182 0.448194 0.115074
0.339115 0.483478 0.080732
0.335405 0.478016 0.085485
0.331698 0.472711 0.090308
0.441312 0.689121 0.010342
0.437475 0.681253 0.010651
0.445207 0.696848 0.010103
0.433677 0.673347 0.011074
0.457671 0.718042 0.009561
0.453381 0.711318 0.009722
0.449220 0.704266 0.009903
0.383299 0.563294 0.033430
0.379777 0.555527 0.036505
0.386748 0.571254 0.030564
0.376188 0.547966 0.039771
0.396913 0.595564 0.023301
0.393509 0.587527 0.025496
0.390137 0.579369 0.027919
0.411121 0.626674 0.016520
0.407473 0.618986 0.017950
0.414825 0.634356 0.015249
0.403891 0.611254 0.019548
0.426113 0.657603 0.012323
0.422336 0.649805 0.013155
0.418569 0.642059 0.014129
0.475843 0.742218 0.009102
0.471173 0.736540 0.009189
0.480580 0.747678 0.009035
0.466580 0.730631 0.009294
0.495112 0.762943 0.008938
0.490223 0.758020 0.008953
0.485376 0.752940 0.008985
0.354003 0.506881 0.062777
0.350277 0.500768 0.067089
0.357729 0.513196 0.058589
0.346553 0.494843 0.071523
0.368866 0.533451 0.046828
0.365165 0.526486 0.050603
0.361451 0.519731 0.054528
