0.597060 0.577992 0.038032
0.594671 0.589533 0.032773
0.591138 0.583048 0.035376
0.479025 0.433067 0.202565
0.477415 0.437246 0.189617
0.473660 0.434236 0.196275
0.554804 0.391224 0.324972
0.554730 0.401647 0.307106
0.550731 0.396375 0.315892
0.390338 0.461346 0.113386
0.388319 0.468878 0.103343
0.384691 0.464122 0.108600
0.505424 0.672156 0.011955
0.504091 0.685940 0.010925
0.499974 0.678745 0.011370
0.447744 0.553208 0.041674
0.445484 0.565713 0.035684
0.442023 0.558507 0.038732
0.539756 0.489647 0.104207
0.537800 0.497186 0.094297
0.534091 0.492545 0.099450
0.690023 0.513082 0.099233
0.688290 0.521187 0.089767
0.684480 0.516345 0.094475
0.624517 0.451329 0.196402
0.624126 0.456887 0.182720
0.619815 0.453824 0.189618
0.657967 0.427993 0.256688
0.659225 0.434599 0.240924
0.654223 0.431252 0.248783
0.617791 0.394596 0.323617
0.618936 0.404543 0.306067
0.614345 0.399526 0.315028
0.584146 0.469725 0.146467
0.582638 0.475650 0.134764
0.578734 0.471995 0.140792
0.551758 0.444830 0.198734
0.550740 0.449492 0.185456
0.546696 0.446558 0.192217
0.588590 0.427546 0.257071
0.588891 0.433393 0.241585
0.584456 0.430320 0.249353
0.644412 0.541923 0.064451
0.642104 0.551657 0.056923
0.638544 0.546004 0.060680
0.615005 0.501581 0.100768
0.613093 0.509429 0.091038
0.609364 0.504723 0.096000
0.658411 0.478657 0.143669
0.657196 0.485393 0.131923
0.653200 0.481409 0.137866
0.493927 0.516631 0.069407
0.491684 0.526567 0.061409
0.488140 0.520655 0.065561
0.464700 0.476068 0.108694
0.462738 0.483531 0.098638
0.459055 0.478832 0.103905
0.509495 0.458311 0.150666
0.507752 0.463818 0.139035
0.503966 0.460174 0.145122
0.419360 0.502323 0.073260
0.417287 0.512194 0.064932
0.413692 0.506243 0.069290
0.475435 0.612212 0.021477
0.473331 0.626034 0.018243
0.469756 0.618400 0.019812
0.361406 0.427919 0.158111
0.359356 0.433833 0.146992
0.355730 0.429833 0.152635
0.520015 0.421696 0.257820
0.519012 0.426684 0.242857
0.515182 0.423744 0.250446
0.489477 0.390615 0.321835
0.488855 0.398736 0.305483
0.485044 0.394642 0.313282
0.518137 0.338399 0.384711
0.519428 0.352213 0.374022
0.514259 0.345628 0.379572
0.592121 0.338363 0.385592
0.590699 0.352498 0.375130
0.587286 0.345124 0.380747
0.555467 0.291512 0.399080
0.555494 0.301511 0.398734
0.550553 0.296473 0.398975
0.435341 0.443794 0.155232
0.433394 0.449355 0.143685
0.429760 0.445549 0.149688
0.406410 0.416810 0.205749
0.404420 0.421116 0.193026
0.400852 0.417830 0.199461
0.449968 0.410232 0.259541
0.448185 0.414175 0.245278
0.444641 0.411226 0.252504
0.550166 0.621869 0.020977
0.548180 0.634869 0.017978
0.544438 0.627836 0.019433
0.521906 0.566470 0.039482
0.519498 0.578573 0.033924
0.516030 0.571706 0.036731
0.568979 0.529857 0.066215
0.566642 0.539733 0.058515
0.563117 0.533941 0.062459
0.732523 0.488893 0.140481
0.731542 0.496270 0.129325
0.727388 0.491811 0.135072
0.697114 0.456267 0.194414
0.697132 0.462957 0.180459
0.692609 0.459206 0.187583
0.600582 0.584386 0.035268
0.482785 0.436020 0.195804
0.558770 0.396782 0.316030
0.393966 0.465972 0.108043
0.509499 0.679363 0.011386
0.451214 0.560257 0.038466
0.543486 0.494139 0.098942
0.693868 0.517841 0.094411
0.628899 0.454403 0.189377
0.663082 0.431405 0.248727
0.622238 0.399851 0.314549
0.588091 0.473272 0.140352
0.555841 0.447747 0.191845
0.593099 0.430768 0.249198
0.647997 0.547460 0.060578
0.618763 0.506167 0.095683
0.662464 0.482584 0.137595
0.497489 0.522387 0.065133
0.468395 0.480618 0.103330
0.513307 0.461836 0.144502
0.422963 0.508111 0.068790
0.478991 0.619761 0.019767
0.365019 0.431822 0.152368
0.523875 0.424807 0.250139
0.493379 0.394892 0.313938
0.523294 0.344986 0.379963
0.595521 0.345674 0.380825
0.560392 0.296465 0.398983
0.438985 0.447479 0.149142
0.409969 0.420022 0.199208
0.453529 0.413231 0.252256
0.553867 0.628837 0.019394
0.525367 0.573206 0.036512
0.572526 0.535513 0.062153
0.736741 0.493345 0.134561
0.701719 0.460038 0.187123
0.695404 0.483389 0.142279
0.699523 0.487580 0.136253
0.694324 0.490500 0.130710
0.700472 0.480511 0.148076
0.715205 0.471849 0.166155
0.719604 0.475976 0.159473
0.714687 0.478875 0.153519
0.727564 0.519189 0.099022
0.731480 0.523984 0.094359
0.725939 0.527280 0.089803
0.733022 0.516039 0.103735
0.749150 0.506951 0.118137
0.753222 0.511561 0.113057
0.747847 0.514573 0.108328
0.559369 0.572415 0.038636
0.562861 0.578974 0.035780
0.556963 0.584239 0.033249
0.565285 0.567401 0.041477
0.583067 0.553158 0.050843
0.586564 0.559241 0.047385
0.580628 0.563981 0.044266
0.512618 0.617373 0.021209
0.516253 0.624632 0.019567
0.510559 0.630831 0.018108
0.518375 0.611350 0.022919
0.535835 0.593868 0.028771
0.539361 0.600876 0.026584
0.533535 0.606672 0.024653
0.543537 0.674599 0.012006
0.547767 0.681459 0.011448
0.542461 0.687837 0.010994
0.548935 0.668252 0.012698
0.565383 0.649570 0.015474
0.569384 0.656384 0.014433
0.563914 0.662567 0.013512
0.442697 0.425477 0.204391
0.446344 0.428528 0.197721
0.440906 0.429607 0.191613
0.448121 0.424517 0.210716
0.464307 0.421726 0.230571
0.467939 0.424503 0.223422
0.462567 0.425491 0.216766
0.398437 0.435889 0.156946
0.402049 0.439675 0.151016
0.396412 0.441613 0.145551
0.404061 0.434190 0.162594
0.420798 0.429866 0.180037
0.424431 0.433244 0.173769
0.418871 0.434653 0.167962
0.427454 0.468789 0.111119
0.431106 0.473386 0.105721
0.425457 0.476288 0.101022
0.433092 0.466166 0.116012
0.449954 0.459087 0.131253
0.453629 0.463159 0.125460
0.448011 0.465517 0.120379
0.555545 0.337660 0.385219
0.560096 0.344598 0.380456
0.555403 0.351580 0.374779
0.560341 0.330958 0.389233
0.575100 0.312351 0.396930
0.579788 0.318306 0.395126
0.574862 0.324496 0.392560
0.586689 0.392947 0.324999
0.590632 0.398584 0.315876
0.586817 0.403582 0.307059
0.590803 0.387357 0.334107
0.604051 0.368467 0.360536
0.606878 0.375832 0.351750
0.602654 0.381942 0.342970
0.522277 0.390478 0.324097
0.526329 0.395585 0.315324
0.522087 0.400238 0.306509
0.526300 0.385065 0.333299
0.537989 0.365647 0.360405
0.542472 0.372541 0.352037
0.538481 0.379055 0.342927
0.485281 0.416889 0.258855
0.488959 0.419878 0.251387
0.483803 0.421257 0.244224
0.490338 0.415088 0.266265
0.504860 0.407445 0.289646
0.508625 0.411295 0.281537
0.503874 0.414002 0.273719
0.515398 0.439646 0.200515
0.519306 0.442567 0.193636
0.514068 0.444018 0.187452
0.520561 0.438195 0.206969
0.535642 0.433419 0.227551
0.539624 0.436230 0.220153
0.534651 0.437920 0.213205
0.353250 0.453849 0.115528
0.356873 0.458509 0.110257
0.351209 0.461383 0.105599
0.358909 0.451207 0.120340
0.375862 0.443949 0.135372
0.379476 0.448149 0.129794
0.373828 0.450566 0.124760
0.467679 0.668908 0.011868
0.471555 0.676549 0.011295
0.466035 0.683346 0.010818
0.473222 0.662188 0.012604
0.489930 0.642464 0.015562
0.493692 0.649990 0.014454
0.488133 0.656531 0.013479
0.410999 0.546048 0.042803
0.414510 0.553234 0.039464
0.408848 0.558847 0.036499
0.416649 0.540865 0.046014
0.433688 0.526460 0.056234
0.437230 0.532914 0.052348
0.431528 0.537713 0.048974
0.502174 0.483064 0.106454
0.505901 0.487572 0.101118
0.500216 0.490525 0.096459
0.507830 0.480391 0.111323
0.524690 0.473040 0.126537
0.528471 0.477004 0.120769
0.522858 0.479485 0.115695
0.456573 0.509603 0.071232
0.460154 0.515382 0.066868
0.454413 0.519527 0.063083
0.462298 0.505758 0.075237
0.479440 0.495124 0.087965
0.483094 0.500264 0.083102
0.477368 0.503817 0.078871
0.484688 0.560068 0.040535
0.488134 0.566988 0.037447
0.482318 0.572417 0.034769
0.490511 0.554945 0.043510
0.508037 0.540523 0.053180
0.511517 0.546840 0.049500
0.505659 0.551642 0.046296
0.652529 0.507286 0.099784
0.656319 0.511961 0.094827
0.650691 0.515298 0.090149
0.658076 0.504132 0.104711
0.674421 0.495034 0.120172
0.678355 0.499396 0.114682
0.672921 0.502439 0.109552
0.606671 0.535970 0.065115
0.610227 0.541566 0.061159
0.604331 0.545792 0.057531
0.612521 0.531988 0.068977
0.629893 0.520760 0.081370
0.633555 0.525884 0.076912
0.627768 0.529627 0.072772
0.634891 0.583434 0.037642
0.638438 0.589739 0.034932
0.632517 0.594786 0.032454
0.640831 0.578575 0.040438
0.658685 0.564624 0.049778
0.662231 0.570526 0.046468
0.656276 0.575172 0.043346
0.588230 0.448833 0.197510
0.592479 0.451767 0.190536
0.587533 0.453840 0.184009
0.593016 0.446693 0.204357
0.606661 0.439638 0.226001
0.611166 0.442509 0.218382
0.606672 0.444997 0.211146
0.546776 0.464414 0.148350
0.550654 0.467908 0.142224
0.545158 0.470075 0.136695
0.552184 0.462418 0.154055
0.568081 0.456674 0.171832
0.572135 0.459776 0.165361
0.566847 0.461751 0.159411
0.577382 0.495813 0.102318
0.581129 0.500337 0.097129
0.575433 0.503485 0.092487
0.583025 0.492909 0.107204
0.599753 0.484641 0.122614
0.603597 0.488677 0.116940
0.598033 0.491480 0.111804
0.623013 0.427983 0.256460
0.627850 0.431121 0.248597
0.623880 0.434195 0.240887
0.626750 0.424601 0.264367
0.637189 0.413474 0.288832
0.642388 0.417354 0.280676
0.638959 0.421013 0.272507
0.660736 0.453507 0.195882
0.665250 0.456938 0.188730
0.660579 0.459660 0.181986
0.665225 0.450696 0.202940
0.678065 0.441789 0.224949
0.682925 0.445321 0.217128
0.678669 0.448349 0.209802
0.621381 0.474266 0.144817
0.625370 0.477953 0.138721
0.620015 0.480577 0.133090
0.626612 0.471738 0.150669
0.641801 0.464130 0.169099
0.646016 0.467586 0.162577
0.640981 0.470182 0.156395
0.682262 0.547698 0.064272
0.685894 0.553156 0.060450
0.680019 0.557306 0.056741
0.688078 0.543775 0.068230
0.705274 0.532650 0.080834
0.709036 0.537743 0.076582
0.703311 0.541433 0.072367
0.531404 0.523414 0.067658
0.534948 0.529121 0.063488
0.529100 0.533333 0.059820
0.537218 0.519484 0.071552
0.554555 0.508544 0.083988
0.558198 0.513655 0.079305
0.552413 0.517312 0.075164
0.438734 0.606287 0.021710
0.442236 0.614021 0.019929
0.436604 0.620392 0.018316
0.444395 0.600106 0.023601
0.461542 0.582122 0.030015
0.464979 0.589613 0.027607
0.459242 0.595607 0.025501
0.501180 0.725137 0.009466
0.505781 0.731079 0.009329
0.500634 0.736728 0.009209
0.506404 0.719161 0.009636
0.522224 0.700367 0.010325
0.526632 0.707037 0.010078
0.521385 0.713261 0.009846
0.382284 0.494805 0.075368
0.385920 0.500560 0.070810
0.380290 0.504590 0.066846
0.387925 0.491061 0.079516
0.404865 0.480656 0.092490
0.408497 0.485847 0.087495
0.402847 0.489316 0.083185
0.554385 0.425025 0.257398
0.558533 0.428295 0.249658
0.553980 0.430551 0.242084
0.558757 0.422268 0.265251
0.571090 0.411987 0.289905
0.575356 0.416347 0.281464
0.571358 0.419826 0.273267
0.472277 0.451322 0.152946
0.476005 0.454917 0.146823
0.470429 0.456814 0.141329
0.477806 0.449649 0.158593
0.494194 0.445174 0.176019
0.498019 0.448331 0.169579
0.492569 0.449847 0.163785
0.587978 0.625916 0.020810
0.591739 0.632629 0.019272
0.586077 0.638403 0.017887
0.593739 0.620290 0.022437
0.611254 0.603912 0.028044
0.614851 0.610519 0.025992
0.609007 0.615934 0.024134
0.678482 0.467679 0.167979
0.677824 0.474231 0.155221
0.673586 0.470438 0.161725
0.682785 0.471447 0.161330
0.690261 0.486273 0.136596
0.711674 0.500683 0.119250
0.710299 0.508269 0.108932
0.706339 0.503706 0.114110
0.715678 0.505204 0.113942
0.722061 0.522420 0.094365
0.545465 0.547017 0.051866
0.543043 0.558000 0.045146
0.539571 0.551661 0.048572
0.548944 0.553222 0.048300
0.553465 0.577566 0.035943
0.498494 0.588312 0.029358
0.496174 0.601493 0.025062
0.492681 0.594148 0.027198
0.501973 0.595569 0.027065
0.506893 0.623498 0.019618
0.527494 0.646355 0.015511
0.525863 0.659892 0.013494
0.521928 0.652703 0.014441
0.531381 0.653520 0.014437
0.538176 0.680988 0.011433
0.428430 0.413501 0.231924
0.426480 0.417251 0.218318
0.422958 0.414235 0.225222
0.431942 0.416469 0.224907
0.437260 0.426476 0.198181
0.384046 0.421472 0.181143
0.381991 0.426510 0.169194
0.378403 0.422903 0.175224
0.387630 0.424990 0.175014
0.392801 0.437720 0.151393
0.412905 0.451548 0.133530
0.410896 0.458064 0.122725
0.407268 0.453801 0.128339
0.416533 0.455696 0.127820
0.421810 0.471546 0.106320
0.535993 0.312412 0.396839
0.536303 0.324511 0.392398
0.531278 0.318389 0.394942
0.540986 0.318272 0.394967
0.550880 0.344533 0.380395
0.572257 0.366280 0.360891
0.571270 0.380066 0.343484
0.567532 0.373174 0.352432
0.575832 0.373521 0.352492
0.582704 0.398199 0.316019
0.504298 0.367788 0.358018
0.505580 0.380081 0.340919
0.501058 0.374625 0.349044
0.509110 0.373749 0.350179
0.518123 0.395410 0.315118
0.470687 0.403720 0.289083
0.469231 0.409131 0.273935
0.465626 0.405822 0.281441
0.474321 0.407181 0.281493
0.480138 0.418397 0.251595
0.500105 0.428305 0.229180
0.498670 0.432356 0.215125
0.494912 0.429541 0.222300
0.503872 0.431080 0.221851
0.510178 0.441051 0.194220
0.338729 0.436216 0.136960
0.336703 0.442917 0.126637
0.333068 0.438548 0.131969
0.342366 0.440491 0.131559
0.347584 0.456600 0.110801
0.452866 0.637583 0.015562
0.450887 0.652165 0.013398
0.447262 0.644194 0.014398
0.456481 0.645485 0.014419
0.462135 0.675699 0.011258
0.396763 0.518914 0.057917
0.394728 0.530232 0.050380
0.391144 0.523513 0.054283
0.400345 0.525434 0.053891
0.405356 0.551457 0.039688
0.487204 0.466311 0.128924
0.485321 0.472707 0.118041
0.481589 0.468566 0.123710
0.490948 0.470320 0.123146
0.496505 0.485864 0.101681
0.442072 0.488000 0.090153
0.440030 0.496688 0.080942
0.436396 0.491362 0.085772
0.445717 0.493168 0.085206
0.450845 0.513586 0.067333
0.470778 0.533646 0.054648
0.468493 0.544854 0.047589
0.465001 0.538294 0.051229
0.474280 0.540042 0.050875
0.478877 0.565349 0.037694
0.637147 0.489790 0.121161
0.635527 0.496926 0.110409
0.631681 0.492649 0.115859
0.641025 0.493985 0.115586
0.646934 0.510517 0.094981
0.592224 0.514782 0.082463
0.590071 0.523605 0.073759
0.586449 0.518365 0.078203
0.595873 0.519881 0.077885
0.600796 0.540073 0.061371
0.620812 0.558980 0.050144
0.618379 0.569650 0.043671
0.614874 0.563552 0.046899
0.624323 0.564972 0.046773
0.628963 0.588397 0.035003
0.571170 0.437253 0.226782
0.570679 0.442156 0.212098
0.566466 0.439270 0.219463
0.575427 0.440135 0.219254
0.583337 0.450887 0.190842
0.531110 0.451513 0.173661
0.529689 0.456325 0.161385
0.525791 0.453146 0.167762
0.535044 0.454595 0.167208
0.541317 0.466471 0.142744
0.562196 0.479102 0.124405
0.560418 0.485701 0.113576
0.556619 0.481603 0.119177
0.566017 0.483083 0.118692
0.571711 0.498817 0.097552
0.603854 0.413407 0.289375
0.604886 0.421276 0.272748
0.600207 0.417424 0.281056
0.608563 0.417516 0.280897
0.619141 0.431183 0.248693
0.642195 0.440425 0.225540
0.642568 0.446427 0.210532
0.637947 0.443287 0.217960
0.646899 0.443596 0.217966
0.656147 0.456248 0.188962
0.605066 0.460826 0.170321
0.604037 0.466315 0.157762
0.599957 0.463052 0.164178
0.609197 0.464005 0.163792
0.616073 0.476812 0.139092
0.667564 0.526682 0.080862
0.665507 0.535549 0.072328
0.661834 0.530329 0.076563
0.671269 0.531802 0.076505
0.676413 0.551740 0.060444
0.516973 0.502007 0.085876
0.514856 0.510724 0.076923
0.511231 0.505437 0.081586
0.520619 0.507130 0.081083
0.525574 0.527479 0.063873
0.424906 0.575576 0.030638
0.422604 0.589514 0.025836
0.419172 0.581752 0.028186
0.428341 0.583231 0.028115
0.433071 0.612626 0.019937
0.483662 0.698763 0.010254
0.482521 0.712182 0.009797
0.478231 0.705378 0.010000
0.487886 0.705771 0.010021
0.495985 0.730967 0.009323
0.367745 0.473230 0.094782
0.365725 0.481843 0.085411
0.362091 0.476517 0.090340
0.371376 0.478408 0.089771
0.376648 0.498674 0.071298
0.538242 0.409784 0.289622
0.537809 0.417226 0.273189
0.533865 0.413376 0.281293
0.542218 0.413963 0.281339
0.549880 0.427486 0.249715
0.457406 0.437903 0.178124
0.455621 0.442559 0.165962
0.451932 0.439231 0.172280
0.461116 0.441132 0.171727
0.466723 0.453101 0.147385
0.573445 0.598989 0.028337
0.571173 0.611372 0.024348
0.567578 0.604566 0.026309
0.577018 0.605737 0.026233
0.582259 0.631655 0.019300
0.576586 0.637515 0.017907
0.574901 0.650282 0.015469
0.570960 0.643493 0.016632
0.580465 0.644287 0.016620
0.584425 0.651037 0.015463
0.583033 0.663764 0.013525
0.578924 0.657041 0.014434
0.569044 0.623922 0.020885
0.572781 0.630726 0.019328
0.567100 0.636665 0.017928
0.574816 0.618147 0.022528
0.580624 0.612479 0.024288
0.584274 0.619203 0.022481
0.578508 0.624904 0.020846
0.561738 0.610243 0.024414
0.559597 0.622912 0.020929
0.555933 0.616007 0.022637
0.565365 0.617094 0.022580
0.563315 0.629800 0.019359
0.461147 0.454988 0.141912
0.459239 0.460927 0.130643
0.455556 0.456980 0.136532
0.464839 0.458815 0.135933
0.468541 0.462744 0.130049
0.466632 0.469152 0.119167
0.462931 0.464982 0.124853
0.453778 0.447622 0.154093
0.457461 0.451255 0.147969
0.451882 0.453134 0.142510
0.459317 0.445976 0.159706
0.464831 0.444435 0.165401
0.468551 0.447830 0.159140
0.463018 0.449488 0.153512
0.446428 0.440645 0.166522
0.444554 0.445725 0.154672
0.440897 0.442161 0.160842
0.450100 0.444087 0.160279
0.448216 0.449381 0.148560
0.545246 0.429677 0.242185
0.544514 0.434459 0.227315
0.540495 0.431641 0.234795
0.549303 0.432593 0.234636
0.553390 0.435445 0.227127
0.552641 0.440161 0.212597
0.548562 0.437297 0.219897
0.537231 0.423474 0.257476
0.541222 0.426653 0.249788
0.536510 0.428760 0.242326
0.541790 0.420849 0.265237
0.546227 0.417879 0.273215
0.550282 0.421560 0.265242
0.545814 0.424263 0.257422
0.529362 0.416540 0.273219
0.528632 0.422627 0.257603
0.524743 0.419304 0.265400
0.533277 0.420107 0.265279
0.532554 0.425770 0.249919
0.371015 0.502688 0.067300
0.369038 0.513172 0.059121
0.365381 0.506866 0.063369
0.374665 0.508785 0.062952
0.378305 0.515085 0.058736
0.376319 0.526438 0.051040
0.372686 0.519696 0.055008
0.363713 0.491017 0.076392
0.367363 0.496773 0.071781
0.361721 0.500758 0.067752
0.369362 0.487314 0.080587
0.375010 0.483728 0.084856
0.378647 0.489195 0.080052
0.373003 0.492924 0.075880
0.356431 0.479924 0.085970
0.354410 0.489068 0.076908
0.350765 0.483447 0.081667
0.360070 0.485399 0.081126
0.358063 0.494832 0.072266
0.490820 0.736657 0.009204
0.490432 0.747643 0.009039
0.485687 0.742216 0.009109
0.495517 0.742246 0.009113
0.500275 0.747618 0.009041
0.500083 0.757910 0.008954
0.495232 0.752868 0.008987
0.481644 0.724771 0.009448
0.486192 0.730836 0.009316
0.481008 0.736571 0.009198
0.486917 0.718705 0.009616
0.492222 0.712493 0.009812
0.496656 0.718944 0.009627
0.491409 0.724963 0.009458
0.472831 0.711848 0.009778
0.471885 0.724563 0.009436
0.467463 0.718169 0.009586
0.477186 0.718446 0.009602
0.476404 0.730692 0.009307
0.427372 0.619186 0.018285
0.425193 0.633862 0.015461
0.421608 0.626019 0.016759
0.430934 0.626987 0.016824
0.434500 0.634885 0.015521
0.432408 0.649741 0.013313
0.428794 0.641771 0.014313
0.420317 0.603725 0.021700
0.423830 0.611444 0.019908
0.418043 0.618238 0.018217
0.426065 0.597228 0.023686
0.431784 0.590926 0.025793
0.435248 0.598600 0.023661
0.429555 0.604917 0.021724
0.413400 0.588198 0.025848
0.411026 0.602699 0.021640
0.407581 0.594878 0.023629
0.416840 0.595991 0.023675
0.414514 0.610474 0.019841
0.519734 0.531682 0.060198
0.517379 0.542193 0.052823
0.513887 0.536028 0.056633
0.523241 0.537691 0.056263
0.526732 0.543824 0.052484
0.524327 0.554878 0.045686
0.520857 0.548479 0.049171
0.512656 0.520067 0.068512
0.516206 0.525806 0.064282
0.510377 0.529996 0.060596
0.518454 0.516168 0.072420
0.524239 0.512410 0.076446
0.527834 0.517841 0.071973
0.522027 0.521757 0.068073
0.505475 0.509016 0.077411
0.503288 0.518355 0.068959
0.499705 0.512749 0.073353
0.509079 0.514467 0.072885
0.506845 0.524105 0.064706
0.670532 0.555907 0.056750
0.668181 0.565995 0.049745
0.664620 0.560202 0.053193
0.674113 0.561587 0.053171
0.677683 0.567353 0.049735
0.675299 0.577825 0.043308
0.671737 0.571871 0.046448
0.663328 0.544821 0.064310
0.666937 0.550318 0.060464
0.661048 0.554501 0.056784
0.669159 0.540863 0.068236
0.674954 0.537016 0.072293
0.678618 0.542319 0.068219
0.672795 0.546261 0.064277
0.656062 0.534085 0.072391
0.653864 0.543379 0.064368
0.650253 0.537951 0.068353
0.659703 0.539409 0.068283
0.657463 0.548893 0.060510
0.610691 0.479388 0.133486
0.609119 0.485929 0.122195
0.605248 0.481995 0.127994
0.614593 0.483231 0.127579
0.618472 0.487209 0.121806
0.616798 0.494195 0.111026
0.612968 0.489996 0.116537
0.602795 0.472085 0.145632
0.606760 0.475674 0.139511
0.601354 0.478186 0.133911
0.608084 0.469691 0.151438
0.613295 0.467296 0.157356
0.617355 0.470715 0.151028
0.612096 0.473185 0.145210
0.594763 0.465267 0.158158
0.593478 0.470932 0.146046
0.589493 0.467487 0.152255
0.598795 0.468618 0.151848
0.597434 0.474497 0.139931
0.651461 0.458925 0.182186
0.650961 0.464972 0.168906
0.646679 0.461549 0.175562
0.655816 0.462334 0.175378
0.660125 0.465843 0.168674
0.659394 0.472156 0.155911
0.655199 0.468508 0.162355
0.642615 0.452356 0.196130
0.647061 0.455604 0.189102
0.642353 0.458227 0.182328
0.647141 0.449634 0.203231
0.651560 0.446833 0.210499
0.656171 0.450138 0.203139
0.651668 0.452909 0.196043
0.633586 0.446061 0.210568
0.633566 0.451833 0.196228
0.629109 0.448742 0.203383
0.638123 0.449174 0.203281
0.637981 0.454993 0.189213
0.615126 0.434207 0.241049
0.615536 0.439888 0.225794
0.610963 0.437025 0.233491
0.619776 0.437121 0.233294
0.624402 0.440039 0.225608
0.624614 0.445720 0.210688
0.620087 0.442769 0.218159
0.605764 0.428086 0.256754
0.610450 0.431219 0.248861
0.606369 0.434101 0.241229
0.609624 0.424819 0.264608
0.613349 0.421269 0.272603
0.618175 0.424728 0.264459
0.614387 0.428099 0.256603
0.596455 0.421114 0.272903
0.597163 0.427892 0.256914
0.592586 0.424484 0.264913
0.601090 0.424733 0.264758
0.601764 0.431076 0.249028
0.566016 0.501934 0.092908
0.563965 0.510135 0.083574
0.560296 0.505174 0.088386
0.569710 0.506747 0.087969
0.573381 0.511710 0.083180
0.571229 0.520503 0.074418
0.567609 0.515245 0.078917
0.558556 0.492769 0.103221
0.562297 0.497275 0.097995
0.556604 0.500367 0.093349
0.564201 0.489932 0.108103
0.569823 0.487193 0.113103
0.573613 0.491433 0.107644
0.567966 0.494301 0.102760
0.551020 0.484188 0.114069
0.549152 0.491217 0.103703
0.545399 0.486866 0.109079
0.554796 0.488408 0.108580
0.552889 0.495715 0.098457
0.535808 0.468592 0.137234
0.534062 0.474614 0.125960
0.530264 0.470778 0.131827
0.539625 0.472306 0.131270
0.543433 0.476140 0.125418
0.541631 0.482652 0.114584
0.537852 0.478570 0.120212
0.528138 0.461492 0.149439
0.531982 0.464987 0.143294
0.526460 0.467058 0.137808
0.533580 0.459602 0.155089
0.538967 0.457765 0.160842
0.542880 0.461035 0.154557
0.537456 0.462981 0.148876
0.520411 0.454811 0.161975
0.518817 0.459934 0.150043
0.514977 0.456528 0.156281
0.524280 0.458101 0.155667
0.522646 0.463443 0.143884
0.578342 0.452864 0.184346
0.577352 0.457818 0.171433
0.573253 0.454785 0.178013
0.582489 0.455849 0.177645
0.586610 0.458895 0.171052
0.585473 0.464155 0.158557
0.581426 0.460935 0.164950
0.569998 0.446995 0.198096
0.574176 0.449917 0.191162
0.569133 0.451810 0.184698
0.574901 0.445050 0.204880
0.579695 0.443024 0.211857
0.583966 0.445922 0.204614
0.579124 0.447958 0.197797
0.561653 0.441200 0.212343
0.560871 0.445952 0.198406
0.556747 0.443049 0.205437
0.565820 0.444092 0.205153
0.565002 0.448870 0.191495
0.623045 0.593465 0.032523
0.620722 0.605177 0.027983
0.617141 0.598637 0.030202
0.626611 0.599933 0.030137
0.630196 0.606460 0.027926
0.627954 0.618380 0.024039
0.624322 0.611769 0.025940
0.615960 0.580717 0.037815
0.619495 0.587058 0.035082
0.613579 0.592150 0.032598
0.621895 0.575826 0.040612
0.627836 0.571048 0.043562
0.631358 0.577203 0.040518
0.625421 0.582076 0.037723
0.608932 0.568245 0.043796
0.606506 0.579356 0.037917
0.602992 0.573059 0.040839
0.612439 0.574445 0.040719
0.610035 0.585722 0.035170
0.594901 0.544304 0.057743
0.592495 0.554629 0.050639
0.588989 0.548666 0.054232
0.598419 0.550146 0.054023
0.601928 0.556088 0.050454
0.599491 0.566833 0.043936
0.595994 0.560686 0.047205
0.587816 0.532958 0.065616
0.591368 0.538574 0.061609
0.585473 0.542809 0.057976
0.593669 0.528976 0.069478
0.599496 0.525117 0.073466
0.603095 0.530483 0.069212
0.597243 0.534469 0.065353
0.580647 0.522069 0.074075
0.578394 0.531423 0.065903
0.574823 0.525900 0.070082
0.584243 0.527453 0.069766
0.581943 0.537060 0.061867
0.641296 0.513835 0.090310
0.639306 0.522253 0.081188
0.635614 0.517246 0.085773
0.645019 0.518727 0.085601
0.648721 0.523738 0.081046
0.646625 0.532614 0.072479
0.642977 0.527378 0.076757
0.633777 0.504431 0.100192
0.637548 0.509068 0.095173
0.631897 0.512364 0.090513
0.639352 0.501330 0.105110
0.644881 0.498298 0.110164
0.648715 0.502732 0.104895
0.643155 0.505860 0.099967
0.626166 0.495558 0.110696
0.624394 0.503004 0.100459
0.620607 0.498530 0.105666
0.629983 0.499928 0.105367
0.628158 0.507616 0.095408
0.473081 0.570786 0.034991
0.470741 0.583729 0.029847
0.467302 0.576378 0.032430
0.476521 0.577996 0.032235
0.479965 0.585298 0.029681
0.477650 0.598641 0.025280
0.474185 0.591167 0.027469
0.466186 0.556688 0.041093
0.469639 0.563679 0.037946
0.463863 0.569125 0.035217
0.471968 0.551556 0.044113
0.477763 0.546584 0.047259
0.481232 0.553263 0.043809
0.475429 0.558391 0.040812
0.459235 0.543106 0.047924
0.456958 0.554964 0.041379
0.453482 0.548077 0.044738
0.462718 0.549829 0.044421
0.460418 0.561982 0.038203
0.445118 0.517717 0.063535
0.442946 0.528286 0.055824
0.439397 0.522005 0.059836
0.448675 0.523825 0.059403
0.452214 0.530098 0.055420
0.449989 0.541328 0.048271
0.446477 0.534729 0.051968
0.437948 0.505992 0.072229
0.441542 0.511775 0.067811
0.435831 0.515896 0.063995
0.443651 0.502169 0.076259
0.449352 0.498491 0.080397
0.452971 0.503971 0.075739
0.447258 0.507803 0.071725
0.430716 0.494874 0.081495
0.428648 0.504169 0.072741
0.425036 0.498532 0.077326
0.434338 0.500359 0.076789
0.432247 0.509952 0.068298
0.490826 0.488803 0.097007
0.488811 0.496867 0.087447
0.485138 0.491889 0.092434
0.494518 0.493622 0.091901
0.498193 0.498595 0.086926
0.496097 0.507295 0.077899
0.492465 0.502002 0.082598
0.483406 0.479611 0.107580
0.487120 0.484136 0.102235
0.481450 0.487064 0.097548
0.489053 0.476966 0.112477
0.494693 0.474446 0.117472
0.498436 0.478692 0.111907
0.492783 0.481349 0.107022
0.475967 0.470939 0.118597
0.474044 0.477848 0.108129
0.470336 0.473439 0.113591
0.479686 0.475215 0.113034
0.477750 0.482387 0.102781
0.399709 0.557121 0.036671
0.397438 0.570961 0.030887
0.394035 0.563093 0.033751
0.403167 0.564735 0.033639
0.406590 0.572481 0.030824
0.404179 0.586960 0.025829
0.400810 0.578946 0.028249
0.392681 0.542368 0.043338
0.396213 0.549659 0.039908
0.390580 0.555384 0.036834
0.398292 0.537140 0.046638
0.403913 0.532141 0.050024
0.407465 0.539016 0.046325
0.401836 0.544219 0.043071
0.385534 0.528331 0.050721
0.383516 0.540529 0.043585
0.379930 0.533387 0.047228
0.389119 0.535258 0.046945
0.387071 0.547860 0.040116
0.456584 0.682561 0.010777
0.454921 0.697163 0.010158
0.451004 0.689521 0.010408
0.460496 0.690227 0.010452
0.464482 0.697738 0.010195
0.463152 0.711489 0.009756
0.458965 0.704498 0.009946
0.448984 0.666908 0.011791
0.452745 0.674789 0.011216
0.447159 0.681720 0.010730
0.454568 0.660087 0.012544
0.460149 0.653354 0.013426
0.463879 0.661171 0.012577
0.458315 0.667941 0.011832
0.441659 0.650909 0.013364
0.439683 0.665812 0.011743
0.436035 0.657764 0.012457
0.445291 0.658940 0.012505
0.443385 0.673817 0.011168
0.341914 0.459456 0.106159
0.339864 0.467460 0.096508
0.336240 0.462424 0.101590
0.345538 0.464367 0.101018
0.349166 0.469411 0.095932
0.347127 0.477970 0.086531
0.343492 0.472643 0.091483
0.334668 0.450007 0.116564
0.338292 0.454673 0.111344
0.332620 0.457523 0.106717
0.340333 0.447375 0.121328
0.345996 0.444850 0.126183
0.349624 0.449300 0.120837
0.343959 0.451934 0.116047
0.327407 0.440982 0.127083
0.325376 0.448083 0.117076
0.321745 0.443522 0.122292
0.331040 0.445446 0.121813
0.329000 0.452747 0.111882
0.504900 0.442427 0.188053
0.503423 0.446872 0.175445
0.499571 0.443794 0.181991
0.508773 0.445445 0.181397
0.512654 0.448501 0.174833
0.511130 0.453222 0.162594
0.507277 0.450008 0.168981
0.497214 0.436496 0.201633
0.501045 0.439443 0.194800
0.495732 0.440758 0.188618
0.502470 0.435215 0.208058
0.507675 0.433899 0.214619
0.511518 0.436756 0.207509
0.506309 0.438115 0.201089
0.489658 0.430735 0.215561
0.488120 0.434806 0.202112
0.484359 0.431904 0.208990
0.493417 0.433591 0.208550
0.491913 0.437760 0.195325
0.474920 0.419665 0.244470
0.473281 0.423497 0.230233
0.469639 0.420754 0.237463
0.478571 0.422442 0.237171
0.482244 0.425174 0.229907
0.480633 0.429055 0.215964
0.476943 0.426256 0.223053
0.467665 0.413837 0.259164
0.471284 0.416804 0.251800
0.466018 0.417961 0.244727
0.472851 0.412336 0.266451
0.477963 0.410537 0.273911
0.481615 0.413775 0.266361
0.476487 0.415426 0.259004
0.460473 0.407570 0.273987
0.458823 0.412107 0.259344
0.455249 0.409026 0.266695
0.464060 0.410756 0.266560
0.462413 0.415085 0.252020
0.513837 0.399920 0.306390
0.513249 0.408128 0.289601
0.509424 0.403958 0.297893
0.517736 0.404452 0.297926
0.521609 0.408731 0.289552
0.520890 0.415788 0.273332
0.517064 0.412068 0.281403
0.505902 0.390494 0.323320
0.509907 0.395244 0.314869
0.505567 0.399570 0.306218
0.509918 0.385368 0.332414
0.513712 0.379585 0.341711
0.518091 0.385168 0.332924
0.514084 0.390464 0.323777
0.497523 0.380735 0.339807
0.497700 0.390561 0.322652
0.493654 0.386024 0.330683
0.501780 0.385665 0.331662
0.501669 0.395076 0.314486
0.578814 0.403163 0.307181
0.579242 0.412501 0.289829
0.574972 0.407787 0.298470
0.583047 0.408251 0.298367
0.587415 0.412916 0.289703
0.588059 0.420806 0.273052
0.583607 0.416826 0.281355
0.570826 0.392089 0.325149
0.574752 0.397754 0.316109
0.570811 0.402672 0.307243
0.574999 0.386527 0.334285
0.579364 0.380464 0.343488
0.582956 0.386946 0.334229
0.578785 0.392538 0.325106
0.563112 0.379684 0.343408
0.562829 0.391628 0.325094
0.558905 0.385696 0.334162
0.566968 0.386098 0.334266
0.566777 0.397267 0.316117
0.546381 0.351516 0.374696
0.546580 0.365667 0.360565
0.542079 0.358564 0.368055
0.550888 0.358617 0.368166
0.555152 0.365794 0.360689
0.554938 0.379372 0.343285
0.550852 0.372658 0.352196
0.536769 0.337686 0.385101
0.541660 0.344520 0.380325
0.537359 0.351543 0.374587
0.541278 0.330941 0.389156
0.545939 0.324459 0.392432
0.550808 0.330935 0.389197
0.546154 0.337637 0.385168
0.526697 0.324726 0.392329
0.527415 0.337916 0.384958
0.522300 0.331409 0.388939
0.531765 0.331073 0.389082
0.532454 0.344646 0.380199
0.416162 0.474442 0.101615
0.414149 0.482518 0.091906
0.410513 0.477477 0.097004
0.419804 0.479331 0.096416
0.423445 0.484364 0.091321
0.421414 0.493042 0.082054
0.417784 0.487706 0.086918
0.408887 0.465065 0.112280
0.412523 0.469689 0.106905
0.406877 0.472582 0.102198
0.414529 0.462441 0.117179
0.420166 0.459949 0.122178
0.423807 0.464311 0.116608
0.418166 0.466934 0.111709
0.401627 0.456185 0.123254
0.399611 0.463202 0.112839
0.395983 0.458700 0.118270
0.405255 0.460566 0.117731
0.403243 0.467826 0.107479
0.387157 0.439679 0.145943
0.385124 0.445850 0.134936
0.381510 0.441756 0.140602
0.390770 0.443672 0.140190
0.394385 0.447747 0.134486
0.392359 0.454313 0.123766
0.388739 0.450033 0.129323
0.379940 0.431923 0.157586
0.383547 0.435762 0.151743
0.377898 0.437742 0.146313
0.385588 0.430174 0.163215
0.391226 0.428557 0.168942
0.394829 0.432185 0.162921
0.389193 0.433909 0.157281
0.372745 0.424452 0.169411
0.370680 0.429928 0.157863
0.367079 0.426123 0.163706
0.376338 0.428155 0.163474
0.374287 0.433798 0.152066
0.431801 0.427531 0.192058
0.429956 0.431947 0.179649
0.426315 0.428654 0.186009
0.435446 0.430742 0.185595
0.439101 0.433988 0.179182
0.437247 0.438685 0.167064
0.433601 0.435286 0.173334
0.424570 0.421204 0.205166
0.428173 0.424350 0.198574
0.422685 0.425404 0.192426
0.430041 0.420296 0.211517
0.435495 0.419454 0.217980
0.439080 0.422455 0.211142
0.433637 0.423374 0.204812
0.417462 0.415022 0.218623
0.415494 0.419018 0.205478
0.411946 0.415877 0.212134
0.420997 0.418097 0.211845
0.419077 0.422192 0.198913
0.532846 0.687412 0.010977
0.531896 0.700692 0.010340
0.527535 0.693879 0.010623
0.537176 0.694257 0.010640
0.541580 0.700989 0.010356
0.540867 0.713642 0.009868
0.536343 0.707283 0.010091
0.524446 0.673452 0.011980
0.528600 0.680482 0.011417
0.523246 0.686955 0.010960
0.529880 0.667009 0.012679
0.535348 0.660621 0.013497
0.539399 0.667650 0.012688
0.533982 0.674044 0.011993
0.516397 0.659125 0.013491
0.514925 0.672824 0.011967
0.510896 0.665612 0.012662
0.520379 0.666331 0.012670
0.519041 0.679941 0.011401
0.501204 0.629725 0.018146
0.499280 0.643523 0.015552
0.495549 0.636049 0.016794
0.504900 0.637135 0.016769
0.508662 0.644513 0.015537
0.506949 0.658319 0.013489
0.503078 0.650951 0.014451
0.493963 0.614901 0.021346
0.497560 0.622310 0.019671
0.491879 0.628555 0.018182
0.499704 0.608831 0.023091
0.505480 0.602846 0.024953
0.509027 0.610113 0.023003
0.503276 0.616163 0.021278
0.486896 0.600092 0.025171
0.484683 0.613583 0.021413
0.481148 0.606111 0.023264
0.490410 0.607497 0.023178
0.488259 0.621065 0.019720
0.547573 0.582858 0.033399
0.545213 0.595189 0.028649
0.541697 0.588291 0.031007
0.551080 0.589643 0.030871
0.554607 0.596482 0.028536
0.552320 0.609082 0.024487
0.548750 0.602134 0.026484
0.540608 0.569487 0.039029
0.544084 0.576136 0.036119
0.538200 0.581452 0.033561
0.546511 0.564437 0.041895
0.552419 0.559529 0.044902
0.555891 0.565930 0.041678
0.549981 0.570962 0.038825
0.533679 0.556449 0.045408
0.531250 0.567989 0.039247
0.527790 0.561384 0.042375
0.537144 0.562922 0.042127
0.534718 0.574682 0.036308
0.716512 0.525738 0.089772
0.714716 0.534156 0.080902
0.710916 0.529147 0.085257
0.720350 0.530669 0.085314
0.724168 0.535664 0.080984
0.722251 0.544363 0.072559
0.718495 0.539230 0.076673
0.708773 0.516092 0.099108
0.712653 0.520876 0.094368
0.707097 0.524210 0.089746
0.714241 0.512910 0.103921
0.719661 0.509797 0.108806
0.723623 0.514460 0.103835
0.718161 0.517627 0.099069
0.700952 0.506773 0.109054
0.699396 0.514578 0.099156
0.695513 0.509895 0.104094
0.704873 0.511391 0.103999
0.703257 0.519351 0.094376
0.685044 0.489171 0.131020
0.683734 0.496397 0.119921
0.679762 0.492089 0.125544
0.689059 0.493436 0.125265
0.693046 0.497794 0.119683
0.691609 0.505302 0.109197
0.687684 0.500803 0.114472
0.676910 0.480952 0.143013
0.680997 0.485007 0.136938
0.675764 0.487881 0.131335
0.682015 0.478135 0.148861
0.687039 0.475320 0.154826
0.691243 0.479300 0.148473
0.686158 0.482149 0.142649
0.668606 0.473181 0.155595
0.667660 0.479792 0.143365
0.663547 0.475917 0.149579
0.672781 0.477011 0.149236
0.671731 0.483781 0.137278
0.606927 0.628060 0.020739
0.610712 0.634715 0.019215
0.605071 0.640328 0.017846
0.612680 0.622565 0.022353
0.618479 0.617141 0.024087
0.622155 0.623758 0.022310
0.616408 0.629195 0.020703
0.595572 0.639340 0.017867
0.601223 0.633649 0.019244
0.599485 0.646039 0.016594
0.597451 0.626968 0.020774
0.599542 0.614755 0.024183
0.605384 0.609293 0.026047
0.603206 0.621410 0.022395
0.588468 0.657756 0.014435
0.589973 0.645135 0.016608
0.593952 0.651848 0.015457
0.490855 0.454904 0.151855
0.494629 0.458464 0.145715
0.489057 0.460392 0.140218
0.496370 0.453192 0.157500
0.501846 0.451564 0.163209
0.505673 0.454889 0.156903
0.500170 0.456632 0.151278
0.479733 0.458615 0.140771
0.485308 0.456709 0.146277
0.483465 0.462412 0.134801
0.481556 0.453127 0.152400
0.483305 0.448076 0.164321
0.488770 0.446593 0.170130
0.487079 0.451442 0.158057
0.472251 0.466785 0.124269
0.474142 0.460624 0.135357
0.477863 0.464539 0.129481
0.571506 0.426471 0.257312
0.575827 0.429746 0.249489
0.571455 0.432166 0.241881
0.575672 0.423580 0.265171
0.579699 0.420373 0.273180
0.584116 0.424095 0.265055
0.580044 0.427068 0.257207
0.562719 0.431399 0.241990
0.567187 0.429067 0.249589
0.566932 0.434370 0.234369
0.562950 0.425781 0.257371
0.562998 0.419197 0.273287
0.567107 0.415780 0.281507
0.567226 0.422964 0.265236
0.557508 0.438315 0.219675
0.558113 0.433508 0.234502
0.562278 0.436391 0.226955
0.400822 0.498562 0.074322
0.404433 0.504351 0.069799
0.398793 0.508390 0.065901
0.406469 0.494810 0.078420
0.412124 0.491189 0.082617
0.415746 0.496683 0.077869
0.410085 0.500453 0.073787
0.389547 0.506485 0.066381
0.395181 0.502448 0.070311
0.393163 0.512598 0.062083
0.391557 0.496678 0.074851
0.393571 0.487450 0.083749
0.399217 0.483980 0.088073
0.397199 0.492930 0.078973
0.381929 0.521602 0.054656
0.383922 0.510691 0.062525
0.387542 0.516995 0.058336
0.520739 0.725414 0.009481
0.525386 0.731249 0.009339
0.520271 0.736831 0.009217
0.525919 0.719509 0.009654
0.531121 0.713463 0.009857
0.535686 0.719650 0.009664
0.530526 0.725522 0.009488
0.510452 0.736785 0.009213
0.515581 0.731172 0.009334
0.515183 0.742275 0.009119
0.510957 0.725288 0.009473
0.511656 0.713033 0.009835
0.516929 0.706764 0.010064
0.516158 0.719348 0.009645
0.505086 0.752796 0.008989
0.505350 0.742262 0.009116
0.510119 0.747590 0.009043
0.457032 0.609316 0.021602
0.460553 0.616987 0.019854
0.454915 0.623280 0.018292
0.462715 0.603193 0.023434
0.468433 0.597146 0.025390
0.471917 0.604675 0.023349
0.466219 0.610787 0.021540
0.445756 0.621822 0.018312
0.451381 0.615521 0.019894
0.449297 0.629683 0.016857
0.447875 0.607798 0.021662
0.450080 0.594030 0.025612
0.455798 0.588021 0.027747
0.453542 0.601667 0.023519
0.438071 0.642870 0.014369
0.440142 0.628253 0.016854
0.443686 0.636206 0.015550
0.550175 0.526667 0.066896
0.553719 0.532351 0.062783
0.547852 0.536568 0.059129
0.556005 0.522723 0.070777
0.561817 0.518916 0.074782
0.565410 0.524319 0.070421
0.559573 0.528270 0.066547
0.538470 0.534959 0.059464
0.544330 0.530744 0.063125
0.541975 0.540928 0.055589
0.540786 0.525049 0.067266
0.543016 0.515694 0.075569
0.548795 0.512049 0.079714
0.546608 0.521111 0.071154
0.530209 0.550080 0.048862
0.532604 0.539319 0.055916
0.536093 0.545431 0.052165
0.701213 0.550562 0.064345
0.704871 0.555968 0.060539
0.699008 0.560080 0.056796
0.707014 0.546679 0.068340
0.712776 0.542901 0.072453
0.716496 0.548117 0.068439
0.710700 0.551983 0.064424
0.689510 0.558697 0.056756
0.695379 0.554565 0.060481
0.693114 0.564324 0.053198
0.691735 0.549132 0.064295
0.693854 0.539959 0.072312
0.699588 0.536253 0.076516
0.697543 0.545228 0.068270
0.681251 0.573202 0.046449
0.683610 0.562961 0.053173
0.687192 0.568699 0.049747
0.639916 0.476447 0.144183
0.643933 0.480251 0.138120
0.638625 0.482973 0.132438
0.645093 0.473803 0.150104
0.650188 0.471159 0.156163
0.654319 0.474849 0.149860
0.649165 0.477546 0.143928
0.629325 0.481772 0.132741
0.634658 0.479099 0.138397
0.633249 0.485717 0.126883
0.630655 0.475354 0.144475
0.631764 0.469214 0.156660
0.636827 0.466681 0.162800
0.635859 0.472768 0.150363
0.622329 0.491319 0.116176
0.623927 0.484471 0.127208
0.627814 0.488496 0.121461
0.678927 0.454826 0.195252
0.683492 0.458417 0.188007
0.678857 0.461239 0.181314
0.683379 0.451911 0.202261
0.687718 0.448911 0.209426
0.692448 0.452560 0.201852
0.688024 0.455528 0.194852
0.669712 0.460436 0.181690
0.674369 0.457664 0.188397
0.674123 0.464013 0.174769
0.669824 0.454152 0.195611
0.669613 0.447808 0.210136
0.673895 0.444840 0.217472
0.674300 0.451291 0.202632
0.664388 0.469459 0.162078
0.664964 0.463157 0.175118
0.669300 0.466748 0.168362
0.640415 0.427880 0.256542
0.645401 0.431149 0.248736
0.641492 0.434284 0.240901
0.644080 0.424522 0.264551
0.647603 0.421028 0.272636
0.652805 0.424555 0.264652
0.649173 0.427912 0.256654
0.632667 0.434216 0.240839
0.636607 0.431107 0.248630
0.637453 0.437308 0.233163
0.631686 0.427904 0.256439
0.630356 0.421041 0.272410
0.633837 0.417323 0.280578
0.635390 0.424533 0.264414
0.629009 0.443015 0.218010
0.628599 0.437196 0.233171
0.633288 0.440215 0.225527
0.596206 0.498743 0.101502
0.599957 0.503282 0.096357
0.594270 0.506500 0.091716
0.601833 0.495754 0.106392
0.607421 0.492840 0.111400
0.611225 0.497140 0.106008
0.605611 0.500164 0.101120
0.584853 0.505009 0.092087
0.590545 0.501825 0.096732
0.588550 0.509824 0.087197
0.586797 0.497297 0.101897
0.588637 0.490088 0.112215
0.594214 0.487335 0.117353
0.592433 0.494348 0.106790
0.577027 0.516819 0.078548
0.579130 0.508300 0.087571
0.582802 0.513262 0.082808
0.565446 0.467154 0.147370
0.569367 0.470670 0.141251
0.563883 0.472932 0.135692
0.570835 0.465049 0.153118
0.576165 0.462980 0.158975
0.580170 0.466296 0.152676
0.574798 0.468463 0.146910
0.554514 0.471520 0.136182
0.560005 0.469307 0.141728
0.558362 0.475249 0.130237
0.556105 0.465804 0.147849
0.557541 0.460471 0.159865
0.562842 0.458562 0.165788
0.561502 0.463756 0.153576
0.547232 0.480099 0.119683
0.548988 0.473793 0.130742
0.552809 0.477634 0.124900
0.606401 0.450285 0.196949
0.610719 0.453240 0.189926
0.605862 0.455533 0.183359
0.611085 0.447904 0.203836
0.615649 0.445399 0.210903
0.620100 0.448327 0.203574
0.615467 0.450838 0.196660
0.596705 0.454731 0.183685
0.601605 0.452555 0.190235
0.600902 0.457742 0.176950
0.597322 0.449611 0.197232
0.597685 0.444455 0.211386
0.602235 0.442106 0.218607
0.602054 0.447359 0.204099
0.590701 0.462027 0.164559
0.591704 0.456835 0.177293
0.595846 0.459898 0.170686
0.653873 0.586117 0.037528
0.657437 0.592375 0.034842
0.651499 0.597424 0.032348
0.659827 0.581259 0.040342
0.665784 0.576508 0.043316
0.669343 0.582567 0.040325
0.663388 0.587420 0.037502
0.641999 0.596115 0.032393
0.647928 0.591073 0.034877
0.645577 0.602557 0.030024
0.644373 0.584786 0.037575
0.646779 0.573818 0.043395
0.652733 0.569165 0.046510
0.650320 0.579930 0.040380
0.633800 0.613044 0.025888
0.636088 0.601242 0.030076
0.639677 0.607761 0.027871
0.625533 0.538960 0.064726
0.629100 0.544533 0.060814
0.623206 0.548741 0.057179
0.631379 0.534985 0.068599
0.637195 0.531125 0.072608
0.640813 0.536476 0.068457
0.634969 0.540447 0.064573
0.613766 0.547270 0.057343
0.619661 0.543052 0.060974
0.617293 0.553076 0.053669
0.616101 0.537468 0.064906
0.618344 0.528126 0.072971
0.624135 0.524385 0.077102
0.621949 0.533488 0.068773
0.605431 0.562123 0.047043
0.607854 0.551615 0.053835
0.611367 0.557539 0.050289
0.671276 0.510147 0.099471
0.675094 0.514868 0.094569
0.669489 0.518218 0.089910
0.676797 0.506969 0.104362
0.682266 0.503858 0.109364
0.686155 0.508420 0.104216
0.680651 0.511604 0.099339
0.660089 0.516755 0.090023
0.665707 0.513407 0.094690
0.663837 0.521664 0.085368
0.661902 0.508711 0.099624
0.663574 0.501045 0.109756
0.669024 0.498017 0.114910
0.667436 0.505540 0.104532
0.652401 0.528859 0.076644
0.654427 0.520198 0.085471
0.658140 0.525209 0.080944
0.503261 0.563333 0.039997
0.506711 0.570168 0.036964
0.500863 0.575568 0.034337
0.509120 0.558229 0.042924
0.514985 0.553279 0.045983
0.518447 0.559824 0.042641
0.512575 0.564921 0.039733
0.491579 0.574011 0.034551
0.497412 0.568595 0.037204
0.495031 0.581121 0.031854
0.493965 0.561715 0.040264
0.496345 0.549980 0.046613
0.502189 0.545174 0.049838
0.499807 0.556599 0.043216
0.483419 0.592680 0.027333
0.485763 0.579578 0.032043
0.489216 0.586826 0.029518
0.475231 0.513143 0.070306
0.478802 0.518910 0.065992
0.473028 0.523077 0.062231
0.480983 0.509277 0.074290
0.486727 0.505563 0.078385
0.490340 0.511020 0.073821
0.484574 0.514893 0.069856
0.463716 0.521312 0.062650
0.469473 0.517153 0.066426
0.467257 0.527400 0.058575
0.465897 0.511381 0.070760
0.468019 0.502058 0.079359
0.473733 0.498514 0.083605
0.471635 0.507524 0.074759
0.455734 0.536528 0.051591
0.457961 0.525628 0.058980
0.461491 0.531884 0.055027
0.520968 0.486423 0.105295
0.524696 0.490921 0.099986
0.519010 0.493912 0.095348
0.526618 0.483704 0.110152
0.532246 0.481090 0.115124
0.536008 0.485302 0.109601
0.530362 0.488054 0.104736
0.509613 0.492228 0.095904
0.515299 0.489260 0.100548
0.513304 0.497040 0.090820
0.511571 0.484757 0.105874
0.513470 0.477837 0.116290
0.519091 0.475390 0.121359
0.517225 0.482066 0.110731
0.501846 0.503725 0.082094
0.503910 0.495338 0.091363
0.507582 0.500309 0.086401
0.429353 0.549652 0.042254
0.432844 0.556754 0.038988
0.427153 0.562272 0.036122
0.435045 0.544499 0.045385
0.440754 0.539527 0.048624
0.444258 0.546295 0.045063
0.438543 0.551433 0.041969
0.417997 0.560562 0.036317
0.423673 0.554998 0.039231
0.421460 0.568013 0.033373
0.420172 0.547859 0.042531
0.422313 0.535881 0.049323
0.427993 0.531083 0.052729
0.425843 0.542692 0.045702
0.409993 0.580328 0.028230
0.412310 0.566373 0.033514
0.415748 0.574015 0.030742
0.486494 0.670656 0.011922
0.490475 0.678070 0.011350
0.485015 0.684749 0.010882
0.492000 0.664027 0.012643
0.497526 0.657457 0.013486
0.501434 0.664852 0.012654
0.495945 0.671436 0.011941
0.475513 0.684074 0.010853
0.481001 0.677339 0.011325
0.479550 0.691491 0.010521
0.477072 0.669813 0.011898
0.478772 0.655538 0.013466
0.484340 0.648962 0.014453
0.482596 0.663140 0.012626
0.468591 0.704953 0.009975
0.470012 0.690883 0.010489
0.474063 0.698271 0.010227
0.371799 0.457627 0.114464
0.375419 0.462268 0.109153
0.369770 0.465169 0.104471
0.377446 0.454975 0.119315
0.383093 0.452442 0.124267
0.386713 0.456838 0.118796
0.381067 0.459491 0.113927
0.360495 0.463287 0.105037
0.366149 0.460399 0.109706
0.364118 0.468192 0.099874
0.362529 0.455748 0.114999
0.364563 0.448676 0.125247
0.370213 0.446256 0.130255
0.368181 0.453100 0.119831
0.352797 0.474596 0.090911
0.354833 0.466291 0.100447
0.358461 0.471334 0.095357
0.533571 0.442409 0.199495
0.537562 0.445312 0.192626
0.532399 0.446922 0.186339
0.538642 0.440774 0.206081
0.543642 0.439072 0.212876
0.547689 0.441940 0.205741
0.542660 0.443653 0.199089
0.523234 0.445516 0.186869
0.528434 0.443986 0.193098
0.527172 0.448494 0.180211
0.524485 0.441077 0.199972
0.525661 0.436682 0.213611
0.530691 0.435092 0.220474
0.529601 0.439532 0.206487
0.516535 0.451616 0.168362
0.517973 0.447014 0.180788
0.521884 0.450050 0.174226
0.502727 0.419507 0.258428
0.506474 0.422564 0.250804
0.501465 0.424173 0.243631
0.507615 0.417414 0.265872
0.512396 0.414949 0.273518
0.516190 0.418414 0.265610
0.511383 0.420661 0.258115
0.492653 0.422757 0.243954
0.497737 0.421269 0.251133
0.496365 0.425552 0.236552
0.494030 0.418245 0.258674
0.495299 0.412950 0.273851
0.500146 0.410422 0.281640
0.499005 0.416301 0.266110
0.485937 0.427929 0.222690
0.487483 0.424035 0.236879
0.491187 0.426774 0.229565
0.538622 0.390688 0.324607
0.542643 0.396049 0.315719
0.538498 0.400867 0.306800
0.542681 0.385174 0.333832
0.546728 0.379161 0.343126
0.550817 0.385387 0.334017
0.546737 0.390913 0.324805
0.530311 0.400545 0.306643
0.534508 0.395791 0.315527
0.534279 0.405315 0.298064
0.530465 0.390547 0.324370
0.530211 0.379085 0.342640
0.534073 0.372561 0.351806
0.534505 0.385067 0.333599
0.525478 0.412753 0.281311
0.526024 0.404895 0.297972
0.529943 0.409273 0.289557
0.602324 0.393727 0.324560
0.606444 0.399242 0.315399
0.602848 0.404198 0.306681
0.606179 0.388331 0.333514
0.610090 0.382708 0.342431
0.613737 0.388944 0.332953
0.610077 0.394145 0.324173
0.594825 0.403925 0.306892
0.598541 0.398927 0.315675
0.599259 0.408890 0.298046
0.594533 0.393334 0.324824
0.595067 0.381348 0.343278
0.599498 0.374976 0.352212
0.598539 0.387804 0.333887
0.591889 0.417188 0.281215
0.591141 0.408618 0.298222
0.595616 0.413221 0.289547
0.574328 0.337789 0.385356
0.578483 0.344839 0.380639
0.573442 0.351859 0.374956
0.579328 0.331072 0.389385
0.584239 0.324632 0.392666
0.588360 0.331330 0.389512
0.583495 0.337960 0.385467
0.564423 0.351700 0.374855
0.569331 0.344691 0.380530
0.568482 0.358937 0.368357
0.564942 0.337713 0.385268
0.565236 0.324472 0.392489
0.570179 0.318253 0.395040
0.569889 0.330986 0.389284
0.559198 0.372874 0.352324
0.559682 0.358748 0.368260
0.563707 0.366007 0.360794
0.446054 0.472453 0.109898
0.449728 0.477027 0.104504
0.444077 0.479930 0.099817
0.451688 0.469832 0.114781
0.457314 0.467343 0.119765
0.461005 0.471645 0.114174
0.455371 0.474268 0.109288
0.434762 0.478116 0.100421
0.440412 0.475213 0.105112
0.438419 0.482984 0.095228
0.436749 0.470627 0.110512
0.438721 0.463675 0.120996
0.444342 0.461317 0.126076
0.442384 0.468005 0.115397
0.427084 0.489544 0.086344
0.429106 0.481166 0.095823
0.432753 0.486190 0.090736
0.416905 0.439847 0.156178
0.420529 0.443593 0.150174
0.414912 0.445485 0.144692
0.422498 0.438200 0.161829
0.428065 0.436685 0.167550
0.431702 0.440198 0.161370
0.426127 0.441832 0.155738
0.405664 0.443546 0.145136
0.411292 0.441630 0.150611
0.409282 0.447502 0.139303
0.407674 0.437867 0.156579
0.409667 0.432624 0.168328
0.415247 0.431186 0.174143
0.413284 0.436193 0.162231
0.398003 0.451915 0.128839
0.400027 0.445585 0.139758
0.403645 0.449645 0.134018
0.460843 0.429418 0.203474
0.464544 0.432399 0.196755
0.459135 0.433547 0.190617
0.466231 0.428363 0.209839
0.471601 0.427312 0.216358
0.475295 0.430165 0.209411
0.469930 0.431275 0.203014
0.450015 0.431610 0.191123
0.455438 0.430497 0.197241
0.453704 0.434734 0.184590
0.451765 0.427488 0.203938
0.453536 0.423581 0.217182
0.458934 0.422658 0.223802
0.457173 0.426481 0.210278
0.442762 0.437284 0.172823
0.444570 0.432771 0.185107
0.448247 0.435974 0.178662
0.562695 0.675595 0.012034
0.566996 0.682297 0.011481
0.561733 0.688592 0.011028
0.568061 0.669339 0.012719
0.573471 0.663145 0.013519
0.577644 0.669861 0.012730
0.572298 0.676044 0.012048
0.552090 0.688231 0.011011
0.557374 0.681895 0.011464
0.556499 0.694927 0.010673
0.553108 0.675115 0.012020
0.554373 0.661958 0.013506
0.559855 0.655729 0.014432
0.558489 0.668814 0.012708
0.546064 0.707508 0.010104
0.546831 0.694606 0.010656
0.551275 0.701261 0.010371
0.531359 0.619682 0.021085
0.535026 0.626801 0.019474
0.529334 0.632920 0.018038
0.537122 0.613737 0.022768
0.542919 0.607891 0.024567
0.546519 0.614888 0.022700
0.540753 0.620791 0.021029
0.519937 0.631893 0.018072
0.525631 0.625732 0.019519
0.523682 0.639141 0.016721
0.521980 0.618542 0.021145
0.524167 0.605425 0.024746
0.529988 0.599592 0.026691
0.527740 0.612557 0.022841
0.512493 0.651848 0.014445
0.514281 0.638157 0.016744
0.518068 0.645453 0.015523
0.578190 0.575247 0.038300
0.581701 0.581708 0.035495
0.575792 0.586926 0.032983
0.584120 0.570265 0.041123
0.590056 0.565413 0.044093
0.593553 0.571665 0.040974
0.587621 0.576623 0.038159
0.566369 0.585596 0.033110
0.572273 0.580356 0.035630
0.569896 0.592271 0.030629
0.568771 0.573845 0.038461
0.571212 0.562523 0.044462
0.577139 0.557777 0.047584
0.574695 0.568848 0.041290
0.558155 0.603364 0.026393
0.560480 0.590971 0.030744
0.564017 0.597750 0.028432
0.746400 0.522373 0.098924
0.750342 0.527155 0.094366
0.744812 0.530407 0.089887
0.751852 0.519260 0.103525
0.757266 0.516209 0.108155
0.761282 0.520893 0.103422
0.755831 0.523987 0.098881
0.735372 0.528840 0.089839
0.740907 0.525565 0.094358
0.739238 0.533748 0.085453
0.736978 0.520774 0.098972
0.738439 0.512956 0.108498
0.743813 0.509931 0.113300
0.742432 0.517641 0.103631
0.727958 0.540720 0.076776
0.729792 0.532204 0.085376
0.733621 0.537183 0.081079
0.713906 0.486010 0.141502
0.718070 0.490338 0.135523
0.712888 0.493277 0.130093
0.718961 0.483101 0.147186
0.723955 0.480198 0.152956
0.728262 0.484507 0.146620
0.723195 0.487417 0.141032
0.703601 0.491866 0.130405
0.708787 0.488930 0.135907
0.707650 0.496237 0.124736
0.704648 0.484672 0.141903
0.705461 0.477633 0.153989
0.710371 0.474747 0.160017
0.709704 0.481772 0.147661
0.697011 0.502241 0.114280
0.698353 0.494819 0.124995
0.702358 0.499222 0.119462
0.696835 0.469659 0.167134
0.701173 0.473596 0.160481
0.696249 0.476452 0.154415
0.701598 0.466793 0.173488
0.706266 0.463885 0.179982
0.710760 0.467820 0.172993
0.706009 0.470720 0.166674
0.730370 0.503740 0.118746
0.734417 0.508322 0.113533
0.729041 0.511361 0.108658
0.735662 0.500779 0.123789
0.740913 0.497844 0.128875
0.745047 0.502380 0.123405
0.739752 0.505332 0.118451
0.564241 0.550134 0.051319
0.567728 0.556281 0.047807
0.561808 0.561037 0.044674
0.570151 0.545642 0.054718
0.576053 0.541285 0.058234
0.579565 0.547170 0.054462
0.573649 0.551659 0.051071
0.517127 0.591156 0.029046
0.520631 0.598283 0.026807
0.514814 0.604152 0.024846
0.522977 0.585514 0.031314
0.528842 0.580024 0.033736
0.532330 0.586914 0.031155
0.526473 0.592525 0.028903
0.546401 0.648042 0.015489
0.550346 0.655032 0.014432
0.544852 0.661309 0.013501
0.551992 0.641870 0.016662
0.557629 0.635786 0.017952
0.561467 0.642702 0.016646
0.555882 0.648826 0.015481
0.446354 0.417858 0.231268
0.449929 0.420713 0.224186
0.444510 0.421575 0.217591
0.451748 0.417040 0.238084
0.457105 0.416133 0.244999
0.460696 0.418956 0.237769
0.455330 0.419849 0.230920
0.402444 0.425694 0.180672
0.406052 0.429129 0.174473
0.400451 0.430594 0.168654
0.408014 0.424431 0.186668
0.413558 0.423266 0.192748
0.417171 0.426545 0.186361
0.411626 0.427783 0.180377
0.431422 0.455353 0.132459
0.435067 0.459460 0.126687
0.429441 0.461820 0.121601
0.437034 0.453245 0.137738
0.442632 0.451257 0.143107
0.446289 0.455124 0.137139
0.440683 0.457230 0.131864
0.555555 0.312360 0.396859
0.560439 0.318259 0.395006
0.555582 0.324461 0.392462
0.560436 0.306777 0.398093
0.565335 0.301497 0.398745
0.570261 0.306757 0.398117
0.565349 0.312351 0.396874
0.588835 0.367010 0.360965
0.591869 0.374360 0.352429
0.587304 0.380875 0.343430
0.593775 0.360021 0.368523
0.598587 0.353188 0.375111
0.601384 0.360825 0.368367
0.596620 0.367601 0.360856
0.520863 0.366168 0.359703
0.525678 0.372747 0.351452
0.521939 0.379259 0.342248
0.524499 0.358955 0.367558
0.528360 0.351755 0.374376
0.533273 0.358657 0.367873
0.529404 0.365801 0.360131
0.487889 0.405822 0.289455
0.491597 0.409455 0.281643
0.486658 0.411801 0.273902
0.492650 0.402774 0.297570
0.497242 0.399184 0.305913
0.501073 0.403399 0.297793
0.496410 0.406678 0.289601
0.517890 0.431076 0.228266
0.521757 0.433861 0.220879
0.516670 0.435344 0.214093
0.522873 0.429520 0.235331
0.527766 0.427770 0.242546
0.531687 0.430625 0.235019
0.526768 0.432297 0.227866
0.357322 0.440109 0.136204
0.360944 0.444348 0.130707
0.355286 0.446770 0.125722
0.362980 0.437897 0.141379
0.368634 0.435793 0.146664
0.372248 0.439834 0.140997
0.366598 0.442035 0.135797
0.471330 0.640152 0.015571
0.475019 0.647868 0.014447
0.469444 0.654480 0.013449
0.476946 0.633689 0.016831
0.482588 0.627326 0.018214
0.486231 0.634901 0.016814
0.480612 0.641341 0.015569
0.415202 0.522743 0.057062
0.418765 0.529228 0.053112
0.413107 0.534024 0.049672
0.420870 0.518316 0.060716
0.426553 0.514058 0.064460
0.430128 0.520173 0.060273
0.424439 0.524614 0.056645
0.505938 0.469751 0.127752
0.509707 0.473734 0.121965
0.504079 0.476155 0.116888
0.511535 0.467562 0.133035
0.517107 0.465465 0.138416
0.520901 0.469196 0.132421
0.515315 0.471417 0.127141
0.460735 0.491595 0.089016
0.464384 0.496750 0.084114
0.458681 0.500285 0.079866
0.466415 0.488374 0.093495
0.472086 0.485305 0.098084
0.475770 0.490139 0.092962
0.470081 0.493367 0.088481
0.489384 0.537121 0.053907
0.492873 0.543483 0.050180
0.487047 0.548294 0.046934
0.495204 0.532627 0.057400
0.501026 0.528289 0.061002
0.504542 0.534337 0.057015
0.498705 0.538831 0.053542
0.655788 0.492387 0.120670
0.659691 0.496661 0.115136
0.654228 0.499668 0.109954
0.661162 0.489491 0.126105
0.666479 0.486626 0.131646
0.670462 0.490776 0.125831
0.665104 0.493700 0.120430
0.611064 0.517772 0.081846
0.614716 0.522884 0.077328
0.608920 0.526622 0.073201
0.616798 0.514279 0.086235
0.622497 0.510895 0.090756
0.626207 0.515761 0.085985
0.620479 0.519265 0.081590
0.639722 0.561836 0.049911
0.643248 0.567785 0.046573
0.637301 0.572439 0.043468
0.645652 0.557404 0.053304
0.651568 0.553088 0.056840
0.655132 0.558809 0.053239
0.649194 0.563241 0.049832
0.588918 0.438685 0.226407
0.593303 0.441564 0.218826
0.588696 0.443794 0.211621
0.593339 0.436349 0.233878
0.597622 0.433821 0.241411
0.602147 0.436765 0.233686
0.597787 0.439228 0.226209
0.549573 0.454210 0.172686
0.553564 0.457293 0.166234
0.548249 0.459142 0.160341
0.554783 0.452457 0.178802
0.559928 0.450686 0.185067
0.564011 0.453653 0.178398
0.558819 0.455472 0.172248
0.580988 0.481949 0.123470
0.584822 0.485956 0.117778
0.579233 0.488658 0.112648
0.586518 0.479422 0.128840
0.592003 0.476942 0.134331
0.595890 0.480730 0.128413
0.590376 0.483316 0.123033
0.620415 0.413400 0.288973
0.625352 0.417349 0.280584
0.621824 0.421133 0.272450
0.623774 0.409161 0.297329
0.627027 0.404770 0.305739
0.632044 0.409303 0.297167
0.628758 0.413396 0.288838
0.660075 0.441011 0.225463
0.664870 0.444379 0.217751
0.660573 0.447295 0.210377
0.664171 0.437975 0.233079
0.668140 0.434836 0.240772
0.673137 0.438295 0.232840
0.669059 0.441386 0.225253
0.623457 0.462483 0.169600
0.627629 0.465784 0.163073
0.622535 0.468252 0.156979
0.628399 0.460041 0.175957
0.633243 0.457551 0.182490
0.637542 0.460788 0.175734
0.632634 0.463302 0.169320
0.686414 0.529651 0.080785
0.690145 0.534765 0.076481
0.684402 0.538487 0.072287
0.692078 0.526124 0.085208
0.697691 0.522693 0.089741
0.701494 0.527631 0.085218
0.695844 0.531148 0.080794
0.535758 0.505319 0.084881
0.539399 0.510430 0.080145
0.533625 0.514062 0.075995
0.541489 0.501983 0.089285
0.547198 0.498785 0.093811
0.550889 0.503586 0.088824
0.545153 0.506938 0.084423
0.443208 0.578816 0.030357
0.446640 0.586395 0.027888
0.440936 0.592441 0.025716
0.448929 0.573042 0.032834
0.454665 0.567435 0.035448
0.458106 0.574726 0.032630
0.452365 0.580483 0.030186
0.502912 0.699635 0.010293
0.507236 0.706465 0.010051
0.501934 0.712778 0.009824
0.508290 0.693037 0.010588
0.513661 0.686465 0.010943
0.517905 0.693473 0.010605
0.512562 0.700016 0.010309
0.386304 0.476949 0.093642
0.389938 0.482124 0.088643
0.384292 0.485591 0.084304
0.391951 0.473766 0.098164
0.397597 0.470726 0.102775
0.401231 0.475617 0.097588
0.395584 0.478799 0.093070
0.554725 0.410829 0.289825
0.558832 0.415155 0.281479
0.554621 0.418529 0.273260
0.558793 0.406697 0.298433
0.562785 0.402143 0.307210
0.566898 0.407257 0.298495
0.562919 0.411410 0.289896
0.475770 0.441619 0.177059
0.479536 0.444807 0.170653
0.474059 0.446272 0.164853
0.481188 0.440304 0.183040
0.486570 0.439023 0.189127
0.490375 0.442076 0.182533
0.484975 0.443415 0.176544
0.592336 0.601428 0.028178
0.595923 0.608089 0.026105
0.590080 0.613605 0.024234
0.598222 0.596075 0.030350
0.604120 0.590841 0.032681
0.607678 0.597351 0.030273
0.601792 0.602663 0.028108
0.687997 0.462077 0.180902
0.687660 0.468647 0.167568
0.683287 0.464897 0.174370
0.692444 0.465822 0.173943
0.691980 0.472498 0.160915
0.722199 0.494745 0.129737
0.721009 0.502190 0.119016
0.716960 0.497699 0.124463
0.726297 0.499214 0.124145
0.725037 0.506743 0.113750
0.557242 0.538160 0.058813
0.554847 0.548585 0.051584
0.551356 0.542518 0.055281
0.560747 0.544089 0.054990
0.558329 0.554762 0.048045
0.510169 0.577090 0.034126
0.507798 0.589754 0.029199
0.504324 0.582625 0.031668
0.513641 0.584089 0.031485
0.511291 0.596947 0.026932
0.538747 0.633912 0.018007
0.536939 0.647218 0.015499
0.533100 0.640089 0.016699
0.542537 0.640999 0.016679
0.540854 0.654295 0.014434
0.439273 0.412058 0.245566
0.437386 0.415729 0.231610
0.433868 0.412795 0.238707
0.442802 0.414990 0.238401
0.440932 0.418651 0.224563
0.395271 0.418944 0.193263
0.393250 0.423591 0.180928
0.389670 0.420155 0.187157
0.398848 0.422303 0.186933
0.396847 0.427066 0.174763
0.424155 0.447429 0.144216
0.422164 0.453458 0.133015
0.418536 0.449427 0.138824
0.427785 0.451346 0.138306
0.425798 0.457587 0.127272
0.545659 0.301517 0.398725
0.545770 0.312366 0.396843
0.540799 0.306797 0.398078
0.550617 0.306785 0.398082
0.550711 0.318259 0.394986
0.582290 0.352092 0.375057
0.580693 0.366599 0.360955
0.577230 0.359177 0.368455
0.585717 0.359507 0.368526
0.583976 0.373901 0.352500
0.510701 0.353026 0.373436
0.512454 0.366806 0.359048
0.507415 0.360470 0.366246
0.515825 0.359520 0.367060
0.517328 0.373130 0.350942
0.480416 0.398174 0.304994
0.479308 0.404847 0.289258
0.475627 0.401193 0.296930
0.484163 0.402056 0.297252
0.482983 0.408387 0.281572
0.510248 0.425488 0.243239
0.509005 0.429745 0.228725
0.505218 0.426984 0.236158
0.514052 0.428310 0.235725
0.512819 0.432525 0.221353
0.350058 0.431859 0.147286
0.348029 0.438168 0.136589
0.344392 0.433987 0.142063
0.353693 0.435949 0.141732
0.351659 0.442427 0.131139
0.464107 0.624686 0.018269
0.462081 0.638900 0.015569
0.458480 0.631077 0.016852
0.467697 0.632414 0.016843
0.465733 0.646708 0.014435
0.408035 0.510304 0.065412
0.405977 0.520842 0.057485
0.402391 0.514520 0.061623
0.411625 0.516433 0.061165
0.409549 0.527347 0.053498
0.498398 0.462125 0.139641
0.496564 0.468049 0.128348
0.492808 0.464167 0.134236
0.502168 0.465884 0.133647
0.500322 0.472043 0.122564
0.453403 0.481737 0.099219
0.451399 0.489803 0.089577
0.447741 0.484792 0.094635
0.457073 0.486590 0.094054
0.455047 0.494966 0.084650
0.482351 0.524829 0.061818
0.480075 0.535391 0.054276
0.476562 0.529157 0.058179
0.485878 0.530900 0.057788
0.483570 0.541773 0.050526
0.647914 0.484180 0.132175
0.646471 0.491087 0.120903
0.642561 0.486969 0.126602
0.651863 0.488226 0.126353
0.650360 0.495320 0.115352
0.603684 0.507966 0.091362
0.601645 0.516279 0.082139
0.597970 0.511318 0.086851
0.607387 0.512797 0.086524
0.605295 0.521383 0.077589
0.632651 0.550205 0.057038
0.630263 0.560413 0.050017
0.626738 0.554530 0.053525
0.636191 0.555975 0.053401
0.633781 0.566385 0.046663
0.580175 0.432838 0.241744
0.580049 0.438023 0.226599
0.575744 0.435137 0.234222
0.584540 0.435803 0.234056
0.584370 0.440905 0.219040
0.541565 0.448241 0.185873
0.540339 0.452894 0.173150
0.536370 0.449887 0.179691
0.545571 0.451201 0.179229
0.544300 0.455972 0.166705
0.573261 0.474310 0.135219
0.571591 0.480541 0.123929
0.567744 0.476674 0.129753
0.577134 0.478068 0.129287
0.575420 0.484536 0.118225
0.610889 0.404398 0.306420
0.612126 0.413458 0.289193
0.607408 0.409060 0.297843
0.615582 0.409117 0.297600
0.616944 0.417450 0.280728
0.650342 0.434410 0.240961
0.651121 0.440686 0.225550
0.646330 0.437469 0.233215
0.655235 0.437691 0.233206
0.655870 0.443958 0.217917
0.615003 0.456234 0.183024
0.614271 0.461672 0.169945
0.610084 0.458563 0.176599
0.619249 0.459303 0.176247
0.618420 0.464896 0.163404
0.678890 0.519695 0.089824
0.676989 0.528162 0.080808
0.673250 0.523139 0.085284
0.682662 0.524626 0.085230
0.680706 0.533281 0.076478
0.528405 0.495567 0.094808
0.526365 0.503679 0.085365
0.522698 0.498719 0.090283
0.532093 0.500366 0.089770
0.530008 0.508793 0.080601
0.436315 0.563988 0.035911
0.434059 0.577173 0.030510
0.430614 0.569667 0.033213
0.439768 0.571345 0.033033
0.437495 0.584780 0.028015
0.494542 0.685371 0.010906
0.493279 0.699218 0.010276
0.489110 0.692052 0.010548
0.498690 0.692566 0.010570
0.497555 0.706134 0.010037
0.379044 0.467029 0.103907
0.377025 0.475098 0.094211
0.373395 0.470066 0.099303
0.382672 0.471920 0.098734
0.380657 0.480271 0.089207
0.546638 0.401227 0.306961
0.546502 0.410293 0.289722
0.542493 0.405736 0.298190
0.550663 0.406190 0.298324
0.550539 0.414547 0.281414
0.468269 0.435424 0.190111
0.466580 0.439784 0.177585
0.462851 0.436642 0.184064
0.472013 0.438496 0.183545
0.470317 0.442989 0.171181
0.585228 0.588230 0.032873
0.582887 0.600206 0.028253
0.579329 0.593542 0.030525
0.588772 0.594807 0.030433
0.586467 0.606904 0.026166
0.737426 0.542210 0.076906
0.731727 0.545826 0.072687
0.743080 0.538702 0.081198
0.725982 0.549550 0.068556
0.720197 0.553387 0.064528
0.759784 0.528757 0.094385
0.754258 0.531981 0.089950
0.765270 0.525613 0.098846
0.748691 0.535294 0.085551
0.555793 0.707709 0.010117
0.550618 0.713802 0.009880
0.560980 0.701510 0.010386
0.545458 0.719774 0.009673
0.540315 0.725614 0.009495
0.576629 0.682696 0.011497
0.571388 0.688927 0.011046
0.581908 0.676531 0.012062
0.566179 0.695219 0.010690
0.345093 0.487078 0.077425
0.462133 0.724342 0.009422
0.401689 0.601827 0.021543
0.643284 0.614340 0.025839
0.637434 0.619653 0.023990
0.649172 0.609056 0.027828
0.631636 0.624988 0.022266
0.625892 0.630373 0.020665
0.666959 0.593647 0.034828
0.661015 0.598697 0.032325
0.672913 0.588694 0.037497
0.655084 0.603837 0.029991
0.690773 0.574513 0.046474
0.684825 0.579122 0.043322
0.696709 0.570030 0.049783
0.678870 0.583851 0.040329
0.714374 0.557352 0.060627
0.708516 0.561449 0.056864
0.702626 0.565676 0.053247
0.430346 0.664829 0.011681
0.514938 0.752743 0.008990
0.509940 0.757813 0.008954
0.519962 0.747573 0.009045
0.504974 0.762805 0.008938
0.500038 0.767734 0.008940
0.535193 0.731315 0.009345
0.530092 0.736873 0.009221
0.525016 0.742289 0.009121
0.374319 0.538707 0.043802
0.598016 0.658532 0.014434
0.592599 0.664442 0.013531
0.603483 0.652716 0.015449
0.587231 0.670444 0.012740
0.620203 0.635829 0.019185
0.614574 0.641369 0.017823
0.609001 0.646996 0.016579
0.326941 0.460491 0.102153
0.323324 0.455602 0.107266
0.330561 0.465511 0.097080
0.319703 0.450834 0.112411
0.316075 0.446178 0.117577
0.341449 0.481457 0.082212
0.337813 0.475985 0.087098
0.334184 0.470672 0.092059
0.441536 0.688763 0.010359
0.437762 0.680823 0.010677
0.445381 0.696547 0.010115
0.434039 0.672829 0.011111
0.457750 0.717875 0.009566
0.453485 0.711109 0.009730
0.449356 0.704012 0.009913
0.384907 0.561452 0.033846
0.381443 0.553658 0.036973
0.388297 0.569445 0.030932
0.377909 0.546077 0.040296
0.398295 0.593873 0.023550
0.394948 0.585789 0.025781
0.391631 0.577593 0.028244
0.412165 0.625345 0.016661
0.408622 0.617536 0.018113
0.415751 0.633170 0.015370
0.405130 0.609704 0.019736
0.426673 0.656853 0.012390
0.423014 0.648917 0.013239
0.419371 0.641025 0.014232
0.475861 0.742173 0.009104
0.471200 0.736473 0.009191
0.480590 0.747651 0.009035
0.466621 0.730535 0.009297
0.495112 0.762942 0.008938
0.490224 0.758014 0.008953
0.485380 0.752926 0.008985
0.356070 0.504911 0.063784
0.352407 0.498785 0.068204
0.359735 0.511239 0.059497
0.348747 0.492846 0.072754
0.370696 0.531533 0.047484
0.367052 0.524556 0.051336
0.363397 0.517788 0.055345
