0.578874 0.610627 0.008898
0.578874 0.620486 0.008898
0.573944 0.615557 0.008898
0.420851 0.453200 0.008907
0.420954 0.462939 0.008904
0.415984 0.458060 0.008905
0.496875 0.376516 0.009103
0.497440 0.385962 0.009057
0.492236 0.381249 0.009079
0.342253 0.531753 0.008898
0.342253 0.541612 0.008898
0.337323 0.536683 0.008898
0.500000 0.689501 0.008898
0.500000 0.699360 0.008898
0.495071 0.694430 0.008898
0.421126 0.610627 0.008898
0.421126 0.620486 0.008898
0.416197 0.615557 0.008898
0.500000 0.531753 0.008898
0.500000 0.541612 0.008898
0.495071 0.536683 0.008898
0.657748 0.531753 0.008898
0.657747 0.541612 0.008898
0.652818 0.536683 0.008898
0.578604 0.453006 0.008906
0.578705 0.462817 0.008903
0.573720 0.457922 0.008905
0.617634 0.413656 0.008921
0.617836 0.423432 0.008910
0.612769 0.418563 0.008917
0.576115 0.375659 0.009066
0.576656 0.385155 0.009024
0.571417 0.380482 0.009048
0.539428 0.492323 0.008898
0.539437 0.502176 0.008898
0.534506 0.497247 0.008898
0.499649 0.453197 0.008912
0.499781 0.462938 0.008907
0.494789 0.458069 0.008909
0.538252 0.414322 0.008952
0.538548 0.423962 0.008934
0.533466 0.419170 0.008944
0.618311 0.571190 0.008898
0.618311 0.581049 0.008898
0.613381 0.576120 0.008898
0.578874 0.531753 0.008898
0.578874 0.541612 0.008898
0.573944 0.536683 0.008898
0.618306 0.492317 0.008898
0.618311 0.502175 0.008898
0.613380 0.497246 0.008898
0.460563 0.571190 0.008898
0.460563 0.581049 0.008898
0.455634 0.576120 0.008898
0.421126 0.531753 0.008898
0.421126 0.541612 0.008898
0.416197 0.536683 0.008898
0.460555 0.492325 0.008898
0.460563 0.502175 0.008898
0.455633 0.497247 0.008898
0.381689 0.571190 0.008898
0.381690 0.581049 0.008898
0.376760 0.576120 0.008898
0.460563 0.650064 0.008898
0.460563 0.659923 0.008898
0.455634 0.654993 0.008898
0.302816 0.492316 0.008898
0.302816 0.502175 0.008898
0.297886 0.497246 0.008898
0.459363 0.414613 0.008955
0.459663 0.424214 0.008936
0.454606 0.419409 0.008943
0.418241 0.376485 0.009086
0.418817 0.385942 0.009039
0.413656 0.381175 0.009058
0.455342 0.338596 0.009283
0.455752 0.348178 0.009247
0.450613 0.343393 0.009265
0.534272 0.338371 0.009274
0.534683 0.347928 0.009239
0.529516 0.343210 0.009260
0.494092 0.299621 0.009341
0.494117 0.309463 0.009339
0.489166 0.304549 0.009341
0.381685 0.492322 0.008898
0.381690 0.502175 0.008898
0.376760 0.497246 0.008898
0.342204 0.452941 0.008899
0.342222 0.462777 0.008899
0.337293 0.457848 0.008899
0.380994 0.414225 0.008927
0.381205 0.423889 0.008914
0.376227 0.418997 0.008918
0.539437 0.650064 0.008898
0.539437 0.659923 0.008898
0.534508 0.654993 0.008898
0.500000 0.610627 0.008898
0.500000 0.620486 0.008898
0.495071 0.615556 0.008898
0.539437 0.571190 0.008898
0.539437 0.581049 0.008898
0.534507 0.576120 0.008898
0.697184 0.492316 0.008898
0.697184 0.502176 0.008898
0.692255 0.497246 0.008898
0.657700 0.452890 0.008899
0.657717 0.462745 0.008898
0.652770 0.457819 0.008899
0.583804 0.615557 0.008898
0.425827 0.458072 0.008906
0.502097 0.381216 0.009079
0.347182 0.536683 0.008898
0.504930 0.694430 0.008898
0.426056 0.615557 0.008898
0.504930 0.536683 0.008898
0.662677 0.536683 0.008898
0.583595 0.457899 0.008904
0.622720 0.418517 0.008914
0.581376 0.380319 0.009040
0.544365 0.497247 0.008898
0.504649 0.458059 0.008909
0.543353 0.419101 0.008941
0.623240 0.576120 0.008898
0.583803 0.536683 0.008898
0.623240 0.497246 0.008898
0.465493 0.576120 0.008898
0.426056 0.536683 0.008898
0.465492 0.497247 0.008898
0.386619 0.576120 0.008898
0.465493 0.654993 0.008898
0.307746 0.497246 0.008898
0.464439 0.419407 0.008945
0.423427 0.381236 0.009064
0.460458 0.343396 0.009267
0.539420 0.343097 0.009255
0.499025 0.304549 0.009341
0.386619 0.497246 0.008898
0.347134 0.457871 0.008899
0.385992 0.419102 0.008921
0.544367 0.654993 0.008898
0.504930 0.615556 0.008898
0.544367 0.576120 0.008898
0.702114 0.497246 0.008898
0.662647 0.457816 0.008898
0.657746 0.492317 0.008898
0.662677 0.497246 0.008898
0.657747 0.502175 0.008898
0.662674 0.487387 0.008898
0.677461 0.472599 0.008898
0.682393 0.477528 0.008898
0.677464 0.482458 0.008898
0.697184 0.531753 0.008898
0.702114 0.536683 0.008898
0.697184 0.541612 0.008898
0.702114 0.526824 0.008898
0.716902 0.512035 0.008898
0.721832 0.516964 0.008898
0.716902 0.521894 0.008898
0.539437 0.610627 0.008898
0.544367 0.615556 0.008898
0.539437 0.620486 0.008898
0.544367 0.605697 0.008898
0.559155 0.590909 0.008898
0.564085 0.595838 0.008898
0.559156 0.600768 0.008898
0.500000 0.650064 0.008898
0.504930 0.654993 0.008898
0.500000 0.659923 0.008898
0.504930 0.645134 0.008898
0.519719 0.630345 0.008898
0.524649 0.635275 0.008898
0.519719 0.640204 0.008898
0.539437 0.689500 0.008898
0.544367 0.694430 0.008898
0.539437 0.699360 0.008898
0.544367 0.684571 0.008898
0.559156 0.669782 0.008898
0.564085 0.674711 0.008898
0.559156 0.679641 0.008898
0.381517 0.453097 0.008903
0.386469 0.457998 0.008902
0.381582 0.462875 0.008901
0.386390 0.448237 0.008904
0.400948 0.433724 0.008912
0.405921 0.438595 0.008911
0.401073 0.443430 0.008908
0.342252 0.492318 0.008898
0.347182 0.497246 0.008898
0.342253 0.502175 0.008898
0.347178 0.487392 0.008898
0.361936 0.472643 0.008899
0.366873 0.477563 0.008899
0.361957 0.482475 0.008898
0.381690 0.531753 0.008898
0.386619 0.536683 0.008898
0.381690 0.541612 0.008898
0.386619 0.526823 0.008898
0.401408 0.512035 0.008898
0.406338 0.516964 0.008898
0.401408 0.521894 0.008898
0.494755 0.338589 0.009284
0.499875 0.343379 0.009268
0.495159 0.348162 0.009250
0.499519 0.333774 0.009299
0.513963 0.319202 0.009328
0.518997 0.324034 0.009318
0.514179 0.328904 0.009309
0.536401 0.376247 0.009094
0.541642 0.380910 0.009068
0.536963 0.385694 0.009048
0.541049 0.371484 0.009117
0.555023 0.357139 0.009183
0.560274 0.361779 0.009155
0.555611 0.366575 0.009134
0.457489 0.376572 0.009100
0.462699 0.381295 0.009076
0.458058 0.386029 0.009053
0.462097 0.371856 0.009126
0.475947 0.357691 0.009206
0.481157 0.362419 0.009182
0.476540 0.367140 0.009156
0.420097 0.414544 0.008943
0.425147 0.419363 0.008935
0.420374 0.424154 0.008926
0.424829 0.409774 0.008956
0.438918 0.395504 0.009007
0.444052 0.400271 0.008992
0.439352 0.405033 0.008975
0.460230 0.453223 0.008911
0.465222 0.458084 0.008909
0.460354 0.462954 0.008906
0.465081 0.448368 0.008914
0.479585 0.433837 0.008927
0.484610 0.438665 0.008923
0.479775 0.443512 0.008919
0.302816 0.531753 0.008898
0.307746 0.536683 0.008898
0.302816 0.541612 0.008898
0.307746 0.526823 0.008898
0.322534 0.512035 0.008898
0.327464 0.516964 0.008898
0.322534 0.521894 0.008898
0.460563 0.689500 0.008898
0.465493 0.694430 0.008898
0.460563 0.699360 0.008898
0.465493 0.684571 0.008898
0.480282 0.669782 0.008898
0.485212 0.674712 0.008898
0.480282 0.679641 0.008898
0.381690 0.610627 0.008898
0.386619 0.615556 0.008898
0.381690 0.620486 0.008898
0.386619 0.605697 0.008898
0.401408 0.590909 0.008898
0.406338 0.595838 0.008898
0.401408 0.600768 0.008898
0.460563 0.531753 0.008898
0.465493 0.536683 0.008898
0.460563 0.541612 0.008898
0.465493 0.526823 0.008898
0.480282 0.512035 0.008898
0.485212 0.516964 0.008898
0.480282 0.521894 0.008898
0.421126 0.571190 0.008898
0.426056 0.576120 0.008898
0.421126 0.581049 0.008898
0.426056 0.566260 0.008898
0.440845 0.551472 0.008898
0.445775 0.556401 0.008898
0.440845 0.561331 0.008898
0.460563 0.610627 0.008898
0.465493 0.615556 0.008898
0.460563 0.620486 0.008898
0.465493 0.605697 0.008898
0.480282 0.590908 0.008898
0.485212 0.595838 0.008898
0.480282 0.600767 0.008898
0.618311 0.531753 0.008898
0.623240 0.536683 0.008898
0.618311 0.541612 0.008898
0.623240 0.526823 0.008898
0.638029 0.512035 0.008898
0.642959 0.516964 0.008898
0.638029 0.521894 0.008898
0.578874 0.571190 0.008898
0.583803 0.576120 0.008898
0.578874 0.581049 0.008898
0.583803 0.566260 0.008898
0.598592 0.551472 0.008898
0.603522 0.556401 0.008898
0.598592 0.561331 0.008898
0.618311 0.610627 0.008898
0.623240 0.615556 0.008898
0.618311 0.620486 0.008898
0.623240 0.605697 0.008898
0.638029 0.590909 0.008898
0.642958 0.595838 0.008898
0.638029 0.600768 0.008898
0.539108 0.453123 0.008910
0.544107 0.457995 0.008908
0.539231 0.462891 0.008906
0.543972 0.448232 0.008913
0.558544 0.433541 0.008919
0.563574 0.438390 0.008915
0.558711 0.443296 0.008913
0.499991 0.492325 0.008898
0.504929 0.497247 0.008898
0.500000 0.502175 0.008898
0.504905 0.487409 0.008899
0.519602 0.472695 0.008903
0.524570 0.477591 0.008901
0.519671 0.482497 0.008900
0.539437 0.531753 0.008898
0.544367 0.536683 0.008898
0.539437 0.541612 0.008898
0.544367 0.526824 0.008898
0.559155 0.512035 0.008898
0.564085 0.516964 0.008898
0.559155 0.521894 0.008898
0.577869 0.413954 0.008937
0.582970 0.418759 0.008927
0.578135 0.423659 0.008922
0.582675 0.409071 0.008945
0.597048 0.394449 0.008974
0.602230 0.399212 0.008958
0.597425 0.404094 0.008949
0.618142 0.452922 0.008902
0.623118 0.457838 0.008900
0.618205 0.462765 0.008900
0.623053 0.447994 0.008902
0.637822 0.433206 0.008902
0.642808 0.438124 0.008901
0.637879 0.443053 0.008901
0.578867 0.492320 0.008898
0.583803 0.497246 0.008898
0.578874 0.502175 0.008898
0.583785 0.487395 0.008898
0.598516 0.472624 0.008900
0.603474 0.477542 0.008899
0.598561 0.482468 0.008899
0.657747 0.571190 0.008898
0.662677 0.576120 0.008898
0.657747 0.581049 0.008898
0.662677 0.566260 0.008898
0.677466 0.551472 0.008898
0.682395 0.556401 0.008898
0.677466 0.561331 0.008898
0.500000 0.571190 0.008898
0.504930 0.576119 0.008898
0.500000 0.581049 0.008898
0.504930 0.566260 0.008898
0.519719 0.551472 0.008898
0.524648 0.556401 0.008898
0.519719 0.561331 0.008898
0.421126 0.650064 0.008898
0.426056 0.654993 0.008898
0.421126 0.659923 0.008898
0.426056 0.645134 0.008898
0.440845 0.630345 0.008898
0.445775 0.635275 0.008898
0.440845 0.640204 0.008898
0.500000 0.728937 0.008898
0.504930 0.733867 0.008898
0.500000 0.738796 0.008898
0.504930 0.724008 0.008898
0.519719 0.709219 0.008898
0.524648 0.714148 0.008898
0.519719 0.719078 0.008898
0.342253 0.571190 0.008898
0.347182 0.576119 0.008898
0.342253 0.581049 0.008898
0.347182 0.566260 0.008898
0.361971 0.551472 0.008898
0.366901 0.556401 0.008898
0.361971 0.561331 0.008898
0.498750 0.414541 0.008958
0.503843 0.419322 0.008948
0.499056 0.424149 0.008939
0.503504 0.409733 0.008970
0.517682 0.395348 0.009015
0.522848 0.400074 0.008997
0.518117 0.404877 0.008982
0.421119 0.492325 0.008898
0.426055 0.497247 0.008898
0.421126 0.502175 0.008898
0.426036 0.487410 0.008899
0.440740 0.472713 0.008902
0.445702 0.477605 0.008901
0.440802 0.482504 0.008899
0.578874 0.650064 0.008898
0.583804 0.654993 0.008898
0.578874 0.659923 0.008898
0.583804 0.645134 0.008898
0.598592 0.630345 0.008898
0.603522 0.635275 0.008898
0.598592 0.640204 0.008898
0.637994 0.472605 0.008899
0.638015 0.482460 0.008898
0.633072 0.477533 0.008898
0.642939 0.477532 0.008898
0.652818 0.497246 0.008898
0.677466 0.512035 0.008898
0.677466 0.521894 0.008898
0.672536 0.516964 0.008898
0.682395 0.516964 0.008898
0.692255 0.536683 0.008898
0.519719 0.590908 0.008898
0.519719 0.600767 0.008898
0.514789 0.595838 0.008898
0.524648 0.595838 0.008898
0.534508 0.615556 0.008898
0.480282 0.630345 0.008898
0.480282 0.640204 0.008898
0.475352 0.635275 0.008898
0.485212 0.635275 0.008898
0.495071 0.654993 0.008898
0.519719 0.669782 0.008898
0.519719 0.679641 0.008898
0.514789 0.674712 0.008898
0.524648 0.674712 0.008898
0.534508 0.694430 0.008898
0.361761 0.433429 0.008904
0.361818 0.443215 0.008902
0.356888 0.438286 0.008902
0.366690 0.438359 0.008904
0.376635 0.457968 0.008901
0.322530 0.472604 0.008898
0.322532 0.482459 0.008898
0.317603 0.477530 0.008898
0.327459 0.477533 0.008898
0.337323 0.497246 0.008898
0.361971 0.512035 0.008898
0.361971 0.521894 0.008898
0.357042 0.516964 0.008898
0.366901 0.516964 0.008898
0.376760 0.536683 0.008898
0.474518 0.319241 0.009329
0.474732 0.328952 0.009311
0.469686 0.324104 0.009321
0.479541 0.324105 0.009321
0.490016 0.343388 0.009268
0.515396 0.357595 0.009205
0.515988 0.367022 0.009154
0.510741 0.362346 0.009182
0.520623 0.362282 0.009179
0.531740 0.381015 0.009073
0.436586 0.357679 0.009201
0.437196 0.367131 0.009149
0.431966 0.362405 0.009174
0.441794 0.362419 0.009177
0.452868 0.381294 0.009074
0.399796 0.395279 0.008987
0.400197 0.404829 0.008958
0.395133 0.399997 0.008969
0.404883 0.400095 0.008975
0.415345 0.419322 0.008932
0.440224 0.433842 0.008921
0.440393 0.443516 0.008915
0.435395 0.438670 0.008917
0.445229 0.438679 0.008919
0.455370 0.458085 0.008908
0.283098 0.512035 0.008898
0.283098 0.521894 0.008898
0.278168 0.516964 0.008898
0.288027 0.516964 0.008898
0.297887 0.536683 0.008898
0.440845 0.669782 0.008898
0.440845 0.679641 0.008898
0.435915 0.674711 0.008898
0.445775 0.674711 0.008898
0.455634 0.694430 0.008898
0.361971 0.590908 0.008898
0.361971 0.600767 0.008898
0.357042 0.595838 0.008898
0.366901 0.595838 0.008898
0.376760 0.615556 0.008898
0.440845 0.512035 0.008898
0.440845 0.521894 0.008898
0.435915 0.516964 0.008898
0.445775 0.516964 0.008898
0.455634 0.536683 0.008898
0.401408 0.551472 0.008898
0.401408 0.561331 0.008898
0.396478 0.556401 0.008898
0.406338 0.556401 0.008898
0.416197 0.576120 0.008898
0.440845 0.590909 0.008898
0.440845 0.600768 0.008898
0.435915 0.595838 0.008898
0.445775 0.595838 0.008898
0.455634 0.615556 0.008898
0.598592 0.512035 0.008898
0.598592 0.521894 0.008898
0.593662 0.516964 0.008898
0.603522 0.516964 0.008898
0.613381 0.536683 0.008898
0.559155 0.551472 0.008898
0.559155 0.561331 0.008898
0.554226 0.556401 0.008898
0.564085 0.556401 0.008898
0.573944 0.576120 0.008898
0.598592 0.590909 0.008898
0.598592 0.600768 0.008898
0.593663 0.595838 0.008898
0.603522 0.595838 0.008898
0.613381 0.615556 0.008898
0.519027 0.433738 0.008926
0.519216 0.443440 0.008918
0.514192 0.438601 0.008922
0.524060 0.438569 0.008921
0.534240 0.458014 0.008908
0.480164 0.472712 0.008903
0.480233 0.482504 0.008900
0.475273 0.477605 0.008901
0.485132 0.477603 0.008901
0.495069 0.497247 0.008898
0.519719 0.512035 0.008898
0.519719 0.521894 0.008898
0.514789 0.516964 0.008898
0.524648 0.516964 0.008898
0.534507 0.536683 0.008898
0.557273 0.394969 0.009000
0.557693 0.404535 0.008970
0.552536 0.399803 0.008987
0.562449 0.399685 0.008982
0.573054 0.418843 0.008931
0.598140 0.433316 0.008909
0.598263 0.443133 0.008906
0.593253 0.438242 0.008909
0.603156 0.438206 0.008907
0.613234 0.457849 0.008901
0.559053 0.472662 0.008901
0.559113 0.482483 0.008899
0.554155 0.477574 0.008900
0.564018 0.477567 0.008900
0.573943 0.497246 0.008898
0.638029 0.551472 0.008898
0.638029 0.561331 0.008898
0.633099 0.556401 0.008898
0.642959 0.556401 0.008898
0.652818 0.576120 0.008898
0.480282 0.551472 0.008898
0.480282 0.561331 0.008898
0.475352 0.556401 0.008898
0.485212 0.556401 0.008898
0.495071 0.576119 0.008898
0.401408 0.630345 0.008898
0.401408 0.640204 0.008898
0.396479 0.635275 0.008898
0.406338 0.635275 0.008898
0.416197 0.654993 0.008898
0.480282 0.709219 0.008898
0.480282 0.719078 0.008898
0.475352 0.714148 0.008898
0.485212 0.714148 0.008898
0.495071 0.733867 0.008898
0.322535 0.551472 0.008898
0.322535 0.561331 0.008898
0.317605 0.556401 0.008898
0.327464 0.556401 0.008898
0.337323 0.576119 0.008898
0.478235 0.395502 0.009016
0.478671 0.405029 0.008983
0.473540 0.400269 0.008998
0.483385 0.400251 0.008999
0.493981 0.419356 0.008948
0.401330 0.472693 0.008900
0.401376 0.482496 0.008899
0.396429 0.477588 0.008899
0.406283 0.477594 0.008900
0.416196 0.497247 0.008898
0.559156 0.630345 0.008898
0.559156 0.640204 0.008898
0.554226 0.635275 0.008898
0.564085 0.635275 0.008898
0.573944 0.654993 0.008898
0.569015 0.659923 0.008898
0.569015 0.669782 0.008898
0.564085 0.664852 0.008898
0.573944 0.664852 0.008898
0.578874 0.669782 0.008898
0.578874 0.679641 0.008898
0.573944 0.674711 0.008898
0.559156 0.650064 0.008898
0.564085 0.654993 0.008898
0.559156 0.659923 0.008898
0.564085 0.645134 0.008898
0.569015 0.640204 0.008898
0.573944 0.645134 0.008898
0.569015 0.650064 0.008898
0.549297 0.640204 0.008898
0.549297 0.650064 0.008898
0.544367 0.645134 0.008898
0.554226 0.645134 0.008898
0.554226 0.654993 0.008898
0.411267 0.502175 0.008898
0.411267 0.512035 0.008898
0.406338 0.507105 0.008898
0.416197 0.507105 0.008898
0.421126 0.512035 0.008898
0.421126 0.521894 0.008898
0.416197 0.516964 0.008898
0.401402 0.492324 0.008898
0.406337 0.497247 0.008898
0.401408 0.502175 0.008898
0.406320 0.487408 0.008898
0.411232 0.482499 0.008899
0.416178 0.487409 0.008898
0.411261 0.492324 0.008898
0.391521 0.482492 0.008899
0.391544 0.492323 0.008898
0.386606 0.487403 0.008898
0.396463 0.487406 0.008898
0.396478 0.497247 0.008898
0.489198 0.424177 0.008939
0.489438 0.433821 0.008927
0.484399 0.429004 0.008932
0.494255 0.428982 0.008932
0.499296 0.433799 0.008927
0.499488 0.443484 0.008919
0.494466 0.438648 0.008923
0.479042 0.414594 0.008957
0.484127 0.419381 0.008947
0.479346 0.424196 0.008939
0.483789 0.409796 0.008970
0.488521 0.405006 0.008984
0.493642 0.409769 0.008970
0.488892 0.414572 0.008958
0.468830 0.405044 0.008982
0.469199 0.414608 0.008956
0.464104 0.409825 0.008968
0.473943 0.409815 0.008969
0.474279 0.419398 0.008947
0.332394 0.581049 0.008898
0.332394 0.590908 0.008898
0.327464 0.585979 0.008898
0.337323 0.585979 0.008898
0.342253 0.590908 0.008898
0.342253 0.600767 0.008898
0.337323 0.595838 0.008898
0.322535 0.571190 0.008898
0.327464 0.576119 0.008898
0.322535 0.581049 0.008898
0.327464 0.566260 0.008898
0.332394 0.561331 0.008898
0.337323 0.566260 0.008898
0.332394 0.571190 0.008898
0.312675 0.561331 0.008898
0.312675 0.571190 0.008898
0.307746 0.566260 0.008898
0.317605 0.566260 0.008898
0.317605 0.576120 0.008898
0.490141 0.738796 0.008898
0.490141 0.748655 0.008898
0.485212 0.743726 0.008898
0.495071 0.743726 0.008898
0.500000 0.748655 0.008898
0.500000 0.758515 0.008898
0.495071 0.753585 0.008898
0.480282 0.728937 0.008898
0.485212 0.733867 0.008898
0.480282 0.738796 0.008898
0.485212 0.724008 0.008898
0.490141 0.719078 0.008898
0.495071 0.724008 0.008898
0.490141 0.728937 0.008898
0.470423 0.719078 0.008898
0.470423 0.728937 0.008898
0.465493 0.724008 0.008898
0.475352 0.724008 0.008898
0.475352 0.733867 0.008898
0.411267 0.659923 0.008898
0.411267 0.669782 0.008898
0.406338 0.664852 0.008898
0.416197 0.664852 0.008898
0.421126 0.669782 0.008898
0.421126 0.679641 0.008898
0.416197 0.674711 0.008898
0.401408 0.650064 0.008898
0.406338 0.654993 0.008898
0.401408 0.659923 0.008898
0.406338 0.645134 0.008898
0.411267 0.640204 0.008898
0.416197 0.645134 0.008898
0.411267 0.650064 0.008898
0.391549 0.640204 0.008898
0.391549 0.650064 0.008898
0.386620 0.645134 0.008898
0.396479 0.645134 0.008898
0.396479 0.654993 0.008898
0.490141 0.581049 0.008898
0.490141 0.590908 0.008898
0.485212 0.585979 0.008898
0.495071 0.585979 0.008898
0.500000 0.590908 0.008898
0.500000 0.600767 0.008898
0.495071 0.595838 0.008898
0.480282 0.571190 0.008898
0.485212 0.576119 0.008898
0.480282 0.581049 0.008898
0.485212 0.566260 0.008898
0.490141 0.561331 0.008898
0.495071 0.566260 0.008898
0.490141 0.571190 0.008898
0.470423 0.561331 0.008898
0.470423 0.571190 0.008898
0.465493 0.566260 0.008898
0.475352 0.566260 0.008898
0.475352 0.576120 0.008898
0.647888 0.581049 0.008898
0.647888 0.590909 0.008898
0.642958 0.585979 0.008898
0.652818 0.585979 0.008898
0.657747 0.590909 0.008898
0.657747 0.600768 0.008898
0.652818 0.595838 0.008898
0.638029 0.571190 0.008898
0.642959 0.576120 0.008898
0.638029 0.581049 0.008898
0.642959 0.566260 0.008898
0.647888 0.561331 0.008898
0.652818 0.566260 0.008898
0.647888 0.571190 0.008898
0.628170 0.561331 0.008898
0.628170 0.571190 0.008898
0.623240 0.566260 0.008898
0.633099 0.566260 0.008898
0.633099 0.576120 0.008898
0.569015 0.502176 0.008898
0.569015 0.512035 0.008898
0.564085 0.507105 0.008898
0.573944 0.507105 0.008898
0.578874 0.512035 0.008898
0.578874 0.521894 0.008898
0.573944 0.516964 0.008898
0.559147 0.492321 0.008898
0.564084 0.497247 0.008898
0.559155 0.502176 0.008898
0.564064 0.487399 0.008899
0.568975 0.482479 0.008899
0.573924 0.487397 0.008898
0.569007 0.492320 0.008898
0.549252 0.482487 0.008899
0.549288 0.492322 0.008898
0.544343 0.487403 0.008899
0.554203 0.487401 0.008899
0.554225 0.497247 0.008898
0.608328 0.462775 0.008901
0.608384 0.472617 0.008899
0.603422 0.467699 0.008900
0.613295 0.467691 0.008900
0.618254 0.472612 0.008899
0.618287 0.482463 0.008898
0.613339 0.477539 0.008899
0.598367 0.452956 0.008904
0.603352 0.457862 0.008902
0.598452 0.462786 0.008901
0.603263 0.448031 0.008904
0.608162 0.443105 0.008905
0.613157 0.448010 0.008903
0.608253 0.452937 0.008902
0.588369 0.443166 0.008908
0.588484 0.452979 0.008905
0.583487 0.448087 0.008907
0.593373 0.448057 0.008905
0.593473 0.457879 0.008903
0.568229 0.423738 0.008926
0.568435 0.433477 0.008917
0.563392 0.428638 0.008922
0.573290 0.428565 0.008919
0.578331 0.433416 0.008914
0.578479 0.443205 0.008910
0.573462 0.438334 0.008913
0.558045 0.414152 0.008946
0.563147 0.418935 0.008935
0.558329 0.423821 0.008929
0.562832 0.409284 0.008955
0.567608 0.404418 0.008965
0.572748 0.409174 0.008950
0.567953 0.414052 0.008942
0.547787 0.404639 0.008974
0.548145 0.414242 0.008949
0.543025 0.409479 0.008963
0.552925 0.409387 0.008959
0.553246 0.419022 0.008938
0.529578 0.541612 0.008898
0.529578 0.551472 0.008898
0.524648 0.546542 0.008898
0.534507 0.546542 0.008898
0.539437 0.551472 0.008898
0.539437 0.561331 0.008898
0.534507 0.556401 0.008898
0.519719 0.531753 0.008898
0.524648 0.536683 0.008898
0.519719 0.541612 0.008898
0.524648 0.526824 0.008898
0.529578 0.521894 0.008898
0.534507 0.526824 0.008898
0.529578 0.531753 0.008898
0.509860 0.521894 0.008898
0.509860 0.531753 0.008898
0.504930 0.526823 0.008898
0.514789 0.526824 0.008898
0.514789 0.536683 0.008898
0.490141 0.502175 0.008898
0.490141 0.512035 0.008898
0.485211 0.507105 0.008898
0.495071 0.507105 0.008898
0.500000 0.512035 0.008898
0.500000 0.521894 0.008898
0.495071 0.516964 0.008898
0.480273 0.492325 0.008898
0.485210 0.497247 0.008898
0.480282 0.502175 0.008898
0.485186 0.487410 0.008899
0.490092 0.482503 0.008900
0.495045 0.487410 0.008899
0.490132 0.492325 0.008898
0.470375 0.482504 0.008900
0.470414 0.492325 0.008898
0.465469 0.487411 0.008899
0.475327 0.487411 0.008899
0.475351 0.497247 0.008898
0.529366 0.462906 0.008906
0.529463 0.472688 0.008902
0.524487 0.467799 0.008904
0.534350 0.467789 0.008904
0.539326 0.472680 0.008902
0.539391 0.482491 0.008900
0.534431 0.477586 0.008901
0.519374 0.453166 0.008912
0.524374 0.458031 0.008909
0.519503 0.462918 0.008907
0.524232 0.448288 0.008915
0.529085 0.443410 0.008917
0.534101 0.448262 0.008914
0.529240 0.453146 0.008911
0.509350 0.443464 0.008919
0.509511 0.453183 0.008912
0.504503 0.448329 0.008915
0.514366 0.448311 0.008915
0.514511 0.458046 0.008909
0.608451 0.620486 0.008898
0.608451 0.630345 0.008898
0.603522 0.625416 0.008898
0.613381 0.625416 0.008898
0.618311 0.630345 0.008898
0.618311 0.640204 0.008898
0.613381 0.635275 0.008898
0.598592 0.610627 0.008898
0.603522 0.615556 0.008898
0.598592 0.620486 0.008898
0.603522 0.605697 0.008898
0.608451 0.600768 0.008898
0.613381 0.605697 0.008898
0.608451 0.610627 0.008898
0.588733 0.600768 0.008898
0.588733 0.610627 0.008898
0.583804 0.605697 0.008898
0.593663 0.605697 0.008898
0.593663 0.615556 0.008898
0.569015 0.581049 0.008898
0.569015 0.590909 0.008898
0.564085 0.585979 0.008898
0.573944 0.585979 0.008898
0.578874 0.590909 0.008898
0.578874 0.600768 0.008898
0.573944 0.595838 0.008898
0.559155 0.571190 0.008898
0.564085 0.576120 0.008898
0.559155 0.581049 0.008898
0.564085 0.566260 0.008898
0.569015 0.561331 0.008898
0.573944 0.566260 0.008898
0.569015 0.571190 0.008898
0.549296 0.561331 0.008898
0.549296 0.571190 0.008898
0.544367 0.566260 0.008898
0.554226 0.566260 0.008898
0.554226 0.576120 0.008898
0.608451 0.541612 0.008898
0.608451 0.551472 0.008898
0.603522 0.546542 0.008898
0.613381 0.546542 0.008898
0.618311 0.551472 0.008898
0.618311 0.561331 0.008898
0.613381 0.556401 0.008898
0.598592 0.531753 0.008898
0.603522 0.536683 0.008898
0.598592 0.541612 0.008898
0.603522 0.526823 0.008898
0.608451 0.521894 0.008898
0.613381 0.526823 0.008898
0.608451 0.531753 0.008898
0.588733 0.521894 0.008898
0.588733 0.531753 0.008898
0.583803 0.526823 0.008898
0.593662 0.526823 0.008898
0.593662 0.536683 0.008898
0.450704 0.620486 0.008898
0.450704 0.630345 0.008898
0.445775 0.625416 0.008898
0.455634 0.625416 0.008898
0.460563 0.630345 0.008898
0.460563 0.640204 0.008898
0.455634 0.635275 0.008898
0.440845 0.610627 0.008898
0.445775 0.615556 0.008898
0.440845 0.620486 0.008898
0.445775 0.605697 0.008898
0.450704 0.600768 0.008898
0.455634 0.605697 0.008898
0.450704 0.610627 0.008898
0.430986 0.600768 0.008898
0.430986 0.610627 0.008898
0.426056 0.605697 0.008898
0.435915 0.605697 0.008898
0.435915 0.615556 0.008898
0.411267 0.581049 0.008898
0.411267 0.590909 0.008898
0.406338 0.585979 0.008898
0.416197 0.585979 0.008898
0.421126 0.590909 0.008898
0.421126 0.600768 0.008898
0.416197 0.595838 0.008898
0.401408 0.571190 0.008898
0.406338 0.576120 0.008898
0.401408 0.581049 0.008898
0.406338 0.566260 0.008898
0.411267 0.561331 0.008898
0.416197 0.566260 0.008898
0.411267 0.571190 0.008898
0.391549 0.561331 0.008898
0.391549 0.571190 0.008898
0.386619 0.566260 0.008898
0.396478 0.566260 0.008898
0.396478 0.576120 0.008898
0.450704 0.541612 0.008898
0.450704 0.551472 0.008898
0.445775 0.546542 0.008898
0.455634 0.546542 0.008898
0.460563 0.551472 0.008898
0.460563 0.561331 0.008898
0.455634 0.556401 0.008898
0.440845 0.531753 0.008898
0.445775 0.536683 0.008898
0.440845 0.541612 0.008898
0.445775 0.526823 0.008898
0.450704 0.521894 0.008898
0.455634 0.526823 0.008898
0.450704 0.531753 0.008898
0.430986 0.521894 0.008898
0.430986 0.531753 0.008898
0.426056 0.526823 0.008898
0.435915 0.526823 0.008898
0.435915 0.536683 0.008898
0.371831 0.620486 0.008898
0.371831 0.630345 0.008898
0.366901 0.625416 0.008898
0.376760 0.625416 0.008898
0.381690 0.630345 0.008898
0.381690 0.640204 0.008898
0.376760 0.635275 0.008898
0.361971 0.610627 0.008898
0.366901 0.615556 0.008898
0.361971 0.620486 0.008898
0.366901 0.605697 0.008898
0.371830 0.600768 0.008898
0.376760 0.605697 0.008898
0.371831 0.610627 0.008898
0.352112 0.600767 0.008898
0.352112 0.610627 0.008898
0.347182 0.605697 0.008898
0.357042 0.605697 0.008898
0.357042 0.615556 0.008898
0.450704 0.699359 0.008898
0.450704 0.709219 0.008898
0.445775 0.704289 0.008898
0.455634 0.704289 0.008898
0.460563 0.709219 0.008898
0.460563 0.719078 0.008898
0.455634 0.714148 0.008898
0.440845 0.689500 0.008898
0.445775 0.694430 0.008898
0.440845 0.699359 0.008898
0.445775 0.684571 0.008898
0.450704 0.679641 0.008898
0.455634 0.684571 0.008898
0.450704 0.689500 0.008898
0.430986 0.679641 0.008898
0.430986 0.689500 0.008898
0.426056 0.684571 0.008898
0.435915 0.684571 0.008898
0.435915 0.694430 0.008898
0.292957 0.541612 0.008898
0.292957 0.551472 0.008898
0.288027 0.546542 0.008898
0.297887 0.546542 0.008898
0.302816 0.551472 0.008898
0.302816 0.561331 0.008898
0.297887 0.556401 0.008898
0.283098 0.531753 0.008898
0.288027 0.536683 0.008898
0.283098 0.541612 0.008898
0.288027 0.526823 0.008898
0.292957 0.521894 0.008898
0.297886 0.526823 0.008898
0.292957 0.531753 0.008898
0.273238 0.521894 0.008898
0.273239 0.531753 0.008898
0.268309 0.526823 0.008898
0.278168 0.526823 0.008898
0.278168 0.536683 0.008898
0.450502 0.462953 0.008906
0.450595 0.472714 0.008902
0.445625 0.467829 0.008904
0.455479 0.467830 0.008904
0.460450 0.472714 0.008902
0.460517 0.482505 0.008900
0.455559 0.477606 0.008901
0.440535 0.453219 0.008909
0.445520 0.458083 0.008908
0.440651 0.462951 0.008905
0.445388 0.448366 0.008913
0.450233 0.443521 0.008916
0.455233 0.448369 0.008914
0.450381 0.453222 0.008910
0.430557 0.443506 0.008913
0.430692 0.453212 0.008908
0.425709 0.448349 0.008910
0.435547 0.448360 0.008911
0.435673 0.458079 0.008907
0.410570 0.424110 0.008923
0.410758 0.433770 0.008914
0.405771 0.428910 0.008916
0.415578 0.428956 0.008919
0.420574 0.433805 0.008916
0.420725 0.443489 0.008911
0.415741 0.438629 0.008913
0.400523 0.414420 0.008935
0.405551 0.419265 0.008928
0.400774 0.424051 0.008920
0.405255 0.409660 0.008948
0.409964 0.404911 0.008963
0.415036 0.409726 0.008952
0.410305 0.414490 0.008939
0.390446 0.404727 0.008952
0.390753 0.414331 0.008931
0.385733 0.409468 0.008938
0.395488 0.409574 0.008943
0.395767 0.419191 0.008925
0.448232 0.386024 0.009050
0.448736 0.395517 0.009011
0.443583 0.390760 0.009028
0.453404 0.390769 0.009031
0.458561 0.395521 0.009013
0.458996 0.405049 0.008980
0.453873 0.400280 0.008995
0.437839 0.376554 0.009095
0.443044 0.381285 0.009072
0.438414 0.386011 0.009047
0.442436 0.371846 0.009122
0.447023 0.367143 0.009151
0.452264 0.371855 0.009125
0.447661 0.376567 0.009097
0.427377 0.367111 0.009146
0.428026 0.376532 0.009091
0.422813 0.371798 0.009115
0.432615 0.371830 0.009119
0.433228 0.381268 0.009068
0.527067 0.385787 0.009052
0.527566 0.395275 0.009013
0.522381 0.390565 0.009033
0.532270 0.390482 0.009030
0.537459 0.395188 0.009010
0.537889 0.404731 0.008977
0.532735 0.399997 0.008994
0.516616 0.376422 0.009101
0.521848 0.381101 0.009076
0.517181 0.385863 0.009055
0.521251 0.371682 0.009126
0.525876 0.366946 0.009151
0.531144 0.371594 0.009122
0.526502 0.376345 0.009098
0.506112 0.367076 0.009156
0.506739 0.376479 0.009103
0.501499 0.371793 0.009129
0.511369 0.371748 0.009128
0.511967 0.381168 0.009078
0.485301 0.348172 0.009250
0.485799 0.357682 0.009207
0.480612 0.352940 0.009229
0.490467 0.352930 0.009229
0.495657 0.357668 0.009207
0.496248 0.367107 0.009156
0.491011 0.362405 0.009183
0.475042 0.338598 0.009284
0.480160 0.343394 0.009268
0.475448 0.348178 0.009249
0.479803 0.333783 0.009298
0.484588 0.328952 0.009311
0.489659 0.333780 0.009299
0.484897 0.338595 0.009284
0.464879 0.328952 0.009310
0.465191 0.338598 0.009283
0.460097 0.333782 0.009297
0.469949 0.333784 0.009298
0.470307 0.343397 0.009267
0.371830 0.541612 0.008898
0.371830 0.551472 0.008898
0.366901 0.546542 0.008898
0.376760 0.546542 0.008898
0.381690 0.551472 0.008898
0.381690 0.561331 0.008898
0.376760 0.556401 0.008898
0.361971 0.531753 0.008898
0.366901 0.536683 0.008898
0.361971 0.541612 0.008898
0.366901 0.526823 0.008898
0.371831 0.521894 0.008898
0.376760 0.526823 0.008898
0.371831 0.531753 0.008898
0.352112 0.521894 0.008898
0.352112 0.531753 0.008898
0.347183 0.526823 0.008898
0.357042 0.526823 0.008898
0.357042 0.536683 0.008898
0.332394 0.502175 0.008898
0.332394 0.512035 0.008898
0.327464 0.507105 0.008898
0.337323 0.507105 0.008898
0.342253 0.512035 0.008898
0.342253 0.521894 0.008898
0.337323 0.516964 0.008898
0.322534 0.492316 0.008898
0.327464 0.497246 0.008898
0.322534 0.502175 0.008898
0.327463 0.487388 0.008898
0.332390 0.482462 0.008898
0.337321 0.487390 0.008898
0.332393 0.492317 0.008898
0.312674 0.482458 0.008898
0.312675 0.492316 0.008898
0.307745 0.487387 0.008898
0.317604 0.487387 0.008898
0.317605 0.497246 0.008898
0.371743 0.462850 0.008900
0.371783 0.472658 0.008899
0.366843 0.467741 0.008899
0.376686 0.467762 0.008900
0.381631 0.472671 0.008899
0.381666 0.482487 0.008899
0.376725 0.477573 0.008899
0.361866 0.453013 0.008901
0.366803 0.457934 0.008901
0.361906 0.462822 0.008900
0.366752 0.448140 0.008902
0.371626 0.443280 0.008903
0.376569 0.448192 0.008903
0.371691 0.453057 0.008902
0.352004 0.443158 0.008901
0.352038 0.452974 0.008900
0.347108 0.448044 0.008900
0.356933 0.448088 0.008901
0.356970 0.457900 0.008900
0.529578 0.699360 0.008898
0.529578 0.709219 0.008898
0.524648 0.704289 0.008898
0.534508 0.704289 0.008898
0.539437 0.709219 0.008898
0.539437 0.719078 0.008898
0.534507 0.714148 0.008898
0.519719 0.689500 0.008898
0.524648 0.694430 0.008898
0.519719 0.699360 0.008898
0.524648 0.684571 0.008898
0.529578 0.679641 0.008898
0.534508 0.684571 0.008898
0.529578 0.689500 0.008898
0.509860 0.679641 0.008898
0.509860 0.689501 0.008898
0.504930 0.684571 0.008898
0.514789 0.684571 0.008898
0.514789 0.694430 0.008898
0.490141 0.659923 0.008898
0.490141 0.669782 0.008898
0.485212 0.664852 0.008898
0.495071 0.664852 0.008898
0.500000 0.669782 0.008898
0.500000 0.679641 0.008898
0.495071 0.674712 0.008898
0.480282 0.650064 0.008898
0.485212 0.654993 0.008898
0.480282 0.659923 0.008898
0.485212 0.645134 0.008898
0.490141 0.640204 0.008898
0.495071 0.645134 0.008898
0.490141 0.650064 0.008898
0.470423 0.640204 0.008898
0.470423 0.650064 0.008898
0.465493 0.645134 0.008898
0.475352 0.645134 0.008898
0.475352 0.654993 0.008898
0.529578 0.620486 0.008898
0.529578 0.630345 0.008898
0.524648 0.625416 0.008898
0.534508 0.625416 0.008898
0.539437 0.630345 0.008898
0.539437 0.640204 0.008898
0.534508 0.635275 0.008898
0.519719 0.610627 0.008898
0.524648 0.615556 0.008898
0.519719 0.620486 0.008898
0.524648 0.605697 0.008898
0.529578 0.600768 0.008898
0.534508 0.605697 0.008898
0.529578 0.610627 0.008898
0.509860 0.600767 0.008898
0.509860 0.610627 0.008898
0.504930 0.605697 0.008898
0.514789 0.605697 0.008898
0.514789 0.615556 0.008898
0.687325 0.541612 0.008898
0.687325 0.551472 0.008898
0.682395 0.546542 0.008898
0.692255 0.546542 0.008898
0.697184 0.551472 0.008898
0.697184 0.561331 0.008898
0.692255 0.556401 0.008898
0.677466 0.531753 0.008898
0.682395 0.536683 0.008898
0.677466 0.541612 0.008898
0.682395 0.526824 0.008898
0.687325 0.521894 0.008898
0.692255 0.526824 0.008898
0.687325 0.531753 0.008898
0.667607 0.521894 0.008898
0.667607 0.531753 0.008898
0.662677 0.526823 0.008898
0.672536 0.526824 0.008898
0.672536 0.536683 0.008898
0.647888 0.502175 0.008898
0.647888 0.512035 0.008898
0.642959 0.507105 0.008898
0.652818 0.507105 0.008898
0.657747 0.512035 0.008898
0.657747 0.521894 0.008898
0.652818 0.516964 0.008898
0.638026 0.492317 0.008898
0.642958 0.497246 0.008898
0.638029 0.502175 0.008898
0.642952 0.487388 0.008898
0.647878 0.482459 0.008898
0.652813 0.487388 0.008898
0.647886 0.492317 0.008898
0.628151 0.482461 0.008898
0.628166 0.492317 0.008898
0.623229 0.487389 0.008898
0.633091 0.487388 0.008898
0.633099 0.497246 0.008898
0.598592 0.650064 0.008898
0.603522 0.654993 0.008898
0.598592 0.659923 0.008898
0.603522 0.645134 0.008898
0.608451 0.640204 0.008898
0.613381 0.645134 0.008898
0.608451 0.650064 0.008898
0.588733 0.659923 0.008898
0.593663 0.654993 0.008898
0.593663 0.664852 0.008898
0.588733 0.650064 0.008898
0.588733 0.640204 0.008898
0.593663 0.635275 0.008898
0.593663 0.645134 0.008898
0.583804 0.674711 0.008898
0.583804 0.664852 0.008898
0.588733 0.669782 0.008898
0.440837 0.492325 0.008898
0.445773 0.497247 0.008898
0.440845 0.502175 0.008898
0.445752 0.487411 0.008899
0.450659 0.482505 0.008900
0.455610 0.487411 0.008899
0.450696 0.492325 0.008898
0.430986 0.502175 0.008898
0.435914 0.497247 0.008898
0.435915 0.507105 0.008898
0.430978 0.492325 0.008898
0.430945 0.482503 0.008899
0.435846 0.477604 0.008900
0.435894 0.487411 0.008899
0.426056 0.516964 0.008898
0.426056 0.507105 0.008898
0.430986 0.512035 0.008898
0.518487 0.414452 0.008956
0.523585 0.419230 0.008945
0.518790 0.424072 0.008938
0.523249 0.409628 0.008968
0.527999 0.404810 0.008980
0.533134 0.409559 0.008965
0.528366 0.414392 0.008955
0.508920 0.424115 0.008939
0.513710 0.419280 0.008947
0.513982 0.428919 0.008931
0.508615 0.414501 0.008958
0.508244 0.404932 0.008984
0.512969 0.400137 0.008999
0.513373 0.409686 0.008969
0.504327 0.438627 0.008923
0.504116 0.428954 0.008932
0.509160 0.433772 0.008927
0.361971 0.571190 0.008898
0.366901 0.576120 0.008898
0.361971 0.581049 0.008898
0.366901 0.566260 0.008898
0.371830 0.561331 0.008898
0.376760 0.566260 0.008898
0.371830 0.571190 0.008898
0.352112 0.581049 0.008898
0.357042 0.576119 0.008898
0.357042 0.585979 0.008898
0.352112 0.571190 0.008898
0.352112 0.561331 0.008898
0.357042 0.556401 0.008898
0.357042 0.566260 0.008898
0.347182 0.595838 0.008898
0.347182 0.585979 0.008898
0.352112 0.590908 0.008898
0.519719 0.728937 0.008898
0.524648 0.733867 0.008898
0.519719 0.738796 0.008898
0.524648 0.724008 0.008898
0.529578 0.719078 0.008898
0.534507 0.724008 0.008898
0.529578 0.728937 0.008898
0.509860 0.738796 0.008898
0.514789 0.733867 0.008898
0.514789 0.743726 0.008898
0.509860 0.728937 0.008898
0.509860 0.719078 0.008898
0.514789 0.714148 0.008898
0.514789 0.724008 0.008898
0.504930 0.753585 0.008898
0.504930 0.743726 0.008898
0.509860 0.748655 0.008898
0.440845 0.650064 0.008898
0.445775 0.654993 0.008898
0.440845 0.659923 0.008898
0.445775 0.645134 0.008898
0.450704 0.640204 0.008898
0.455634 0.645134 0.008898
0.450704 0.650064 0.008898
0.430986 0.659923 0.008898
0.435915 0.654993 0.008898
0.435915 0.664852 0.008898
0.430986 0.650064 0.008898
0.430986 0.640204 0.008898
0.435915 0.635275 0.008898
0.435915 0.645134 0.008898
0.426056 0.674711 0.008898
0.426056 0.664852 0.008898
0.430986 0.669782 0.008898
0.519719 0.571190 0.008898
0.524648 0.576120 0.008898
0.519719 0.581049 0.008898
0.524648 0.566260 0.008898
0.529578 0.561331 0.008898
0.534507 0.566260 0.008898
0.529578 0.571190 0.008898
0.509860 0.581049 0.008898
0.514789 0.576119 0.008898
0.514789 0.585979 0.008898
0.509860 0.571190 0.008898
0.509860 0.561331 0.008898
0.514789 0.556401 0.008898
0.514789 0.566260 0.008898
0.504930 0.595838 0.008898
0.504930 0.585979 0.008898
0.509860 0.590908 0.008898
0.677466 0.571190 0.008898
0.682395 0.576120 0.008898
0.677466 0.581049 0.008898
0.682395 0.566260 0.008898
0.687325 0.561331 0.008898
0.692255 0.566260 0.008898
0.687325 0.571190 0.008898
0.667606 0.581049 0.008898
0.672536 0.576120 0.008898
0.672536 0.585979 0.008898
0.667606 0.571190 0.008898
0.667607 0.561331 0.008898
0.672536 0.556401 0.008898
0.672536 0.566260 0.008898
0.662677 0.595838 0.008898
0.662677 0.585979 0.008898
0.667606 0.590909 0.008898
0.598586 0.492318 0.008898
0.603521 0.497246 0.008898
0.598592 0.502175 0.008898
0.603507 0.487391 0.008898
0.608424 0.482465 0.008898
0.613368 0.487390 0.008898
0.608446 0.492318 0.008898
0.588733 0.502175 0.008898
0.593662 0.497246 0.008898
0.593663 0.507105 0.008898
0.588726 0.492319 0.008898
0.588699 0.482471 0.008899
0.593609 0.477547 0.008899
0.593646 0.487393 0.008898
0.583803 0.516964 0.008898
0.583803 0.507105 0.008898
0.588733 0.512035 0.008898
0.637926 0.452902 0.008900
0.642889 0.457824 0.008899
0.637965 0.462753 0.008899
0.642852 0.447973 0.008900
0.647782 0.443044 0.008900
0.652745 0.447966 0.008899
0.647816 0.452895 0.008899
0.628084 0.462758 0.008900
0.633004 0.457830 0.008900
0.633043 0.467681 0.008899
0.628033 0.452910 0.008901
0.627970 0.443065 0.008902
0.632893 0.438136 0.008902
0.632954 0.447982 0.008901
0.623205 0.477535 0.008899
0.623168 0.467685 0.008899
0.628124 0.472608 0.008899
0.597732 0.413786 0.008929
0.602827 0.418619 0.008920
0.597970 0.423527 0.008916
0.602563 0.408893 0.008936
0.607389 0.404002 0.008943
0.612524 0.408817 0.008931
0.607678 0.413716 0.008925
0.588049 0.423588 0.008919
0.592894 0.418685 0.008923
0.593106 0.428441 0.008913
0.587796 0.413866 0.008933
0.587473 0.404194 0.008954
0.592263 0.399320 0.008964
0.592613 0.408978 0.008940
0.583355 0.438285 0.008911
0.583195 0.428499 0.008916
0.588233 0.433362 0.008912
0.559155 0.531753 0.008898
0.564085 0.536683 0.008898
0.559155 0.541612 0.008898
0.564085 0.526824 0.008898
0.569014 0.521894 0.008898
0.573944 0.526823 0.008898
0.569014 0.531753 0.008898
0.549296 0.541612 0.008898
0.554226 0.536683 0.008898
0.554226 0.546542 0.008898
0.549296 0.531753 0.008898
0.549296 0.521894 0.008898
0.554226 0.516964 0.008898
0.554226 0.526824 0.008898
0.544367 0.556401 0.008898
0.544367 0.546542 0.008898
0.549296 0.551472 0.008898
0.519709 0.492324 0.008898
0.524647 0.497247 0.008898
0.519719 0.502176 0.008898
0.524624 0.487407 0.008899
0.529531 0.482494 0.008900
0.534483 0.487405 0.008899
0.529569 0.492323 0.008898
0.509859 0.502176 0.008898
0.514788 0.497247 0.008898
0.514789 0.507105 0.008898
0.509850 0.492324 0.008898
0.509811 0.482499 0.008900
0.514710 0.477595 0.008901
0.514764 0.487408 0.008899
0.504930 0.516964 0.008898
0.504930 0.507105 0.008898
0.509860 0.512035 0.008898
0.558851 0.453068 0.008908
0.563847 0.457948 0.008906
0.558965 0.462857 0.008904
0.563723 0.448161 0.008910
0.568593 0.443249 0.008911
0.573603 0.448122 0.008908
0.568726 0.453036 0.008907
0.549098 0.462875 0.008905
0.553976 0.457972 0.008907
0.554079 0.467764 0.008903
0.548979 0.453097 0.008910
0.548832 0.443339 0.008915
0.553689 0.438442 0.008917
0.553846 0.448198 0.008911
0.544293 0.477580 0.008901
0.544214 0.467777 0.008904
0.549189 0.472672 0.008902
0.638029 0.610627 0.008898
0.642958 0.615556 0.008898
0.638029 0.620486 0.008898
0.642958 0.605697 0.008898
0.647888 0.600768 0.008898
0.652818 0.605697 0.008898
0.647888 0.610627 0.008898
0.628170 0.620486 0.008898
0.633099 0.615556 0.008898
0.633099 0.625416 0.008898
0.628170 0.610627 0.008898
0.628170 0.600768 0.008898
0.633099 0.595838 0.008898
0.633099 0.605697 0.008898
0.623240 0.635275 0.008898
0.623240 0.625416 0.008898
0.628170 0.630345 0.008898
0.598592 0.571190 0.008898
0.603522 0.576120 0.008898
0.598592 0.581049 0.008898
0.603522 0.566260 0.008898
0.608451 0.561331 0.008898
0.613381 0.566260 0.008898
0.608451 0.571190 0.008898
0.588733 0.581049 0.008898
0.593663 0.576120 0.008898
0.593663 0.585979 0.008898
0.588733 0.571190 0.008898
0.588733 0.561331 0.008898
0.593663 0.556401 0.008898
0.593663 0.566260 0.008898
0.583803 0.595838 0.008898
0.583803 0.585979 0.008898
0.588733 0.590909 0.008898
0.638029 0.531753 0.008898
0.642959 0.536683 0.008898
0.638029 0.541612 0.008898
0.642959 0.526823 0.008898
0.647888 0.521894 0.008898
0.652818 0.526823 0.008898
0.647888 0.531753 0.008898
0.628170 0.541612 0.008898
0.633099 0.536683 0.008898
0.633099 0.546542 0.008898
0.628170 0.531753 0.008898
0.628170 0.521894 0.008898
0.633099 0.516964 0.008898
0.633099 0.526823 0.008898
0.623240 0.556401 0.008898
0.623240 0.546542 0.008898
0.628170 0.551472 0.008898
0.480282 0.610627 0.008898
0.485212 0.615556 0.008898
0.480282 0.620486 0.008898
0.485212 0.605697 0.008898
0.490141 0.600767 0.008898
0.495071 0.605697 0.008898
0.490141 0.610627 0.008898
0.470423 0.620486 0.008898
0.475352 0.615556 0.008898
0.475352 0.625416 0.008898
0.470423 0.610627 0.008898
0.470423 0.600768 0.008898
0.475352 0.595838 0.008898
0.475352 0.605697 0.008898
0.465493 0.635275 0.008898
0.465493 0.625416 0.008898
0.470423 0.630345 0.008898
0.440845 0.571190 0.008898
0.445775 0.576120 0.008898
0.440845 0.581049 0.008898
0.445775 0.566260 0.008898
0.450704 0.561331 0.008898
0.455634 0.566260 0.008898
0.450704 0.571190 0.008898
0.430986 0.581049 0.008898
0.435915 0.576120 0.008898
0.435915 0.585979 0.008898
0.430986 0.571190 0.008898
0.430986 0.561331 0.008898
0.435915 0.556401 0.008898
0.435915 0.566260 0.008898
0.426056 0.595838 0.008898
0.426056 0.585979 0.008898
0.430986 0.590909 0.008898
0.480282 0.531753 0.008898
0.485212 0.536683 0.008898
0.480282 0.541612 0.008898
0.485212 0.526823 0.008898
0.490141 0.521894 0.008898
0.495071 0.526823 0.008898
0.490141 0.531753 0.008898
0.470423 0.541612 0.008898
0.475352 0.536683 0.008898
0.475352 0.546542 0.008898
0.470423 0.531753 0.008898
0.470423 0.521894 0.008898
0.475352 0.516964 0.008898
0.475352 0.526823 0.008898
0.465493 0.556401 0.008898
0.465493 0.546542 0.008898
0.470423 0.551472 0.008898
0.401408 0.610627 0.008898
0.406338 0.615556 0.008898
0.401408 0.620486 0.008898
0.406338 0.605697 0.008898
0.411267 0.600768 0.008898
0.416197 0.605697 0.008898
0.411267 0.610627 0.008898
0.391549 0.620486 0.008898
0.396479 0.615556 0.008898
0.396479 0.625416 0.008898
0.391549 0.610627 0.008898
0.391549 0.600768 0.008898
0.396478 0.595838 0.008898
0.396478 0.605697 0.008898
0.386619 0.635275 0.008898
0.386619 0.625416 0.008898
0.391549 0.630345 0.008898
0.480282 0.689500 0.008898
0.485212 0.694430 0.008898
0.480282 0.699360 0.008898
0.485212 0.684571 0.008898
0.490141 0.679641 0.008898
0.495071 0.684571 0.008898
0.490141 0.689501 0.008898
0.470423 0.699360 0.008898
0.475352 0.694430 0.008898
0.475352 0.704289 0.008898
0.470423 0.689500 0.008898
0.470423 0.679641 0.008898
0.475352 0.674712 0.008898
0.475352 0.684571 0.008898
0.465493 0.714148 0.008898
0.465493 0.704289 0.008898
0.470423 0.709219 0.008898
0.322535 0.531753 0.008898
0.327464 0.536683 0.008898
0.322535 0.541612 0.008898
0.327464 0.526823 0.008898
0.332394 0.521894 0.008898
0.337323 0.526823 0.008898
0.332394 0.531753 0.008898
0.312675 0.541612 0.008898
0.317605 0.536683 0.008898
0.317605 0.546542 0.008898
0.312675 0.531753 0.008898
0.312675 0.521894 0.008898
0.317605 0.516964 0.008898
0.317605 0.526823 0.008898
0.307746 0.556401 0.008898
0.307746 0.546542 0.008898
0.312675 0.551472 0.008898
0.479934 0.453216 0.008912
0.484931 0.458076 0.008909
0.480064 0.462949 0.008907
0.484786 0.448356 0.008915
0.489629 0.443500 0.008919
0.494643 0.448344 0.008916
0.489791 0.453208 0.008912
0.470208 0.462952 0.008907
0.475075 0.458081 0.008909
0.475189 0.467828 0.008905
0.470081 0.453221 0.008912
0.469923 0.443519 0.008918
0.474758 0.438676 0.008922
0.474932 0.448364 0.008915
0.465416 0.477606 0.008901
0.465333 0.467830 0.008904
0.470307 0.472714 0.008903
0.439714 0.414599 0.008950
0.444779 0.419402 0.008941
0.440005 0.424202 0.008932
0.444450 0.409818 0.008963
0.449170 0.405045 0.008978
0.454274 0.409826 0.008965
0.449535 0.414610 0.008952
0.430186 0.424184 0.008929
0.434959 0.419387 0.008938
0.435211 0.429010 0.008924
0.429901 0.414579 0.008946
0.429542 0.405011 0.008971
0.434238 0.400254 0.008989
0.434635 0.409802 0.008960
0.425565 0.438654 0.008915
0.425391 0.428990 0.008921
0.430396 0.433828 0.008919
0.477168 0.376559 0.009103
0.482383 0.381272 0.009079
0.477734 0.386012 0.009056
0.481785 0.371839 0.009129
0.486391 0.367126 0.009156
0.491639 0.371820 0.009129
0.487018 0.376541 0.009103
0.467892 0.386025 0.009055
0.472537 0.381288 0.009078
0.473071 0.390760 0.009035
0.467325 0.376569 0.009101
0.466695 0.367147 0.009155
0.471308 0.362427 0.009182
0.471938 0.371851 0.009128
0.463702 0.400279 0.008997
0.463234 0.390769 0.009033
0.468394 0.395516 0.009015
0.556230 0.375991 0.009083
0.561480 0.380643 0.009056
0.556785 0.385455 0.009038
0.560893 0.371198 0.009104
0.565548 0.366404 0.009125
0.570837 0.371022 0.009095
0.566162 0.375831 0.009075
0.546869 0.385583 0.009044
0.551556 0.380786 0.009063
0.552079 0.390269 0.009021
0.546310 0.376129 0.009089
0.545687 0.366722 0.009141
0.550343 0.361943 0.009163
0.550965 0.371352 0.009111
0.542631 0.399907 0.008991
0.542170 0.390384 0.009026
0.547361 0.395086 0.009005
0.514491 0.338536 0.009282
0.519623 0.343295 0.009264
0.514897 0.348100 0.009248
0.519263 0.333699 0.009295
0.524061 0.328840 0.009306
0.529152 0.333618 0.009291
0.524376 0.338468 0.009279
0.505022 0.348144 0.009249
0.509743 0.343351 0.009267
0.510195 0.352883 0.009228
0.504617 0.338576 0.009284
0.504308 0.328939 0.009311
0.509123 0.324082 0.009320
0.509385 0.333751 0.009298
0.500871 0.362385 0.009183
0.500326 0.352916 0.009229
0.505520 0.357644 0.009207
0.401408 0.531753 0.008898
0.406338 0.536683 0.008898
0.401408 0.541612 0.008898
0.406338 0.526823 0.008898
0.411267 0.521894 0.008898
0.416197 0.526823 0.008898
0.411267 0.531753 0.008898
0.391549 0.541612 0.008898
0.396478 0.536683 0.008898
0.396478 0.546542 0.008898
0.391549 0.531753 0.008898
0.391549 0.521894 0.008898
0.396479 0.516964 0.008898
0.396479 0.526823 0.008898
0.386619 0.556401 0.008898
0.386619 0.546542 0.008898
0.391549 0.551472 0.008898
0.361969 0.492320 0.008898
0.366901 0.497246 0.008898
0.361971 0.502175 0.008898
0.366892 0.487398 0.008898
0.371811 0.482482 0.008898
0.376749 0.487401 0.008898
0.371827 0.492321 0.008898
0.352112 0.502175 0.008898
0.357041 0.497246 0.008898
0.357042 0.507105 0.008898
0.352110 0.492319 0.008898
0.352102 0.482470 0.008898
0.357021 0.477553 0.008898
0.357035 0.487395 0.008898
0.347183 0.516964 0.008898
0.347183 0.507105 0.008898
0.352112 0.512035 0.008898
0.401179 0.453160 0.008905
0.406143 0.458044 0.008904
0.401264 0.462914 0.008902
0.406042 0.448307 0.008907
0.410897 0.443463 0.008910
0.415874 0.448331 0.008908
0.411013 0.453183 0.008906
0.391422 0.462896 0.008902
0.396305 0.458023 0.008903
0.396377 0.467794 0.008901
0.391346 0.453131 0.008904
0.391253 0.443388 0.008906
0.396106 0.438550 0.008909
0.396215 0.448275 0.008906
0.386577 0.477581 0.008899
0.386531 0.467779 0.008900
0.391480 0.472683 0.008900
0.559156 0.689500 0.008898
0.564085 0.694430 0.008898
0.559156 0.699359 0.008898
0.564085 0.684571 0.008898
0.569015 0.679641 0.008898
0.573944 0.684571 0.008898
0.569015 0.689500 0.008898
0.549296 0.699359 0.008898
0.554226 0.694430 0.008898
0.554226 0.704289 0.008898
0.549296 0.689500 0.008898
0.549296 0.679641 0.008898
0.554226 0.674711 0.008898
0.554226 0.684571 0.008898
0.544367 0.714148 0.008898
0.544367 0.704289 0.008898
0.549296 0.709219 0.008898
0.519719 0.650064 0.008898
0.524649 0.654993 0.008898
0.519719 0.659923 0.008898
0.524649 0.645134 0.008898
0.529578 0.640204 0.008898
0.534508 0.645134 0.008898
0.529578 0.650064 0.008898
0.509860 0.659923 0.008898
0.514789 0.654993 0.008898
0.514789 0.664852 0.008898
0.509860 0.650064 0.008898
0.509860 0.640204 0.008898
0.514789 0.635275 0.008898
0.514789 0.645134 0.008898
0.504930 0.674712 0.008898
0.504930 0.664852 0.008898
0.509860 0.669782 0.008898
0.559156 0.610627 0.008898
0.564085 0.615556 0.008898
0.559156 0.620486 0.008898
0.564085 0.605697 0.008898
0.569015 0.600768 0.008898
0.573944 0.605697 0.008898
0.569015 0.610627 0.008898
0.549296 0.620486 0.008898
0.554226 0.615556 0.008898
0.554226 0.625416 0.008898
0.549296 0.610627 0.008898
0.549296 0.600768 0.008898
0.554226 0.595838 0.008898
0.554226 0.605697 0.008898
0.544367 0.635275 0.008898
0.544367 0.625416 0.008898
0.549296 0.630345 0.008898
0.716902 0.531753 0.008898
0.721832 0.536683 0.008898
0.716902 0.541612 0.008898
0.721832 0.526824 0.008898
0.726762 0.521894 0.008898
0.731691 0.526823 0.008898
0.726762 0.531753 0.008898
0.707043 0.541612 0.008898
0.711973 0.536683 0.008898
0.711973 0.546542 0.008898
0.707043 0.531753 0.008898
0.707043 0.521894 0.008898
0.711973 0.516964 0.008898
0.711973 0.526824 0.008898
0.702114 0.556401 0.008898
0.702114 0.546542 0.008898
0.707043 0.551472 0.008898
0.677465 0.492316 0.008898
0.682395 0.497246 0.008898
0.677466 0.502176 0.008898
0.682395 0.487387 0.008898
0.687324 0.482457 0.008898
0.692254 0.487387 0.008898
0.687325 0.492316 0.008898
0.667607 0.502176 0.008898
0.672536 0.497246 0.008898
0.672536 0.507105 0.008898
0.667606 0.492316 0.008898
0.667603 0.482458 0.008898
0.672531 0.477529 0.008898
0.672535 0.487387 0.008898
0.662677 0.516964 0.008898
0.662677 0.507105 0.008898
0.667607 0.512035 0.008898
0.657731 0.472601 0.008898
0.662668 0.477529 0.008898
0.657741 0.482458 0.008898
0.662659 0.467672 0.008898
0.667589 0.462743 0.008898
0.672527 0.467670 0.008898
0.667597 0.472600 0.008898
0.697184 0.512035 0.008898
0.702114 0.516964 0.008898
0.697184 0.521894 0.008898
0.702114 0.507105 0.008898
0.707043 0.502176 0.008898
0.711973 0.507105 0.008898
0.707043 0.512035 0.008898
0.539437 0.590908 0.008898
0.544367 0.595838 0.008898
0.539437 0.600768 0.008898
0.544367 0.585979 0.008898
0.549296 0.581049 0.008898
0.554226 0.585979 0.008898
0.549296 0.590908 0.008898
0.500000 0.630345 0.008898
0.504930 0.635275 0.008898
0.500000 0.640204 0.008898
0.504930 0.625415 0.008898
0.509860 0.620486 0.008898
0.514789 0.625415 0.008898
0.509860 0.630345 0.008898
0.539437 0.669782 0.008898
0.544367 0.674712 0.008898
0.539437 0.679641 0.008898
0.544367 0.664852 0.008898
0.549297 0.659923 0.008898
0.554226 0.664852 0.008898
0.549296 0.669782 0.008898
0.381344 0.433598 0.008908
0.386296 0.438496 0.008907
0.381438 0.443338 0.008905
0.386178 0.428779 0.008911
0.390985 0.423977 0.008917
0.395971 0.428851 0.008914
0.391143 0.433667 0.008910
0.342236 0.472619 0.008898
0.347169 0.477545 0.008898
0.342246 0.482465 0.008898
0.347154 0.467705 0.008899
0.352066 0.462798 0.008899
0.357000 0.467721 0.008899
0.352087 0.472630 0.008899
0.381690 0.512035 0.008898
0.386619 0.516964 0.008898
0.381690 0.521894 0.008898
0.386619 0.507105 0.008898
0.391549 0.502175 0.008898
0.396479 0.507105 0.008898
0.391549 0.512035 0.008898
0.494233 0.319240 0.009329
0.499257 0.324101 0.009321
0.494446 0.328949 0.009311
0.499092 0.314360 0.009335
0.503977 0.309458 0.009339
0.508956 0.314343 0.009335
0.504094 0.319234 0.009329
0.535185 0.357419 0.009197
0.540424 0.362081 0.009170
0.535776 0.366846 0.009147
0.539878 0.352621 0.009216
0.544595 0.347800 0.009233
0.549797 0.352480 0.009209
0.545098 0.357292 0.009191
0.456257 0.357695 0.009204
0.461465 0.362430 0.009180
0.456856 0.367148 0.009153
0.460914 0.352946 0.009228
0.465598 0.348180 0.009249
0.470761 0.352945 0.009228
0.466100 0.357696 0.009206
0.419318 0.395438 0.008999
0.424436 0.400223 0.008985
0.419745 0.404971 0.008967
0.423968 0.390711 0.009021
0.428604 0.385988 0.009044
0.433769 0.390743 0.009025
0.429109 0.395481 0.009004
0.459894 0.433851 0.008925
0.464911 0.438682 0.008921
0.460076 0.443522 0.008917
0.464706 0.429026 0.008930
0.469501 0.424209 0.008938
0.474550 0.429018 0.008931
0.469737 0.433847 0.008926
0.302816 0.512035 0.008898
0.307746 0.516964 0.008898
0.302816 0.521894 0.008898
0.307746 0.507105 0.008898
0.312675 0.502175 0.008898
0.317605 0.507105 0.008898
0.312675 0.512035 0.008898
0.460563 0.669782 0.008898
0.465493 0.674712 0.008898
0.460563 0.679641 0.008898
0.465493 0.664852 0.008898
0.470423 0.659923 0.008898
0.475352 0.664852 0.008898
0.470423 0.669782 0.008898
0.381690 0.590908 0.008898
0.386619 0.595838 0.008898
0.381690 0.600768 0.008898
0.386619 0.585979 0.008898
0.391549 0.581049 0.008898
0.396478 0.585979 0.008898
0.391549 0.590908 0.008898
0.460563 0.512035 0.008898
0.465493 0.516964 0.008898
0.460563 0.521894 0.008898
0.465493 0.507105 0.008898
0.470423 0.502175 0.008898
0.475352 0.507105 0.008898
0.470423 0.512035 0.008898
0.421126 0.551472 0.008898
0.426056 0.556401 0.008898
0.421126 0.561331 0.008898
0.426056 0.546542 0.008898
0.430986 0.541612 0.008898
0.435915 0.546542 0.008898
0.430986 0.551472 0.008898
0.460563 0.590908 0.008898
0.465493 0.595838 0.008898
0.460563 0.600768 0.008898
0.465493 0.585979 0.008898
0.470423 0.581049 0.008898
0.475352 0.585979 0.008898
0.470423 0.590908 0.008898
0.618311 0.512035 0.008898
0.623240 0.516964 0.008898
0.618311 0.521894 0.008898
0.623240 0.507105 0.008898
0.628170 0.502175 0.008898
0.633099 0.507105 0.008898
0.628170 0.512035 0.008898
0.578874 0.551472 0.008898
0.583803 0.556401 0.008898
0.578874 0.561331 0.008898
0.583803 0.546542 0.008898
0.588733 0.541612 0.008898
0.593662 0.546542 0.008898
0.588733 0.551472 0.008898
0.618311 0.590908 0.008898
0.623240 0.595838 0.008898
0.618311 0.600768 0.008898
0.623240 0.585979 0.008898
0.628170 0.581049 0.008898
0.633099 0.585979 0.008898
0.628170 0.590908 0.008898
0.538777 0.433652 0.008923
0.543809 0.438490 0.008919
0.538957 0.443377 0.008916
0.543612 0.428772 0.008927
0.548436 0.423896 0.008932
0.553500 0.428709 0.008925
0.548658 0.433599 0.008921
0.499881 0.472705 0.008903
0.504850 0.477598 0.008901
0.499951 0.482501 0.008900
0.504765 0.467815 0.008905
0.509641 0.462929 0.008907
0.514625 0.467808 0.008905
0.509741 0.472701 0.008903
0.539437 0.512035 0.008898
0.544367 0.516964 0.008898
0.539437 0.521894 0.008898
0.544367 0.507105 0.008898
0.549296 0.502176 0.008898
0.554226 0.507105 0.008898
0.549296 0.512035 0.008898
0.577129 0.394702 0.008988
0.582311 0.399436 0.008970
0.577534 0.404302 0.008959
0.581878 0.389851 0.009002
0.586620 0.385003 0.009016
0.591845 0.389713 0.008994
0.587081 0.394573 0.008981
0.617971 0.433246 0.008905
0.622976 0.438153 0.008904
0.618064 0.443082 0.008903
0.622878 0.428319 0.008906
0.627780 0.423398 0.008908
0.632815 0.428296 0.008904
0.627895 0.433223 0.008904
0.578782 0.472640 0.008901
0.583744 0.477553 0.008900
0.578836 0.482475 0.008899
0.583681 0.467721 0.008901
0.588578 0.462801 0.008902
0.593551 0.467709 0.008901
0.588649 0.472631 0.008900
0.657747 0.551472 0.008898
0.662677 0.556401 0.008898
0.657747 0.561331 0.008898
0.662677 0.546542 0.008898
0.667607 0.541612 0.008898
0.672536 0.546542 0.008898
0.667607 0.551472 0.008898
0.500000 0.551471 0.008898
0.504930 0.556401 0.008898
0.500000 0.561331 0.008898
0.504930 0.546542 0.008898
0.509860 0.541612 0.008898
0.514789 0.546542 0.008898
0.509860 0.551471 0.008898
0.421126 0.630345 0.008898
0.426056 0.635275 0.008898
0.421126 0.640204 0.008898
0.426056 0.625416 0.008898
0.430986 0.620486 0.008898
0.435915 0.625416 0.008898
0.430986 0.630345 0.008898
0.500000 0.709219 0.008898
0.504930 0.714148 0.008898
0.500000 0.719078 0.008898
0.504930 0.704289 0.008898
0.509860 0.699360 0.008898
0.514789 0.704289 0.008898
0.509860 0.709219 0.008898
0.342253 0.551471 0.008898
0.347182 0.556401 0.008898
0.342253 0.561331 0.008898
0.347182 0.546542 0.008898
0.352112 0.541612 0.008898
0.357042 0.546542 0.008898
0.352112 0.551471 0.008898
0.497942 0.395448 0.009017
0.503100 0.400186 0.009000
0.498378 0.404974 0.008984
0.502630 0.390681 0.009036
0.507306 0.385921 0.009056
0.512501 0.390631 0.009035
0.507807 0.395405 0.009016
0.421033 0.472707 0.008901
0.425991 0.477602 0.008900
0.421088 0.482502 0.008899
0.425922 0.467823 0.008902
0.430802 0.462947 0.008904
0.435773 0.467827 0.008903
0.430886 0.472710 0.008901
0.578874 0.630345 0.008898
0.583804 0.635275 0.008898
0.578874 0.640204 0.008898
0.583804 0.625416 0.008898
0.588733 0.620486 0.008898
0.593663 0.625416 0.008898
0.588733 0.630345 0.008898
0.647843 0.462748 0.008899
0.647864 0.472603 0.008898
0.642918 0.467677 0.008899
0.652790 0.467674 0.008898
0.652804 0.477530 0.008898
0.687325 0.502176 0.008898
0.687325 0.512035 0.008898
0.682395 0.507105 0.008898
0.692255 0.507105 0.008898
0.692255 0.516964 0.008898
0.529578 0.581049 0.008898
0.529578 0.590908 0.008898
0.524648 0.585979 0.008898
0.534507 0.585979 0.008898
0.534508 0.595838 0.008898
0.490141 0.620486 0.008898
0.490141 0.630345 0.008898
0.485212 0.625415 0.008898
0.495071 0.625415 0.008898
0.495071 0.635275 0.008898
0.529578 0.659923 0.008898
0.529578 0.669782 0.008898
0.524649 0.664852 0.008898
0.534508 0.664852 0.008898
0.534508 0.674712 0.008898
0.371432 0.423787 0.008911
0.371550 0.433518 0.008906
0.366611 0.428596 0.008906
0.376391 0.428694 0.008909
0.376491 0.438433 0.008905
0.332376 0.462761 0.008898
0.332384 0.472610 0.008898
0.327454 0.467680 0.008898
0.337305 0.467691 0.008898
0.337315 0.477538 0.008898
0.371831 0.502175 0.008898
0.371831 0.512035 0.008898
0.366901 0.507105 0.008898
0.376760 0.507105 0.008898
0.376760 0.516964 0.008898
0.484258 0.309463 0.009339
0.484375 0.319241 0.009329
0.479376 0.314360 0.009335
0.489233 0.314360 0.009335
0.489398 0.324104 0.009321
0.524784 0.348028 0.009244
0.525284 0.357520 0.009201
0.520077 0.352822 0.009226
0.529971 0.352735 0.009222
0.530517 0.362194 0.009175
0.445910 0.348172 0.009246
0.446419 0.357690 0.009203
0.441235 0.352935 0.009225
0.451072 0.352942 0.009226
0.451626 0.362428 0.009179
0.409055 0.385869 0.009032
0.409547 0.395370 0.008994
0.404436 0.390570 0.009009
0.414191 0.390653 0.009015
0.414651 0.400170 0.008980
0.449831 0.424211 0.008934
0.450056 0.433849 0.008923
0.445037 0.429022 0.008927
0.454869 0.429028 0.008929
0.455068 0.438683 0.008920
0.292957 0.502175 0.008898
0.292957 0.512035 0.008898
0.288027 0.507105 0.008898
0.297886 0.507105 0.008898
0.297886 0.516964 0.008898
0.450704 0.659923 0.008898
0.450704 0.669782 0.008898
0.445775 0.664852 0.008898
0.455634 0.664852 0.008898
0.455634 0.674712 0.008898
0.371830 0.581049 0.008898
0.371830 0.590908 0.008898
0.366901 0.585979 0.008898
0.376760 0.585979 0.008898
0.376760 0.595838 0.008898
0.450704 0.502175 0.008898
0.450704 0.512035 0.008898
0.445775 0.507105 0.008898
0.455634 0.507105 0.008898
0.455634 0.516964 0.008898
0.411267 0.541612 0.008898
0.411267 0.551472 0.008898
0.406338 0.546542 0.008898
0.416197 0.546542 0.008898
0.416197 0.556401 0.008898
0.450704 0.581049 0.008898
0.450704 0.590908 0.008898
0.445775 0.585979 0.008898
0.455634 0.585979 0.008898
0.455634 0.595838 0.008898
0.608451 0.502175 0.008898
0.608451 0.512035 0.008898
0.603522 0.507105 0.008898
0.613381 0.507105 0.008898
0.613381 0.516964 0.008898
0.569014 0.541612 0.008898
0.569015 0.551472 0.008898
0.564085 0.546542 0.008898
0.573944 0.546542 0.008898
0.573944 0.556401 0.008898
0.608451 0.581049 0.008898
0.608451 0.590908 0.008898
0.603522 0.585979 0.008898
0.613381 0.585979 0.008898
0.613381 0.595838 0.008898
0.528666 0.424021 0.008936
0.528900 0.433698 0.008925
0.523854 0.428877 0.008930
0.533730 0.428828 0.008929
0.533933 0.438532 0.008920
0.489922 0.462944 0.008907
0.490022 0.472709 0.008903
0.485047 0.467825 0.008905
0.494905 0.467821 0.008905
0.494991 0.477601 0.008901
0.529578 0.502176 0.008898
0.529578 0.512035 0.008898
0.524648 0.507105 0.008898
0.534507 0.507105 0.008898
0.534507 0.516964 0.008898
0.566712 0.385308 0.009031
0.567194 0.394837 0.008995
0.561998 0.390138 0.009015
0.571929 0.389994 0.009009
0.572373 0.399558 0.008976
0.607899 0.423475 0.008913
0.608052 0.433277 0.008907
0.603023 0.428392 0.008911
0.612947 0.428351 0.008908
0.613064 0.438176 0.008905
0.568834 0.462837 0.008904
0.568917 0.472651 0.008901
0.563945 0.467750 0.008903
0.573813 0.467735 0.008902
0.573881 0.477559 0.008900
0.647888 0.541612 0.008898
0.647888 0.551472 0.008898
0.642959 0.546542 0.008898
0.652818 0.546542 0.008898
0.652818 0.556401 0.008898
0.490141 0.541612 0.008898
0.490141 0.551471 0.008898
0.485212 0.546542 0.008898
0.495071 0.546542 0.008898
0.495071 0.556401 0.008898
0.411267 0.620486 0.008898
0.411267 0.630345 0.008898
0.406338 0.625416 0.008898
0.416197 0.625416 0.008898
0.416197 0.635275 0.008898
0.490141 0.699360 0.008898
0.490141 0.709219 0.008898
0.485212 0.704289 0.008898
0.495071 0.704289 0.008898
0.495071 0.714148 0.008898
0.332394 0.541612 0.008898
0.332394 0.551471 0.008898
0.327464 0.546542 0.008898
0.337323 0.546542 0.008898
0.337323 0.556401 0.008898
0.487583 0.385991 0.009057
0.488084 0.395480 0.009017
0.482916 0.390743 0.009036
0.492769 0.390716 0.009036
0.493238 0.400223 0.009000
0.411108 0.462929 0.008903
0.411181 0.472701 0.008901
0.406224 0.467806 0.008901
0.416072 0.467816 0.008902
0.416136 0.477599 0.008900
0.569015 0.620486 0.008898
0.569015 0.630345 0.008898
0.564085 0.625416 0.008898
0.573944 0.625416 0.008898
0.573944 0.635275 0.008898
0.711973 0.556401 0.008898
0.707043 0.561331 0.008898
0.716902 0.551472 0.008898
0.702114 0.566260 0.008898
0.697184 0.571190 0.008898
0.731691 0.536683 0.008898
0.726762 0.541612 0.008898
0.736621 0.531753 0.008898
0.721832 0.546542 0.008898
0.554226 0.714148 0.008898
0.549296 0.719078 0.008898
0.559155 0.709219 0.008898
0.544367 0.724007 0.008898
0.539437 0.728937 0.008898
0.573944 0.694430 0.008898
0.569015 0.699359 0.008898
0.578874 0.689500 0.008898
0.564085 0.704289 0.008898
0.302816 0.571190 0.008898
0.460563 0.728937 0.008898
0.381690 0.650064 0.008898
0.633099 0.635275 0.008898
0.628170 0.640204 0.008898
0.638029 0.630345 0.008898
0.623240 0.645134 0.008898
0.618311 0.650064 0.008898
0.652818 0.615557 0.008898
0.647888 0.620486 0.008898
0.657747 0.610627 0.008898
0.642958 0.625416 0.008898
0.672536 0.595838 0.008898
0.667606 0.600768 0.008898
0.677466 0.590909 0.008898
0.662677 0.605697 0.008898
0.692254 0.576120 0.008898
0.687325 0.581049 0.008898
0.682395 0.585979 0.008898
0.421126 0.689500 0.008898
0.514789 0.753585 0.008898
0.509860 0.758515 0.008898
0.519719 0.748655 0.008898
0.504930 0.763444 0.008898
0.500000 0.768374 0.008898
0.534507 0.733867 0.008898
0.529578 0.738796 0.008898
0.524648 0.743726 0.008898
0.342253 0.610627 0.008898
0.593663 0.674711 0.008898
0.588733 0.679641 0.008898
0.598592 0.669782 0.008898
0.583804 0.684571 0.008898
0.613381 0.654993 0.008898
0.608451 0.659923 0.008898
0.603522 0.664852 0.008898
0.278168 0.546542 0.008898
0.273239 0.541612 0.008898
0.283098 0.551472 0.008898
0.268309 0.536683 0.008898
0.263379 0.531753 0.008898
0.297887 0.566260 0.008898
0.292957 0.561331 0.008898
0.288027 0.556401 0.008898
0.435915 0.704289 0.008898
0.430986 0.699359 0.008898
0.440845 0.709219 0.008898
0.426056 0.694430 0.008898
0.455634 0.724007 0.008898
0.450704 0.719078 0.008898
0.445775 0.714148 0.008898
0.357042 0.625415 0.008898
0.352112 0.620486 0.008898
0.361971 0.630345 0.008898
0.347183 0.615556 0.008898
0.376760 0.645134 0.008898
0.371831 0.640204 0.008898
0.366901 0.635275 0.008898
0.396479 0.664852 0.008898
0.391549 0.659923 0.008898
0.401408 0.669782 0.008898
0.386620 0.654993 0.008898
0.416197 0.684571 0.008898
0.411267 0.679641 0.008898
0.406338 0.674711 0.008898
0.475352 0.743726 0.008898
0.470423 0.738796 0.008898
0.480282 0.748655 0.008898
0.465493 0.733867 0.008898
0.495071 0.763444 0.008898
0.490141 0.758515 0.008898
0.485212 0.753585 0.008898
0.317605 0.585979 0.008898
0.312675 0.581049 0.008898
0.322535 0.590908 0.008898
0.307746 0.576120 0.008898
0.337323 0.605697 0.008898
0.332394 0.600767 0.008898
0.327464 0.595838 0.008898
