0.597093 0.577984 0.038036
0.594691 0.589527 0.032775
0.591164 0.583040 0.035379
0.479182 0.433221 0.202118
0.477548 0.437379 0.189243
0.473802 0.434368 0.195872
0.554826 0.391594 0.324241
0.554839 0.401991 0.306376
0.550802 0.396725 0.315146
0.390342 0.461342 0.113386
0.388320 0.468876 0.103344
0.384694 0.464119 0.108601
0.505426 0.672146 0.011955
0.504093 0.685926 0.010926
0.499976 0.678732 0.011370
0.447745 0.553204 0.041674
0.445485 0.565711 0.035684
0.442024 0.558505 0.038732
0.539809 0.489627 0.104221
0.537854 0.497155 0.094313
0.534139 0.492517 0.099464
0.690315 0.513351 0.099372
0.688540 0.521408 0.089869
0.684750 0.516573 0.094589
0.625021 0.451815 0.196419
0.624598 0.457334 0.182741
0.620296 0.454283 0.189604
0.658389 0.428373 0.257253
0.659691 0.435051 0.241446
0.654678 0.431673 0.249261
0.617815 0.394924 0.323471
0.619086 0.404847 0.305996
0.614421 0.399841 0.314863
0.584364 0.469887 0.146427
0.582816 0.475756 0.134755
0.578917 0.472120 0.140760
0.552068 0.445174 0.198340
0.551010 0.449787 0.185136
0.546974 0.446871 0.191846
0.588974 0.427965 0.256694
0.589320 0.433834 0.241244
0.584855 0.430747 0.248956
0.644534 0.541965 0.064475
0.642197 0.551686 0.056937
0.638650 0.546033 0.060699
0.615200 0.501638 0.100821
0.613266 0.509461 0.091083
0.609539 0.504758 0.096046
0.658826 0.479026 0.143859
0.657574 0.485699 0.132083
0.653588 0.481732 0.138023
0.493944 0.516606 0.069412
0.491699 0.526545 0.061413
0.488154 0.520634 0.065566
0.464706 0.476059 0.108693
0.462744 0.483518 0.098640
0.459060 0.478822 0.103906
0.509557 0.458388 0.150532
0.507790 0.463858 0.138958
0.504012 0.460228 0.145016
0.419360 0.502319 0.073261
0.417287 0.512190 0.064933
0.413692 0.506240 0.069290
0.475437 0.612209 0.021477
0.473333 0.626029 0.018244
0.469758 0.618395 0.019812
0.361493 0.427846 0.158153
0.359416 0.433779 0.147024
0.355807 0.429764 0.152682
0.520246 0.422005 0.257090
0.519256 0.426993 0.242179
0.515412 0.424039 0.249741
0.489607 0.390920 0.321212
0.489008 0.398979 0.304832
0.485187 0.394901 0.312672
0.518089 0.339082 0.384169
0.519395 0.352843 0.373418
0.514227 0.346290 0.379004
0.591970 0.339089 0.385086
0.590526 0.353152 0.374590
0.587130 0.345810 0.380213
0.555392 0.292189 0.398663
0.555419 0.302190 0.398313
0.550479 0.297151 0.398556
0.435387 0.443810 0.155122
0.433422 0.449364 0.143618
0.429796 0.445558 0.149606
0.406587 0.416744 0.205601
0.404569 0.421064 0.192901
0.401021 0.417759 0.199348
0.450153 0.410268 0.259072
0.448368 0.414208 0.244824
0.444828 0.411241 0.252069
0.550167 0.621868 0.020977
0.548180 0.634869 0.017978
0.544438 0.627836 0.019433
0.521924 0.566451 0.039484
0.519510 0.578560 0.033925
0.516045 0.571690 0.036732
0.569056 0.529825 0.066232
0.566706 0.539703 0.058526
0.563184 0.533909 0.062472
0.732912 0.489525 0.141050
0.731916 0.496859 0.129777
0.727777 0.492403 0.135561
0.697558 0.456879 0.195151
0.697590 0.463572 0.181095
0.693074 0.459815 0.188220
0.600608 0.584380 0.035271
0.482935 0.436176 0.195386
0.558830 0.397134 0.315317
0.393968 0.465970 0.108044
0.509500 0.679352 0.011386
0.451215 0.560254 0.038466
0.543546 0.494113 0.098959
0.694140 0.518102 0.094537
0.629396 0.454882 0.189429
0.663517 0.431817 0.249342
0.622335 0.400152 0.314506
0.588300 0.473413 0.140337
0.556147 0.448077 0.191501
0.593517 0.431201 0.248881
0.648105 0.547501 0.060597
0.618956 0.506220 0.095735
0.662867 0.482936 0.137787
0.497507 0.522361 0.065139
0.468401 0.480605 0.103332
0.513359 0.461896 0.144400
0.422964 0.508106 0.068791
0.478993 0.619758 0.019768
0.365087 0.431765 0.152394
0.524121 0.425129 0.249436
0.493517 0.395173 0.313276
0.523245 0.345649 0.379388
0.595351 0.346383 0.380310
0.560316 0.297143 0.398564
0.439020 0.447495 0.149051
0.410127 0.419976 0.199046
0.453711 0.413283 0.251766
0.553868 0.628837 0.019394
0.525383 0.573190 0.036514
0.572600 0.535484 0.062168
0.737117 0.493977 0.135087
0.702158 0.460662 0.187857
0.695834 0.483882 0.142655
0.699938 0.488062 0.136615
0.694727 0.490937 0.131013
0.700907 0.481045 0.148521
0.715627 0.472485 0.166851
0.720019 0.476610 0.160146
0.715110 0.479477 0.154103
0.727850 0.519609 0.099222
0.731744 0.524393 0.094537
0.726186 0.527638 0.089948
0.733322 0.516512 0.103975
0.749476 0.507579 0.118536
0.753529 0.512183 0.113416
0.748147 0.515142 0.108633
0.559397 0.572398 0.038639
0.562884 0.578960 0.035782
0.556980 0.584227 0.033251
0.565320 0.567383 0.041481
0.583127 0.553138 0.050851
0.586617 0.559224 0.047391
0.580673 0.563964 0.044271
0.512619 0.617372 0.021210
0.516254 0.624632 0.019567
0.510559 0.630831 0.018108
0.518377 0.611347 0.022919
0.535843 0.593860 0.028772
0.539367 0.600871 0.026584
0.533538 0.606668 0.024654
0.543538 0.674595 0.012006
0.547768 0.681455 0.011448
0.542461 0.687832 0.010994
0.548935 0.668249 0.012698
0.565383 0.649569 0.015474
0.569384 0.656383 0.014433
0.563914 0.662565 0.013512
0.442840 0.425520 0.204054
0.446475 0.428583 0.197392
0.441027 0.429648 0.191328
0.448273 0.424575 0.210335
0.464480 0.421832 0.230062
0.468109 0.424626 0.222920
0.462728 0.425596 0.216305
0.398495 0.435866 0.156898
0.402094 0.439660 0.150971
0.396449 0.441597 0.145523
0.404129 0.434170 0.162522
0.420902 0.429864 0.179868
0.424519 0.433250 0.173608
0.418947 0.434652 0.167837
0.427456 0.468786 0.111115
0.431108 0.473382 0.105721
0.425458 0.476283 0.101022
0.433096 0.466164 0.116003
0.449969 0.459095 0.131213
0.453640 0.463162 0.125433
0.448018 0.465517 0.120362
0.555446 0.338343 0.384676
0.559984 0.345260 0.379883
0.555294 0.352210 0.374170
0.560243 0.331650 0.388722
0.575012 0.313043 0.396492
0.579689 0.319012 0.394672
0.574760 0.325195 0.392083
0.586671 0.393311 0.324474
0.590674 0.398927 0.315411
0.586918 0.403923 0.306570
0.590729 0.387750 0.333599
0.603865 0.369028 0.360065
0.606721 0.376323 0.351334
0.602535 0.382374 0.342549
0.522357 0.390831 0.323335
0.526431 0.395916 0.314546
0.522218 0.400549 0.305726
0.526347 0.385457 0.332543
0.537934 0.366195 0.359716
0.542425 0.373037 0.351315
0.538470 0.379499 0.342182
0.485467 0.417069 0.258202
0.489150 0.420073 0.250734
0.483990 0.421433 0.243605
0.490525 0.415290 0.265581
0.505033 0.407708 0.288892
0.508811 0.411565 0.280774
0.504066 0.414256 0.272977
0.515613 0.439906 0.200046
0.519515 0.442819 0.193213
0.514250 0.444239 0.187066
0.520799 0.438483 0.206465
0.535934 0.433774 0.226962
0.539927 0.436590 0.219610
0.534934 0.438257 0.212687
0.353262 0.453835 0.115538
0.356880 0.458500 0.110264
0.351214 0.461376 0.105605
0.358924 0.451191 0.120352
0.375890 0.443926 0.135375
0.379496 0.448133 0.129794
0.373844 0.450552 0.124764
0.467683 0.668888 0.011868
0.471558 0.676528 0.011295
0.466040 0.683322 0.010818
0.473225 0.662171 0.012605
0.489930 0.642462 0.015562
0.493693 0.649985 0.014454
0.488134 0.656522 0.013479
0.410999 0.546046 0.042803
0.414510 0.553233 0.039464
0.408848 0.558846 0.036499
0.416649 0.540864 0.046015
0.433688 0.526455 0.056234
0.437230 0.532909 0.052349
0.431528 0.537710 0.048975
0.502190 0.483044 0.106458
0.505921 0.487546 0.101125
0.500235 0.490499 0.096466
0.507848 0.480376 0.111322
0.524729 0.473057 0.126508
0.528511 0.477008 0.120757
0.522889 0.479477 0.115691
0.456576 0.509591 0.071234
0.460158 0.515369 0.066871
0.454414 0.519517 0.063085
0.462303 0.505744 0.075239
0.479451 0.495104 0.087969
0.483107 0.500242 0.083107
0.477378 0.503797 0.078875
0.484696 0.560057 0.040536
0.488142 0.566978 0.037447
0.482324 0.572409 0.034769
0.490522 0.554931 0.043512
0.508058 0.540498 0.053184
0.511539 0.546816 0.049503
0.505676 0.551622 0.046298
0.652792 0.507434 0.099869
0.656569 0.512103 0.094907
0.650918 0.515410 0.090216
0.658364 0.504315 0.104814
0.674783 0.495344 0.120354
0.678701 0.499693 0.114855
0.673244 0.502693 0.109694
0.606776 0.535966 0.065136
0.610324 0.541563 0.061177
0.604416 0.545783 0.057545
0.612641 0.531992 0.069002
0.630065 0.520805 0.081414
0.633717 0.525928 0.076951
0.627911 0.529655 0.072805
0.634922 0.583439 0.037645
0.638462 0.589743 0.034935
0.632535 0.594788 0.032456
0.640870 0.578584 0.040442
0.658752 0.564659 0.049786
0.662288 0.570557 0.046475
0.656323 0.575193 0.043351
0.588657 0.449247 0.197278
0.592898 0.452168 0.190351
0.587918 0.454206 0.183823
0.593468 0.447133 0.204133
0.607151 0.440112 0.225845
0.611666 0.442993 0.218274
0.607162 0.445471 0.211006
0.546894 0.464524 0.148249
0.550766 0.467998 0.142155
0.545245 0.470138 0.136644
0.552334 0.462562 0.153932
0.568355 0.456941 0.171636
0.572392 0.460014 0.165212
0.567061 0.461946 0.159283
0.577502 0.495813 0.102347
0.581253 0.500333 0.097160
0.575544 0.503470 0.092514
0.583159 0.492926 0.107235
0.599951 0.484732 0.122648
0.603794 0.488757 0.116984
0.598207 0.491532 0.111844
0.623450 0.428401 0.256488
0.628318 0.431560 0.248688
0.624366 0.434655 0.240918
0.627160 0.424993 0.264451
0.637489 0.413775 0.289091
0.642734 0.417668 0.281026
0.639344 0.421362 0.272792
0.661257 0.454064 0.196229
0.665763 0.457498 0.189094
0.661089 0.460198 0.182284
0.665741 0.451258 0.203364
0.678517 0.442306 0.225652
0.683377 0.445869 0.217847
0.679149 0.448916 0.210419
0.621705 0.474515 0.144872
0.625687 0.478184 0.138791
0.620298 0.480765 0.133150
0.626973 0.472035 0.150737
0.642266 0.464572 0.169235
0.646467 0.468008 0.162734
0.641402 0.470557 0.156522
0.682391 0.547805 0.064302
0.686005 0.553255 0.060472
0.680114 0.557385 0.056757
0.688226 0.543907 0.068269
0.705484 0.532884 0.080920
0.709225 0.537966 0.076655
0.703479 0.541619 0.072423
0.531448 0.523377 0.067669
0.534993 0.529085 0.063498
0.529137 0.533300 0.059828
0.537268 0.519446 0.071565
0.554630 0.508511 0.084007
0.558276 0.513622 0.079325
0.552481 0.517277 0.075181
0.438739 0.606272 0.021710
0.442242 0.614006 0.019930
0.436612 0.620372 0.018317
0.444399 0.600096 0.023601
0.461544 0.582118 0.030015
0.464981 0.589608 0.027608
0.459245 0.595602 0.025501
0.501182 0.725128 0.009466
0.505782 0.731073 0.009329
0.500635 0.736723 0.009209
0.506406 0.719150 0.009637
0.522225 0.700357 0.010325
0.526634 0.707029 0.010078
0.521386 0.713253 0.009846
0.382284 0.494804 0.075368
0.385920 0.500559 0.070810
0.380290 0.504590 0.066846
0.387926 0.491060 0.079516
0.404866 0.480654 0.092490
0.408497 0.485844 0.087496
0.402847 0.489314 0.083186
0.554687 0.425413 0.256762
0.558864 0.428694 0.249070
0.554311 0.430948 0.241500
0.559048 0.422655 0.264614
0.571295 0.412351 0.289296
0.575610 0.416724 0.280908
0.571645 0.420214 0.272696
0.472325 0.451371 0.152808
0.476043 0.454957 0.146714
0.470458 0.456842 0.141247
0.477867 0.449715 0.158419
0.494314 0.445316 0.175714
0.498125 0.448459 0.169318
0.492652 0.449947 0.163569
0.587978 0.625916 0.020810
0.591739 0.632629 0.019272
0.586077 0.638403 0.017887
0.593741 0.620289 0.022437
0.611264 0.603911 0.028045
0.614857 0.610518 0.025993
0.609011 0.615933 0.024135
0.678963 0.468221 0.168372
0.678283 0.474719 0.155554
0.674058 0.470941 0.162055
0.683254 0.471975 0.161725
0.690679 0.486722 0.136912
0.712039 0.501140 0.119549
0.710630 0.508669 0.109159
0.706689 0.504115 0.114358
0.716024 0.505653 0.114215
0.722330 0.522790 0.094530
0.545507 0.546987 0.051872
0.543076 0.557975 0.045150
0.539606 0.551634 0.048577
0.548983 0.553195 0.048305
0.553486 0.577551 0.035945
0.498499 0.588305 0.029358
0.496176 0.601490 0.025063
0.492685 0.594144 0.027199
0.501977 0.595564 0.027065
0.506894 0.623498 0.019618
0.527494 0.646353 0.015511
0.525863 0.659888 0.013494
0.521928 0.652699 0.014441
0.531382 0.653517 0.014437
0.538176 0.680983 0.011433
0.428624 0.413470 0.231610
0.426657 0.417231 0.218034
0.423149 0.414194 0.224951
0.432123 0.416460 0.224579
0.437394 0.426506 0.197888
0.384184 0.421394 0.181119
0.382093 0.426449 0.169179
0.378528 0.422825 0.175224
0.387745 0.424930 0.174976
0.392850 0.437696 0.151363
0.412923 0.451546 0.133502
0.410904 0.458062 0.122713
0.407281 0.453798 0.128323
0.416544 0.455695 0.127799
0.421811 0.471543 0.106319
0.535922 0.313098 0.396397
0.536231 0.325206 0.391913
0.531209 0.319081 0.394482
0.540911 0.318963 0.394506
0.550783 0.345196 0.379816
0.572111 0.366827 0.360254
0.571174 0.380510 0.342824
0.567416 0.373670 0.351760
0.575695 0.374016 0.351855
0.582744 0.398547 0.315475
0.504340 0.368323 0.357379
0.505655 0.380505 0.340234
0.501129 0.375100 0.348395
0.509157 0.374233 0.349500
0.518234 0.395731 0.314353
0.470857 0.403867 0.288510
0.469408 0.409254 0.273353
0.465800 0.405938 0.280889
0.474496 0.407332 0.280887
0.480321 0.418557 0.250974
0.500316 0.428547 0.228570
0.498871 0.432586 0.214581
0.495111 0.429762 0.221729
0.504088 0.431334 0.221269
0.510369 0.441281 0.193789
0.338778 0.436164 0.137004
0.336733 0.442882 0.126666
0.333109 0.438502 0.132008
0.342403 0.440451 0.131591
0.347593 0.456589 0.110811
0.452872 0.637568 0.015562
0.450893 0.652144 0.013398
0.447269 0.644174 0.014399
0.456486 0.645469 0.014420
0.462140 0.675675 0.011259
0.396763 0.518912 0.057917
0.394728 0.530232 0.050380
0.391145 0.523512 0.054284
0.400346 0.525433 0.053892
0.405356 0.551457 0.039688
0.487223 0.466323 0.128884
0.485333 0.472704 0.118027
0.481603 0.468570 0.123684
0.490963 0.470323 0.123122
0.496521 0.485843 0.101687
0.442074 0.487991 0.090154
0.440031 0.496679 0.080943
0.436397 0.491354 0.085773
0.445720 0.493158 0.085207
0.450847 0.513576 0.067335
0.470784 0.533633 0.054650
0.468498 0.544845 0.047590
0.465005 0.538285 0.051231
0.474286 0.540030 0.050877
0.478883 0.565341 0.037694
0.637447 0.489978 0.121253
0.635792 0.497064 0.110489
0.631950 0.492797 0.115939
0.641318 0.494160 0.115679
0.647174 0.510634 0.095053
0.592350 0.514773 0.082493
0.590181 0.523588 0.073784
0.586561 0.518347 0.078229
0.595996 0.519873 0.077914
0.600889 0.540062 0.061388
0.620879 0.558983 0.050152
0.618428 0.569650 0.043677
0.614931 0.563551 0.046905
0.624380 0.564976 0.046779
0.628987 0.588399 0.035006
0.571572 0.437681 0.226349
0.571076 0.442569 0.211716
0.566854 0.439686 0.219030
0.575844 0.440565 0.218872
0.583731 0.451270 0.190609
0.531285 0.451718 0.173383
0.529813 0.456469 0.161193
0.525931 0.453314 0.167522
0.535203 0.454777 0.166981
0.541409 0.466551 0.142665
0.562301 0.479141 0.124401
0.560508 0.485709 0.113590
0.556706 0.481622 0.119180
0.566124 0.483109 0.118701
0.571818 0.498805 0.097579
0.604098 0.413760 0.289113
0.605229 0.421663 0.272525
0.600498 0.417797 0.280762
0.608866 0.417882 0.280710
0.619600 0.431623 0.248669
0.642717 0.440931 0.225775
0.643100 0.446955 0.210734
0.638477 0.443803 0.218127
0.647426 0.444120 0.218237
0.656665 0.456790 0.189242
0.605446 0.461167 0.170262
0.604357 0.466582 0.157738
0.600294 0.463345 0.164120
0.609558 0.464320 0.163770
0.616362 0.477017 0.139139
0.667766 0.526808 0.080922
0.665670 0.535645 0.072370
0.662014 0.530429 0.076612
0.671453 0.531924 0.076558
0.676523 0.551824 0.060465
0.517007 0.501972 0.085887
0.514888 0.510689 0.076933
0.511261 0.505403 0.081595
0.520656 0.507094 0.081094
0.525612 0.527444 0.063882
0.424907 0.575574 0.030638
0.422609 0.589504 0.025837
0.419175 0.581746 0.028187
0.428343 0.583226 0.028116
0.433078 0.612606 0.019938
0.483665 0.698743 0.010254
0.482524 0.712163 0.009797
0.478235 0.705356 0.010000
0.487889 0.705752 0.010021
0.495986 0.730959 0.009323
0.367747 0.473228 0.094783
0.365725 0.481842 0.085412
0.362092 0.476516 0.090341
0.371376 0.478407 0.089772
0.376648 0.498674 0.071298
0.538427 0.410120 0.288843
0.538040 0.417573 0.272438
0.534071 0.413709 0.280517
0.542432 0.414311 0.280583
0.550187 0.427871 0.249083
0.457503 0.437975 0.177854
0.455691 0.442611 0.165768
0.452015 0.439285 0.172055
0.461201 0.441202 0.171488
0.466760 0.453135 0.147279
0.573455 0.598983 0.028338
0.571177 0.611370 0.024348
0.567585 0.604562 0.026309
0.577025 0.605733 0.026234
0.582259 0.631655 0.019300
0.576586 0.637515 0.017907
0.574901 0.650282 0.015469
0.570960 0.643493 0.016632
0.580465 0.644287 0.016620
0.584425 0.651037 0.015463
0.583034 0.663763 0.013525
0.578924 0.657040 0.014434
0.569045 0.623921 0.020885
0.572781 0.630726 0.019328
0.567100 0.636665 0.017928
0.574818 0.618146 0.022528
0.580628 0.612477 0.024289
0.584276 0.619202 0.022481
0.578509 0.624903 0.020846
0.561742 0.610241 0.024415
0.559598 0.622911 0.020929
0.555936 0.616005 0.022637
0.565367 0.617093 0.022580
0.563315 0.629800 0.019359
0.461174 0.455011 0.141832
0.459254 0.460937 0.130601
0.455576 0.456995 0.136474
0.464860 0.458832 0.135873
0.468557 0.462755 0.130007
0.466641 0.469151 0.119151
0.462943 0.464987 0.124825
0.453822 0.447655 0.153965
0.457496 0.451284 0.147866
0.451909 0.453153 0.142433
0.459373 0.446023 0.159542
0.464902 0.444500 0.165196
0.468610 0.447887 0.158970
0.463064 0.449530 0.153378
0.446497 0.440684 0.166340
0.444598 0.445750 0.154552
0.440954 0.442188 0.160699
0.450155 0.444124 0.160125
0.448251 0.449404 0.148462
0.545553 0.430056 0.241563
0.544832 0.434836 0.226753
0.540797 0.432010 0.234187
0.549629 0.432982 0.234060
0.553734 0.435842 0.226600
0.552977 0.440540 0.212134
0.548891 0.437677 0.219384
0.537495 0.423828 0.256771
0.541508 0.427020 0.249122
0.536794 0.429118 0.241676
0.542047 0.421209 0.264520
0.546471 0.418241 0.272493
0.550555 0.421935 0.264560
0.546097 0.424636 0.256745
0.529582 0.416868 0.272453
0.528879 0.422960 0.256880
0.524971 0.419624 0.264650
0.533519 0.420449 0.264540
0.532820 0.426116 0.249230
0.371015 0.502688 0.067300
0.369039 0.513172 0.059121
0.365381 0.506866 0.063369
0.374665 0.508785 0.062952
0.378305 0.515085 0.058736
0.376319 0.526438 0.051040
0.372687 0.519696 0.055008
0.363713 0.491017 0.076392
0.367363 0.496773 0.071781
0.361721 0.500758 0.067752
0.369362 0.487314 0.080587
0.375010 0.483728 0.084857
0.378647 0.489195 0.080052
0.373003 0.492924 0.075880
0.356432 0.479923 0.085970
0.354410 0.489068 0.076908
0.350766 0.483446 0.081668
0.360070 0.485399 0.081126
0.358063 0.494832 0.072266
0.490821 0.736651 0.009204
0.490433 0.747640 0.009039
0.485688 0.742213 0.009109
0.495518 0.742242 0.009113
0.500275 0.747617 0.009041
0.500083 0.757910 0.008954
0.495232 0.752867 0.008987
0.481646 0.724758 0.009449
0.486193 0.730827 0.009316
0.481010 0.736565 0.009198
0.486919 0.718691 0.009616
0.492224 0.712477 0.009812
0.496659 0.718932 0.009628
0.491411 0.724952 0.009459
0.472834 0.711827 0.009778
0.471888 0.724549 0.009437
0.467467 0.718151 0.009586
0.477189 0.718430 0.009603
0.476406 0.730682 0.009307
0.427384 0.619160 0.018286
0.425211 0.633827 0.015462
0.421629 0.625983 0.016761
0.430945 0.626960 0.016825
0.434510 0.634859 0.015522
0.432418 0.649710 0.013314
0.428808 0.641739 0.014315
0.420329 0.603703 0.021702
0.423842 0.611419 0.019909
0.418066 0.618201 0.018219
0.426071 0.597214 0.023687
0.431787 0.590917 0.025793
0.435253 0.598588 0.023661
0.429562 0.604899 0.021725
0.413407 0.588186 0.025848
0.411047 0.602671 0.021642
0.407597 0.594857 0.023631
0.416850 0.595974 0.023676
0.414537 0.610441 0.019843
0.519765 0.531649 0.060205
0.517405 0.542165 0.052827
0.513913 0.535999 0.056639
0.523273 0.537659 0.056270
0.526764 0.543795 0.052489
0.524352 0.554853 0.045689
0.520883 0.548452 0.049175
0.512685 0.520034 0.068520
0.516237 0.525773 0.064290
0.510402 0.529966 0.060602
0.518489 0.516132 0.072430
0.524279 0.512373 0.076458
0.527876 0.517804 0.071984
0.522063 0.521722 0.068083
0.505500 0.508984 0.077419
0.503311 0.518326 0.068966
0.499727 0.512720 0.073360
0.509106 0.514434 0.072893
0.506869 0.524075 0.064713
0.670626 0.555972 0.056765
0.668248 0.566039 0.049754
0.664700 0.560251 0.053204
0.674193 0.561647 0.053183
0.677750 0.567406 0.049744
0.675345 0.577858 0.043314
0.671794 0.571909 0.046455
0.663455 0.544894 0.064336
0.667047 0.550387 0.060485
0.661142 0.554553 0.056798
0.669304 0.540956 0.068271
0.675119 0.537134 0.072338
0.678764 0.542431 0.068256
0.672922 0.546350 0.064305
0.656221 0.534163 0.072430
0.653989 0.543436 0.064393
0.650393 0.538009 0.068384
0.659846 0.539484 0.068316
0.657572 0.548948 0.060530
0.610947 0.479551 0.133527
0.609341 0.486041 0.122243
0.605473 0.482121 0.128030
0.614845 0.483379 0.127632
0.618720 0.487344 0.121867
0.617017 0.494285 0.111086
0.613189 0.490095 0.116591
0.603065 0.472286 0.145635
0.607022 0.475855 0.139535
0.601583 0.478328 0.133933
0.608392 0.469935 0.151443
0.613641 0.467587 0.157366
0.617689 0.470984 0.151063
0.612393 0.473409 0.145238
0.595058 0.465513 0.158103
0.593722 0.471112 0.146026
0.589747 0.467689 0.152207
0.599076 0.468840 0.151825
0.597669 0.474657 0.139935
0.651970 0.459442 0.182408
0.651438 0.465440 0.169101
0.647170 0.462032 0.175736
0.656313 0.462841 0.175618
0.660609 0.466337 0.168930
0.659845 0.472588 0.156133
0.655663 0.468958 0.162566
0.643140 0.452879 0.196304
0.647579 0.456126 0.189302
0.642854 0.458721 0.182479
0.647672 0.450171 0.203464
0.652089 0.447372 0.210800
0.656698 0.450688 0.203465
0.652193 0.453449 0.196301
0.634114 0.446576 0.210676
0.634083 0.452338 0.196322
0.629628 0.449247 0.203441
0.638651 0.449695 0.203424
0.638492 0.455495 0.189337
0.615601 0.434664 0.240976
0.616039 0.440372 0.225724
0.611449 0.437495 0.233372
0.620274 0.437597 0.233272
0.624916 0.440531 0.225632
0.625133 0.446222 0.210707
0.620601 0.443264 0.218136
0.606179 0.428508 0.256562
0.610897 0.431658 0.248730
0.606832 0.434554 0.241058
0.610012 0.425223 0.264455
0.613705 0.421651 0.272491
0.618575 0.425128 0.264419
0.614813 0.428521 0.256517
0.596785 0.421504 0.272579
0.597563 0.428314 0.256626
0.592947 0.424890 0.264561
0.601465 0.425139 0.264501
0.602198 0.431513 0.248800
0.566111 0.501913 0.092933
0.564053 0.510105 0.083596
0.560381 0.505146 0.088408
0.569809 0.506723 0.087993
0.573482 0.511686 0.083205
0.571318 0.520473 0.074439
0.567698 0.515215 0.078939
0.558639 0.492755 0.103242
0.562387 0.497257 0.098018
0.556684 0.500342 0.093370
0.564296 0.489931 0.108123
0.569933 0.487208 0.113122
0.573727 0.491440 0.107670
0.568067 0.494294 0.102785
0.551093 0.484191 0.114077
0.549219 0.491199 0.103721
0.545460 0.486855 0.109091
0.554874 0.488402 0.108597
0.552963 0.495693 0.098478
0.535878 0.468647 0.137174
0.534113 0.474634 0.125937
0.530316 0.470812 0.131784
0.539692 0.472345 0.131234
0.543500 0.476165 0.125401
0.541687 0.482650 0.114588
0.537905 0.478578 0.120204
0.528222 0.461583 0.149318
0.532058 0.465060 0.143206
0.526515 0.467107 0.137741
0.533690 0.459723 0.154940
0.539109 0.457920 0.160663
0.543008 0.461167 0.154420
0.537556 0.463082 0.148764
0.520521 0.454944 0.161773
0.518889 0.460017 0.149914
0.515060 0.456631 0.156114
0.524375 0.458212 0.155508
0.522708 0.463508 0.143789
0.578700 0.453212 0.184119
0.577654 0.458101 0.171265
0.573571 0.455093 0.177799
0.582834 0.456174 0.177464
0.586939 0.459196 0.170917
0.585741 0.464382 0.158475
0.581711 0.461189 0.164828
0.570369 0.447375 0.197772
0.574542 0.450282 0.190887
0.569461 0.452140 0.184436
0.575302 0.445457 0.204549
0.580121 0.443453 0.211527
0.584395 0.446345 0.204333
0.579524 0.448355 0.197516
0.562020 0.441597 0.211917
0.561210 0.446314 0.198044
0.557087 0.443422 0.205025
0.566191 0.444482 0.204778
0.565338 0.449218 0.191183
0.623064 0.593465 0.032525
0.620731 0.605177 0.027984
0.617155 0.598636 0.030204
0.626624 0.599934 0.030138
0.630204 0.606461 0.027927
0.627957 0.618380 0.024039
0.624328 0.611769 0.025940
0.615992 0.580715 0.037818
0.619520 0.587057 0.035085
0.613598 0.592148 0.032600
0.621935 0.575827 0.040617
0.627884 0.571053 0.043568
0.631398 0.577208 0.040523
0.625453 0.582078 0.037726
0.608980 0.568240 0.043801
0.606539 0.579351 0.037921
0.603032 0.573051 0.040844
0.612479 0.574442 0.040723
0.610061 0.585719 0.035173
0.594982 0.544289 0.057756
0.592558 0.554614 0.050647
0.589059 0.548647 0.054243
0.598493 0.550133 0.054034
0.601993 0.556078 0.050462
0.599538 0.566823 0.043942
0.596049 0.560674 0.047212
0.587909 0.532937 0.065634
0.591455 0.538556 0.061625
0.585549 0.542787 0.057989
0.593774 0.528960 0.069501
0.599615 0.525108 0.073493
0.603208 0.530476 0.069236
0.597343 0.534455 0.065373
0.580747 0.522045 0.074098
0.578479 0.531396 0.065920
0.574911 0.525871 0.070102
0.584340 0.527430 0.069787
0.582024 0.537035 0.061882
0.641512 0.513925 0.090370
0.639488 0.522316 0.081234
0.635807 0.517311 0.085824
0.645223 0.518813 0.085657
0.648911 0.523820 0.081097
0.646780 0.532673 0.072516
0.643146 0.527439 0.076799
0.634010 0.504529 0.100260
0.637773 0.509162 0.095237
0.632100 0.512433 0.090568
0.639611 0.501459 0.105189
0.645166 0.498462 0.110257
0.648990 0.502887 0.104985
0.643404 0.505983 0.100043
0.626408 0.495671 0.110765
0.624608 0.503080 0.100519
0.620824 0.498612 0.105727
0.630221 0.500032 0.105436
0.628367 0.507688 0.095466
0.473085 0.570780 0.034991
0.470744 0.583724 0.029847
0.467304 0.576373 0.032430
0.476525 0.577990 0.032235
0.479968 0.585293 0.029682
0.477652 0.598638 0.025281
0.474188 0.591163 0.027470
0.466190 0.556682 0.041093
0.469643 0.563672 0.037946
0.463866 0.569120 0.035217
0.471974 0.551548 0.044114
0.477771 0.546572 0.047261
0.481240 0.553252 0.043810
0.475435 0.558383 0.040812
0.459238 0.543099 0.047925
0.456960 0.554959 0.041379
0.453484 0.548072 0.044739
0.462722 0.549822 0.044422
0.460421 0.561977 0.038203
0.445119 0.517710 0.063536
0.442947 0.528280 0.055825
0.439397 0.521999 0.059837
0.448676 0.523817 0.059404
0.452216 0.530090 0.055421
0.449990 0.541323 0.048272
0.446478 0.534724 0.051969
0.437948 0.505984 0.072230
0.441542 0.511767 0.067812
0.435831 0.515889 0.063996
0.443653 0.502159 0.076260
0.449355 0.498480 0.080399
0.452974 0.503959 0.075741
0.447259 0.507793 0.071727
0.430717 0.494867 0.081496
0.428649 0.504162 0.072742
0.425036 0.498526 0.077327
0.434339 0.500351 0.076790
0.432247 0.509946 0.068299
0.490841 0.488781 0.097013
0.488827 0.496843 0.087453
0.485151 0.491867 0.092439
0.494536 0.493596 0.091908
0.498213 0.498567 0.086934
0.496116 0.507267 0.077906
0.492483 0.501976 0.082605
0.483416 0.479597 0.107580
0.487132 0.484117 0.102240
0.481461 0.487045 0.097552
0.489065 0.476956 0.112473
0.494707 0.474441 0.117460
0.498450 0.478678 0.111904
0.492796 0.481332 0.107024
0.475977 0.470937 0.118582
0.474052 0.477837 0.108129
0.470344 0.473433 0.113584
0.479696 0.475206 0.113029
0.477759 0.482371 0.102785
0.399709 0.557120 0.036671
0.397439 0.570960 0.030887
0.394035 0.563092 0.033751
0.403167 0.564734 0.033639
0.406591 0.572479 0.030824
0.404189 0.586947 0.025830
0.400814 0.578940 0.028249
0.392682 0.542368 0.043338
0.396213 0.549659 0.039908
0.390580 0.555384 0.036834
0.398292 0.537140 0.046639
0.403913 0.532140 0.050024
0.407465 0.539014 0.046326
0.401836 0.544218 0.043071
0.385534 0.528331 0.050721
0.383517 0.540529 0.043585
0.379930 0.533387 0.047229
0.389119 0.535258 0.046945
0.387071 0.547859 0.040116
0.456589 0.682535 0.010778
0.454926 0.697136 0.010158
0.451009 0.689493 0.010409
0.460501 0.690201 0.010452
0.464486 0.697713 0.010195
0.463155 0.711466 0.009756
0.458970 0.704473 0.009947
0.448990 0.666882 0.011791
0.452751 0.674763 0.011217
0.447165 0.681692 0.010731
0.454574 0.660065 0.012544
0.460153 0.653337 0.013426
0.463883 0.661152 0.012577
0.458321 0.667917 0.011833
0.441667 0.650883 0.013365
0.439691 0.665782 0.011744
0.436044 0.657733 0.012458
0.445298 0.658913 0.012506
0.443392 0.673788 0.011169
0.341921 0.459447 0.106167
0.339867 0.467456 0.096512
0.336245 0.462417 0.101596
0.345542 0.464361 0.101022
0.349168 0.469408 0.095934
0.347127 0.477969 0.086533
0.343494 0.472640 0.091485
0.334685 0.449986 0.116582
0.338303 0.454659 0.111356
0.332628 0.457512 0.106726
0.340354 0.447350 0.121348
0.346023 0.444820 0.126206
0.349643 0.449278 0.120853
0.343974 0.451916 0.116061
0.327441 0.440943 0.127117
0.325395 0.448059 0.117096
0.321772 0.443489 0.122320
0.331065 0.445417 0.121838
0.329013 0.452731 0.111895
0.505067 0.442627 0.187662
0.503552 0.447031 0.175141
0.499714 0.443964 0.181642
0.508929 0.445635 0.181050
0.512796 0.448676 0.174534
0.511227 0.453344 0.162384
0.507391 0.450150 0.168724
0.497395 0.436704 0.201163
0.501220 0.439650 0.194368
0.495885 0.440937 0.188228
0.502671 0.435450 0.207547
0.507893 0.434159 0.214070
0.511736 0.437019 0.206998
0.506506 0.438350 0.200616
0.489844 0.430933 0.215030
0.488288 0.434987 0.201651
0.484531 0.432079 0.208500
0.493601 0.433797 0.208047
0.492074 0.437942 0.194897
0.475101 0.419805 0.243884
0.473457 0.423637 0.229689
0.469816 0.420876 0.236914
0.478753 0.422599 0.236588
0.482429 0.425348 0.229335
0.480808 0.429222 0.215450
0.477119 0.426412 0.222522
0.467844 0.413947 0.258591
0.471464 0.416929 0.251217
0.466196 0.418066 0.244179
0.473030 0.412468 0.265848
0.478141 0.410694 0.273281
0.481797 0.413943 0.265715
0.476668 0.415572 0.258388
0.460651 0.407657 0.273459
0.459003 0.412180 0.258820
0.455430 0.409086 0.266195
0.464239 0.410853 0.266006
0.462592 0.415173 0.251480
0.513974 0.400218 0.305624
0.513424 0.408413 0.288823
0.509583 0.404238 0.297129
0.517893 0.404749 0.297141
0.521787 0.409035 0.288761
0.521099 0.416094 0.272562
0.517256 0.412363 0.280623
0.506010 0.390828 0.322607
0.510027 0.395554 0.314128
0.505710 0.399852 0.305480
0.510001 0.385748 0.331698
0.513766 0.380017 0.340998
0.518156 0.385555 0.332183
0.514178 0.390808 0.323034
0.497618 0.381149 0.339160
0.497821 0.390883 0.321980
0.493769 0.386381 0.330046
0.501879 0.386035 0.330981
0.501799 0.395373 0.313779
0.578913 0.403508 0.306615
0.579454 0.412866 0.289292
0.575128 0.408140 0.297881
0.583208 0.408602 0.297852
0.587636 0.413279 0.289247
0.588375 0.421198 0.272636
0.583873 0.417204 0.280876
0.570820 0.392460 0.324499
0.574795 0.398105 0.315498
0.570911 0.403019 0.306612
0.574939 0.386927 0.333653
0.579253 0.380906 0.342873
0.582886 0.387343 0.333654
0.578771 0.392905 0.324513
0.563037 0.380130 0.342712
0.562837 0.391999 0.324398
0.558879 0.386099 0.333448
0.566923 0.386500 0.333587
0.566827 0.397619 0.315449
0.546291 0.352147 0.374082
0.546502 0.366215 0.359879
0.542002 0.359156 0.367405
0.550790 0.359209 0.367521
0.555052 0.366342 0.360013
0.554884 0.379818 0.342564
0.550782 0.373155 0.351484
0.536694 0.338369 0.384554
0.541579 0.345183 0.379744
0.537287 0.352174 0.373973
0.541200 0.331634 0.388642
0.545859 0.325152 0.391947
0.550720 0.331627 0.388683
0.546068 0.338320 0.384622
0.526632 0.325421 0.391844
0.527354 0.338599 0.384413
0.522241 0.332103 0.388426
0.531696 0.331766 0.388568
0.532388 0.345309 0.379620
0.416163 0.474438 0.101615
0.414150 0.482515 0.091907
0.410514 0.477474 0.097004
0.419805 0.479327 0.096416
0.423447 0.484359 0.091322
0.421415 0.493037 0.082055
0.417784 0.487701 0.086919
0.408890 0.465063 0.112277
0.412524 0.469687 0.106904
0.406878 0.472579 0.102199
0.414534 0.462439 0.117172
0.420174 0.459948 0.122164
0.423811 0.464310 0.116600
0.418169 0.466932 0.111705
0.401636 0.456181 0.123245
0.399615 0.463199 0.112837
0.395990 0.458696 0.118266
0.405260 0.460564 0.117726
0.403245 0.467824 0.107479
0.387198 0.439655 0.145928
0.385148 0.445833 0.134930
0.381544 0.441732 0.140597
0.390800 0.443655 0.140174
0.394407 0.447736 0.134471
0.392370 0.454306 0.123760
0.388756 0.450022 0.129316
0.380010 0.431877 0.157579
0.383602 0.435728 0.151730
0.377944 0.437708 0.146312
0.385669 0.430128 0.163191
0.391319 0.428511 0.168896
0.394903 0.432153 0.162872
0.389256 0.433875 0.157253
0.372858 0.424374 0.169428
0.370758 0.429869 0.157880
0.367178 0.426048 0.163738
0.376428 0.428095 0.163477
0.374348 0.433753 0.152072
0.431927 0.427548 0.191808
0.430056 0.431964 0.179449
0.426430 0.428661 0.185801
0.435557 0.430769 0.185353
0.439198 0.434023 0.178954
0.437317 0.438711 0.166898
0.433686 0.435309 0.173148
0.424726 0.421192 0.204917
0.428313 0.424354 0.198322
0.422817 0.425398 0.192215
0.430203 0.420294 0.211225
0.435662 0.419465 0.217644
0.439236 0.422483 0.210802
0.433785 0.423389 0.204516
0.417650 0.414971 0.218395
0.415660 0.418979 0.205278
0.412129 0.415818 0.211946
0.421169 0.418067 0.211604
0.419225 0.422171 0.198705
0.532847 0.687405 0.010977
0.531898 0.700685 0.010341
0.527536 0.693871 0.010623
0.537177 0.694251 0.010640
0.541581 0.700983 0.010356
0.540867 0.713636 0.009869
0.536344 0.707277 0.010091
0.524448 0.673445 0.011980
0.528601 0.680475 0.011417
0.523248 0.686946 0.010960
0.529881 0.667004 0.012679
0.535348 0.660618 0.013497
0.539400 0.667646 0.012688
0.533983 0.674038 0.011993
0.516397 0.659120 0.013491
0.514927 0.672815 0.011968
0.510897 0.665604 0.012662
0.520380 0.666324 0.012671
0.519043 0.679932 0.011401
0.501204 0.629725 0.018146
0.499280 0.643521 0.015552
0.495549 0.636049 0.016794
0.504900 0.637135 0.016769
0.508662 0.644511 0.015537
0.506950 0.658313 0.013489
0.503078 0.650947 0.014451
0.493964 0.614900 0.021346
0.497560 0.622310 0.019671
0.491879 0.628555 0.018182
0.499705 0.608829 0.023091
0.505483 0.602842 0.024953
0.509029 0.610111 0.023003
0.503277 0.616162 0.021278
0.486898 0.600089 0.025171
0.484684 0.613581 0.021413
0.481150 0.606108 0.023264
0.490411 0.607495 0.023178
0.488260 0.621064 0.019720
0.547590 0.582846 0.033400
0.545222 0.595181 0.028650
0.541709 0.588281 0.031009
0.551093 0.589633 0.030872
0.554616 0.596475 0.028537
0.552324 0.609078 0.024488
0.548756 0.602129 0.026485
0.540631 0.569468 0.039031
0.544104 0.576120 0.036121
0.538215 0.581439 0.033563
0.546540 0.564415 0.041898
0.552455 0.559505 0.044906
0.555923 0.565909 0.041682
0.550006 0.570944 0.038828
0.533708 0.556424 0.045411
0.531271 0.567970 0.039249
0.527814 0.561363 0.042378
0.537170 0.562900 0.042130
0.534736 0.574666 0.036310
0.716762 0.526060 0.089907
0.714925 0.534420 0.080996
0.711147 0.529423 0.085365
0.720579 0.530979 0.085431
0.724374 0.535961 0.081085
0.722418 0.544601 0.072624
0.718683 0.539482 0.076752
0.709066 0.516434 0.099277
0.712924 0.521209 0.094520
0.707349 0.524497 0.089870
0.714552 0.513301 0.104127
0.719988 0.510238 0.109054
0.723930 0.514891 0.104058
0.718451 0.518009 0.099254
0.701285 0.507134 0.109260
0.699689 0.514883 0.099310
0.695826 0.510208 0.104263
0.705186 0.511743 0.104187
0.703530 0.519648 0.094515
0.685447 0.489574 0.131284
0.684102 0.496741 0.120130
0.680147 0.492445 0.125763
0.689446 0.493826 0.125517
0.693417 0.498174 0.119922
0.691941 0.505625 0.109381
0.688034 0.501136 0.114669
0.677341 0.481382 0.143290
0.681415 0.485423 0.137211
0.676163 0.488251 0.131561
0.682460 0.478609 0.149192
0.687495 0.475835 0.155219
0.691686 0.479804 0.148860
0.686591 0.482610 0.142975
0.669064 0.473642 0.155871
0.668085 0.480192 0.143597
0.663985 0.476333 0.149808
0.673225 0.477456 0.149515
0.672143 0.484165 0.137509
0.606928 0.628060 0.020739
0.610712 0.634715 0.019215
0.605071 0.640328 0.017846
0.612681 0.622565 0.022353
0.618482 0.617141 0.024087
0.622156 0.623758 0.022310
0.616408 0.629195 0.020703
0.595572 0.639340 0.017867
0.601223 0.633649 0.019244
0.599485 0.646039 0.016594
0.597451 0.626968 0.020774
0.599545 0.614754 0.024183
0.605390 0.609292 0.026048
0.603208 0.621410 0.022395
0.588468 0.657756 0.014435
0.589973 0.645135 0.016608
0.593952 0.651848 0.015457
0.490908 0.454967 0.151715
0.494672 0.458514 0.145607
0.489088 0.460426 0.140136
0.496438 0.453277 0.157325
0.501935 0.451675 0.162994
0.505747 0.454982 0.156731
0.500226 0.456702 0.151139
0.479763 0.458646 0.140688
0.485348 0.456755 0.146168
0.483489 0.462433 0.134741
0.481606 0.453184 0.152260
0.483384 0.448165 0.164106
0.488869 0.446707 0.169870
0.487143 0.451518 0.157882
0.472263 0.466789 0.124242
0.474164 0.460643 0.135296
0.477880 0.464550 0.129440
0.571852 0.426879 0.256787
0.576205 0.430166 0.249020
0.571839 0.432589 0.241402
0.576000 0.423981 0.264657
0.580001 0.420763 0.272682
0.584461 0.424499 0.264617
0.580409 0.427482 0.256751
0.563076 0.431809 0.241454
0.567542 0.429478 0.249056
0.567314 0.434790 0.233884
0.563273 0.426180 0.256785
0.563270 0.419579 0.272654
0.567350 0.416154 0.280883
0.567535 0.423359 0.264656
0.557865 0.438714 0.219198
0.558466 0.433914 0.233968
0.562651 0.436804 0.226470
0.400822 0.498560 0.074322
0.404433 0.504348 0.069799
0.398793 0.508388 0.065901
0.406469 0.494808 0.078420
0.412125 0.491186 0.082618
0.415746 0.496679 0.077869
0.410085 0.500450 0.073788
0.389547 0.506485 0.066381
0.395181 0.502447 0.070311
0.393163 0.512597 0.062083
0.391557 0.496677 0.074851
0.393571 0.487448 0.083749
0.399218 0.483978 0.088074
0.397199 0.492928 0.078973
0.381930 0.521602 0.054656
0.383922 0.510690 0.062525
0.387542 0.516995 0.058336
0.520740 0.725408 0.009481
0.525386 0.731245 0.009339
0.520271 0.736828 0.009217
0.525920 0.719503 0.009655
0.531122 0.713456 0.009857
0.535687 0.719645 0.009664
0.530526 0.725518 0.009488
0.510452 0.736780 0.009213
0.515582 0.731167 0.009334
0.515183 0.742272 0.009119
0.510958 0.725280 0.009473
0.511657 0.713022 0.009835
0.516931 0.706753 0.010064
0.516160 0.719340 0.009645
0.505086 0.752795 0.008989
0.505350 0.742259 0.009116
0.510119 0.747589 0.009043
0.457035 0.609308 0.021602
0.460556 0.616979 0.019855
0.454920 0.623269 0.018293
0.462718 0.603186 0.023435
0.468435 0.597141 0.025391
0.471919 0.604671 0.023350
0.466221 0.610781 0.021541
0.445762 0.621806 0.018313
0.451385 0.615509 0.019895
0.449303 0.629667 0.016858
0.447879 0.607786 0.021662
0.450082 0.594023 0.025612
0.455800 0.588016 0.027747
0.453545 0.601659 0.023519
0.438080 0.642844 0.014370
0.440149 0.628232 0.016855
0.443693 0.636186 0.015551
0.550235 0.526631 0.066910
0.553778 0.532317 0.062795
0.547903 0.536535 0.059139
0.556074 0.522688 0.070793
0.561895 0.518882 0.074800
0.565489 0.524286 0.070438
0.559641 0.528236 0.066561
0.538515 0.534925 0.059473
0.544382 0.530709 0.063136
0.542019 0.540895 0.055597
0.540838 0.525012 0.067278
0.543074 0.515657 0.075584
0.548861 0.512013 0.079732
0.546667 0.521074 0.071168
0.530240 0.550053 0.048866
0.532641 0.539287 0.055923
0.536130 0.545401 0.052171
0.701342 0.550705 0.064378
0.704983 0.556100 0.060565
0.699103 0.560185 0.056815
0.707162 0.546854 0.068385
0.712944 0.543112 0.072514
0.716643 0.548316 0.068488
0.710829 0.552146 0.064460
0.689606 0.558789 0.056774
0.695491 0.554681 0.060505
0.693195 0.564406 0.053211
0.691864 0.549257 0.064327
0.694022 0.540121 0.072364
0.699776 0.536449 0.076583
0.697691 0.545381 0.068313
0.681307 0.573247 0.046457
0.683691 0.563032 0.053185
0.687260 0.568761 0.049757
0.640294 0.476755 0.144299
0.644302 0.480543 0.138245
0.638963 0.483218 0.132542
0.645502 0.474160 0.150245
0.650626 0.471563 0.156336
0.654746 0.475235 0.150043
0.649564 0.477885 0.144079
0.629635 0.481987 0.132822
0.635002 0.479360 0.138494
0.633554 0.485918 0.126971
0.631006 0.475632 0.144560
0.632161 0.469558 0.156745
0.637260 0.467075 0.162907
0.636246 0.473094 0.150466
0.622574 0.491442 0.116243
0.624205 0.484644 0.127278
0.628088 0.488656 0.121538
0.679421 0.455412 0.195787
0.683979 0.459010 0.188549
0.679351 0.461817 0.181774
0.683856 0.452497 0.202889
0.688169 0.449485 0.210155
0.692896 0.453155 0.202587
0.688496 0.456128 0.195486
0.670217 0.460994 0.182067
0.674872 0.458241 0.188849
0.674617 0.464565 0.175155
0.670335 0.454724 0.196050
0.670116 0.448366 0.210645
0.674376 0.445384 0.218073
0.674799 0.451865 0.203157
0.664859 0.469935 0.162347
0.665462 0.463687 0.175430
0.669785 0.467266 0.168684
0.640861 0.428284 0.256829
0.645868 0.431578 0.249081
0.641983 0.434743 0.241169
0.644496 0.424891 0.264911
0.647984 0.421358 0.273068
0.653210 0.424908 0.265156
0.649612 0.428305 0.257079
0.633158 0.434677 0.240985
0.637079 0.431542 0.248845
0.637962 0.437792 0.233357
0.632131 0.428316 0.256592
0.630733 0.421404 0.272552
0.634178 0.417655 0.280778
0.635807 0.424916 0.264632
0.629533 0.443521 0.218078
0.629105 0.437677 0.233253
0.633808 0.440715 0.225654
0.596363 0.498766 0.101542
0.600115 0.503302 0.096398
0.594412 0.506504 0.091751
0.602008 0.495798 0.106437
0.607618 0.492910 0.111450
0.611421 0.497201 0.106061
0.605786 0.500203 0.101166
0.584979 0.505002 0.092119
0.590686 0.501832 0.096768
0.588677 0.509816 0.087229
0.586935 0.497307 0.101931
0.588789 0.490125 0.112247
0.594387 0.487397 0.117386
0.592588 0.494377 0.106827
0.577128 0.516795 0.078572
0.579243 0.508283 0.087598
0.582915 0.513244 0.082835
0.565611 0.467287 0.147296
0.569525 0.470782 0.141205
0.564012 0.473013 0.135658
0.571036 0.465218 0.153027
0.576406 0.463190 0.158868
0.580398 0.466481 0.152605
0.574989 0.468609 0.146851
0.554621 0.471592 0.136139
0.560138 0.469407 0.141670
0.558466 0.475303 0.130216
0.556245 0.465925 0.147761
0.557728 0.460652 0.159718
0.563071 0.458784 0.165615
0.561677 0.463912 0.153469
0.547300 0.480112 0.119680
0.549072 0.473839 0.130713
0.552894 0.477666 0.124889
0.606871 0.450734 0.196831
0.611182 0.453679 0.189850
0.606294 0.455937 0.183268
0.611576 0.448376 0.203742
0.616156 0.445886 0.210839
0.620607 0.448816 0.203553
0.615956 0.451305 0.196607
0.597114 0.455115 0.183544
0.602048 0.452974 0.190102
0.601298 0.458106 0.176851
0.597771 0.450042 0.197054
0.598157 0.444914 0.211177
0.602720 0.442577 0.218420
0.602528 0.447815 0.203937
0.591012 0.462300 0.164467
0.592076 0.457179 0.177152
0.596201 0.460218 0.170587
0.653903 0.586128 0.037531
0.657459 0.592385 0.034844
0.651516 0.597430 0.032350
0.659864 0.581277 0.040346
0.665830 0.576535 0.043322
0.669380 0.582589 0.040329
0.663416 0.587435 0.037505
0.642016 0.596118 0.032394
0.647951 0.591080 0.034880
0.645588 0.602560 0.030025
0.644403 0.584794 0.037578
0.646826 0.573834 0.043400
0.652790 0.569189 0.046517
0.650358 0.579944 0.040384
0.633805 0.613044 0.025889
0.636101 0.601243 0.030078
0.639685 0.607763 0.027872
0.625648 0.538976 0.064749
0.629203 0.544550 0.060832
0.623296 0.548749 0.057193
0.631511 0.535014 0.068627
0.637345 0.531169 0.072642
0.640949 0.536518 0.068486
0.635088 0.540475 0.064597
0.613854 0.547270 0.057357
0.619762 0.543058 0.060992
0.617371 0.553078 0.053680
0.616212 0.537473 0.064928
0.618479 0.528140 0.073001
0.624288 0.524413 0.077139
0.622075 0.533504 0.068800
0.605487 0.562116 0.047050
0.607930 0.551609 0.053846
0.611434 0.557535 0.050297
0.671559 0.510352 0.099581
0.675359 0.515065 0.094670
0.669731 0.518381 0.089994
0.677103 0.507213 0.104496
0.682595 0.504145 0.109526
0.686466 0.508698 0.104367
0.680939 0.511841 0.099463
0.660324 0.516891 0.090097
0.665966 0.513576 0.094781
0.664056 0.521795 0.085436
0.662176 0.508887 0.099721
0.663888 0.501267 0.109880
0.669362 0.498281 0.115060
0.667735 0.505753 0.104650
0.652577 0.528939 0.076689
0.654639 0.520305 0.085533
0.658337 0.525313 0.081000
0.503275 0.563317 0.039998
0.506723 0.570154 0.036965
0.500872 0.575557 0.034338
0.509137 0.558210 0.042926
0.515007 0.553256 0.045986
0.518468 0.559803 0.042644
0.512590 0.564904 0.039734
0.491586 0.574002 0.034552
0.497422 0.568583 0.037205
0.495037 0.581113 0.031854
0.493976 0.561702 0.040265
0.496359 0.549963 0.046615
0.502207 0.545152 0.049841
0.499821 0.556583 0.043217
0.483422 0.592676 0.027333
0.485768 0.579571 0.032043
0.489220 0.586821 0.029519
0.475240 0.513125 0.070310
0.478812 0.518892 0.065996
0.473036 0.523061 0.062234
0.480994 0.509256 0.074294
0.486742 0.505539 0.078390
0.490356 0.510996 0.073827
0.484587 0.514871 0.069860
0.463720 0.521300 0.062652
0.469480 0.517137 0.066429
0.467262 0.527388 0.058578
0.465903 0.511367 0.070763
0.468026 0.502041 0.079363
0.473743 0.498495 0.083609
0.471643 0.507507 0.074763
0.455736 0.536521 0.051592
0.457964 0.525618 0.058982
0.461494 0.531875 0.055029
0.520998 0.486400 0.105304
0.524732 0.490893 0.099997
0.519042 0.493881 0.095359
0.526653 0.483689 0.110158
0.532289 0.481084 0.115123
0.536055 0.485287 0.109610
0.530403 0.488031 0.104747
0.509638 0.492199 0.095913
0.515327 0.489233 0.100557
0.513334 0.497007 0.090830
0.511593 0.484735 0.105880
0.513492 0.477829 0.116283
0.519120 0.475393 0.121342
0.517250 0.482050 0.110734
0.501868 0.503694 0.082102
0.503932 0.495308 0.091372
0.507608 0.500276 0.086410
0.429353 0.549650 0.042255
0.432844 0.556753 0.038988
0.427154 0.562271 0.036122
0.435045 0.544496 0.045386
0.440754 0.539522 0.048624
0.444259 0.546291 0.045063
0.438543 0.551431 0.041969
0.417998 0.560561 0.036317
0.423673 0.554997 0.039231
0.421461 0.568012 0.033373
0.420172 0.547857 0.042532
0.422313 0.535878 0.049323
0.427992 0.531079 0.052730
0.425843 0.542689 0.045702
0.409996 0.580322 0.028230
0.412310 0.566372 0.033514
0.415748 0.574013 0.030742
0.486497 0.670641 0.011922
0.490478 0.678055 0.011350
0.485019 0.684730 0.010883
0.492002 0.664016 0.012643
0.497527 0.657449 0.013486
0.501436 0.664842 0.012654
0.495948 0.671423 0.011941
0.475517 0.684052 0.010853
0.481005 0.677320 0.011325
0.479554 0.691470 0.010522
0.477075 0.669795 0.011898
0.478775 0.655527 0.013466
0.484341 0.648956 0.014453
0.482598 0.663127 0.012626
0.468595 0.704929 0.009976
0.470016 0.690860 0.010490
0.474066 0.698247 0.010227
0.371806 0.457620 0.114468
0.375423 0.462264 0.109156
0.369773 0.465165 0.104474
0.377456 0.454966 0.119317
0.383106 0.452432 0.124266
0.386721 0.456832 0.118795
0.381073 0.459486 0.113928
0.360498 0.463281 0.105041
0.366154 0.460393 0.109711
0.364120 0.468189 0.099877
0.362539 0.455737 0.115006
0.364582 0.448656 0.125258
0.370236 0.446235 0.130263
0.368193 0.453087 0.119837
0.352798 0.474594 0.090912
0.354836 0.466287 0.100451
0.358463 0.471332 0.095359
0.533829 0.442714 0.199052
0.537815 0.445605 0.192233
0.532619 0.447182 0.185977
0.538927 0.441108 0.205610
0.543951 0.439431 0.212381
0.548001 0.442293 0.205296
0.542943 0.443978 0.198667
0.523434 0.445757 0.186492
0.528663 0.444259 0.192687
0.527361 0.448719 0.179884
0.524720 0.441360 0.199513
0.525920 0.436996 0.213075
0.530969 0.435429 0.219910
0.529862 0.439844 0.205997
0.516661 0.451771 0.168112
0.518144 0.447222 0.180449
0.522041 0.450240 0.173936
0.502931 0.419756 0.257717
0.506688 0.422828 0.250106
0.501675 0.424419 0.242964
0.507819 0.417681 0.265133
0.512596 0.415231 0.272756
0.516405 0.418708 0.264859
0.511600 0.420942 0.257389
0.492850 0.422968 0.243309
0.497939 0.421499 0.250454
0.496569 0.425779 0.235921
0.494224 0.418460 0.257989
0.495484 0.413173 0.273141
0.500328 0.410665 0.280905
0.499199 0.416536 0.265395
0.486123 0.428117 0.222136
0.487675 0.424227 0.236269
0.491383 0.426982 0.228971
0.538674 0.391052 0.323838
0.542725 0.396394 0.314951
0.538619 0.401198 0.306020
0.542691 0.385574 0.333077
0.546696 0.379606 0.342388
0.550808 0.385789 0.333277
0.546775 0.391281 0.324050
0.530438 0.400868 0.305856
0.534599 0.396130 0.314748
0.534434 0.405641 0.297275
0.530532 0.390907 0.323599
0.530222 0.379526 0.341897
0.534049 0.373056 0.351084
0.534534 0.385464 0.332839
0.525677 0.413069 0.280527
0.526180 0.405208 0.297179
0.530124 0.409595 0.288766
0.602315 0.394077 0.324203
0.606504 0.399568 0.315123
0.602966 0.404526 0.306379
0.606117 0.388710 0.333170
0.609981 0.383133 0.342093
0.613691 0.389313 0.332707
0.610082 0.394485 0.323916
0.594933 0.404260 0.306491
0.598590 0.399263 0.315299
0.599437 0.409231 0.297712
0.594517 0.393692 0.324378
0.594944 0.381785 0.342783
0.599337 0.375470 0.351729
0.598468 0.388191 0.333456
0.592167 0.417564 0.280823
0.591309 0.408965 0.297793
0.595848 0.413580 0.289183
0.574205 0.338475 0.384826
0.578341 0.345509 0.380088
0.573298 0.352492 0.374371
0.579210 0.331777 0.388886
0.584125 0.325352 0.392194
0.588228 0.332059 0.389021
0.583358 0.338662 0.384948
0.564296 0.352330 0.374256
0.569203 0.345354 0.379966
0.568342 0.359527 0.367737
0.564831 0.338395 0.384729
0.565142 0.325165 0.392008
0.570089 0.318944 0.394583
0.569782 0.331679 0.388778
0.559105 0.373370 0.351628
0.559563 0.359339 0.367624
0.563583 0.366554 0.360134
0.446058 0.472447 0.109895
0.449731 0.477019 0.104504
0.444080 0.479922 0.099818
0.451694 0.469828 0.114772
0.457322 0.467343 0.119748
0.461011 0.471641 0.114166
0.455375 0.474261 0.109285
0.434764 0.478109 0.100422
0.440414 0.475206 0.105111
0.438421 0.482976 0.095229
0.436752 0.470623 0.110509
0.438729 0.463675 0.120980
0.444353 0.461320 0.126049
0.442389 0.468002 0.115388
0.427085 0.489537 0.086345
0.429107 0.481160 0.095824
0.432754 0.486183 0.090737
0.416955 0.439845 0.156096
0.420568 0.443595 0.150103
0.414942 0.445483 0.144642
0.422558 0.438204 0.161717
0.428138 0.436697 0.167404
0.431760 0.440213 0.161242
0.426175 0.441840 0.155641
0.405697 0.443538 0.145096
0.411334 0.441624 0.150553
0.409307 0.447497 0.139270
0.407728 0.437855 0.156513
0.409748 0.432608 0.168228
0.415340 0.431176 0.174010
0.413348 0.436185 0.162139
0.398018 0.451908 0.128827
0.400054 0.445575 0.139732
0.403664 0.449639 0.133997
0.460987 0.429517 0.203071
0.464680 0.432505 0.196371
0.459257 0.433635 0.190278
0.466386 0.428479 0.209392
0.471767 0.427448 0.215868
0.475457 0.430312 0.208940
0.470079 0.431401 0.202586
0.450135 0.431675 0.190809
0.455570 0.430577 0.196882
0.453813 0.434803 0.184296
0.451907 0.427559 0.203565
0.453695 0.423655 0.216756
0.459100 0.422748 0.223334
0.457325 0.426569 0.209861
0.442845 0.437323 0.172615
0.444679 0.432819 0.184836
0.448343 0.436027 0.178411
0.562695 0.675592 0.012034
0.566996 0.682295 0.011481
0.561734 0.688589 0.011028
0.568061 0.669337 0.012719
0.573471 0.663144 0.013519
0.577644 0.669860 0.012730
0.572299 0.676042 0.012048
0.552091 0.688227 0.011011
0.557375 0.681893 0.011464
0.556500 0.694923 0.010673
0.553109 0.675112 0.012020
0.554373 0.661956 0.013506
0.559855 0.655727 0.014432
0.558489 0.668812 0.012708
0.546065 0.707503 0.010104
0.546832 0.694601 0.010656
0.551275 0.701256 0.010371
0.531360 0.619681 0.021085
0.535026 0.626801 0.019474
0.529334 0.632920 0.018038
0.537124 0.613735 0.022768
0.542923 0.607887 0.024568
0.546521 0.614886 0.022700
0.540754 0.620791 0.021029
0.519937 0.631893 0.018072
0.525631 0.625732 0.019519
0.523682 0.639140 0.016721
0.521981 0.618541 0.021145
0.524170 0.605421 0.024746
0.529994 0.599586 0.026692
0.527742 0.612555 0.022841
0.512493 0.651845 0.014446
0.514281 0.638156 0.016744
0.518068 0.645451 0.015523
0.578221 0.575233 0.038304
0.581726 0.581698 0.035498
0.575811 0.586916 0.032986
0.584158 0.570251 0.041127
0.590102 0.565399 0.044098
0.593592 0.571654 0.040978
0.587653 0.576612 0.038163
0.566387 0.585585 0.033112
0.572298 0.580344 0.035632
0.569910 0.592263 0.030631
0.568800 0.573830 0.038464
0.571254 0.562503 0.044466
0.577190 0.557756 0.047591
0.574732 0.568831 0.041294
0.558162 0.603359 0.026393
0.560493 0.590962 0.030746
0.564027 0.597744 0.028433
0.746671 0.522876 0.099153
0.750592 0.527643 0.094569
0.745048 0.530839 0.090054
0.752133 0.519818 0.103797
0.757554 0.516823 0.108477
0.761550 0.521495 0.103710
0.756092 0.524532 0.099124
0.735614 0.529234 0.089995
0.741164 0.526013 0.094548
0.739459 0.534127 0.085589
0.737257 0.521235 0.099187
0.738750 0.513481 0.108784
0.744133 0.510508 0.113639
0.742723 0.518156 0.103887
0.728144 0.541002 0.076861
0.730017 0.532548 0.085503
0.733825 0.537512 0.081188
0.714319 0.486569 0.141981
0.718470 0.490892 0.135973
0.713282 0.493788 0.130475
0.719374 0.483699 0.147743
0.724362 0.480830 0.153600
0.728660 0.485138 0.147228
0.723597 0.488012 0.141557
0.704001 0.492340 0.130749
0.709196 0.489448 0.136314
0.708034 0.496702 0.125058
0.705071 0.485198 0.142332
0.705898 0.478205 0.154510
0.710804 0.475353 0.160622
0.710129 0.482338 0.148163
0.697363 0.502611 0.114503
0.698740 0.495245 0.125283
0.702727 0.499640 0.119731
0.697294 0.470248 0.167675
0.701620 0.474176 0.161015
0.696697 0.476996 0.154872
0.702048 0.467408 0.174117
0.706700 0.464517 0.180709
0.711188 0.468456 0.173707
0.706451 0.471332 0.167294
0.730720 0.504280 0.119098
0.734748 0.508855 0.113852
0.729361 0.511843 0.108926
0.736019 0.501366 0.124203
0.741274 0.498475 0.129358
0.745390 0.503011 0.123845
0.740091 0.505916 0.118826
0.564292 0.550107 0.051326
0.567776 0.556257 0.047813
0.561847 0.561015 0.044678
0.570211 0.545615 0.054727
0.576123 0.541259 0.058247
0.579631 0.547146 0.054473
0.573705 0.551635 0.051079
0.517134 0.591148 0.029047
0.520636 0.598278 0.026808
0.514817 0.604148 0.024846
0.522987 0.585504 0.031315
0.528855 0.580011 0.033737
0.532341 0.586904 0.031156
0.526481 0.592517 0.028904
0.546401 0.648041 0.015489
0.550346 0.655031 0.014432
0.544852 0.661306 0.013501
0.551992 0.641870 0.016662
0.557629 0.635786 0.017952
0.561467 0.642701 0.016646
0.555882 0.648825 0.015481
0.446529 0.417895 0.230844
0.450096 0.420770 0.223758
0.444672 0.421617 0.217207
0.451925 0.417092 0.237618
0.457283 0.416202 0.244495
0.460871 0.419043 0.237259
0.455502 0.419921 0.230450
0.402562 0.425654 0.180571
0.406151 0.429103 0.174369
0.400538 0.430563 0.168579
0.408143 0.424396 0.186534
0.413698 0.423237 0.192578
0.417293 0.426531 0.186189
0.411737 0.427762 0.180240
0.431437 0.455357 0.132424
0.435078 0.459462 0.126661
0.429448 0.461820 0.121586
0.437055 0.453253 0.137686
0.442659 0.451272 0.143034
0.446309 0.455135 0.137083
0.440698 0.457236 0.131826
0.555476 0.313046 0.396418
0.560355 0.318949 0.394547
0.555495 0.325154 0.391978
0.560359 0.307458 0.397665
0.565258 0.302176 0.398324
0.570181 0.307439 0.397690
0.565267 0.313037 0.396434
0.588659 0.367563 0.360399
0.591710 0.374855 0.351887
0.587185 0.381316 0.342871
0.593591 0.360631 0.367986
0.598403 0.353860 0.374597
0.601192 0.361446 0.367868
0.596437 0.368158 0.360334
0.520855 0.366713 0.359028
0.525677 0.373240 0.350737
0.521972 0.379696 0.341515
0.524465 0.359546 0.366916
0.528307 0.352386 0.373765
0.533217 0.359249 0.367224
0.529373 0.366348 0.359446
0.488060 0.406033 0.288781
0.491775 0.409670 0.280946
0.486839 0.411992 0.273229
0.492812 0.403011 0.296881
0.497390 0.399448 0.305216
0.501234 0.403659 0.297062
0.496582 0.406916 0.288884
0.518138 0.431381 0.227649
0.522013 0.434172 0.220300
0.516907 0.435632 0.213546
0.523130 0.429841 0.234686
0.528029 0.428105 0.241876
0.531966 0.430972 0.234388
0.527037 0.432628 0.227259
0.357361 0.440071 0.136229
0.360972 0.444321 0.130723
0.355309 0.446746 0.125739
0.363025 0.437856 0.141400
0.368686 0.435749 0.146680
0.372287 0.439802 0.141005
0.366631 0.442005 0.135811
0.471332 0.640145 0.015571
0.475022 0.647860 0.014447
0.469448 0.654466 0.013449
0.476947 0.633685 0.016831
0.482589 0.627323 0.018214
0.486231 0.634900 0.016814
0.480614 0.641338 0.015569
0.415202 0.522741 0.057062
0.418765 0.529226 0.053112
0.413107 0.534022 0.049672
0.420870 0.518312 0.060716
0.426553 0.514053 0.064461
0.430128 0.520168 0.060274
0.424439 0.524610 0.056646
0.505961 0.469763 0.127716
0.509729 0.473735 0.121945
0.504096 0.476148 0.116879
0.511567 0.467589 0.132982
0.517152 0.465509 0.138343
0.520942 0.469226 0.132372
0.515344 0.471431 0.127108
0.460741 0.491581 0.089018
0.464391 0.496735 0.084116
0.458686 0.500272 0.079868
0.466422 0.488359 0.093497
0.472095 0.485290 0.098087
0.475780 0.490121 0.092966
0.470090 0.493350 0.088485
0.489397 0.537103 0.053910
0.492886 0.543465 0.050183
0.487058 0.548279 0.046936
0.495221 0.532605 0.057404
0.501046 0.528263 0.061007
0.504563 0.534311 0.057020
0.498722 0.538809 0.053546
0.656128 0.492634 0.120802
0.660018 0.496895 0.115265
0.654529 0.499860 0.110062
0.661528 0.489783 0.126264
0.666869 0.486963 0.131837
0.670839 0.491099 0.126019
0.665457 0.493978 0.120586
0.611214 0.517787 0.081882
0.614860 0.522899 0.077362
0.609048 0.526624 0.073230
0.616966 0.514309 0.086278
0.622685 0.510945 0.090806
0.626388 0.515808 0.086032
0.620640 0.519294 0.081630
0.639790 0.561855 0.049919
0.643305 0.567803 0.046579
0.637349 0.572450 0.043473
0.645732 0.557432 0.053315
0.651662 0.553129 0.056854
0.655212 0.558848 0.053249
0.649262 0.563269 0.049840
0.589370 0.439138 0.226098
0.593768 0.442023 0.218568
0.589146 0.444238 0.211348
0.593792 0.436802 0.233590
0.598069 0.434269 0.241151
0.602618 0.437227 0.233479
0.598259 0.439693 0.225972
0.549792 0.454445 0.172443
0.553766 0.457501 0.166041
0.548412 0.459310 0.160177
0.555042 0.452732 0.178531
0.560226 0.450999 0.184774
0.564299 0.453945 0.178154
0.559064 0.455722 0.172027
0.581138 0.482009 0.123482
0.584972 0.486003 0.117801
0.579364 0.488683 0.112673
0.586693 0.479511 0.128848
0.592207 0.477064 0.134337
0.596089 0.480836 0.128435
0.590550 0.483391 0.123056
0.620687 0.413733 0.288949
0.625681 0.417696 0.280644
0.622192 0.421508 0.272459
0.623997 0.409470 0.297349
0.627197 0.405059 0.305801
0.632285 0.409595 0.297329
0.629045 0.413715 0.288949
0.660576 0.441524 0.225925
0.665373 0.444917 0.218240
0.661093 0.447844 0.210780
0.664646 0.438459 0.233635
0.668583 0.435282 0.241425
0.673585 0.438778 0.233522
0.669539 0.441902 0.225834
0.623882 0.462871 0.169631
0.628039 0.466150 0.163134
0.622907 0.468569 0.157025
0.628859 0.460474 0.176010
0.633732 0.458022 0.182574
0.638020 0.461246 0.175846
0.633080 0.463717 0.169402
0.686622 0.529828 0.080858
0.690333 0.534935 0.076543
0.684569 0.538626 0.072336
0.692307 0.526337 0.085299
0.697943 0.522945 0.089854
0.701725 0.527875 0.085317
0.696053 0.531353 0.080873
0.535810 0.505283 0.084896
0.539454 0.510393 0.080161
0.533674 0.514024 0.076008
0.541547 0.501950 0.089302
0.547265 0.498756 0.093830
0.550960 0.503555 0.088844
0.545216 0.506904 0.084440
0.443210 0.578813 0.030357
0.446642 0.586390 0.027888
0.440939 0.592433 0.025716
0.448930 0.573040 0.032834
0.454667 0.567432 0.035448
0.458107 0.574723 0.032630
0.452366 0.580479 0.030186
0.502915 0.699620 0.010294
0.507238 0.706451 0.010051
0.501935 0.712764 0.009824
0.508292 0.693023 0.010588
0.513663 0.686453 0.010943
0.517907 0.693463 0.010605
0.512564 0.700003 0.010310
0.386305 0.476948 0.093643
0.389938 0.482122 0.088643
0.384292 0.485591 0.084305
0.391952 0.473765 0.098165
0.397598 0.470724 0.102776
0.401232 0.475615 0.097588
0.395585 0.478797 0.093070
0.554918 0.411184 0.289107
0.559064 0.415523 0.280799
0.554878 0.418903 0.272576
0.558946 0.407046 0.297728
0.562890 0.402489 0.306523
0.567052 0.407609 0.297842
0.563118 0.411771 0.289227
0.475875 0.441726 0.176764
0.479628 0.444907 0.170396
0.474133 0.446349 0.164642
0.481312 0.440435 0.182700
0.486712 0.439179 0.188743
0.490508 0.442227 0.182187
0.485087 0.443540 0.176243
0.592346 0.601424 0.028179
0.595930 0.608087 0.026105
0.590084 0.613603 0.024234
0.598237 0.596071 0.030351
0.604140 0.590836 0.032683
0.607692 0.597349 0.030274
0.601802 0.602661 0.028109
0.688476 0.462673 0.181448
0.688132 0.469212 0.168034
0.683771 0.465471 0.174834
0.692913 0.466417 0.174488
0.692441 0.473052 0.161378
0.722584 0.495294 0.130155
0.721368 0.502688 0.119342
0.717337 0.498203 0.124818
0.726666 0.499759 0.124531
0.725377 0.507234 0.114047
0.557299 0.538128 0.058824
0.554894 0.548557 0.051591
0.551405 0.542486 0.055289
0.560802 0.544060 0.055000
0.558373 0.554737 0.048051
0.510180 0.577078 0.034127
0.507804 0.589747 0.029200
0.504331 0.582616 0.031669
0.513649 0.584079 0.031486
0.511295 0.596941 0.026933
0.538747 0.633912 0.018007
0.536939 0.647218 0.015499
0.533100 0.640089 0.016699
0.542537 0.640999 0.016679
0.540855 0.654293 0.014434
0.439464 0.412055 0.245168
0.437569 0.415733 0.231238
0.434061 0.412777 0.238350
0.442986 0.415006 0.237986
0.441104 0.418675 0.224182
0.395431 0.418869 0.193184
0.393377 0.423532 0.180864
0.389820 0.420078 0.187108
0.398986 0.422247 0.186840
0.396953 0.427023 0.174690
0.424184 0.447433 0.144156
0.422180 0.453459 0.132984
0.418558 0.449427 0.138783
0.427807 0.451351 0.138259
0.425809 0.457588 0.127248
0.545587 0.302196 0.398303
0.545695 0.313052 0.396402
0.540727 0.307478 0.397649
0.550542 0.307466 0.397654
0.550631 0.318949 0.394526
0.582130 0.352733 0.374493
0.580530 0.367148 0.360350
0.577072 0.359771 0.367857
0.585545 0.360108 0.367956
0.583825 0.374397 0.351907
0.510688 0.353653 0.372842
0.512471 0.367347 0.358388
0.507427 0.361055 0.365629
0.515813 0.360109 0.366429
0.517351 0.373619 0.350241
0.480571 0.398391 0.304395
0.479479 0.405027 0.288632
0.475790 0.401374 0.296342
0.484326 0.402267 0.296610
0.483159 0.408570 0.280917
0.510475 0.425767 0.242562
0.509233 0.430020 0.228107
0.505437 0.427245 0.235513
0.514289 0.428603 0.235075
0.513053 0.432809 0.220769
0.350125 0.431795 0.147335
0.348073 0.438123 0.136624
0.344449 0.433928 0.142111
0.353744 0.435898 0.141767
0.351692 0.442393 0.131164
0.464110 0.624679 0.018270
0.462085 0.638889 0.015569
0.458484 0.631066 0.016853
0.467699 0.632406 0.016844
0.465737 0.646696 0.014436
0.408035 0.510302 0.065413
0.405977 0.520840 0.057486
0.402391 0.514518 0.061623
0.411625 0.516430 0.061165
0.409549 0.527345 0.053498
0.498432 0.462162 0.139560
0.496584 0.468061 0.128310
0.492834 0.464190 0.134178
0.502196 0.465908 0.133591
0.500340 0.472045 0.122542
0.453407 0.481726 0.099221
0.451403 0.489791 0.089579
0.447744 0.484782 0.094637
0.457078 0.486578 0.094056
0.455051 0.494953 0.084652
0.482362 0.524811 0.061822
0.480084 0.535376 0.054278
0.476571 0.529142 0.058182
0.485890 0.530882 0.057792
0.483580 0.541758 0.050528
0.648274 0.484455 0.132305
0.646792 0.491303 0.121014
0.642891 0.487200 0.126711
0.652213 0.488486 0.126485
0.650672 0.495524 0.115463
0.603842 0.507983 0.091402
0.601784 0.516281 0.082173
0.598112 0.511321 0.086886
0.607542 0.512813 0.086563
0.605429 0.521385 0.077620
0.632743 0.550223 0.057052
0.630331 0.560424 0.050025
0.626817 0.554540 0.053535
0.636271 0.555994 0.053412
0.633838 0.566396 0.046669
0.580583 0.433270 0.241329
0.580478 0.438464 0.226223
0.576153 0.435570 0.233795
0.584973 0.436246 0.233695
0.584812 0.441349 0.218716
0.541809 0.448519 0.185529
0.540535 0.453115 0.172889
0.536579 0.450129 0.179379
0.545804 0.451460 0.178936
0.544478 0.456166 0.166493
0.573414 0.474402 0.135197
0.571718 0.480589 0.123932
0.567871 0.476738 0.129740
0.577285 0.478143 0.129283
0.575549 0.484571 0.118241
0.611022 0.404716 0.306228
0.612384 0.413802 0.289045
0.607599 0.409393 0.297616
0.615787 0.409439 0.297491
0.617261 0.417808 0.280659
0.650825 0.434866 0.241354
0.651636 0.441197 0.225898
0.646836 0.437954 0.233527
0.655729 0.438177 0.233638
0.656389 0.444490 0.218294
0.615455 0.456659 0.182986
0.614674 0.462036 0.169930
0.610502 0.458949 0.176547
0.619689 0.459712 0.176246
0.618806 0.465235 0.163423
0.679136 0.519886 0.089916
0.677194 0.528314 0.080874
0.673474 0.523295 0.085359
0.682890 0.524810 0.085313
0.680892 0.533426 0.076535
0.528447 0.495536 0.094821
0.526407 0.503643 0.085378
0.522736 0.498685 0.090295
0.532141 0.500332 0.089785
0.530054 0.508756 0.080614
0.436315 0.563986 0.035911
0.434060 0.577170 0.030510
0.430615 0.569666 0.033214
0.439768 0.571343 0.033033
0.437497 0.584775 0.028016
0.494544 0.685355 0.010907
0.493282 0.699200 0.010276
0.489113 0.692033 0.010548
0.498692 0.692550 0.010570
0.497557 0.706117 0.010037
0.379045 0.467027 0.103909
0.377026 0.475096 0.094212
0.373396 0.470064 0.099304
0.382673 0.471918 0.098735
0.380657 0.480270 0.089208
0.546753 0.401566 0.306201
0.546691 0.410640 0.288968
0.542647 0.406073 0.297417
0.550817 0.406534 0.297579
0.550762 0.414907 0.280690
0.468395 0.435535 0.189752
0.466680 0.439874 0.177301
0.462962 0.436732 0.183749
0.472129 0.438607 0.183216
0.470404 0.443074 0.170932
0.585248 0.588223 0.032875
0.582898 0.600201 0.028254
0.579344 0.593535 0.030527
0.588787 0.594801 0.030435
0.586474 0.606902 0.026167
0.737609 0.542522 0.076998
0.731892 0.546091 0.072758
0.743280 0.539064 0.081316
0.726129 0.549772 0.068609
0.720326 0.553570 0.064568
0.760024 0.529285 0.094601
0.754487 0.532453 0.090129
0.765519 0.526201 0.099104
0.748906 0.535710 0.085696
0.555794 0.707706 0.010117
0.550619 0.713797 0.009880
0.560981 0.701507 0.010386
0.545459 0.719770 0.009673
0.540316 0.725611 0.009495
0.576629 0.682694 0.011497
0.571389 0.688925 0.011046
0.581909 0.676529 0.012062
0.566179 0.695216 0.010690
0.345093 0.487078 0.077426
0.462135 0.724326 0.009422
0.401721 0.601792 0.021546
0.643288 0.614341 0.025840
0.637436 0.619653 0.023990
0.649180 0.609058 0.027829
0.631636 0.624988 0.022266
0.625892 0.630373 0.020665
0.666980 0.593659 0.034830
0.661030 0.598705 0.032326
0.672941 0.588713 0.037500
0.655095 0.603841 0.029992
0.690829 0.574566 0.046482
0.684871 0.579160 0.043328
0.696776 0.570100 0.049794
0.678906 0.583878 0.040334
0.714486 0.557502 0.060655
0.708611 0.561569 0.056884
0.702707 0.565768 0.053262
0.430357 0.664794 0.011682
0.514938 0.752742 0.008990
0.509940 0.757813 0.008954
0.519962 0.747572 0.009045
0.504974 0.762805 0.008938
0.500038 0.767734 0.008940
0.535193 0.731312 0.009345
0.530092 0.736870 0.009221
0.525016 0.742287 0.009121
0.374319 0.538707 0.043802
0.598016 0.658532 0.014434
0.592599 0.664441 0.013531
0.603483 0.652716 0.015449
0.587232 0.670443 0.012740
0.620203 0.635829 0.019185
0.614574 0.641369 0.017823
0.609001 0.646996 0.016579
0.326948 0.460483 0.102159
0.323334 0.455589 0.107276
0.330565 0.465506 0.097085
0.319719 0.450815 0.112427
0.316097 0.446151 0.117600
0.341449 0.481456 0.082213
0.337814 0.475983 0.087099
0.334186 0.470669 0.092061
0.441543 0.688733 0.010360
0.437769 0.680793 0.010678
0.445387 0.696518 0.010116
0.434047 0.672797 0.011112
0.457753 0.717855 0.009567
0.453489 0.711085 0.009730
0.449361 0.703984 0.009913
0.384908 0.561451 0.033846
0.381443 0.553658 0.036973
0.388297 0.569444 0.030932
0.377909 0.546077 0.040296
0.398318 0.593848 0.023552
0.394961 0.585775 0.025782
0.391636 0.577587 0.028245
0.412209 0.625293 0.016664
0.408665 0.617486 0.018117
0.415792 0.633119 0.015373
0.405169 0.609660 0.019740
0.426691 0.656814 0.012392
0.423040 0.648874 0.013242
0.419405 0.640977 0.014235
0.475861 0.742168 0.009104
0.471201 0.736465 0.009191
0.480590 0.747649 0.009035
0.466623 0.730524 0.009297
0.495112 0.762942 0.008938
0.490224 0.758014 0.008953
0.485380 0.752925 0.008985
0.356070 0.504911 0.063784
0.352407 0.498785 0.068204
0.359736 0.511239 0.059497
0.348747 0.492846 0.072754
0.370696 0.531533 0.047484
0.367053 0.524556 0.051336
0.363398 0.517788 0.055345
