0.582448 0.604503 0.015477
0.581747 0.615265 0.013774
0.577198 0.609708 0.014680
0.446871 0.441505 0.108788
0.445652 0.449275 0.100440
0.441419 0.444918 0.104385
0.530816 0.378617 0.179446
0.530696 0.388879 0.171288
0.525864 0.383727 0.175490
0.359303 0.502621 0.050730
0.357976 0.512348 0.045568
0.353820 0.506855 0.048089
0.500223 0.687961 0.009059
0.500134 0.698261 0.008946
0.495242 0.693080 0.008985
0.426430 0.596310 0.018287
0.425453 0.607839 0.016047
0.421073 0.601673 0.017165
0.513045 0.517538 0.048654
0.511776 0.527403 0.043095
0.507604 0.522114 0.046037
0.667482 0.526646 0.036920
0.666490 0.536267 0.032715
0.662117 0.531152 0.035152
0.600430 0.450484 0.098658
0.599056 0.458773 0.090404
0.595007 0.454436 0.095327
0.643665 0.419078 0.125383
0.642420 0.427304 0.116601
0.638296 0.423004 0.122152
0.609216 0.380923 0.170544
0.608656 0.391168 0.161527
0.604187 0.385992 0.167094
0.556812 0.482660 0.072442
0.555414 0.491680 0.065285
0.551330 0.486851 0.069263
0.524123 0.447064 0.108351
0.522766 0.455032 0.099628
0.518650 0.450745 0.104225
0.567778 0.417316 0.141899
0.566614 0.425401 0.132676
0.562411 0.421225 0.137969
0.624746 0.564106 0.024239
0.623882 0.574355 0.021237
0.619432 0.569006 0.022922
0.590003 0.522201 0.043444
0.588883 0.532000 0.038431
0.584610 0.526814 0.041253
0.633325 0.486943 0.062699
0.632095 0.496072 0.056490
0.627904 0.491199 0.060183
0.469601 0.555446 0.030481
0.468436 0.566115 0.026696
0.464180 0.560378 0.028650
0.436242 0.511212 0.050778
0.434898 0.521090 0.045225
0.430765 0.515650 0.047996
0.480257 0.477500 0.077087
0.478832 0.486413 0.069745
0.474746 0.481527 0.073471
0.392498 0.547872 0.031770
0.391217 0.558597 0.027944
0.387041 0.552608 0.029867
0.462246 0.644206 0.011462
0.461739 0.655250 0.010574
0.457073 0.649604 0.011010
0.325719 0.461092 0.072916
0.324503 0.469979 0.066888
0.320268 0.464889 0.069674
0.489971 0.414064 0.145838
0.489095 0.421820 0.136922
0.484690 0.417718 0.141309
0.452485 0.378534 0.176359
0.452385 0.387524 0.168496
0.447588 0.383064 0.171951
0.490552 0.333094 0.204682
0.490760 0.344563 0.199882
0.485783 0.339055 0.202310
0.569688 0.332558 0.204118
0.569919 0.344360 0.199134
0.564820 0.338428 0.202055
0.529504 0.290324 0.212006
0.529535 0.300234 0.211794
0.524583 0.295263 0.211956
0.403159 0.470248 0.076237
0.401844 0.479118 0.069394
0.397677 0.474123 0.072626
0.369179 0.432708 0.103423
0.368049 0.440651 0.095792
0.363767 0.436025 0.099185
0.411985 0.408097 0.140254
0.411181 0.415351 0.131901
0.406728 0.411133 0.135581
0.540765 0.646495 0.010985
0.540339 0.657167 0.010251
0.535630 0.651714 0.010625
0.504302 0.601240 0.017109
0.503481 0.612260 0.015082
0.498999 0.606514 0.016124
0.546989 0.560413 0.027889
0.545991 0.570888 0.024401
0.541631 0.565379 0.026280
0.710646 0.492089 0.052053
0.709561 0.501231 0.047036
0.705234 0.496293 0.050091
0.676736 0.454140 0.083479
0.675474 0.462740 0.076350
0.671302 0.458149 0.080804
0.586985 0.610041 0.014472
0.451112 0.445796 0.104755
0.535713 0.383979 0.175260
0.363458 0.508054 0.048124
0.505092 0.693186 0.008977
0.430792 0.602421 0.017063
0.517206 0.522770 0.045581
0.671846 0.531733 0.034398
0.604479 0.454791 0.093629
0.647820 0.423411 0.119793
0.613728 0.386341 0.164949
0.560894 0.487417 0.068350
0.528244 0.451308 0.103634
0.572017 0.421558 0.136602
0.629185 0.569421 0.022459
0.594266 0.527345 0.040507
0.637518 0.491778 0.058907
0.473845 0.561130 0.028423
0.440368 0.516582 0.047893
0.484349 0.482301 0.073257
0.396668 0.553784 0.029756
0.466885 0.649888 0.010974
0.329958 0.466132 0.070052
0.494426 0.418229 0.141485
0.457330 0.383115 0.172913
0.495537 0.338608 0.202527
0.574784 0.338410 0.201476
0.534443 0.295258 0.211957
0.407333 0.475164 0.072914
0.373471 0.437270 0.099959
0.416478 0.412300 0.136600
0.545451 0.651977 0.010569
0.508766 0.606964 0.015960
0.551336 0.565884 0.025907
0.714972 0.497011 0.048915
0.680903 0.458701 0.078934
0.671861 0.489369 0.057241
0.676120 0.494247 0.053759
0.670709 0.498511 0.051631
0.677276 0.485165 0.059484
0.693526 0.472722 0.066358
0.697775 0.477501 0.062519
0.692359 0.481648 0.060293
0.706450 0.529135 0.033799
0.710831 0.534184 0.031492
0.705464 0.538626 0.029960
0.711832 0.524761 0.035428
0.728021 0.511859 0.040438
0.732386 0.516826 0.037881
0.726988 0.521112 0.036255
0.543353 0.602996 0.016338
0.547857 0.608616 0.015257
0.542600 0.613862 0.014460
0.548635 0.597797 0.017317
0.564528 0.582381 0.020700
0.568973 0.587901 0.019212
0.563681 0.593037 0.018113
0.501495 0.645389 0.011246
0.506163 0.650942 0.010789
0.501033 0.656213 0.010431
0.506671 0.640077 0.011687
0.522319 0.624076 0.013236
0.526887 0.629753 0.012566
0.521675 0.635072 0.012072
0.539603 0.688489 0.009020
0.544478 0.693660 0.008949
0.539528 0.698663 0.008923
0.544590 0.683428 0.009120
0.559666 0.668167 0.009621
0.564453 0.673476 0.009399
0.559433 0.678542 0.009237
0.408035 0.437536 0.106587
0.412316 0.441946 0.102865
0.406877 0.445323 0.098576
0.413461 0.434285 0.111057
0.429702 0.424728 0.124998
0.434029 0.428874 0.120960
0.428608 0.432101 0.116296
0.364461 0.465868 0.074624
0.368673 0.470842 0.071550
0.363204 0.474743 0.068182
0.369921 0.462087 0.078201
0.386282 0.451138 0.089682
0.390527 0.455841 0.086299
0.385068 0.459488 0.082424
0.397808 0.507186 0.050928
0.401941 0.512611 0.048174
0.396464 0.517013 0.045537
0.403291 0.502892 0.053789
0.419758 0.490274 0.063100
0.423881 0.495425 0.059918
0.418391 0.499654 0.056800
0.529925 0.332556 0.204929
0.534972 0.338334 0.202723
0.530153 0.344129 0.200263
0.534764 0.326899 0.206798
0.549403 0.310482 0.210652
0.554447 0.315803 0.209589
0.549554 0.321309 0.208330
0.570296 0.379727 0.176986
0.575082 0.385191 0.172114
0.570014 0.390176 0.168446
0.575268 0.374287 0.180649
0.589961 0.356732 0.190850
0.594936 0.363000 0.186359
0.590035 0.368833 0.182962
0.491463 0.378209 0.179087
0.496359 0.383299 0.175273
0.491401 0.388122 0.171084
0.496309 0.372922 0.183195
0.510672 0.355771 0.194397
0.515748 0.361598 0.191085
0.510957 0.367340 0.187391
0.451002 0.411752 0.143850
0.455487 0.415862 0.139900
0.450178 0.419201 0.135202
0.456224 0.408253 0.148462
0.471608 0.396736 0.161977
0.476271 0.401172 0.158117
0.471144 0.405095 0.153661
0.485603 0.444646 0.109610
0.489792 0.448896 0.105221
0.484323 0.452499 0.101016
0.491062 0.441114 0.113995
0.507414 0.430466 0.127581
0.511633 0.434566 0.122745
0.506176 0.438161 0.118251
0.320674 0.497704 0.050443
0.324847 0.503136 0.047959
0.319339 0.507346 0.045489
0.326168 0.493592 0.053074
0.342603 0.481481 0.061596
0.346793 0.486685 0.058825
0.341316 0.490741 0.055947
0.460841 0.687480 0.009085
0.465700 0.692762 0.009000
0.460737 0.697891 0.008961
0.465849 0.682275 0.009213
0.481000 0.666538 0.009848
0.485766 0.671972 0.009578
0.480718 0.677201 0.009371
0.387657 0.592637 0.018667
0.391959 0.599077 0.017421
0.386585 0.604614 0.016348
0.393050 0.587305 0.019931
0.409274 0.571833 0.024249
0.413522 0.577935 0.022604
0.408119 0.583097 0.021175
0.474653 0.514650 0.050134
0.478791 0.519952 0.047124
0.473331 0.524529 0.044508
0.480127 0.510188 0.052982
0.496585 0.497090 0.062125
0.500677 0.502129 0.058591
0.495198 0.506514 0.055579
0.431017 0.552080 0.031240
0.435218 0.557880 0.029204
0.429783 0.562816 0.027420
0.436462 0.547245 0.033213
0.452806 0.532988 0.039798
0.456979 0.538548 0.037300
0.451535 0.543317 0.035117
0.465315 0.599078 0.017767
0.469730 0.604971 0.016573
0.464419 0.610315 0.015619
0.470654 0.593815 0.018917
0.486728 0.578291 0.022889
0.491078 0.584031 0.021269
0.485727 0.589205 0.019965
0.628659 0.524371 0.040211
0.632979 0.529487 0.037468
0.627614 0.534100 0.035597
0.634039 0.519841 0.042232
0.650218 0.506533 0.048505
0.654501 0.511521 0.045371
0.649111 0.515941 0.043341
0.585818 0.562329 0.026146
0.590213 0.567720 0.024261
0.584893 0.572704 0.022903
0.591155 0.557423 0.027659
0.607198 0.542971 0.032643
0.611554 0.548230 0.030328
0.606211 0.553036 0.028705
0.621603 0.605764 0.014468
0.626172 0.611202 0.013544
0.620949 0.616395 0.012961
0.626846 0.600624 0.015212
0.642622 0.585430 0.017828
0.647137 0.590784 0.016520
0.641887 0.595825 0.015680
0.562452 0.449068 0.104779
0.566513 0.453308 0.099802
0.561036 0.457144 0.096139
0.567932 0.445290 0.108602
0.584335 0.433892 0.120171
0.588362 0.437983 0.114627
0.582912 0.441838 0.110904
0.518576 0.480275 0.075508
0.522641 0.485039 0.071492
0.517146 0.489241 0.068159
0.524062 0.476212 0.079006
0.540516 0.464350 0.089805
0.544591 0.468821 0.085331
0.539106 0.472794 0.081802
0.551476 0.520013 0.046401
0.555685 0.525193 0.043350
0.550276 0.529850 0.041047
0.556903 0.515455 0.048906
0.573221 0.502044 0.056796
0.577377 0.507016 0.053225
0.571946 0.511494 0.050670
0.605838 0.418039 0.134538
0.609935 0.422221 0.128925
0.604590 0.426221 0.125481
0.611121 0.413909 0.137928
0.626829 0.401212 0.147992
0.631085 0.405818 0.142322
0.625827 0.409972 0.138995
0.638420 0.452084 0.091310
0.642545 0.456558 0.086474
0.637116 0.460561 0.083589
0.643855 0.448134 0.094315
0.660213 0.436411 0.103413
0.664327 0.440777 0.098170
0.658873 0.444696 0.095213
0.595021 0.484759 0.067913
0.599143 0.489540 0.063892
0.593701 0.493844 0.061168
0.600457 0.480553 0.070762
0.616733 0.468163 0.079451
0.620855 0.472764 0.075029
0.615433 0.476900 0.072213
0.663744 0.565850 0.022224
0.668195 0.571099 0.020539
0.662918 0.575945 0.019433
0.669048 0.561087 0.023486
0.685017 0.547095 0.027623
0.689425 0.552242 0.025606
0.684101 0.556881 0.024251
0.508256 0.558169 0.029349
0.512550 0.563734 0.027306
0.507174 0.568746 0.025677
0.513644 0.553239 0.031159
0.529827 0.538715 0.037154
0.534082 0.544102 0.034622
0.528694 0.548945 0.032658
0.423048 0.642848 0.011605
0.427654 0.648699 0.011093
0.422483 0.654210 0.010656
0.428271 0.637283 0.012147
0.444066 0.620631 0.014068
0.448553 0.626646 0.013301
0.443294 0.632169 0.012681
0.500042 0.728637 0.008910
0.504960 0.733665 0.008905
0.500022 0.738657 0.008903
0.504981 0.723626 0.008913
0.519802 0.708579 0.008923
0.524714 0.713656 0.008916
0.519775 0.718660 0.008913
0.353981 0.542871 0.032118
0.358152 0.548801 0.030135
0.352674 0.553500 0.028295
0.359467 0.538285 0.034116
0.375900 0.524739 0.040662
0.380043 0.530435 0.038314
0.374573 0.534973 0.036127
0.528962 0.415709 0.145434
0.533347 0.419971 0.140650
0.527954 0.423703 0.136293
0.534270 0.411777 0.149672
0.549973 0.399157 0.161851
0.554557 0.403904 0.157070
0.549316 0.408129 0.153114
0.441755 0.474145 0.077146
0.445885 0.478997 0.073571
0.440378 0.483029 0.069991
0.447251 0.470264 0.080914
0.463718 0.459004 0.092767
0.467881 0.463527 0.088807
0.462389 0.467302 0.084877
0.580030 0.647595 0.010701
0.584732 0.653009 0.010330
0.579632 0.658165 0.010058
0.585172 0.642386 0.011033
0.600718 0.626619 0.012159
0.605335 0.632121 0.011618
0.600153 0.637381 0.011272
0.655013 0.470308 0.072918
0.653777 0.479140 0.066248
0.649588 0.474416 0.070339
0.659199 0.474997 0.068737
0.666448 0.493605 0.055023
0.689016 0.509074 0.044321
0.687964 0.518416 0.039669
0.683622 0.513404 0.042431
0.693354 0.514065 0.041484
0.701077 0.533553 0.032200
0.525591 0.580518 0.021881
0.524674 0.591288 0.019102
0.520258 0.585643 0.020566
0.529993 0.586133 0.020313
0.538081 0.608224 0.015439
0.483156 0.622541 0.013695
0.482455 0.633752 0.012414
0.477898 0.627958 0.013062
0.487690 0.628349 0.012971
0.496340 0.650690 0.010841
0.520340 0.667309 0.009741
0.520084 0.677824 0.009307
0.515282 0.672490 0.009514
0.525119 0.672674 0.009492
0.534633 0.693533 0.008956
0.390750 0.420103 0.121448
0.389696 0.427550 0.113132
0.385371 0.423161 0.116797
0.395091 0.424440 0.117738
0.402605 0.440840 0.102211
0.347492 0.446395 0.087176
0.346308 0.454859 0.080323
0.342056 0.449984 0.083419
0.351750 0.451209 0.084004
0.358999 0.469705 0.071177
0.381225 0.486075 0.062486
0.379901 0.495401 0.056492
0.375743 0.490151 0.059359
0.385384 0.491265 0.059531
0.392328 0.511520 0.048188
0.509891 0.310568 0.210672
0.510011 0.321353 0.208378
0.505023 0.315967 0.209671
0.514872 0.315872 0.209671
0.525096 0.338291 0.202758
0.550248 0.356143 0.194031
0.550498 0.367958 0.186803
0.545409 0.361982 0.190753
0.555348 0.362169 0.190342
0.565283 0.384916 0.173291
0.471582 0.357053 0.192994
0.471825 0.368020 0.185842
0.466849 0.362873 0.189179
0.476553 0.362355 0.189860
0.486568 0.383227 0.174909
0.432602 0.394938 0.158568
0.432129 0.402666 0.150479
0.427514 0.398444 0.154046
0.437261 0.399192 0.155030
0.445736 0.415124 0.139190
0.468618 0.428035 0.127283
0.467463 0.435537 0.118223
0.463198 0.431394 0.122549
0.472902 0.432129 0.122874
0.480140 0.448190 0.105295
0.303909 0.476475 0.060697
0.302636 0.485697 0.055379
0.298447 0.480403 0.057928
0.308112 0.481717 0.058094
0.315169 0.501855 0.047905
0.441686 0.665742 0.009912
0.441371 0.676581 0.009403
0.436601 0.671094 0.009635
0.446430 0.671273 0.009629
0.455855 0.692656 0.009002
0.370705 0.567122 0.024670
0.369490 0.578548 0.021552
0.365269 0.572136 0.023104
0.374911 0.573423 0.023023
0.382269 0.598085 0.017491
0.458204 0.493948 0.063104
0.456812 0.503353 0.056607
0.452703 0.498189 0.059849
0.462307 0.499044 0.059736
0.469185 0.519162 0.047388
0.414353 0.529230 0.040360
0.413040 0.539553 0.035728
0.408886 0.533839 0.038047
0.418502 0.534877 0.037929
0.425574 0.556948 0.029359
0.447951 0.575453 0.023673
0.446870 0.586536 0.020654
0.442557 0.580582 0.022191
0.452249 0.581354 0.022032
0.459986 0.604388 0.016707
0.611631 0.504221 0.052763
0.610444 0.513670 0.047087
0.606216 0.508648 0.050359
0.615848 0.509206 0.049381
0.623285 0.528949 0.038236
0.568457 0.540946 0.035076
0.567400 0.551103 0.030826
0.563083 0.545749 0.033157
0.572764 0.546256 0.032618
0.580486 0.567277 0.024692
0.603536 0.583986 0.019345
0.602749 0.594532 0.016979
0.598252 0.589063 0.018279
0.608020 0.589428 0.017948
0.616369 0.610938 0.013790
0.546068 0.432421 0.125439
0.544704 0.440245 0.115974
0.540577 0.436089 0.121098
0.550196 0.436556 0.120189
0.556970 0.452854 0.100984
0.502229 0.461959 0.092218
0.500850 0.470321 0.084190
0.496747 0.465769 0.088341
0.506335 0.466434 0.087959
0.513084 0.484400 0.072066
0.534878 0.499726 0.059993
0.533535 0.509166 0.053568
0.529407 0.504107 0.057035
0.538993 0.504728 0.056393
0.546055 0.524618 0.043968
0.588825 0.400359 0.156636
0.587974 0.409355 0.147707
0.583624 0.404825 0.153069
0.593210 0.405016 0.151236
0.600527 0.422111 0.131100
0.622100 0.434755 0.112217
0.620732 0.442932 0.103444
0.616681 0.438677 0.108800
0.626151 0.439005 0.106760
0.632993 0.456061 0.088319
0.578685 0.466369 0.085442
0.577297 0.474934 0.077711
0.573225 0.470383 0.082162
0.582751 0.470855 0.080865
0.589578 0.489012 0.065089
0.646067 0.544972 0.030125
0.645138 0.554908 0.026489
0.640730 0.549681 0.028558
0.650467 0.550171 0.027959
0.658451 0.570666 0.021024
0.491299 0.536126 0.038759
0.490088 0.546416 0.034117
0.485870 0.540890 0.036533
0.495506 0.541595 0.036211
0.502868 0.563140 0.027616
0.405055 0.618267 0.014342
0.404185 0.630340 0.012861
0.399727 0.624016 0.013582
0.409487 0.624583 0.013540
0.417846 0.648420 0.011111
0.480392 0.708304 0.008939
0.480357 0.718471 0.008925
0.475447 0.713366 0.008933
0.485300 0.713424 0.008930
0.495103 0.733642 0.008907
0.337339 0.519787 0.040788
0.335990 0.529910 0.036344
0.331829 0.524175 0.038539
0.341498 0.525461 0.038513
0.348493 0.547494 0.030194
0.510720 0.397846 0.163211
0.510199 0.406638 0.154705
0.505590 0.402168 0.158976
0.515383 0.402459 0.158961
0.523621 0.419532 0.141106
0.425047 0.455413 0.091739
0.423778 0.463694 0.084118
0.419581 0.459023 0.087712
0.429252 0.460002 0.088056
0.436256 0.478091 0.073477
0.561504 0.625449 0.012731
0.560903 0.636312 0.011695
0.556292 0.630731 0.012238
0.566095 0.631047 0.012124
0.574908 0.652776 0.010392
0.569807 0.657929 0.010107
0.569494 0.668396 0.009590
0.564727 0.663057 0.009850
0.574553 0.663293 0.009810
0.579325 0.668604 0.009559
0.579103 0.678913 0.009203
0.574286 0.673682 0.009375
0.560397 0.647055 0.010846
0.565089 0.652514 0.010452
0.559986 0.657672 0.010156
0.565544 0.641847 0.011209
0.570711 0.636614 0.011596
0.575356 0.642130 0.011123
0.570212 0.647336 0.010775
0.551096 0.636007 0.011792
0.550582 0.646774 0.010916
0.545920 0.641260 0.011374
0.555732 0.641553 0.011292
0.555270 0.652244 0.010511
0.430754 0.482101 0.069910
0.429376 0.491244 0.063157
0.425254 0.486163 0.066447
0.434874 0.487111 0.066516
0.438987 0.492178 0.063176
0.437606 0.501574 0.056765
0.433492 0.496381 0.059927
0.422470 0.472266 0.076796
0.426622 0.477149 0.073338
0.421124 0.481139 0.069784
0.427957 0.468426 0.080544
0.433439 0.464651 0.084393
0.437606 0.469364 0.080754
0.432116 0.473224 0.076996
0.414112 0.462697 0.083784
0.412818 0.471274 0.076543
0.408637 0.466439 0.079958
0.418301 0.467450 0.080279
0.416981 0.476173 0.073151
0.518246 0.423256 0.136683
0.517089 0.430961 0.127294
0.512841 0.426893 0.132166
0.522532 0.427358 0.131833
0.526757 0.431449 0.126855
0.525457 0.439226 0.117428
0.521288 0.435076 0.122358
0.509469 0.414920 0.145949
0.513892 0.419116 0.141387
0.508535 0.422813 0.136912
0.514742 0.411014 0.150306
0.519979 0.406966 0.154585
0.524507 0.411378 0.150078
0.519217 0.415308 0.145775
0.500421 0.406305 0.154669
0.499720 0.414513 0.145969
0.495215 0.410266 0.150290
0.504978 0.410653 0.150375
0.504161 0.418692 0.141511
0.343002 0.552171 0.028343
0.341719 0.563139 0.024843
0.337511 0.556922 0.026565
0.347196 0.558272 0.026531
0.351400 0.564488 0.024805
0.350160 0.575964 0.021665
0.345935 0.569490 0.023209
0.334639 0.540255 0.032209
0.338816 0.546171 0.030237
0.333311 0.550826 0.028373
0.340152 0.535710 0.034221
0.345657 0.531201 0.036307
0.349817 0.537005 0.034175
0.344319 0.541570 0.032171
0.326308 0.528605 0.036370
0.324942 0.538923 0.032233
0.320773 0.533074 0.034274
0.330470 0.534399 0.034254
0.329122 0.544833 0.030263
0.490165 0.738640 0.008904
0.490150 0.748617 0.008899
0.485228 0.743630 0.008902
0.495086 0.743641 0.008901
0.500009 0.748625 0.008898
0.500002 0.758541 0.008896
0.495075 0.753587 0.008897
0.480329 0.728577 0.008914
0.485245 0.733619 0.008908
0.480307 0.738623 0.008905
0.485269 0.723551 0.008918
0.490211 0.718518 0.008922
0.495125 0.723588 0.008916
0.490185 0.728607 0.008912
0.470503 0.718423 0.008927
0.470473 0.728546 0.008915
0.465559 0.723473 0.008921
0.475414 0.723512 0.008920
0.475388 0.733595 0.008910
0.412665 0.653997 0.010666
0.412203 0.665233 0.009928
0.407504 0.659578 0.010271
0.417333 0.659723 0.010267
0.422036 0.665361 0.009926
0.421701 0.676303 0.009405
0.416936 0.670804 0.009640
0.403446 0.642219 0.011646
0.408034 0.648169 0.011125
0.402841 0.653822 0.010672
0.408693 0.636505 0.012210
0.413961 0.630807 0.012826
0.418483 0.636890 0.012182
0.413248 0.642524 0.011628
0.394411 0.629864 0.012889
0.393641 0.641932 0.011658
0.389112 0.635752 0.012249
0.398903 0.636126 0.012233
0.398219 0.647947 0.011133
0.497483 0.568150 0.025960
0.496437 0.578898 0.022656
0.492102 0.573200 0.024384
0.501803 0.573802 0.024126
0.506151 0.579463 0.022409
0.505192 0.590301 0.019552
0.500801 0.584599 0.021046
0.488920 0.556888 0.029963
0.493189 0.562511 0.027906
0.487795 0.567513 0.026224
0.494326 0.551972 0.031830
0.499733 0.547095 0.033792
0.503984 0.552623 0.031507
0.498587 0.557548 0.029667
0.480444 0.545698 0.034412
0.479258 0.556187 0.030234
0.475022 0.550552 0.032398
0.484672 0.551281 0.032127
0.483515 0.561841 0.028175
0.653168 0.575536 0.019893
0.652391 0.585788 0.017425
0.647892 0.580458 0.018828
0.657651 0.580842 0.018396
0.662149 0.586155 0.017016
0.661433 0.596466 0.014972
0.656905 0.591125 0.016140
0.644249 0.564963 0.023240
0.648701 0.570242 0.021507
0.643410 0.575137 0.020348
0.649562 0.560150 0.024551
0.654880 0.555386 0.025926
0.659307 0.560613 0.024018
0.654000 0.565401 0.022732
0.635396 0.554442 0.027053
0.634495 0.564534 0.023744
0.630068 0.559252 0.025614
0.639814 0.559697 0.025086
0.638943 0.569828 0.021988
0.584127 0.493313 0.062295
0.582813 0.502581 0.055824
0.578673 0.497658 0.059529
0.588256 0.498190 0.058474
0.592411 0.503120 0.054816
0.591179 0.512573 0.048907
0.586982 0.507554 0.052282
0.575922 0.483736 0.070355
0.580019 0.488492 0.066262
0.574557 0.492784 0.063377
0.581379 0.479555 0.073375
0.586826 0.475413 0.076406
0.590915 0.480048 0.072084
0.585471 0.484247 0.069161
0.567759 0.474432 0.078897
0.566368 0.483208 0.071446
0.562288 0.478522 0.075655
0.571836 0.479048 0.074569
0.570458 0.487963 0.067351
0.627571 0.460066 0.085344
0.626274 0.468664 0.077865
0.622151 0.464100 0.082388
0.631693 0.464597 0.080718
0.635834 0.469191 0.076248
0.634570 0.477983 0.069285
0.630413 0.473293 0.073497
0.619382 0.451203 0.095060
0.623467 0.455601 0.090125
0.618048 0.459604 0.087065
0.624801 0.447247 0.098246
0.630223 0.443309 0.101452
0.634312 0.447668 0.096302
0.628888 0.451623 0.093204
0.611266 0.442607 0.105394
0.609898 0.450824 0.096878
0.605850 0.446542 0.102014
0.615314 0.446872 0.100149
0.613964 0.455178 0.091895
0.595179 0.426119 0.127586
0.593801 0.434095 0.118337
0.589779 0.430044 0.123948
0.599214 0.430179 0.121960
0.603221 0.434260 0.116343
0.601819 0.442329 0.107304
0.597804 0.438182 0.112751
0.586927 0.417840 0.138674
0.591086 0.422020 0.133165
0.585708 0.425967 0.129508
0.592237 0.413729 0.142249
0.597503 0.409490 0.145739
0.601704 0.413811 0.140154
0.596420 0.417968 0.136709
0.578384 0.409132 0.149434
0.577377 0.417614 0.140406
0.573102 0.413290 0.145717
0.582696 0.413551 0.144102
0.581577 0.421832 0.134999
0.540640 0.529269 0.041613
0.539474 0.539304 0.036678
0.535231 0.533968 0.039340
0.544872 0.534554 0.038821
0.549129 0.539873 0.036173
0.548034 0.550067 0.031787
0.543742 0.544672 0.034160
0.532246 0.518815 0.047617
0.536431 0.524022 0.044546
0.531011 0.528668 0.042143
0.537685 0.514273 0.050233
0.543130 0.509777 0.052926
0.547291 0.514873 0.049594
0.541858 0.519424 0.047031
0.523946 0.508536 0.054156
0.522642 0.518186 0.048158
0.518492 0.513012 0.051361
0.528085 0.513652 0.050822
0.526815 0.523405 0.045084
0.507583 0.488585 0.068680
0.506162 0.497788 0.061695
0.502082 0.492816 0.065361
0.511651 0.493492 0.064887
0.515731 0.498453 0.061195
0.514363 0.507886 0.054689
0.510254 0.502811 0.058135
0.499444 0.478961 0.076488
0.503518 0.483737 0.072552
0.498011 0.487898 0.069120
0.504939 0.474941 0.080088
0.510426 0.470975 0.083750
0.514505 0.475588 0.079597
0.509015 0.479633 0.076044
0.491257 0.469626 0.084525
0.489857 0.478249 0.076836
0.485761 0.473534 0.080773
0.495358 0.474257 0.080482
0.493940 0.483037 0.072950
0.551486 0.456657 0.097221
0.550074 0.464893 0.088900
0.546001 0.460487 0.093493
0.555556 0.461003 0.092504
0.559623 0.465411 0.087872
0.558214 0.473908 0.079972
0.554143 0.469365 0.084390
0.543319 0.448128 0.106882
0.547408 0.452369 0.102017
0.541922 0.456142 0.098163
0.548808 0.444416 0.110909
0.554299 0.440706 0.114979
0.558382 0.444872 0.109840
0.552895 0.448615 0.105910
0.535087 0.439749 0.116790
0.533726 0.447610 0.107695
0.529602 0.443403 0.112540
0.539213 0.443926 0.111809
0.537831 0.451853 0.102900
0.611143 0.616140 0.013178
0.610531 0.626858 0.011998
0.605926 0.621369 0.012633
0.615736 0.621615 0.012446
0.620348 0.627074 0.011830
0.619803 0.637765 0.011031
0.615155 0.632332 0.011477
0.602017 0.605165 0.014992
0.606570 0.610656 0.014026
0.601340 0.615867 0.013385
0.607268 0.600003 0.015798
0.612527 0.594874 0.016670
0.617055 0.600321 0.015510
0.611808 0.605473 0.014735
0.592976 0.594177 0.017278
0.592231 0.604842 0.015240
0.587708 0.599325 0.016344
0.597486 0.599671 0.016076
0.596776 0.610357 0.014254
0.575160 0.572271 0.023298
0.574273 0.582798 0.020377
0.569840 0.577307 0.021968
0.579580 0.577731 0.021608
0.584022 0.583204 0.020043
0.583207 0.593810 0.017567
0.578728 0.588299 0.018911
0.566392 0.561404 0.027052
0.570763 0.566828 0.025114
0.565431 0.571830 0.023681
0.571740 0.556478 0.028645
0.577093 0.551593 0.030309
0.581445 0.556952 0.028156
0.576102 0.561870 0.026605
0.557714 0.550596 0.031318
0.556687 0.560920 0.027479
0.552349 0.555485 0.029563
0.562041 0.555992 0.029115
0.561047 0.566367 0.025518
0.617917 0.533574 0.036313
0.616902 0.543472 0.032021
0.612555 0.538248 0.034447
0.622255 0.538762 0.033779
0.626615 0.543972 0.031394
0.625659 0.553978 0.027609
0.621270 0.548716 0.029744
0.609312 0.523280 0.041840
0.613602 0.528413 0.038999
0.608230 0.533048 0.037024
0.614699 0.518730 0.043978
0.620093 0.514227 0.046164
0.624363 0.519284 0.043109
0.618980 0.523824 0.041029
0.600807 0.513119 0.048001
0.599653 0.522739 0.042645
0.595403 0.517636 0.045695
0.605046 0.518181 0.044840
0.603929 0.527878 0.039756
0.454668 0.609748 0.015736
0.453830 0.621149 0.013983
0.449361 0.615161 0.014857
0.459119 0.615706 0.014756
0.463600 0.621640 0.013893
0.462866 0.632999 0.012558
0.458330 0.627107 0.013227
0.445859 0.597775 0.018044
0.450248 0.603770 0.016833
0.444923 0.609149 0.015847
0.451212 0.592493 0.019226
0.456574 0.587263 0.020499
0.460930 0.593174 0.019076
0.455584 0.598445 0.017910
0.437172 0.585769 0.020799
0.436141 0.597068 0.018169
0.431796 0.591010 0.019498
0.441500 0.591774 0.019366
0.440517 0.603116 0.016951
0.420133 0.561858 0.027567
0.418934 0.572838 0.024120
0.414700 0.566815 0.025864
0.424354 0.567799 0.025725
0.428600 0.573773 0.023981
0.427480 0.584946 0.020934
0.423193 0.578885 0.022476
0.411751 0.550092 0.031528
0.415934 0.555954 0.029502
0.410489 0.560835 0.027703
0.417205 0.545315 0.033510
0.422660 0.540570 0.035596
0.426832 0.546308 0.033368
0.421382 0.551115 0.031390
0.403421 0.538484 0.035847
0.402123 0.549011 0.031655
0.397958 0.543164 0.033759
0.407580 0.544267 0.033641
0.406299 0.554899 0.029635
0.463721 0.523721 0.044750
0.462426 0.533827 0.039594
0.458261 0.528330 0.042219
0.467876 0.529154 0.041997
0.472048 0.534630 0.039353
0.470804 0.544942 0.034677
0.466606 0.539366 0.037078
0.455447 0.512999 0.050552
0.459578 0.518335 0.047604
0.454111 0.522879 0.044946
0.460927 0.508571 0.053445
0.466413 0.504194 0.056446
0.470528 0.509397 0.053243
0.465050 0.513842 0.050370
0.447209 0.502480 0.056705
0.445843 0.512122 0.050681
0.441722 0.506822 0.053681
0.451325 0.507713 0.053588
0.449972 0.517475 0.047769
0.376886 0.603664 0.016404
0.375843 0.616126 0.014470
0.371503 0.609402 0.015406
0.381214 0.610289 0.015363
0.385575 0.616881 0.014434
0.384637 0.629377 0.012911
0.380218 0.622804 0.013646
0.368318 0.590394 0.018808
0.372589 0.597025 0.017553
0.367193 0.602655 0.016452
0.373726 0.585029 0.020096
0.379136 0.579792 0.021471
0.383383 0.586204 0.020017
0.377984 0.591550 0.018741
0.359833 0.577271 0.021619
0.358644 0.589200 0.018860
0.354395 0.582542 0.020215
0.364068 0.583802 0.020165
0.362909 0.595913 0.017605
0.450890 0.697798 0.008962
0.450839 0.708098 0.008943
0.445939 0.702916 0.008952
0.455788 0.702997 0.008952
0.460689 0.708167 0.008943
0.460649 0.718375 0.008928
0.455742 0.713250 0.008935
0.441158 0.687239 0.009088
0.446011 0.692550 0.009002
0.441044 0.697705 0.008962
0.446171 0.682001 0.009221
0.451205 0.676737 0.009399
0.456009 0.682139 0.009218
0.450999 0.687360 0.009088
0.431538 0.676424 0.009405
0.431318 0.687119 0.009087
0.426496 0.681740 0.009221
0.436334 0.681864 0.009222
0.436167 0.692444 0.009001
0.309656 0.506043 0.045457
0.308289 0.515883 0.040798
0.304131 0.510276 0.043090
0.313820 0.511595 0.043104
0.317983 0.517203 0.040801
0.316610 0.527282 0.036385
0.312448 0.521553 0.038561
0.301323 0.495109 0.050292
0.305491 0.500549 0.047855
0.299975 0.504727 0.045430
0.306819 0.491034 0.052856
0.312306 0.487000 0.055515
0.316493 0.492327 0.052963
0.310996 0.496418 0.050363
0.292976 0.484370 0.055261
0.291658 0.493784 0.050233
0.287494 0.488381 0.052685
0.297152 0.489717 0.052762
0.295817 0.499232 0.047813
0.474671 0.451757 0.101049
0.473368 0.459806 0.092808
0.469197 0.455359 0.096873
0.478848 0.456133 0.096878
0.483004 0.460567 0.092730
0.481648 0.468891 0.084751
0.477517 0.464316 0.088765
0.466256 0.443166 0.109440
0.470474 0.447437 0.105238
0.465007 0.450971 0.100956
0.471709 0.439714 0.113903
0.477158 0.436269 0.118440
0.481391 0.440439 0.114017
0.475935 0.443930 0.109592
0.457762 0.434756 0.117871
0.456568 0.442355 0.109159
0.452319 0.438121 0.113284
0.462018 0.438941 0.113651
0.460797 0.446637 0.105051
0.440428 0.418391 0.134490
0.439441 0.425662 0.125692
0.435082 0.421580 0.129752
0.444826 0.422456 0.130456
0.449177 0.426511 0.126313
0.448050 0.433931 0.117422
0.443760 0.429777 0.121568
0.431489 0.410159 0.142199
0.435981 0.414293 0.138401
0.430678 0.417484 0.133705
0.436707 0.406856 0.146820
0.441884 0.403417 0.151405
0.446466 0.407605 0.147681
0.441244 0.411009 0.143060
0.422380 0.401784 0.149487
0.421736 0.409189 0.141264
0.417203 0.404991 0.144890
0.426954 0.405988 0.145891
0.426229 0.413354 0.137540
0.481627 0.387981 0.170664
0.481356 0.397047 0.162505
0.476640 0.392479 0.166354
0.486400 0.392702 0.166828
0.491126 0.397331 0.162889
0.490649 0.405941 0.154482
0.486028 0.401535 0.158551
0.471959 0.378298 0.178054
0.476814 0.383175 0.174405
0.471882 0.387837 0.170101
0.476778 0.373161 0.182291
0.481540 0.367707 0.186439
0.486520 0.373010 0.182810
0.481693 0.378235 0.178642
0.462104 0.368451 0.185043
0.462221 0.378408 0.177284
0.457323 0.373671 0.180729
0.467055 0.373381 0.181603
0.467077 0.383138 0.173744
0.560224 0.389871 0.169546
0.559753 0.399515 0.160937
0.555120 0.394612 0.165736
0.564906 0.394945 0.164725
0.569492 0.399840 0.159758
0.568742 0.408843 0.150916
0.564294 0.404255 0.155994
0.550577 0.379171 0.178707
0.555448 0.384613 0.174210
0.550397 0.389539 0.170380
0.555521 0.373809 0.182491
0.560415 0.368179 0.186201
0.565406 0.374059 0.181694
0.560451 0.379460 0.177977
0.540575 0.367730 0.187159
0.540686 0.378874 0.179172
0.535719 0.373293 0.183339
0.545615 0.373544 0.183029
0.545584 0.384292 0.174860
0.520276 0.344085 0.200281
0.520541 0.355791 0.194445
0.515469 0.349918 0.197496
0.525343 0.349957 0.197504
0.530417 0.355872 0.194405
0.530690 0.367540 0.187356
0.525620 0.361676 0.191080
0.510185 0.332566 0.204904
0.515223 0.338277 0.202746
0.510408 0.344097 0.200238
0.515022 0.326881 0.206804
0.519873 0.321316 0.208389
0.524891 0.326881 0.206813
0.520051 0.332536 0.204933
0.500174 0.321525 0.208349
0.500342 0.332735 0.204820
0.495349 0.327239 0.206692
0.505168 0.326978 0.206766
0.505364 0.338362 0.202676
0.386850 0.515891 0.045564
0.385514 0.525928 0.040610
0.381374 0.520298 0.043056
0.390988 0.521453 0.043017
0.395127 0.527075 0.040543
0.393804 0.537364 0.035953
0.389657 0.531617 0.038240
0.378568 0.504951 0.050851
0.382711 0.510390 0.048177
0.377233 0.514731 0.045572
0.384049 0.500713 0.053671
0.389532 0.496513 0.056616
0.393672 0.501819 0.053745
0.388190 0.506086 0.050902
0.370264 0.494269 0.056360
0.368939 0.503796 0.050793
0.364784 0.498426 0.053485
0.374420 0.499579 0.053581
0.373088 0.509231 0.048153
0.353536 0.473591 0.067860
0.352266 0.482667 0.061820
0.348071 0.477518 0.064667
0.357736 0.478686 0.064939
0.361923 0.483827 0.062044
0.360620 0.493117 0.056225
0.356448 0.487865 0.059005
0.345097 0.463533 0.073773
0.349322 0.468540 0.070804
0.343863 0.472413 0.067537
0.350549 0.459767 0.077249
0.355999 0.456057 0.080853
0.360236 0.460941 0.077726
0.354780 0.464714 0.074199
0.336614 0.453633 0.079789
0.335411 0.462325 0.073346
0.331169 0.457338 0.076288
0.340861 0.458565 0.076770
0.339642 0.467349 0.070429
0.397169 0.444204 0.097931
0.395982 0.452267 0.090290
0.391728 0.447634 0.093750
0.401432 0.448762 0.094383
0.405677 0.453359 0.090840
0.404438 0.461663 0.083390
0.400219 0.456941 0.086835
0.388597 0.435186 0.105047
0.392889 0.439679 0.101481
0.387459 0.443041 0.097227
0.394012 0.431958 0.109482
0.399423 0.428792 0.114027
0.403738 0.433155 0.110309
0.398316 0.436387 0.105847
0.379981 0.426279 0.112233
0.378886 0.433960 0.104240
0.374584 0.429460 0.107774
0.384294 0.430721 0.108631
0.383178 0.438485 0.100724
0.529682 0.698556 0.008929
0.529653 0.708653 0.008918
0.524742 0.703566 0.008925
0.534590 0.703655 0.008921
0.539503 0.708730 0.008915
0.539482 0.718762 0.008908
0.534566 0.713718 0.008913
0.519915 0.688213 0.009039
0.524787 0.693412 0.008963
0.519833 0.698454 0.008934
0.524909 0.683110 0.009146
0.529922 0.677993 0.009290
0.534751 0.683266 0.009133
0.529760 0.688348 0.009029
0.510243 0.677661 0.009324
0.510069 0.688084 0.009049
0.505222 0.682820 0.009172
0.515067 0.682962 0.009159
0.514940 0.693297 0.008970
0.491206 0.655982 0.010473
0.490834 0.666729 0.009825
0.486092 0.661264 0.010141
0.495923 0.661476 0.010109
0.500669 0.666918 0.009798
0.500400 0.677506 0.009342
0.495604 0.672143 0.009559
0.481864 0.644820 0.011363
0.486519 0.650431 0.010890
0.481381 0.655745 0.010510
0.487049 0.639467 0.011830
0.492256 0.634101 0.012335
0.496858 0.639778 0.011761
0.491678 0.645110 0.011307
0.472658 0.633385 0.012488
0.472053 0.644518 0.011415
0.467441 0.638800 0.011955
0.477243 0.639141 0.011895
0.476700 0.650164 0.010934
0.532818 0.613481 0.014621
0.532115 0.624431 0.013113
0.527564 0.618764 0.013886
0.537352 0.619134 0.013745
0.541910 0.624777 0.012989
0.541289 0.635699 0.011887
0.536688 0.630084 0.012459
0.523822 0.602151 0.016734
0.528307 0.607819 0.015617
0.523037 0.613086 0.014778
0.529117 0.596935 0.017760
0.534420 0.591752 0.018866
0.538874 0.597374 0.017542
0.533586 0.602581 0.016539
0.514932 0.590804 0.019331
0.514060 0.601704 0.016924
0.509613 0.596004 0.018178
0.519363 0.596478 0.017972
0.518535 0.607399 0.015791
0.695712 0.538019 0.030635
0.694760 0.547654 0.027012
0.690359 0.542532 0.029107
0.700107 0.543116 0.028465
0.704506 0.548223 0.026407
0.703572 0.557929 0.023144
0.699166 0.552786 0.025027
0.686948 0.527863 0.035335
0.691325 0.532934 0.032922
0.685966 0.537422 0.031319
0.692323 0.523446 0.037048
0.697707 0.519073 0.038789
0.702074 0.524097 0.036230
0.696695 0.528493 0.034561
0.678234 0.517774 0.040565
0.677210 0.527248 0.036121
0.672854 0.522188 0.038726
0.682584 0.522809 0.037880
0.681582 0.532327 0.033655
0.661035 0.497877 0.052829
0.659898 0.507144 0.047433
0.655624 0.502186 0.050655
0.665300 0.502808 0.049521
0.669590 0.507771 0.046379
0.668515 0.517148 0.041475
0.664196 0.512132 0.044376
0.652565 0.488125 0.059957
0.656791 0.492980 0.056306
0.651375 0.497260 0.054046
0.657983 0.483915 0.062331
0.663401 0.479739 0.064730
0.667621 0.484531 0.060898
0.662206 0.488738 0.058589
0.644166 0.478554 0.067779
0.642938 0.487527 0.061339
0.638745 0.482729 0.065232
0.648358 0.483316 0.063784
0.647148 0.492372 0.057608
0.599678 0.648028 0.010545
0.604392 0.653387 0.010199
0.599294 0.658545 0.009954
0.604817 0.642819 0.010842
0.609976 0.637585 0.011153
0.614646 0.642995 0.010740
0.609509 0.648203 0.010462
0.589461 0.658370 0.010006
0.594560 0.653213 0.010265
0.594217 0.663678 0.009729
0.589852 0.647826 0.010624
0.590335 0.637151 0.011385
0.595519 0.631888 0.011754
0.594992 0.642616 0.010939
0.584121 0.673860 0.009352
0.584383 0.663500 0.009770
0.589159 0.668783 0.009528
0.461021 0.475891 0.077293
0.465133 0.480718 0.073592
0.459617 0.484786 0.070023
0.466526 0.471973 0.081043
0.472025 0.468116 0.084869
0.476150 0.472773 0.080960
0.470644 0.476714 0.077239
0.449998 0.483922 0.070034
0.455512 0.479874 0.073621
0.454103 0.488907 0.066541
0.451390 0.475032 0.077249
0.452744 0.466450 0.084779
0.458233 0.462698 0.088734
0.456891 0.471135 0.081022
0.443098 0.497302 0.059903
0.444489 0.488025 0.066547
0.448596 0.493078 0.063163
0.548437 0.416574 0.144151
0.552758 0.420844 0.139100
0.547346 0.424621 0.134934
0.553765 0.412607 0.148200
0.559052 0.408505 0.152144
0.563458 0.412971 0.147084
0.558130 0.416966 0.143148
0.537660 0.424172 0.135722
0.543067 0.420424 0.139994
0.541897 0.428312 0.130643
0.538708 0.416146 0.144908
0.539545 0.407723 0.153823
0.544781 0.403522 0.157882
0.544033 0.412205 0.149062
0.530936 0.435587 0.121815
0.532218 0.427834 0.131333
0.536422 0.431948 0.126246
0.373257 0.545428 0.031968
0.377418 0.551371 0.029968
0.371964 0.556109 0.028146
0.378722 0.540797 0.033959
0.384188 0.536193 0.036046
0.388339 0.542008 0.033865
0.382877 0.546676 0.031874
0.362328 0.554813 0.028230
0.367793 0.550094 0.030059
0.366512 0.560917 0.026407
0.363627 0.544156 0.032050
0.364948 0.533732 0.036198
0.370425 0.529216 0.038378
0.369101 0.539549 0.034043
0.355611 0.570825 0.023167
0.356863 0.559604 0.026478
0.361061 0.565815 0.024747
0.519754 0.728697 0.008906
0.524673 0.733710 0.008902
0.519737 0.738689 0.008901
0.524691 0.723704 0.008908
0.529629 0.718710 0.008911
0.534546 0.723744 0.008906
0.529610 0.728728 0.008904
0.509880 0.738673 0.008902
0.514817 0.733687 0.008904
0.514802 0.743664 0.008899
0.509898 0.728666 0.008908
0.509921 0.718611 0.008916
0.514861 0.713595 0.008919
0.514836 0.723665 0.008911
0.504934 0.753591 0.008897
0.504944 0.743653 0.008900
0.509868 0.748632 0.008898
0.442642 0.643543 0.011543
0.447264 0.649309 0.011042
0.442108 0.654730 0.010623
0.447848 0.638072 0.012061
0.453078 0.632594 0.012622
0.457643 0.638444 0.012010
0.452442 0.643880 0.011505
0.432296 0.654460 0.010641
0.437458 0.649005 0.011069
0.436974 0.660140 0.010249
0.432845 0.643192 0.011577
0.433515 0.631725 0.012736
0.438782 0.626163 0.013370
0.438058 0.637684 0.012106
0.426772 0.670925 0.009639
0.427156 0.659912 0.010260
0.431863 0.665537 0.009920
0.527610 0.559335 0.028654
0.531931 0.564852 0.026638
0.526572 0.569861 0.025066
0.532984 0.554406 0.030401
0.538360 0.549517 0.032234
0.542663 0.554956 0.029992
0.537296 0.559885 0.028280
0.516870 0.569315 0.025378
0.522238 0.564305 0.026980
0.521217 0.574911 0.023570
0.517930 0.558764 0.029011
0.519034 0.548351 0.033060
0.524429 0.543510 0.035059
0.523310 0.553833 0.030790
0.510527 0.585132 0.020810
0.511508 0.574368 0.023854
0.515869 0.580001 0.022150
0.683217 0.566776 0.021202
0.687661 0.571995 0.019559
0.682392 0.576791 0.018502
0.688520 0.562063 0.022421
0.693837 0.557400 0.023697
0.698251 0.562567 0.021889
0.692946 0.567254 0.020689
0.672660 0.576362 0.018970
0.677931 0.571543 0.020051
0.677138 0.581637 0.017516
0.673483 0.566308 0.021714
0.674362 0.556372 0.024807
0.679684 0.551708 0.026188
0.678786 0.561569 0.022954
0.666661 0.591477 0.015752
0.667400 0.581234 0.017959
0.671896 0.586532 0.016600
0.614148 0.485823 0.065350
0.618304 0.490633 0.061439
0.612874 0.494935 0.058864
0.619572 0.481607 0.068046
0.624994 0.477431 0.070762
0.629151 0.482159 0.066651
0.623729 0.486375 0.064036
0.603282 0.494384 0.060025
0.608718 0.490081 0.062675
0.607443 0.499279 0.056311
0.604579 0.485284 0.066642
0.605887 0.476387 0.073636
0.611312 0.472258 0.076533
0.610008 0.481072 0.069416
0.596594 0.508098 0.051326
0.597845 0.498731 0.057400
0.602016 0.503667 0.053796
0.657560 0.453096 0.087398
0.661708 0.457610 0.082688
0.656273 0.461629 0.079968
0.663004 0.449131 0.090236
0.668450 0.445182 0.093097
0.672585 0.449635 0.088200
0.667145 0.453613 0.085432
0.646685 0.461088 0.081794
0.652119 0.457080 0.084586
0.650842 0.465672 0.077273
0.647980 0.452582 0.089371
0.649298 0.444208 0.097334
0.654750 0.440302 0.100366
0.653423 0.448630 0.092282
0.639992 0.473845 0.071935
0.641257 0.465123 0.079015
0.645415 0.469742 0.074597
0.624692 0.418397 0.130049
0.628810 0.422665 0.124454
0.623443 0.426618 0.121130
0.630006 0.414364 0.133359
0.635304 0.410309 0.136658
0.639495 0.414720 0.131008
0.634160 0.418699 0.127741
0.614006 0.426384 0.123327
0.619360 0.422404 0.126711
0.618058 0.430555 0.117753
0.615255 0.418178 0.132313
0.616378 0.409725 0.141289
0.621614 0.405490 0.144639
0.620551 0.414094 0.135664
0.607234 0.438403 0.110796
0.608628 0.430335 0.119878
0.612650 0.434478 0.114302
0.570728 0.521131 0.045005
0.574962 0.526285 0.041991
0.569566 0.530951 0.039805
0.576141 0.516560 0.047378
0.581559 0.512034 0.049802
0.585768 0.517096 0.046541
0.580363 0.521666 0.044235
0.559918 0.530411 0.040444
0.565320 0.525748 0.042691
0.564176 0.535663 0.037686
0.561099 0.520582 0.045725
0.562336 0.510942 0.051477
0.567776 0.506472 0.054109
0.566519 0.516016 0.048167
0.553409 0.545221 0.033671
0.554521 0.535119 0.038270
0.558790 0.540420 0.035639
0.537692 0.481505 0.074158
0.541766 0.486266 0.070091
0.536274 0.490497 0.066879
0.543178 0.477407 0.077529
0.548662 0.473362 0.080941
0.552735 0.477975 0.076642
0.547252 0.482092 0.073346
0.526708 0.489878 0.067558
0.532202 0.485662 0.070834
0.530784 0.494775 0.063718
0.528133 0.480899 0.074879
0.529548 0.472206 0.082557
0.535032 0.468254 0.086158
0.533620 0.476819 0.078317
0.519828 0.503469 0.057615
0.521216 0.494142 0.064339
0.525302 0.499099 0.060627
0.581493 0.449861 0.102030
0.585534 0.454103 0.096972
0.580084 0.458022 0.093546
0.586944 0.445989 0.105599
0.592382 0.442097 0.109171
0.596399 0.446254 0.103839
0.590973 0.450180 0.100400
0.570569 0.457599 0.094916
0.576034 0.453726 0.098467
0.574624 0.461952 0.090127
0.571985 0.449485 0.103487
0.573405 0.441509 0.112447
0.578874 0.437711 0.116311
0.577452 0.445667 0.107190
0.563690 0.469886 0.083334
0.565098 0.461491 0.091382
0.569160 0.465903 0.086721
0.641204 0.606305 0.013904
0.645781 0.611695 0.013022
0.640573 0.616851 0.012502
0.646433 0.601202 0.014585
0.651666 0.596141 0.015330
0.656212 0.601500 0.014257
0.650995 0.606577 0.013607
0.630760 0.616630 0.012736
0.635979 0.611449 0.013288
0.635368 0.622043 0.012046
0.631403 0.606040 0.014192
0.632097 0.595517 0.016021
0.637357 0.590451 0.016893
0.636642 0.600912 0.014904
0.624979 0.632517 0.011330
0.625550 0.621839 0.012250
0.630169 0.627268 0.011655
0.605269 0.563230 0.025207
0.609686 0.568585 0.023376
0.604376 0.573546 0.022088
0.610597 0.558348 0.026649
0.615931 0.553509 0.028160
0.620329 0.558802 0.026134
0.615003 0.563671 0.024726
0.594631 0.573129 0.022500
0.599947 0.568156 0.023823
0.599072 0.578552 0.020862
0.595541 0.562783 0.025680
0.596498 0.552559 0.029245
0.601845 0.547741 0.030908
0.600873 0.557887 0.027157
0.588488 0.588687 0.018600
0.589324 0.578146 0.021240
0.593776 0.583600 0.019699
0.648052 0.525483 0.038555
0.652397 0.530584 0.035917
0.647038 0.535161 0.034148
0.653426 0.520987 0.040459
0.658808 0.516537 0.042401
0.663135 0.521580 0.039586
0.657763 0.526058 0.037731
0.637321 0.534626 0.034876
0.642684 0.530030 0.036693
0.641685 0.539788 0.032429
0.638350 0.524922 0.039387
0.639426 0.515359 0.044292
0.644819 0.510923 0.046384
0.643727 0.520407 0.041345
0.630995 0.549199 0.029154
0.631965 0.539274 0.033107
0.636337 0.544468 0.030763
0.484796 0.600231 0.017456
0.489237 0.606034 0.016282
0.483939 0.611350 0.015365
0.490122 0.594983 0.018567
0.495457 0.589773 0.019764
0.499865 0.595509 0.018377
0.494546 0.600754 0.017286
0.474176 0.610848 0.015495
0.479480 0.605519 0.016431
0.478651 0.616706 0.014536
0.475052 0.599673 0.017616
0.476003 0.588597 0.020154
0.481362 0.583424 0.021479
0.480385 0.594418 0.018747
0.468112 0.627544 0.013147
0.468882 0.616221 0.014649
0.473375 0.622103 0.013797
0.450299 0.553845 0.030904
0.454521 0.559587 0.028855
0.449098 0.564552 0.027092
0.455733 0.548975 0.032857
0.461168 0.544148 0.034912
0.465375 0.549783 0.032641
0.459947 0.554665 0.030705
0.439438 0.563709 0.027262
0.444867 0.558754 0.029038
0.443681 0.569569 0.025417
0.440656 0.552986 0.031079
0.441907 0.542448 0.035292
0.447355 0.537694 0.037488
0.446095 0.548130 0.033046
0.432872 0.579767 0.022338
0.434015 0.568716 0.025577
0.438273 0.574640 0.023832
0.493854 0.516164 0.049499
0.498001 0.521430 0.046448
0.492554 0.526037 0.043890
0.499316 0.511667 0.052285
0.504783 0.507217 0.055164
0.508905 0.512354 0.051850
0.503451 0.516868 0.049102
0.482943 0.525301 0.044221
0.488397 0.520709 0.046810
0.487112 0.530694 0.041431
0.484255 0.515425 0.049843
0.485607 0.505775 0.055932
0.491093 0.501410 0.058981
0.489724 0.510946 0.052662
0.476237 0.540146 0.036822
0.477494 0.529941 0.041735
0.481672 0.535397 0.039074
0.407028 0.594605 0.018494
0.411361 0.600868 0.017259
0.406005 0.606335 0.016213
0.412407 0.589293 0.019732
0.417796 0.584056 0.021060
0.422098 0.590185 0.019620
0.416725 0.595489 0.018395
0.396292 0.605504 0.016284
0.401656 0.600003 0.017344
0.400656 0.611904 0.015257
0.397339 0.593656 0.018584
0.398450 0.582067 0.021282
0.403858 0.576914 0.022722
0.402725 0.588334 0.019836
0.389971 0.623424 0.013617
0.390932 0.611122 0.015314
0.395312 0.617593 0.014392
0.480529 0.687721 0.009076
0.485394 0.692974 0.008991
0.480433 0.698077 0.008956
0.485534 0.682547 0.009196
0.490558 0.677353 0.009358
0.495378 0.682683 0.009185
0.490375 0.687841 0.009068
0.470585 0.697984 0.008960
0.475547 0.692868 0.008996
0.475486 0.703158 0.008948
0.470685 0.687600 0.009081
0.470879 0.677047 0.009383
0.475929 0.671800 0.009595
0.475691 0.682412 0.009205
0.465594 0.713309 0.008934
0.465637 0.703078 0.008951
0.470540 0.708236 0.008941
0.340006 0.500205 0.050594
0.344172 0.505635 0.048051
0.338679 0.509886 0.045540
0.345491 0.496054 0.053286
0.350971 0.491940 0.056087
0.355141 0.497251 0.053387
0.349659 0.501424 0.050664
0.329015 0.508625 0.045517
0.334515 0.504396 0.048007
0.333178 0.514175 0.043125
0.330345 0.498965 0.050521
0.331653 0.489518 0.055805
0.337131 0.485481 0.058643
0.335834 0.494834 0.053181
0.322146 0.522873 0.038555
0.323505 0.512894 0.043118
0.327668 0.518504 0.040799
0.504894 0.445933 0.109243
0.509046 0.450168 0.104683
0.503577 0.453845 0.100569
0.510357 0.442318 0.113540
0.515820 0.438702 0.117911
0.519983 0.442865 0.113112
0.514514 0.446510 0.108864
0.493959 0.453195 0.100855
0.499428 0.449555 0.105016
0.498104 0.457548 0.096519
0.495257 0.445314 0.109493
0.496517 0.437581 0.118454
0.501969 0.434030 0.122990
0.500718 0.441740 0.113835
0.487140 0.465063 0.088610
0.488484 0.456862 0.096760
0.492625 0.461285 0.092533
0.470489 0.413019 0.145125
0.474955 0.417155 0.140983
0.469644 0.420621 0.136336
0.475710 0.409361 0.149670
0.480889 0.405539 0.154145
0.485458 0.409836 0.150055
0.480227 0.413567 0.145556
0.459918 0.419939 0.135824
0.465226 0.416538 0.140508
0.464292 0.423989 0.131614
0.460753 0.412416 0.144546
0.461400 0.404602 0.153024
0.466529 0.400769 0.157532
0.465972 0.408835 0.149136
0.453485 0.430609 0.122103
0.454565 0.423250 0.131083
0.458904 0.427298 0.126850
0.511111 0.378297 0.179555
0.516019 0.383536 0.175565
0.511028 0.388434 0.171490
0.515992 0.372969 0.183540
0.520821 0.367408 0.187432
0.525853 0.373100 0.183506
0.520962 0.378428 0.179570
0.501204 0.388271 0.171361
0.506181 0.383398 0.175494
0.505992 0.393120 0.167343
0.501274 0.378227 0.179394
0.501110 0.367363 0.187212
0.505889 0.361607 0.190977
0.506140 0.372909 0.183441
0.495802 0.401866 0.158838
0.496185 0.392913 0.167159
0.500917 0.397595 0.163125
0.589879 0.380244 0.174270
0.594549 0.385718 0.169020
0.589465 0.390704 0.165486
0.594880 0.374832 0.177846
0.599831 0.369220 0.181397
0.604598 0.375224 0.176062
0.599595 0.380552 0.172543
0.579763 0.390451 0.167089
0.584840 0.385453 0.170690
0.584344 0.395506 0.161925
0.580109 0.379978 0.175749
0.580194 0.368575 0.184273
0.585084 0.362673 0.187702
0.585096 0.374527 0.179370
0.573984 0.404566 0.154657
0.574648 0.395244 0.163451
0.579184 0.400124 0.158321
0.549754 0.332609 0.204798
0.554851 0.338421 0.202448
0.549989 0.344276 0.200031
0.554630 0.326894 0.206636
0.559512 0.321256 0.208159
0.564594 0.326842 0.206341
0.559721 0.332602 0.204551
0.540043 0.344202 0.200186
0.544888 0.338384 0.202643
0.545139 0.350143 0.197301
0.539810 0.332589 0.204888
0.539621 0.321329 0.208373
0.544502 0.315854 0.209658
0.544672 0.326909 0.206758
0.535496 0.361807 0.190970
0.535221 0.350038 0.197439
0.540308 0.355997 0.194276
0.417031 0.509274 0.050904
0.421160 0.514676 0.048078
0.415684 0.519134 0.045421
0.422514 0.504930 0.053790
0.428001 0.500632 0.056798
0.432120 0.505895 0.053749
0.426638 0.510263 0.050854
0.406075 0.518095 0.045489
0.411552 0.513664 0.048137
0.410211 0.523635 0.042882
0.407422 0.508249 0.050929
0.408776 0.498641 0.056771
0.414265 0.494434 0.059875
0.412905 0.503929 0.053804
0.399271 0.532752 0.038151
0.400600 0.522565 0.042959
0.404740 0.528175 0.040459
0.383818 0.468100 0.075467
0.388014 0.473050 0.072287
0.382534 0.476972 0.068820
0.389288 0.464311 0.079140
0.394756 0.460592 0.082934
0.398967 0.465392 0.079578
0.393492 0.469188 0.075876
0.372871 0.475868 0.068503
0.378345 0.471955 0.071921
0.377055 0.480946 0.065479
0.374140 0.466995 0.075047
0.375379 0.458368 0.081905
0.380833 0.454717 0.085733
0.379606 0.463208 0.078673
0.366098 0.489020 0.059183
0.367397 0.479828 0.065210
0.371576 0.484962 0.062267
0.427461 0.439648 0.107834
0.431722 0.443986 0.103949
0.426274 0.447406 0.099647
0.432896 0.436338 0.112317
0.438330 0.433052 0.116894
0.442610 0.437260 0.112835
0.437167 0.440608 0.108345
0.416578 0.446391 0.099147
0.422021 0.442995 0.103444
0.420822 0.450878 0.095437
0.417750 0.438624 0.107249
0.418882 0.431074 0.115621
0.424298 0.427890 0.120275
0.423180 0.435347 0.111725
0.409904 0.458002 0.087306
0.411130 0.449844 0.094945
0.415365 0.454408 0.091322
0.559284 0.688788 0.009002
0.564164 0.693926 0.008937
0.559220 0.698889 0.008914
0.564267 0.683770 0.009095
0.569267 0.678737 0.009220
0.574104 0.683941 0.009083
0.569124 0.688944 0.008994
0.549375 0.698774 0.008918
0.554321 0.693791 0.008943
0.554287 0.703844 0.008913
0.549444 0.688636 0.009011
0.549597 0.678353 0.009255
0.554622 0.673266 0.009422
0.554429 0.683596 0.009108
0.544418 0.713783 0.008910
0.544439 0.703748 0.008917
0.549353 0.708809 0.008911
0.521131 0.645939 0.011118
0.525808 0.651453 0.010681
0.520688 0.656680 0.010343
0.526296 0.640671 0.011533
0.531482 0.635387 0.011981
0.536109 0.640966 0.011454
0.530948 0.646216 0.011052
0.510861 0.656444 0.010387
0.515986 0.651196 0.010736
0.515587 0.661899 0.010039
0.511313 0.645664 0.011183
0.511868 0.634754 0.012162
0.517086 0.629415 0.012671
0.516484 0.640374 0.011611
0.505443 0.672314 0.009537
0.505756 0.661685 0.010074
0.510505 0.667110 0.009769
0.562895 0.603780 0.015922
0.567415 0.609358 0.014879
0.562170 0.614590 0.014127
0.568165 0.598592 0.016848
0.573442 0.593431 0.017846
0.577934 0.598965 0.016601
0.572670 0.604149 0.015704
0.552384 0.614232 0.014296
0.557635 0.608993 0.015070
0.556933 0.619843 0.013454
0.553123 0.603396 0.016133
0.553925 0.592626 0.018372
0.559222 0.587488 0.019500
0.558398 0.598202 0.017086
0.546490 0.630411 0.012349
0.547142 0.619494 0.013601
0.551706 0.625117 0.012861
0.725971 0.530441 0.032329
0.730347 0.535458 0.030126
0.724970 0.539860 0.028658
0.731360 0.526103 0.033879
0.736755 0.521799 0.035446
0.741126 0.526777 0.033129
0.735733 0.531098 0.031617
0.715217 0.539242 0.029301
0.720589 0.534820 0.030801
0.719603 0.544307 0.027220
0.716210 0.529787 0.033056
0.717223 0.520427 0.037081
0.722620 0.516128 0.038752
0.721595 0.525430 0.034645
0.708903 0.553341 0.024455
0.709855 0.543710 0.027834
0.714247 0.548800 0.025817
0.691219 0.490688 0.054604
0.695512 0.495591 0.051293
0.690102 0.499833 0.049292
0.696632 0.486494 0.056718
0.702046 0.482326 0.058856
0.706337 0.487191 0.055367
0.700924 0.491378 0.053318
0.680398 0.499163 0.050452
0.685808 0.494910 0.052516
0.684697 0.504107 0.047308
0.681531 0.490018 0.055912
0.682691 0.480991 0.061752
0.688108 0.476844 0.064043
0.686945 0.485819 0.058090
0.673903 0.512761 0.043395
0.674991 0.503449 0.048405
0.679296 0.508414 0.045341
0.674242 0.471478 0.069601
0.678456 0.476209 0.065588
0.673038 0.480355 0.063231
0.679665 0.467387 0.072072
0.685090 0.463319 0.074566
0.689297 0.467993 0.070374
0.683876 0.472090 0.067970
0.708499 0.510446 0.042336
0.712857 0.515431 0.039642
0.707461 0.519745 0.037925
0.713903 0.506185 0.044135
0.719311 0.501949 0.045947
0.723661 0.506900 0.043125
0.718257 0.511152 0.041377
0.545050 0.581490 0.021311
0.549475 0.587055 0.019780
0.544171 0.592199 0.018623
0.550376 0.576411 0.022644
0.555708 0.571369 0.024048
0.560106 0.576869 0.022312
0.554787 0.581945 0.021011
0.502733 0.623340 0.013473
0.507285 0.629072 0.012775
0.502061 0.634432 0.012250
0.507990 0.617994 0.014159
0.513258 0.612680 0.014931
0.517777 0.618384 0.014024
0.512526 0.623713 0.013356
0.540005 0.667726 0.009682
0.544789 0.673062 0.009445
0.539761 0.678170 0.009272
0.545075 0.662577 0.009927
0.550163 0.657417 0.010204
0.554901 0.662814 0.009889
0.549836 0.667943 0.009651
0.410222 0.422588 0.123372
0.414564 0.426822 0.119511
0.409154 0.429970 0.114865
0.415592 0.419537 0.128114
0.420929 0.416470 0.132843
0.425337 0.420608 0.128973
0.419963 0.423704 0.124226
0.366885 0.448822 0.088440
0.371138 0.453575 0.085161
0.365689 0.457226 0.081380
0.372322 0.445304 0.092418
0.377753 0.441858 0.096513
0.382024 0.446479 0.093087
0.376583 0.449991 0.089065
0.400505 0.488238 0.062870
0.404644 0.493410 0.059796
0.399157 0.497593 0.056710
0.405995 0.484168 0.066182
0.411487 0.480144 0.069612
0.415628 0.485182 0.066335
0.410134 0.489272 0.063005
0.529611 0.310530 0.210667
0.534603 0.315868 0.209670
0.529742 0.321321 0.208390
0.534497 0.305317 0.211371
0.539402 0.300223 0.211797
0.544385 0.305291 0.211374
0.539484 0.310524 0.210663
0.570139 0.356388 0.192873
0.575194 0.362484 0.188804
0.570316 0.368378 0.185353
0.575006 0.350392 0.195776
0.579871 0.344400 0.198396
0.584935 0.350515 0.194860
0.580067 0.356507 0.191969
0.491015 0.356110 0.193943
0.496054 0.361729 0.190734
0.491298 0.367486 0.186892
0.495775 0.350175 0.197195
0.500559 0.344242 0.200107
0.505607 0.349974 0.197402
0.500822 0.355869 0.194232
0.452105 0.396003 0.160470
0.456776 0.400321 0.156801
0.451644 0.404051 0.152264
0.457145 0.391971 0.164943
0.462136 0.387692 0.169369
0.466898 0.392237 0.165726
0.461861 0.396392 0.161289
0.488032 0.429353 0.127722
0.492291 0.433447 0.123095
0.486843 0.436950 0.118517
0.493439 0.425882 0.132387
0.498818 0.422340 0.136992
0.503145 0.426409 0.132349
0.497729 0.429934 0.127724
0.323261 0.479035 0.061141
0.327462 0.484253 0.058460
0.321982 0.488272 0.055660
0.328726 0.475104 0.064119
0.334185 0.471209 0.067213
0.338401 0.476324 0.064394
0.332935 0.480270 0.061369
0.461339 0.666146 0.009886
0.466094 0.671625 0.009609
0.461041 0.676893 0.009392
0.466438 0.660828 0.010194
0.471559 0.655501 0.010544
0.476264 0.661048 0.010170
0.471169 0.666343 0.009869
0.389977 0.569615 0.024477
0.394201 0.575822 0.022831
0.388789 0.580966 0.021381
0.395409 0.564649 0.026110
0.400850 0.559748 0.027828
0.405051 0.565766 0.025992
0.399622 0.570759 0.024368
0.477407 0.495588 0.062764
0.481503 0.500656 0.059302
0.476012 0.505001 0.056221
0.482914 0.491357 0.066074
0.488427 0.487173 0.069476
0.492503 0.492104 0.065758
0.487000 0.496357 0.062482
0.433577 0.531200 0.040112
0.437735 0.536804 0.037649
0.432283 0.541536 0.035450
0.439039 0.526578 0.042546
0.444503 0.522002 0.045098
0.448649 0.527472 0.042400
0.443190 0.532114 0.039965
0.467328 0.576955 0.023310
0.471651 0.582775 0.021676
0.466286 0.587950 0.020332
0.472717 0.571872 0.024847
0.478113 0.566834 0.026469
0.482407 0.572557 0.024624
0.477025 0.577644 0.023107
0.630898 0.505356 0.050660
0.635149 0.510341 0.047395
0.629753 0.514790 0.045233
0.636310 0.500986 0.052957
0.641728 0.496659 0.055277
0.645960 0.501578 0.051806
0.640551 0.505938 0.049589
0.587813 0.541962 0.033874
0.592145 0.547249 0.031483
0.586792 0.552078 0.029780
0.593180 0.537219 0.035768
0.598552 0.532524 0.037730
0.602863 0.537734 0.035110
0.597501 0.542467 0.033261
0.623069 0.584727 0.018607
0.627573 0.590122 0.017255
0.622310 0.595203 0.016350
0.628352 0.579714 0.019671
0.633643 0.574747 0.020798
0.638124 0.580083 0.019255
0.632844 0.585081 0.018223
0.565276 0.433254 0.123216
0.569348 0.437373 0.117798
0.563868 0.441128 0.113804
0.570749 0.429517 0.127278
0.576184 0.425719 0.131205
0.580286 0.429821 0.125722
0.574825 0.433604 0.121798
0.521387 0.463195 0.091248
0.525471 0.467666 0.086871
0.519990 0.471599 0.083207
0.526865 0.459377 0.095080
0.532347 0.455600 0.098965
0.536436 0.459944 0.094352
0.530953 0.463784 0.090587
0.554044 0.500924 0.058527
0.558178 0.505910 0.054931
0.552731 0.510370 0.052229
0.559512 0.496562 0.061423
0.564986 0.492241 0.064371
0.569092 0.497119 0.060514
0.563632 0.501494 0.057695
0.607894 0.400664 0.152534
0.612163 0.405259 0.146916
0.606946 0.409570 0.143545
0.613039 0.396121 0.155916
0.618161 0.391508 0.159316
0.622524 0.396454 0.153660
0.617355 0.400885 0.150283
0.641092 0.435494 0.107912
0.645186 0.439829 0.102547
0.639745 0.443737 0.099418
0.646534 0.431613 0.111105
0.651963 0.427736 0.114254
0.656093 0.432067 0.108785
0.650640 0.435943 0.105682
0.597696 0.467234 0.082531
0.601783 0.471772 0.078008
0.596352 0.475892 0.075034
0.603123 0.463191 0.085630
0.608545 0.459174 0.088751
0.612629 0.463632 0.084025
0.607209 0.467687 0.081006
0.665537 0.546011 0.028862
0.669944 0.551185 0.026774
0.664622 0.555874 0.025365
0.670877 0.541400 0.030413
0.676224 0.536838 0.032013
0.680616 0.541960 0.029757
0.675276 0.546547 0.028240
0.510555 0.537474 0.038020
0.514783 0.542897 0.035471
0.509382 0.547736 0.033438
0.515970 0.532735 0.040282
0.521389 0.528046 0.042637
0.525596 0.533362 0.039827
0.520187 0.538105 0.037602
0.424552 0.619511 0.014220
0.429015 0.625655 0.013434
0.423738 0.631268 0.012784
0.429864 0.613977 0.015040
0.435185 0.608516 0.015950
0.439610 0.614586 0.014952
0.434307 0.620087 0.014148
0.500097 0.708439 0.008931
0.505008 0.713537 0.008923
0.500066 0.718564 0.008919
0.505040 0.703397 0.008935
0.509984 0.698355 0.008940
0.514891 0.703479 0.008930
0.509950 0.708508 0.008927
0.356643 0.522299 0.040742
0.360796 0.527982 0.038433
0.355310 0.532475 0.036258
0.362128 0.517905 0.043104
0.367609 0.513549 0.045573
0.371756 0.519110 0.043084
0.366277 0.523527 0.040706
0.530340 0.398414 0.162908
0.534977 0.403123 0.158434
0.529760 0.407320 0.154296
0.535461 0.393892 0.166959
0.540543 0.389191 0.170943
0.545300 0.394254 0.166478
0.540159 0.398775 0.162495
0.444393 0.457286 0.092380
0.448578 0.461834 0.088566
0.443093 0.465568 0.084612
0.449865 0.453687 0.096515
0.455333 0.450140 0.100740
0.459536 0.454542 0.096745
0.454058 0.458161 0.092611
0.581104 0.626076 0.012459
0.585707 0.631631 0.011883
0.580521 0.636895 0.011493
0.586318 0.620816 0.012985
0.591542 0.615575 0.013584
0.596120 0.621103 0.012813
0.590909 0.626358 0.012312
0.665869 0.462178 0.078151
0.664621 0.470885 0.071250
0.660440 0.466230 0.075522
0.670047 0.466800 0.073788
0.668821 0.475594 0.067153
0.699824 0.500523 0.048153
0.698750 0.509753 0.043319
0.694417 0.504782 0.046230
0.704153 0.505476 0.045171
0.703099 0.514741 0.040553
0.536278 0.570386 0.024740
0.535319 0.581014 0.021601
0.530932 0.575432 0.023273
0.540651 0.575932 0.022965
0.539732 0.586604 0.020051
0.493707 0.611820 0.015227
0.492942 0.622953 0.013587
0.488426 0.617163 0.014416
0.498206 0.617590 0.014290
0.497486 0.628720 0.012876
0.530514 0.656921 0.010297
0.530173 0.667514 0.009711
0.525417 0.662119 0.010002
0.535247 0.662345 0.009965
0.534955 0.672864 0.009469
0.401433 0.414125 0.130876
0.400480 0.421383 0.122435
0.396105 0.417103 0.126154
0.405847 0.418367 0.127173
0.404828 0.425671 0.118665
0.358348 0.439413 0.095062
0.357188 0.447623 0.087811
0.352923 0.442870 0.091058
0.362622 0.444103 0.091741
0.361444 0.452407 0.084584
0.392193 0.478059 0.069128
0.390868 0.487171 0.062696
0.386708 0.482045 0.065744
0.396355 0.483122 0.065985
0.395017 0.492354 0.059682
0.519674 0.300237 0.211793
0.519746 0.310532 0.210664
0.514775 0.305329 0.211374
0.524634 0.305321 0.211371
0.524736 0.315865 0.209675
0.559955 0.344334 0.199686
0.560197 0.356279 0.193566
0.555097 0.350249 0.197010
0.565054 0.350331 0.196498
0.565277 0.362336 0.189688
0.481038 0.345074 0.199570
0.481275 0.356503 0.193538
0.476308 0.351094 0.196464
0.486008 0.350549 0.196883
0.486274 0.361982 0.190360
0.442640 0.387283 0.167516
0.442348 0.395533 0.159549
0.437644 0.391229 0.163055
0.447390 0.391655 0.164038
0.447017 0.399810 0.155955
0.479369 0.421247 0.136703
0.478328 0.428720 0.127575
0.474009 0.424674 0.132018
0.483726 0.425304 0.132276
0.482601 0.432814 0.123056
0.314817 0.468721 0.066563
0.313581 0.477772 0.060913
0.309365 0.472583 0.063573
0.319045 0.473860 0.063843
0.317787 0.483001 0.058274
0.451922 0.654994 0.010600
0.451512 0.665946 0.009901
0.446793 0.660374 0.010234
0.456615 0.660604 0.010216
0.456261 0.671450 0.009621
0.381588 0.557383 0.028050
0.380338 0.568401 0.024578
0.376143 0.562213 0.026318
0.385774 0.563464 0.026218
0.384552 0.574659 0.022931
0.469228 0.485617 0.069927
0.467808 0.494785 0.062972
0.463713 0.489757 0.066466
0.473317 0.490574 0.066311
0.471907 0.499867 0.059553
0.425292 0.520133 0.045333
0.423965 0.530239 0.040244
0.419821 0.524661 0.042788
0.429430 0.525642 0.042676
0.428118 0.535865 0.037796
0.458764 0.565354 0.026904
0.457636 0.576225 0.023499
0.453354 0.570378 0.025244
0.463032 0.571145 0.025054
0.461947 0.582085 0.021861
0.622478 0.495498 0.057685
0.621258 0.504784 0.051717
0.617052 0.499838 0.055208
0.626674 0.500407 0.054089
0.625492 0.509769 0.048393
0.579221 0.531476 0.039127
0.578132 0.541456 0.034483
0.573837 0.536187 0.037069
0.583505 0.536703 0.036421
0.582451 0.546754 0.032053
0.614126 0.573955 0.021667
0.613300 0.584362 0.018981
0.608827 0.578949 0.020474
0.618587 0.579337 0.020077
0.617794 0.589781 0.017606
0.557001 0.425032 0.133918
0.555689 0.432858 0.124430
0.551549 0.428756 0.129737
0.561169 0.429159 0.128616
0.559788 0.436985 0.119090
0.513177 0.454452 0.100160
0.511814 0.462592 0.091789
0.507705 0.458189 0.096158
0.517290 0.458792 0.095680
0.515908 0.467060 0.087470
0.545843 0.491098 0.066121
0.544459 0.500334 0.059293
0.540357 0.495390 0.063025
0.549933 0.495985 0.062260
0.548583 0.505329 0.055692
0.599109 0.390935 0.163636
0.598406 0.400530 0.154707
0.593987 0.395729 0.160154
0.603556 0.395907 0.158129
0.602721 0.405128 0.149155
0.632912 0.426924 0.118890
0.631578 0.435093 0.110088
0.627514 0.430841 0.115585
0.637005 0.431196 0.113371
0.635652 0.439390 0.104678
0.589576 0.458402 0.092022
0.588195 0.466804 0.084026
0.584136 0.462379 0.088730
0.593628 0.462776 0.087202
0.592264 0.471307 0.079456
0.656761 0.535708 0.033427
0.655801 0.545486 0.029490
0.651411 0.540314 0.031749
0.661141 0.540851 0.031077
0.660205 0.550673 0.027365
0.502165 0.526738 0.043514
0.500926 0.536818 0.038407
0.496730 0.531409 0.041087
0.506350 0.532087 0.040703
0.505143 0.542261 0.035856
0.415726 0.607112 0.016134
0.414802 0.618905 0.014285
0.410387 0.612638 0.015193
0.420123 0.613329 0.015121
0.419250 0.625128 0.013490
0.490283 0.698169 0.008952
0.490244 0.708372 0.008936
0.485337 0.703238 0.008945
0.495188 0.703317 0.008941
0.495154 0.713481 0.008927
0.348333 0.511127 0.045556
0.346998 0.521051 0.040769
0.342840 0.515437 0.043125
0.352489 0.516680 0.043118
0.351153 0.526730 0.038478
0.520860 0.388631 0.171467
0.520529 0.398111 0.163142
0.515811 0.393335 0.167374
0.525634 0.393586 0.167251
0.525179 0.402768 0.158785
0.435965 0.448367 0.100076
0.434722 0.456372 0.092090
0.430508 0.451863 0.095860
0.440189 0.452798 0.096218
0.438917 0.460939 0.088339
0.571957 0.614936 0.013955
0.571302 0.625772 0.012598
0.566726 0.620184 0.013304
0.576520 0.620510 0.013149
0.575899 0.631351 0.012007
0.718636 0.553896 0.023903
0.713299 0.558464 0.022605
0.723987 0.549376 0.025244
0.707974 0.563079 0.021360
0.702667 0.567742 0.020173
0.740105 0.536097 0.029467
0.734722 0.540479 0.028032
0.745496 0.531758 0.030923
0.729349 0.544904 0.026623
0.554269 0.713850 0.008907
0.549335 0.718815 0.008906
0.559202 0.708892 0.008908
0.544400 0.723786 0.008904
0.539465 0.728759 0.008903
0.574006 0.694060 0.008931
0.569064 0.699008 0.008910
0.578965 0.689086 0.008986
0.564134 0.703944 0.008909
0.315227 0.537578 0.032241
0.460617 0.728514 0.008916
0.383834 0.641663 0.011664
0.634807 0.632678 0.011177
0.629634 0.637918 0.010903
0.639992 0.627445 0.011473
0.624479 0.643142 0.010635
0.619343 0.648348 0.010377
0.655572 0.611948 0.012748
0.650376 0.617078 0.012259
0.660773 0.606857 0.013302
0.645182 0.622244 0.011834
0.676406 0.591836 0.015359
0.671189 0.596799 0.014607
0.681631 0.586919 0.016179
0.665978 0.601807 0.013922
0.697382 0.572458 0.019064
0.692116 0.577228 0.018029
0.686867 0.582049 0.017068
0.421474 0.687034 0.009085
0.514794 0.753595 0.008896
0.509861 0.758543 0.008896
0.519726 0.748638 0.008897
0.504930 0.763480 0.008895
0.500000 0.768407 0.008896
0.534530 0.733733 0.008901
0.529595 0.738706 0.008900
0.524660 0.743675 0.008898
0.348954 0.587968 0.018892
0.593960 0.674009 0.009328
0.588942 0.679061 0.009186
0.598997 0.668931 0.009496
0.583944 0.684087 0.009071
0.614227 0.653532 0.010131
0.609131 0.658692 0.009900
0.604054 0.663825 0.009688
0.294445 0.508963 0.043081
0.290297 0.503412 0.045412
0.298594 0.514564 0.040797
0.286149 0.497907 0.047784
0.281999 0.492446 0.050191
0.311058 0.531732 0.034281
0.306900 0.525943 0.036391
0.302746 0.520222 0.038565
0.436092 0.702835 0.008951
0.431199 0.697613 0.008960
0.440989 0.708028 0.008943
0.426323 0.692350 0.008999
0.455705 0.723433 0.008922
0.450796 0.718326 0.008928
0.445891 0.713191 0.008935
0.361793 0.608469 0.015439
0.357494 0.601605 0.016487
0.366116 0.615327 0.014499
0.353215 0.594762 0.017639
0.379321 0.635380 0.012259
0.374866 0.628875 0.012927
0.370470 0.622152 0.013668
0.397669 0.659476 0.010271
0.393014 0.653683 0.010674
0.402364 0.665153 0.009927
0.388400 0.647753 0.011137
0.416652 0.681664 0.009219
0.411858 0.676234 0.009403
0.407095 0.670734 0.009638
0.475370 0.743617 0.008902
0.470449 0.738604 0.008906
0.480292 0.748608 0.008899
0.465532 0.733571 0.008910
0.495070 0.763480 0.008896
0.490143 0.758539 0.008896
0.485216 0.753582 0.008897
0.327806 0.555555 0.026580
0.323602 0.549464 0.028385
0.332019 0.561770 0.024861
0.319409 0.543480 0.030273
0.344706 0.581249 0.020244
0.340469 0.574627 0.021691
0.336241 0.568128 0.023231
