0.584952 0.599044 0.020274
0.583858 0.610050 0.017692
0.579531 0.604232 0.019067
0.457704 0.437352 0.139225
0.456167 0.443924 0.129149
0.452186 0.439942 0.134112
0.541428 0.385727 0.227926
0.541138 0.395456 0.216394
0.536513 0.390572 0.222275
0.368294 0.487661 0.070554
0.366540 0.496886 0.063853
0.362668 0.491415 0.067285
0.500790 0.684492 0.009767
0.500552 0.695558 0.009446
0.495749 0.689907 0.009593
0.430573 0.584315 0.025148
0.429141 0.596221 0.021837
0.425070 0.589566 0.023568
0.519745 0.509827 0.064055
0.518052 0.519310 0.057092
0.514155 0.514000 0.060830
0.672673 0.523408 0.050792
0.671331 0.532784 0.045186
0.667170 0.527663 0.048346
0.608388 0.450370 0.126284
0.606896 0.457789 0.116149
0.602973 0.453831 0.122009
0.651104 0.422728 0.161731
0.649961 0.430051 0.150581
0.645847 0.426219 0.157300
0.617331 0.388241 0.218634
0.616683 0.397842 0.206275
0.612427 0.393051 0.213495
0.564483 0.478600 0.093287
0.562772 0.486934 0.084530
0.558910 0.482307 0.089364
0.533401 0.445664 0.136643
0.531816 0.452560 0.126131
0.527910 0.448662 0.131711
0.576666 0.421246 0.178116
0.575434 0.428190 0.166521
0.571390 0.424553 0.173004
0.628683 0.559295 0.033036
0.627402 0.569554 0.028860
0.623191 0.564065 0.031152
0.595861 0.517035 0.057778
0.594347 0.526534 0.051365
0.590318 0.521353 0.054922
0.640128 0.484456 0.083053
0.638613 0.493071 0.075180
0.634618 0.488357 0.079715
0.475027 0.545018 0.041325
0.473393 0.555686 0.036290
0.469441 0.549695 0.038965
0.444044 0.499960 0.068204
0.442261 0.509382 0.061168
0.438425 0.503914 0.064821
0.489068 0.470795 0.099583
0.487273 0.478893 0.090643
0.483452 0.474197 0.095307
0.399137 0.533376 0.044559
0.397409 0.544008 0.039381
0.393539 0.537800 0.042107
0.464146 0.636443 0.014196
0.463300 0.648207 0.012690
0.458850 0.641956 0.013461
0.336921 0.447220 0.100243
0.335289 0.455302 0.092588
0.331323 0.450388 0.096313
0.500939 0.416714 0.183101
0.499872 0.423123 0.171950
0.495681 0.419559 0.177539
0.464795 0.384585 0.224579
0.464647 0.392668 0.213886
0.460003 0.388548 0.218693
0.501923 0.338297 0.265129
0.502150 0.350462 0.258248
0.497199 0.344630 0.261744
0.580627 0.337797 0.264754
0.580591 0.350374 0.257685
0.575723 0.344017 0.261719
0.540856 0.294437 0.274925
0.540884 0.304356 0.274690
0.535935 0.299380 0.274864
0.413248 0.459978 0.101265
0.411527 0.467985 0.092785
0.407641 0.463179 0.096993
0.381413 0.424816 0.136452
0.379910 0.431584 0.127087
0.375893 0.427293 0.131489
0.424677 0.407657 0.179379
0.423625 0.413493 0.169073
0.419404 0.409732 0.173876
0.542053 0.641415 0.013096
0.541348 0.652586 0.011839
0.536801 0.646764 0.012498
0.507404 0.593203 0.022729
0.506160 0.604582 0.019768
0.501936 0.598445 0.021330
0.551517 0.553304 0.037373
0.550065 0.563794 0.032705
0.545978 0.558095 0.035230
0.716754 0.491289 0.071636
0.715398 0.500015 0.065028
0.711247 0.495155 0.068940
0.683906 0.454703 0.110847
0.682524 0.462654 0.101792
0.678459 0.458314 0.107251
0.589262 0.604834 0.018780
0.461697 0.441244 0.134166
0.546112 0.390916 0.221985
0.372164 0.493051 0.067029
0.505563 0.690176 0.009556
0.434627 0.590890 0.023295
0.523636 0.515050 0.060178
0.676830 0.528486 0.047532
0.612324 0.454281 0.120300
0.655264 0.426593 0.154922
0.621613 0.393338 0.211307
0.568354 0.483131 0.088334
0.537320 0.449493 0.130931
0.580748 0.424948 0.171580
0.632884 0.564731 0.030635
0.599883 0.522152 0.054094
0.644134 0.489118 0.078402
0.478971 0.550929 0.038534
0.447877 0.505330 0.064429
0.492901 0.475381 0.094810
0.403001 0.539484 0.041733
0.468561 0.642700 0.013348
0.340889 0.452065 0.096433
0.505183 0.420343 0.177500
0.469502 0.388884 0.219724
0.506892 0.344135 0.262068
0.585478 0.344069 0.261198
0.545793 0.299376 0.274866
0.417143 0.464683 0.096961
0.385441 0.429024 0.131967
0.428944 0.411399 0.174584
0.546565 0.647250 0.012371
0.511607 0.599292 0.021043
0.555596 0.558940 0.034735
0.720913 0.496130 0.067619
0.687977 0.459004 0.105272
0.678294 0.487636 0.077327
0.682375 0.492395 0.072963
0.676864 0.496330 0.070065
0.683791 0.483778 0.080369
0.700241 0.472413 0.089696
0.704350 0.477040 0.084889
0.698866 0.480828 0.081858
0.711384 0.526885 0.047383
0.715578 0.531927 0.044344
0.710075 0.536120 0.042172
0.716894 0.522786 0.049669
0.733441 0.510790 0.056663
0.737632 0.515714 0.053323
0.732116 0.519693 0.051047
0.546112 0.596400 0.021498
0.550375 0.602315 0.019910
0.544954 0.607566 0.018725
0.551566 0.591234 0.022902
0.567998 0.576011 0.027674
0.572193 0.581745 0.025609
0.566720 0.586821 0.024045
0.503042 0.639200 0.013658
0.507519 0.645203 0.012872
0.502275 0.650637 0.012280
0.508349 0.633768 0.014375
0.524432 0.617528 0.016874
0.528776 0.623581 0.015778
0.523420 0.628979 0.014971
0.540024 0.685632 0.009582
0.544822 0.691169 0.009398
0.539834 0.696437 0.009314
0.545066 0.680332 0.009777
0.560347 0.664453 0.010661
0.565018 0.670085 0.010237
0.559931 0.675352 0.009954
0.419590 0.431599 0.138338
0.423616 0.435627 0.133590
0.418090 0.438175 0.128614
0.425089 0.429219 0.143510
0.441492 0.422385 0.159658
0.445587 0.426050 0.154541
0.440114 0.428378 0.149134
0.375138 0.453765 0.100870
0.379075 0.458530 0.096827
0.373467 0.461800 0.092784
0.380732 0.450663 0.105132
0.397459 0.441916 0.118673
0.401435 0.446329 0.114293
0.395859 0.449235 0.109739
0.406216 0.494027 0.069561
0.410057 0.499434 0.065891
0.404435 0.503373 0.062647
0.411841 0.490243 0.073044
0.428719 0.479300 0.084243
0.432555 0.484338 0.080112
0.426929 0.488009 0.076370
0.541139 0.337737 0.265491
0.546104 0.343879 0.262354
0.541256 0.350046 0.258774
0.546005 0.331765 0.268121
0.560725 0.314719 0.273319
0.565734 0.320191 0.271960
0.560804 0.325911 0.270257
0.579854 0.387054 0.225236
0.584344 0.392317 0.218590
0.579313 0.396997 0.213263
0.584834 0.381716 0.230716
0.599576 0.363758 0.246504
0.604125 0.370364 0.240192
0.599245 0.376302 0.234895
0.502903 0.384942 0.227643
0.507675 0.389814 0.222168
0.502780 0.394194 0.216413
0.507678 0.379864 0.233498
0.521875 0.362359 0.250085
0.526852 0.368484 0.245098
0.522100 0.374379 0.239558
0.462854 0.413098 0.181950
0.467135 0.416695 0.176816
0.461820 0.419127 0.171213
0.468062 0.410484 0.187569
0.483330 0.401373 0.204568
0.487822 0.405350 0.199332
0.482735 0.408501 0.193687
0.495669 0.442039 0.138854
0.499624 0.445879 0.133439
0.494107 0.448742 0.128505
0.501158 0.439279 0.144002
0.517526 0.430971 0.160093
0.521532 0.434559 0.154161
0.516077 0.437395 0.148810
0.330211 0.481023 0.071412
0.334110 0.486395 0.068017
0.328462 0.490133 0.064925
0.335847 0.477415 0.074677
0.352715 0.466920 0.085145
0.356627 0.471993 0.081437
0.351006 0.475509 0.077910
0.461612 0.683024 0.009928
0.466342 0.688924 0.009695
0.461314 0.694406 0.009561
0.466696 0.677517 0.010190
0.482105 0.661039 0.011335
0.486712 0.667010 0.010829
0.481580 0.672482 0.010458
0.392499 0.578370 0.026288
0.396482 0.585245 0.024356
0.390977 0.590671 0.022795
0.398026 0.573194 0.028055
0.414675 0.558317 0.033900
0.418607 0.564746 0.031521
0.413058 0.569716 0.029591
0.481877 0.505255 0.066463
0.485731 0.510558 0.062605
0.480121 0.514714 0.059398
0.487494 0.501262 0.069919
0.504353 0.489676 0.080935
0.508180 0.494601 0.076519
0.502567 0.498495 0.072881
0.437021 0.539639 0.042996
0.440913 0.545671 0.040184
0.435323 0.550334 0.037875
0.442619 0.535119 0.045512
0.459429 0.521914 0.053778
0.463304 0.527592 0.050466
0.457703 0.532020 0.047724
0.468873 0.589240 0.023956
0.473002 0.595564 0.022182
0.467534 0.600871 0.020813
0.474374 0.584063 0.025551
0.490956 0.568908 0.030930
0.495014 0.574962 0.028666
0.489491 0.580022 0.026896
0.634163 0.520194 0.054294
0.638257 0.525287 0.050816
0.632744 0.529660 0.048271
0.639680 0.515934 0.057020
0.656237 0.503501 0.065493
0.660314 0.508409 0.061555
0.654799 0.512538 0.058797
0.590027 0.556446 0.035220
0.594169 0.561974 0.032701
0.588664 0.566831 0.030806
0.595542 0.551701 0.037300
0.612094 0.537828 0.044084
0.616209 0.543145 0.041084
0.610698 0.547763 0.038856
0.623895 0.601414 0.018989
0.628244 0.607127 0.017587
0.622855 0.612311 0.016606
0.629313 0.596297 0.020173
0.645625 0.581219 0.024236
0.649915 0.586776 0.022373
0.644485 0.591792 0.021050
0.570996 0.448503 0.132544
0.574900 0.452324 0.126607
0.569418 0.455595 0.122080
0.576453 0.445316 0.137276
0.592702 0.435673 0.151790
0.596628 0.439249 0.145212
0.591229 0.442547 0.140489
0.526780 0.475055 0.096992
0.530611 0.479598 0.092078
0.525011 0.483264 0.088056
0.532353 0.471559 0.101198
0.548996 0.461431 0.114235
0.552872 0.465582 0.108843
0.547327 0.468997 0.104553
0.557721 0.513710 0.061145
0.561676 0.518867 0.057327
0.556112 0.523207 0.054397
0.563294 0.509509 0.064303
0.580017 0.497230 0.074271
0.583942 0.502077 0.069891
0.578376 0.506192 0.066635
0.613853 0.421911 0.170774
0.617885 0.425561 0.163966
0.612631 0.429072 0.159332
0.619029 0.418251 0.175461
0.634332 0.406856 0.189674
0.638541 0.410956 0.182589
0.633432 0.414682 0.177898
0.645945 0.452258 0.118949
0.649971 0.456394 0.113125
0.644528 0.459982 0.109300
0.651369 0.448738 0.122939
0.667622 0.438308 0.135084
0.671698 0.442295 0.128736
0.666276 0.445792 0.124777
0.602234 0.481558 0.088433
0.606162 0.486130 0.083561
0.600621 0.490041 0.080057
0.607747 0.477767 0.092092
0.624189 0.466640 0.103340
0.628162 0.470960 0.098017
0.622685 0.474690 0.094338
0.667462 0.562002 0.030815
0.671696 0.567361 0.028503
0.666241 0.572108 0.026844
0.672936 0.557378 0.032663
0.689385 0.543908 0.038632
0.693592 0.549099 0.035934
0.688109 0.553561 0.033970
0.513189 0.549545 0.039421
0.517196 0.555312 0.036686
0.511642 0.560136 0.034543
0.518751 0.544846 0.041768
0.535443 0.531120 0.049450
0.539425 0.536597 0.046187
0.533867 0.541186 0.043657
0.425445 0.632926 0.014696
0.429789 0.639444 0.013787
0.424503 0.645071 0.013060
0.430797 0.627319 0.015573
0.447013 0.610634 0.018598
0.451221 0.617196 0.017328
0.445819 0.622745 0.016348
0.500172 0.727886 0.009069
0.505058 0.733095 0.009027
0.500101 0.738183 0.008999
0.505140 0.722686 0.009108
0.520061 0.706842 0.009245
0.524921 0.712282 0.009177
0.519951 0.717547 0.009135
0.361270 0.526424 0.046005
0.365148 0.532509 0.043186
0.359543 0.536899 0.040791
0.366887 0.522182 0.048572
0.383736 0.509772 0.056867
0.387584 0.515538 0.053643
0.381973 0.519700 0.050876
0.538930 0.419199 0.182058
0.543109 0.422931 0.176005
0.537768 0.425950 0.170573
0.544178 0.415943 0.187492
0.559684 0.405084 0.203678
0.564041 0.409377 0.197396
0.558874 0.413037 0.192093
0.451203 0.465717 0.100858
0.455060 0.470359 0.096314
0.449434 0.473750 0.092086
0.456806 0.462517 0.105284
0.473549 0.453390 0.119152
0.477459 0.457606 0.114202
0.471878 0.460680 0.109598
0.581107 0.643344 0.012521
0.585648 0.649067 0.011854
0.580447 0.654315 0.011379
0.586374 0.638073 0.013105
0.602353 0.622234 0.015141
0.606767 0.628039 0.014206
0.601439 0.633310 0.013554
0.662074 0.469303 0.096682
0.660633 0.477543 0.088224
0.656598 0.473030 0.093232
0.666117 0.473769 0.091562
0.672789 0.491535 0.074320
0.694708 0.506969 0.060997
0.693345 0.515964 0.054847
0.689197 0.510998 0.058394
0.698856 0.511905 0.057359
0.705878 0.531044 0.045131
0.529391 0.572804 0.029313
0.528025 0.583757 0.025470
0.523878 0.577820 0.027522
0.533521 0.578685 0.027140
0.540672 0.601613 0.020191
0.485620 0.614500 0.017745
0.484524 0.626251 0.015673
0.480213 0.619964 0.016756
0.489904 0.620777 0.016562
0.497764 0.644645 0.012995
0.521210 0.662869 0.011011
0.520745 0.674020 0.010218
0.516067 0.668260 0.010619
0.525856 0.668647 0.010546
0.535007 0.690931 0.009439
0.403309 0.415822 0.157424
0.401936 0.421920 0.147299
0.397866 0.417943 0.152028
0.407400 0.419729 0.152637
0.414078 0.434049 0.133268
0.359252 0.435299 0.117323
0.357665 0.442775 0.108786
0.353682 0.438155 0.112853
0.363242 0.439840 0.113171
0.369538 0.456950 0.096740
0.390786 0.473258 0.084880
0.389035 0.481908 0.077293
0.385163 0.476761 0.081103
0.394659 0.478324 0.080973
0.400593 0.497875 0.066204
0.521236 0.314806 0.273329
0.521339 0.325947 0.270283
0.516366 0.320355 0.272016
0.526205 0.320257 0.272026
0.536289 0.343822 0.262385
0.560928 0.362877 0.249697
0.560886 0.375235 0.238862
0.556037 0.369014 0.244715
0.565795 0.369246 0.244274
0.574852 0.392029 0.219809
0.483316 0.363670 0.248164
0.483639 0.374832 0.237642
0.478737 0.369642 0.242580
0.488227 0.369132 0.243515
0.498084 0.389606 0.221819
0.445226 0.398169 0.201552
0.444590 0.404572 0.191191
0.440174 0.400804 0.195963
0.449694 0.401983 0.196782
0.457590 0.415561 0.176349
0.479614 0.427306 0.160791
0.478201 0.433457 0.149847
0.474170 0.429791 0.155243
0.483669 0.430895 0.155288
0.490164 0.444817 0.133799
0.314524 0.460225 0.085324
0.312840 0.468783 0.078446
0.308915 0.463609 0.081903
0.318460 0.465334 0.081806
0.324565 0.484685 0.068247
0.443137 0.658589 0.011624
0.442535 0.670385 0.010667
0.437954 0.664166 0.011137
0.447686 0.664819 0.011080
0.456553 0.688533 0.009726
0.376802 0.551488 0.035292
0.375150 0.562985 0.030862
0.371239 0.556262 0.033189
0.380699 0.558075 0.032862
0.386981 0.583681 0.024611
0.466550 0.484828 0.083006
0.464745 0.493590 0.074968
0.460918 0.488506 0.079121
0.470374 0.489815 0.078720
0.476262 0.509317 0.063119
0.421575 0.516175 0.055418
0.419812 0.526234 0.049366
0.415961 0.520391 0.052528
0.425422 0.521926 0.052134
0.431425 0.544210 0.040579
0.452716 0.564104 0.032456
0.451166 0.575371 0.028269
0.447162 0.569045 0.030480
0.456706 0.570346 0.030128
0.463386 0.594485 0.022462
0.618023 0.500344 0.069945
0.616487 0.509369 0.062742
0.612484 0.504436 0.066799
0.622020 0.505221 0.065763
0.628645 0.524513 0.051631
0.573685 0.534684 0.046854
0.572200 0.544695 0.041317
0.568142 0.539252 0.044338
0.577736 0.540060 0.043695
0.584512 0.561247 0.033216
0.606751 0.578740 0.025986
0.605548 0.589426 0.022585
0.601286 0.583744 0.024429
0.610998 0.584379 0.024028
0.618490 0.606569 0.017892
0.555267 0.433782 0.157305
0.553768 0.440422 0.145838
0.549820 0.436759 0.152011
0.559225 0.437400 0.150983
0.565520 0.451699 0.127872
0.511361 0.457857 0.117448
0.509679 0.465267 0.107758
0.505815 0.461005 0.112866
0.515236 0.462018 0.112227
0.521192 0.478620 0.092857
0.542124 0.493764 0.077974
0.540399 0.502654 0.070053
0.536525 0.497691 0.074346
0.545991 0.498644 0.073539
0.552149 0.517970 0.058076
0.597355 0.406340 0.198268
0.596422 0.414367 0.186480
0.592241 0.410354 0.193241
0.601563 0.410501 0.191412
0.608640 0.425496 0.166093
0.629900 0.436591 0.143942
0.628521 0.443838 0.133073
0.624540 0.440030 0.139450
0.633898 0.440379 0.137440
0.640517 0.455808 0.114989
0.586599 0.464281 0.109472
0.584992 0.472053 0.100028
0.581098 0.467798 0.105363
0.590500 0.468449 0.104001
0.596702 0.485399 0.084820
0.650671 0.540822 0.041353
0.649355 0.550640 0.036424
0.645174 0.545342 0.039157
0.654847 0.546074 0.038509
0.661994 0.566697 0.029045
0.497382 0.526903 0.051804
0.495718 0.537004 0.045835
0.491791 0.531335 0.049015
0.501302 0.532484 0.048482
0.507625 0.554299 0.037163
0.408630 0.605947 0.019409
0.407319 0.618572 0.016967
0.403169 0.611661 0.018217
0.412754 0.612828 0.018054
0.420122 0.638573 0.013883
0.480743 0.706123 0.009333
0.480596 0.717028 0.009194
0.475751 0.711509 0.009268
0.485580 0.711693 0.009251
0.495208 0.733040 0.009034
0.345768 0.503009 0.058143
0.344003 0.512777 0.052224
0.340122 0.506981 0.055295
0.349646 0.508723 0.054984
0.355652 0.530715 0.043517
0.521522 0.403294 0.205404
0.520847 0.410980 0.194132
0.516442 0.406996 0.199809
0.525983 0.407455 0.199687
0.533639 0.422313 0.176602
0.435567 0.448059 0.119419
0.433934 0.455300 0.110135
0.430005 0.450909 0.114727
0.439508 0.452345 0.114733
0.445590 0.468999 0.096539
0.563351 0.620037 0.016015
0.562397 0.631261 0.014269
0.557988 0.625378 0.015195
0.567734 0.625925 0.015001
0.575872 0.648615 0.011984
0.570668 0.653889 0.011494
0.570133 0.664821 0.010570
0.565493 0.659170 0.011053
0.575275 0.659565 0.010950
0.579922 0.665196 0.010479
0.579528 0.675982 0.009816
0.574812 0.670426 0.010158
0.561574 0.642405 0.012810
0.566101 0.648170 0.012114
0.560893 0.653468 0.011610
0.566847 0.637090 0.013426
0.572151 0.631775 0.014092
0.576608 0.637580 0.013266
0.571338 0.642873 0.012665
0.552647 0.630727 0.014445
0.551813 0.641919 0.012953
0.547335 0.636070 0.013745
0.557089 0.636590 0.013586
0.556332 0.647718 0.012243
0.439969 0.472362 0.092327
0.438181 0.480740 0.083979
0.434345 0.475795 0.088225
0.443807 0.477211 0.087971
0.447637 0.482142 0.083682
0.445837 0.490880 0.075713
0.442011 0.485767 0.079805
0.432243 0.462922 0.101169
0.436117 0.467596 0.096730
0.430497 0.470934 0.092530
0.437840 0.459776 0.105569
0.443428 0.456713 0.110074
0.447325 0.461169 0.105447
0.441726 0.464341 0.101035
0.424431 0.453844 0.110135
0.422751 0.461467 0.101246
0.418845 0.456865 0.105647
0.428348 0.458340 0.105639
0.426635 0.466155 0.096873
0.528307 0.425300 0.171119
0.526973 0.431715 0.159613
0.522933 0.428175 0.165608
0.532387 0.428867 0.165102
0.536413 0.432430 0.159003
0.534935 0.438979 0.147593
0.530968 0.435318 0.153585
0.519951 0.418032 0.182855
0.524162 0.421695 0.177034
0.518838 0.424632 0.171519
0.525181 0.414848 0.188377
0.530370 0.411481 0.193896
0.534684 0.415389 0.188022
0.529444 0.418619 0.182535
0.511318 0.410455 0.194228
0.510449 0.417406 0.183042
0.506152 0.413688 0.188661
0.515669 0.414292 0.188585
0.514677 0.421049 0.177329
0.350036 0.535075 0.041106
0.348342 0.545967 0.036229
0.344422 0.539524 0.038770
0.353941 0.541377 0.038473
0.357850 0.547827 0.035935
0.356191 0.559341 0.031445
0.352264 0.552575 0.033785
0.342240 0.522849 0.046648
0.346135 0.528905 0.043833
0.340507 0.533233 0.041405
0.347883 0.518666 0.049236
0.353521 0.514531 0.051904
0.357394 0.520431 0.048910
0.351765 0.524644 0.046334
0.334467 0.511008 0.052533
0.332695 0.521038 0.046948
0.328802 0.515086 0.049849
0.338352 0.516883 0.049549
0.336598 0.527079 0.044132
0.490248 0.738152 0.009004
0.490198 0.748254 0.008957
0.485292 0.743229 0.008979
0.495147 0.743233 0.008976
0.500056 0.748217 0.008955
0.500036 0.758038 0.008936
0.495113 0.753187 0.008943
0.480480 0.727696 0.009087
0.485358 0.732972 0.009041
0.480396 0.738110 0.009008
0.485454 0.722459 0.009131
0.490432 0.717180 0.009181
0.495296 0.722579 0.009120
0.490325 0.727797 0.009078
0.470762 0.716864 0.009208
0.470637 0.727587 0.009094
0.465777 0.722184 0.009152
0.475614 0.722326 0.009142
0.475510 0.732896 0.009047
0.414827 0.644265 0.013137
0.414010 0.656456 0.011805
0.409559 0.650005 0.012458
0.419243 0.650742 0.012399
0.423712 0.657149 0.011752
0.423063 0.669144 0.010757
0.418512 0.662834 0.011239
0.406157 0.631083 0.014905
0.410464 0.637714 0.013970
0.405159 0.643479 0.013204
0.411528 0.625345 0.015831
0.416927 0.619642 0.016825
0.421158 0.626333 0.015707
0.415797 0.632001 0.014805
0.397722 0.617486 0.017101
0.396527 0.630170 0.014995
0.392299 0.623358 0.016052
0.401909 0.624353 0.015946
0.400814 0.636870 0.014047
0.502063 0.559110 0.034994
0.500548 0.569963 0.030530
0.496506 0.563979 0.032916
0.506091 0.565020 0.032490
0.510152 0.570955 0.030126
0.508736 0.581987 0.026184
0.504625 0.575967 0.028286
0.494089 0.547391 0.040402
0.498064 0.553232 0.037633
0.492495 0.558026 0.035437
0.499665 0.542728 0.042804
0.505242 0.538124 0.045309
0.509205 0.543814 0.042291
0.503635 0.548496 0.039917
0.486202 0.535833 0.046339
0.484553 0.546231 0.040871
0.480614 0.540395 0.043778
0.490135 0.541588 0.043300
0.488512 0.552108 0.038090
0.656533 0.571467 0.027359
0.655351 0.581819 0.023779
0.651077 0.576309 0.025756
0.660793 0.576928 0.025269
0.665071 0.582418 0.023314
0.663957 0.592918 0.020233
0.659645 0.587357 0.021938
0.648068 0.560641 0.031937
0.652292 0.566037 0.029582
0.646822 0.570829 0.027867
0.653552 0.555967 0.033835
0.659039 0.551358 0.035810
0.663244 0.556669 0.033250
0.657766 0.561319 0.031378
0.639675 0.549930 0.037036
0.638371 0.559970 0.032491
0.634178 0.554583 0.034995
0.643863 0.555273 0.034419
0.642586 0.565383 0.030113
0.591152 0.489294 0.081255
0.589505 0.498013 0.073212
0.585588 0.493238 0.077737
0.595066 0.494001 0.076603
0.599001 0.498789 0.072127
0.597412 0.507787 0.064698
0.593446 0.502865 0.068864
0.583356 0.480135 0.091011
0.587251 0.484669 0.086064
0.581689 0.488538 0.082418
0.588891 0.476404 0.094820
0.594404 0.472713 0.098660
0.598315 0.477083 0.093467
0.592793 0.480851 0.089744
0.575578 0.471352 0.101292
0.573919 0.479386 0.092188
0.570039 0.474950 0.097265
0.579465 0.475695 0.096089
0.577802 0.483916 0.087238
0.635083 0.459389 0.111063
0.633626 0.467265 0.101739
0.629641 0.463000 0.107179
0.639081 0.463606 0.105502
0.643086 0.467915 0.100107
0.641618 0.476070 0.091361
0.637618 0.471623 0.096467
0.627110 0.451239 0.122691
0.631093 0.455267 0.116792
0.625665 0.458831 0.112786
0.632512 0.447736 0.126873
0.637907 0.444251 0.131104
0.641922 0.448210 0.124942
0.636511 0.451726 0.120846
0.619171 0.443473 0.135003
0.617737 0.450788 0.124504
0.613788 0.446919 0.130615
0.623135 0.447307 0.128761
0.621697 0.454759 0.118561
0.603383 0.428996 0.161393
0.602003 0.435909 0.149965
0.598068 0.432387 0.156630
0.607339 0.432522 0.154673
0.611275 0.436085 0.148001
0.609849 0.443151 0.136896
0.605921 0.439483 0.143351
0.595335 0.421803 0.174838
0.599382 0.425438 0.168118
0.594096 0.428846 0.163294
0.600547 0.418204 0.179695
0.605713 0.414449 0.184535
0.609804 0.418226 0.177641
0.604621 0.421899 0.172897
0.587090 0.414165 0.188219
0.586015 0.421576 0.176581
0.581898 0.417790 0.183183
0.591239 0.418054 0.181542
0.590079 0.425252 0.169947
0.546579 0.522290 0.055102
0.544986 0.532071 0.048823
0.541010 0.526674 0.052225
0.550548 0.527608 0.051561
0.554541 0.532982 0.048182
0.553009 0.543022 0.042507
0.548985 0.537522 0.045583
0.538710 0.511845 0.062655
0.542633 0.517035 0.058801
0.537058 0.521335 0.055785
0.544294 0.507691 0.065907
0.549879 0.503596 0.069254
0.553789 0.508618 0.065121
0.548210 0.512797 0.061914
0.530930 0.501675 0.070815
0.529221 0.510855 0.063369
0.525336 0.505720 0.067383
0.534809 0.506723 0.066661
0.533129 0.516061 0.059501
0.515585 0.482250 0.088795
0.513792 0.490766 0.080264
0.509971 0.485936 0.084815
0.519402 0.486987 0.084112
0.523229 0.491804 0.079547
0.521471 0.500659 0.071541
0.517625 0.495674 0.075837
0.507944 0.473037 0.098434
0.511770 0.477596 0.093574
0.506157 0.481185 0.089478
0.513529 0.469623 0.102715
0.519096 0.466268 0.107074
0.522943 0.470613 0.101993
0.517365 0.474072 0.097746
0.500250 0.464204 0.108363
0.498512 0.471942 0.099051
0.494667 0.467465 0.103936
0.504104 0.468573 0.103367
0.502341 0.476516 0.094230
0.560027 0.454913 0.123262
0.558403 0.462215 0.113195
0.554519 0.458154 0.118716
0.563919 0.458889 0.117608
0.567807 0.462951 0.112057
0.566161 0.470610 0.102463
0.562282 0.466366 0.107775
0.552219 0.447196 0.134856
0.556128 0.451018 0.129014
0.550627 0.454179 0.124331
0.557698 0.444124 0.139756
0.563162 0.441055 0.144734
0.567085 0.444751 0.138587
0.561615 0.447879 0.133766
0.544357 0.439727 0.146791
0.542813 0.446456 0.135814
0.538884 0.442691 0.141669
0.548297 0.443436 0.140783
0.546727 0.450282 0.130033
0.613098 0.611760 0.016884
0.612116 0.622770 0.014915
0.607718 0.616982 0.015967
0.617478 0.617527 0.015715
0.621884 0.623303 0.014686
0.620990 0.634339 0.013187
0.616537 0.628564 0.014001
0.604411 0.600254 0.019641
0.608741 0.606001 0.018193
0.603345 0.611199 0.017158
0.609836 0.595125 0.020882
0.615272 0.590039 0.022209
0.619571 0.595718 0.020530
0.614150 0.600840 0.019317
0.595831 0.588798 0.022957
0.594679 0.599656 0.019960
0.590386 0.593900 0.021571
0.600108 0.594520 0.021229
0.598999 0.605423 0.018489
0.579001 0.566111 0.031288
0.577676 0.576719 0.027258
0.573496 0.571033 0.029441
0.583167 0.571746 0.028991
0.587360 0.577409 0.026837
0.586121 0.588155 0.023324
0.581883 0.582427 0.025220
0.570752 0.554935 0.036311
0.574864 0.560507 0.033730
0.569345 0.565374 0.031766
0.576281 0.550180 0.038464
0.581810 0.545482 0.040702
0.585907 0.550947 0.037881
0.580385 0.555699 0.035768
0.562599 0.543879 0.041917
0.561129 0.554140 0.036846
0.557057 0.548564 0.039598
0.566663 0.549391 0.039035
0.565224 0.559743 0.034235
0.623128 0.528890 0.049038
0.621720 0.538588 0.043399
0.617611 0.533328 0.046521
0.627232 0.534093 0.045796
0.631359 0.539338 0.042718
0.630005 0.549221 0.037641
0.625852 0.543887 0.040440
0.614988 0.518625 0.056030
0.619046 0.523733 0.052449
0.613523 0.528112 0.049810
0.620516 0.514363 0.058863
0.626044 0.510157 0.061764
0.630091 0.515150 0.057941
0.624569 0.519412 0.055161
0.606944 0.508580 0.063720
0.605419 0.517833 0.056903
0.601403 0.512778 0.060712
0.610954 0.513573 0.059787
0.609459 0.522946 0.053270
0.457914 0.599796 0.021071
0.456643 0.611685 0.018386
0.452456 0.605179 0.019782
0.462081 0.606243 0.019548
0.466288 0.612679 0.018173
0.465145 0.624603 0.016014
0.460871 0.618173 0.017138
0.449694 0.586900 0.024555
0.453785 0.593346 0.022741
0.448308 0.598664 0.021327
0.455204 0.581726 0.026193
0.460726 0.576622 0.027932
0.464782 0.582924 0.025874
0.459276 0.588100 0.024257
0.441619 0.574061 0.028603
0.440126 0.585642 0.024852
0.436089 0.579149 0.026826
0.445639 0.580470 0.026511
0.444199 0.592149 0.023018
0.425832 0.548841 0.038259
0.424168 0.559864 0.033544
0.420248 0.553539 0.036033
0.429741 0.555061 0.035662
0.433673 0.561347 0.033184
0.432086 0.572681 0.028936
0.428113 0.566248 0.031177
0.418068 0.536611 0.043790
0.421943 0.542690 0.040969
0.416350 0.547288 0.038638
0.423672 0.532157 0.046323
0.429277 0.527757 0.048965
0.433143 0.533665 0.045920
0.427542 0.538151 0.043396
0.410350 0.524666 0.049757
0.408600 0.535019 0.044177
0.404741 0.528997 0.047104
0.414204 0.530602 0.046717
0.412469 0.541114 0.041354
0.470649 0.513447 0.059889
0.468907 0.523232 0.053327
0.465037 0.517646 0.056775
0.474513 0.518938 0.056305
0.478393 0.524503 0.052847
0.476694 0.534611 0.046822
0.472792 0.528888 0.050007
0.462954 0.502694 0.067410
0.466796 0.508031 0.063593
0.461181 0.512136 0.060344
0.468576 0.498754 0.070911
0.474201 0.494883 0.074528
0.478034 0.500030 0.070440
0.472414 0.503997 0.066959
0.455290 0.492254 0.075355
0.453496 0.501347 0.067817
0.449665 0.496073 0.071715
0.459119 0.497434 0.071333
0.457334 0.506702 0.064027
0.381471 0.589141 0.023024
0.379983 0.602009 0.019950
0.375965 0.594775 0.021527
0.385478 0.596252 0.021326
0.389518 0.603365 0.019775
0.388136 0.616382 0.017227
0.384035 0.609233 0.018523
0.373542 0.575008 0.026840
0.377494 0.582051 0.024864
0.371978 0.587553 0.023250
0.379073 0.569814 0.028651
0.384611 0.564767 0.030547
0.388543 0.571539 0.028353
0.383014 0.576722 0.026565
0.365680 0.561176 0.031164
0.364062 0.573263 0.027101
0.360123 0.566244 0.029215
0.369606 0.568042 0.028942
0.368012 0.580374 0.025110
0.451519 0.694047 0.009586
0.451291 0.705393 0.009389
0.446499 0.699578 0.009491
0.456302 0.699901 0.009470
0.461104 0.705657 0.009371
0.460931 0.716688 0.009220
0.456102 0.711093 0.009299
0.442067 0.682081 0.009999
0.446771 0.688110 0.009756
0.441730 0.693658 0.009610
0.447162 0.676519 0.010277
0.452282 0.670968 0.010618
0.456925 0.677037 0.010235
0.451836 0.682570 0.009964
0.432796 0.669761 0.010715
0.432306 0.681558 0.010032
0.427661 0.675386 0.010356
0.437408 0.675963 0.010318
0.436996 0.687654 0.009784
0.318912 0.488398 0.065177
0.317137 0.497763 0.059010
0.313250 0.492167 0.062195
0.322804 0.493922 0.061925
0.326694 0.499529 0.058728
0.324914 0.509222 0.052830
0.321025 0.503448 0.055885
0.311117 0.477587 0.071817
0.315017 0.482955 0.068477
0.309361 0.486654 0.065431
0.316755 0.474015 0.075014
0.322386 0.470500 0.078311
0.326303 0.475727 0.074845
0.320663 0.479314 0.071612
0.303299 0.467048 0.078592
0.301575 0.475851 0.072030
0.297673 0.470547 0.075380
0.307212 0.472286 0.075190
0.305470 0.481218 0.068711
0.484641 0.447628 0.128832
0.483025 0.454596 0.118888
0.479103 0.450482 0.123950
0.488574 0.451644 0.123656
0.492486 0.455743 0.118515
0.490805 0.463084 0.108875
0.486925 0.458795 0.113861
0.476712 0.439824 0.139266
0.480687 0.443690 0.134037
0.475161 0.446451 0.129040
0.482210 0.437181 0.144473
0.487692 0.434553 0.149781
0.491692 0.438266 0.144303
0.486197 0.440966 0.139123
0.468699 0.432290 0.149785
0.467214 0.438615 0.139287
0.463208 0.434805 0.144449
0.472715 0.436026 0.144515
0.471198 0.442496 0.134152
0.452273 0.417906 0.170766
0.451039 0.423749 0.160047
0.446904 0.420166 0.165199
0.456452 0.421463 0.165616
0.460579 0.425012 0.160377
0.459181 0.431061 0.149634
0.455127 0.427376 0.154844
0.443756 0.410669 0.180770
0.448039 0.414311 0.175816
0.442721 0.416568 0.170263
0.448969 0.408288 0.186333
0.454128 0.405746 0.191926
0.458517 0.409451 0.186984
0.453304 0.411950 0.181387
0.435064 0.403233 0.190413
0.434212 0.409239 0.180101
0.429897 0.405504 0.184889
0.439428 0.406977 0.185633
0.438489 0.412927 0.175228
0.493218 0.393880 0.216032
0.492856 0.401936 0.204998
0.488301 0.397791 0.210283
0.497842 0.398227 0.210690
0.502402 0.402434 0.205278
0.501786 0.409877 0.194192
0.497353 0.405963 0.199636
0.483799 0.384761 0.226510
0.488537 0.389389 0.221307
0.483690 0.393526 0.215492
0.488508 0.379921 0.232447
0.493155 0.374580 0.238411
0.498059 0.379868 0.233062
0.493325 0.384847 0.227164
0.474149 0.375183 0.236605
0.474287 0.384684 0.225635
0.469510 0.380150 0.230554
0.479001 0.380018 0.231616
0.479019 0.389151 0.220613
0.569825 0.396670 0.214418
0.569166 0.405501 0.202683
0.564770 0.401012 0.209047
0.574255 0.401383 0.207966
0.578606 0.405854 0.201442
0.577722 0.413866 0.189741
0.573481 0.409778 0.196244
0.560692 0.386427 0.227063
0.565305 0.391692 0.220788
0.560290 0.396289 0.215326
0.565643 0.381175 0.232634
0.570583 0.375500 0.238217
0.575271 0.381460 0.231791
0.570297 0.386762 0.226271
0.551171 0.374949 0.239264
0.551055 0.386062 0.227595
0.546309 0.380536 0.233593
0.555978 0.380855 0.233229
0.555718 0.391310 0.221511
0.531458 0.349983 0.258787
0.531626 0.362410 0.250144
0.526652 0.356178 0.254690
0.536429 0.356242 0.254704
0.541376 0.362527 0.250101
0.541480 0.374698 0.239499
0.536576 0.368608 0.245089
0.521482 0.337735 0.265450
0.526474 0.343797 0.262365
0.521663 0.349982 0.258730
0.526323 0.331738 0.268117
0.531182 0.325910 0.270301
0.536163 0.331742 0.268132
0.531308 0.337709 0.265491
0.511518 0.326125 0.270235
0.511677 0.337910 0.265333
0.506700 0.332112 0.267950
0.516495 0.331838 0.268063
0.516668 0.343879 0.262271
0.394972 0.501783 0.062970
0.393198 0.511428 0.056525
0.389353 0.505749 0.059858
0.398815 0.507372 0.059526
0.402657 0.513049 0.056170
0.400889 0.523054 0.050139
0.397042 0.517197 0.053283
0.387272 0.490875 0.070086
0.391125 0.496284 0.066492
0.385504 0.500164 0.063274
0.392896 0.487143 0.073535
0.398520 0.483473 0.077113
0.402372 0.488707 0.073306
0.396747 0.492465 0.069837
0.379541 0.480331 0.077459
0.377788 0.489273 0.070325
0.373918 0.483966 0.073944
0.383411 0.485559 0.073745
0.381650 0.494672 0.066765
0.363934 0.460211 0.092745
0.362244 0.468535 0.085088
0.358326 0.463536 0.088880
0.367857 0.465136 0.088870
0.371765 0.470127 0.085027
0.370038 0.478743 0.077615
0.366147 0.473602 0.081331
0.356044 0.450543 0.100576
0.359996 0.455347 0.096646
0.354394 0.458599 0.092700
0.361636 0.447444 0.104743
0.367220 0.444427 0.109043
0.371186 0.449066 0.104942
0.365594 0.452167 0.100727
0.348102 0.441096 0.108516
0.346487 0.448894 0.100415
0.342515 0.444120 0.104312
0.352079 0.445794 0.104533
0.350447 0.453718 0.096544
0.408551 0.436581 0.128297
0.407000 0.443521 0.118963
0.403011 0.439200 0.123428
0.412552 0.440804 0.123738
0.416533 0.445083 0.119189
0.414918 0.452346 0.110069
0.410970 0.447900 0.114509
0.400499 0.428278 0.137454
0.404532 0.432406 0.132864
0.399006 0.434936 0.127914
0.405997 0.425926 0.142599
0.411481 0.423660 0.147861
0.415546 0.427613 0.143095
0.410046 0.429969 0.137928
0.392400 0.420146 0.146725
0.390956 0.426562 0.136963
0.386915 0.422435 0.141532
0.396454 0.424195 0.142074
0.394987 0.430726 0.132425
0.530014 0.696227 0.009348
0.529892 0.706997 0.009221
0.525037 0.701527 0.009295
0.534863 0.701708 0.009266
0.539724 0.707143 0.009196
0.539633 0.717729 0.009102
0.534757 0.712401 0.009157
0.520407 0.685078 0.009677
0.525192 0.690687 0.009479
0.520194 0.696011 0.009382
0.525461 0.679720 0.009889
0.530540 0.674368 0.010154
0.535264 0.680030 0.009833
0.530215 0.685358 0.009630
0.510949 0.673663 0.010280
0.510598 0.684789 0.009722
0.505856 0.679075 0.009996
0.515659 0.679403 0.009943
0.515378 0.690436 0.009518
0.492515 0.650099 0.012386
0.491871 0.661543 0.011257
0.487295 0.655563 0.011833
0.497059 0.656086 0.011741
0.501647 0.662005 0.011177
0.501154 0.673298 0.010341
0.496491 0.667455 0.010761
0.483569 0.637920 0.013932
0.488018 0.644044 0.013115
0.482765 0.649515 0.012490
0.488886 0.632456 0.014687
0.494233 0.626996 0.015499
0.498612 0.633134 0.014532
0.493300 0.638584 0.013796
0.474828 0.625453 0.015844
0.473851 0.637206 0.014065
0.469472 0.630943 0.014991
0.479172 0.631725 0.014840
0.478284 0.643397 0.013233
0.535244 0.606872 0.018983
0.534154 0.618199 0.016658
0.529831 0.612176 0.017877
0.539546 0.612861 0.017640
0.543881 0.618840 0.016443
0.542900 0.630169 0.014620
0.538508 0.624207 0.015584
0.526741 0.594877 0.022111
0.530975 0.600875 0.020473
0.525542 0.606142 0.019243
0.532207 0.589704 0.023563
0.537685 0.584581 0.025113
0.541882 0.590487 0.023233
0.536422 0.595657 0.021804
0.518376 0.582891 0.025827
0.517068 0.594059 0.022419
0.512885 0.588019 0.024228
0.522541 0.588881 0.023895
0.521287 0.600102 0.020757
0.700374 0.535267 0.042917
0.699081 0.544705 0.037960
0.694878 0.539554 0.040748
0.704575 0.540379 0.040042
0.708781 0.545511 0.037291
0.707502 0.555065 0.032741
0.703290 0.549875 0.035294
0.692003 0.525113 0.049072
0.696183 0.530177 0.045924
0.690684 0.534426 0.043667
0.697509 0.520963 0.051460
0.703019 0.516871 0.053883
0.707196 0.521866 0.050560
0.701687 0.525991 0.048224
0.683687 0.515078 0.055822
0.682332 0.524252 0.049928
0.678178 0.519213 0.053286
0.687837 0.520079 0.052369
0.686501 0.529324 0.046724
0.667276 0.495477 0.071346
0.665830 0.504333 0.064356
0.661757 0.499466 0.068401
0.671347 0.500308 0.067195
0.675440 0.505188 0.063228
0.674042 0.514211 0.056805
0.669926 0.509249 0.060493
0.659177 0.485994 0.080208
0.663221 0.490703 0.075683
0.657706 0.494652 0.072634
0.664676 0.482134 0.083401
0.670166 0.478316 0.086629
0.674224 0.482941 0.081883
0.668727 0.486800 0.078766
0.651116 0.476796 0.089814
0.649643 0.485214 0.081649
0.645626 0.480603 0.086421
0.655143 0.481357 0.084921
0.653669 0.489899 0.077051
0.600657 0.644300 0.012231
0.605213 0.649991 0.011597
0.600017 0.655189 0.011150
0.605919 0.639067 0.012780
0.611212 0.633823 0.013371
0.615698 0.639571 0.012617
0.610440 0.644786 0.012086
0.590230 0.654748 0.011264
0.595428 0.649526 0.011725
0.594851 0.660385 0.010748
0.590880 0.643819 0.012376
0.591672 0.632798 0.013735
0.597001 0.627514 0.014408
0.596144 0.638568 0.012943
0.584608 0.670778 0.010080
0.585061 0.659970 0.010848
0.589715 0.665580 0.010391
0.470148 0.468349 0.100379
0.473994 0.472965 0.095721
0.468362 0.476410 0.091501
0.475755 0.465092 0.104791
0.481348 0.461910 0.109286
0.485217 0.466305 0.104411
0.479612 0.469597 0.100025
0.458898 0.475098 0.091816
0.464529 0.471684 0.096052
0.462726 0.479923 0.087375
0.460677 0.467052 0.100645
0.462399 0.459399 0.109811
0.467981 0.456360 0.114437
0.466283 0.463827 0.105076
0.451464 0.487157 0.079473
0.453267 0.478585 0.087687
0.457093 0.483504 0.083362
0.557865 0.420346 0.180531
0.561997 0.424081 0.174218
0.556660 0.427198 0.168948
0.563116 0.417002 0.185800
0.568320 0.413487 0.191035
0.572526 0.417434 0.184605
0.567286 0.420833 0.179434
0.547224 0.426598 0.169858
0.552568 0.423538 0.175219
0.551273 0.430204 0.163618
0.548408 0.419792 0.181402
0.549389 0.412525 0.192907
0.554557 0.408914 0.198301
0.553664 0.416502 0.186763
0.540397 0.436056 0.152874
0.541835 0.429547 0.164447
0.545848 0.433133 0.158240
0.380222 0.529943 0.045303
0.384083 0.536062 0.042476
0.378495 0.540503 0.040109
0.385824 0.525647 0.047856
0.391431 0.521397 0.050512
0.395281 0.527346 0.047483
0.389678 0.531682 0.044934
0.369029 0.538707 0.040459
0.374624 0.534290 0.042839
0.372913 0.545030 0.037826
0.370755 0.528188 0.045661
0.372505 0.517989 0.051231
0.378120 0.513851 0.053994
0.376363 0.523919 0.048220
0.361763 0.554430 0.033497
0.363437 0.543212 0.038159
0.367336 0.549666 0.035624
0.519867 0.728019 0.009050
0.524759 0.733169 0.009012
0.519807 0.738217 0.008988
0.524828 0.722852 0.009083
0.529792 0.717643 0.009119
0.534673 0.722918 0.009070
0.529715 0.728068 0.009040
0.509954 0.738203 0.008994
0.514909 0.733136 0.009020
0.514858 0.743218 0.008968
0.510019 0.727960 0.009060
0.510112 0.717439 0.009151
0.515085 0.712153 0.009197
0.514984 0.722777 0.009096
0.504972 0.753112 0.008942
0.505003 0.743226 0.008972
0.509913 0.748177 0.008953
0.444772 0.634768 0.014452
0.449152 0.641163 0.013572
0.443880 0.646713 0.012882
0.450109 0.629229 0.015286
0.455476 0.623700 0.016181
0.459784 0.630111 0.015139
0.454452 0.635629 0.014325
0.434187 0.645896 0.012974
0.439465 0.640322 0.013681
0.438637 0.652281 0.012254
0.435103 0.633856 0.014577
0.436177 0.621739 0.016513
0.441585 0.616166 0.017516
0.440447 0.628296 0.015430
0.428230 0.663488 0.011192
0.428936 0.651503 0.012331
0.433420 0.657869 0.011691
0.532329 0.551506 0.038409
0.536373 0.557209 0.035720
0.530831 0.562048 0.033630
0.537880 0.546787 0.040698
0.543432 0.542124 0.043087
0.547463 0.547696 0.040152
0.541917 0.552426 0.037894
0.521230 0.561113 0.034088
0.526779 0.556282 0.036205
0.525294 0.566946 0.031629
0.522754 0.550547 0.038918
0.524314 0.540206 0.044218
0.529878 0.535631 0.046780
0.528310 0.545836 0.041237
0.514246 0.576915 0.027904
0.515687 0.566005 0.032060
0.519766 0.571901 0.029720
0.686853 0.563384 0.029680
0.691090 0.568699 0.027405
0.685645 0.573397 0.025795
0.692324 0.558813 0.031484
0.697804 0.554309 0.033356
0.702020 0.559537 0.030891
0.696548 0.564080 0.029106
0.675945 0.572751 0.026323
0.681394 0.568029 0.027957
0.680211 0.578170 0.024274
0.677158 0.562690 0.030249
0.678415 0.552819 0.034583
0.683898 0.548330 0.036575
0.682630 0.558092 0.032074
0.669368 0.587936 0.021494
0.670505 0.577548 0.024775
0.674786 0.583017 0.022841
0.621152 0.482991 0.085772
0.625118 0.487609 0.081008
0.619590 0.491546 0.077637
0.626653 0.479160 0.089296
0.632142 0.475372 0.092861
0.636130 0.479872 0.087873
0.630631 0.483718 0.084420
0.610099 0.490792 0.078852
0.615633 0.486867 0.082290
0.614051 0.495531 0.074309
0.611687 0.482271 0.087109
0.613244 0.474020 0.095796
0.618724 0.470312 0.099546
0.617193 0.478459 0.090702
0.602959 0.503650 0.067833
0.604553 0.494765 0.075459
0.608505 0.499566 0.071037
0.664899 0.453439 0.114947
0.668951 0.457652 0.109225
0.663497 0.461270 0.105586
0.670339 0.449886 0.118743
0.675769 0.446352 0.122579
0.679838 0.450486 0.116616
0.674398 0.454059 0.112902
0.654002 0.460614 0.107470
0.659453 0.457014 0.111191
0.658036 0.464918 0.101987
0.655410 0.452835 0.116978
0.656789 0.445243 0.126957
0.662207 0.441768 0.131004
0.660845 0.449303 0.120859
0.647098 0.472313 0.094877
0.648546 0.464246 0.103776
0.652570 0.468597 0.098419
0.632388 0.422151 0.166373
0.636480 0.425918 0.159582
0.631207 0.429412 0.155069
0.637582 0.418563 0.170962
0.642741 0.414942 0.175569
0.646930 0.418854 0.168615
0.641721 0.422398 0.164095
0.621900 0.429207 0.157222
0.627161 0.425700 0.161797
0.625905 0.432877 0.150545
0.623102 0.421990 0.168596
0.624168 0.414518 0.180166
0.629271 0.410717 0.184902
0.628285 0.418363 0.173236
0.615217 0.439732 0.141420
0.616607 0.432669 0.152630
0.620571 0.436310 0.145993
0.576774 0.515422 0.059519
0.580762 0.520547 0.055751
0.575211 0.524922 0.052924
0.582333 0.511180 0.062562
0.587890 0.506994 0.065676
0.591863 0.511981 0.061638
0.586313 0.516234 0.058655
0.565656 0.524084 0.053671
0.571214 0.519723 0.056554
0.569659 0.529358 0.050180
0.567243 0.514586 0.060347
0.568868 0.505364 0.067547
0.574443 0.501271 0.070872
0.572810 0.510361 0.063452
0.558557 0.538407 0.044967
0.560098 0.528502 0.050880
0.564107 0.533853 0.047526
0.545620 0.476907 0.095277
0.549471 0.481443 0.090331
0.543876 0.485176 0.086406
0.551189 0.473337 0.099382
0.556743 0.469825 0.103549
0.560613 0.474165 0.098362
0.555049 0.477773 0.094317
0.534439 0.484239 0.087259
0.540037 0.480539 0.091236
0.538275 0.488961 0.082551
0.536197 0.476000 0.096169
0.537914 0.468127 0.105475
0.543461 0.464754 0.109821
0.541768 0.472468 0.100328
0.527070 0.496701 0.075112
0.528834 0.487992 0.083357
0.532672 0.492802 0.078783
0.589719 0.449567 0.129684
0.593629 0.453394 0.123675
0.588175 0.456796 0.119353
0.595146 0.446232 0.134197
0.600548 0.442872 0.138751
0.604464 0.446568 0.132434
0.599059 0.449984 0.128032
0.578801 0.456223 0.120780
0.584269 0.452892 0.125211
0.582699 0.460207 0.115067
0.580363 0.449068 0.131186
0.581890 0.442124 0.142065
0.587307 0.438913 0.146909
0.585806 0.445814 0.135814
0.571692 0.467104 0.106617
0.573312 0.459573 0.116394
0.577205 0.463639 0.110820
0.643403 0.602522 0.018315
0.647767 0.608202 0.016957
0.642387 0.613384 0.016036
0.648810 0.597414 0.019438
0.654223 0.592357 0.020646
0.658553 0.597961 0.019057
0.653156 0.603058 0.017965
0.632618 0.612855 0.016324
0.638005 0.607673 0.017277
0.637015 0.618598 0.015201
0.633647 0.601975 0.018656
0.634740 0.591222 0.021444
0.640179 0.586192 0.022799
0.639061 0.596862 0.019811
0.626313 0.629088 0.013794
0.627244 0.618066 0.015460
0.631657 0.623833 0.014453
0.609336 0.557899 0.034127
0.613508 0.563383 0.031669
0.608016 0.568223 0.029836
0.614841 0.553170 0.036144
0.620346 0.548498 0.038247
0.624504 0.553884 0.035569
0.619004 0.558604 0.033581
0.598336 0.567535 0.030322
0.603835 0.562686 0.032185
0.602530 0.573124 0.028084
0.599678 0.557180 0.034673
0.601059 0.547015 0.039468
0.606576 0.542391 0.041731
0.605187 0.552442 0.036721
0.591581 0.583093 0.024826
0.592845 0.572443 0.028539
0.597052 0.578082 0.026413
0.653392 0.521768 0.052542
0.657521 0.526855 0.049167
0.652016 0.531196 0.046728
0.658902 0.517537 0.055145
0.664414 0.513365 0.057797
0.668534 0.518365 0.054212
0.663027 0.522579 0.051663
0.642374 0.530424 0.047504
0.647883 0.526064 0.049994
0.646513 0.535603 0.044351
0.643771 0.520975 0.053424
0.645198 0.511733 0.059800
0.650717 0.507589 0.062625
0.649284 0.516727 0.056086
0.635507 0.544618 0.039800
0.636867 0.534849 0.045076
0.641009 0.540077 0.042040
0.488110 0.591341 0.023348
0.492277 0.597545 0.021616
0.486818 0.602843 0.020294
0.493602 0.586159 0.024896
0.499107 0.581035 0.026542
0.503238 0.587116 0.024563
0.497750 0.592303 0.023039
0.477168 0.601886 0.020555
0.482632 0.596584 0.021900
0.481374 0.608200 0.019075
0.478484 0.590321 0.023653
0.479889 0.578949 0.027246
0.485417 0.573898 0.029040
0.483981 0.585141 0.025225
0.470535 0.619095 0.016948
0.471720 0.607250 0.019312
0.475947 0.613617 0.017960
0.456004 0.542434 0.042185
0.459921 0.548407 0.039383
0.454335 0.553123 0.037099
0.461599 0.537857 0.044680
0.467194 0.533340 0.047284
0.471102 0.539152 0.044238
0.465511 0.543751 0.041763
0.444824 0.551760 0.037489
0.450412 0.547066 0.039788
0.448757 0.557906 0.034911
0.446508 0.541065 0.042593
0.448220 0.530653 0.048144
0.453823 0.526250 0.050900
0.452104 0.536513 0.045103
0.437631 0.567684 0.030829
0.439243 0.556520 0.035287
0.443188 0.562759 0.032821
0.500808 0.507640 0.065337
0.504677 0.512903 0.061456
0.499079 0.517110 0.058309
0.506414 0.503591 0.068730
0.512019 0.499603 0.072230
0.515874 0.504678 0.068074
0.510276 0.508760 0.064711
0.489598 0.515935 0.058871
0.495203 0.511754 0.062050
0.493481 0.521386 0.055269
0.491342 0.506470 0.065922
0.493113 0.497336 0.073484
0.498733 0.493475 0.077157
0.496954 0.502450 0.069348
0.482288 0.530135 0.049524
0.483995 0.520185 0.055803
0.487884 0.525727 0.052340
0.411508 0.581470 0.025726
0.415527 0.588186 0.023835
0.410031 0.593556 0.022326
0.417031 0.576303 0.027449
0.422566 0.571231 0.029266
0.426553 0.577758 0.027140
0.421034 0.582923 0.025440
0.400497 0.592143 0.022563
0.405997 0.586746 0.024098
0.404545 0.599047 0.020913
0.401997 0.579953 0.026009
0.403564 0.568134 0.029912
0.409113 0.563178 0.031860
0.407522 0.574781 0.027753
0.393596 0.610463 0.018373
0.395004 0.597676 0.021122
0.399067 0.604677 0.019595
0.481187 0.683826 0.009850
0.485940 0.689610 0.009629
0.480922 0.695038 0.009506
0.486261 0.678367 0.010097
0.491363 0.672908 0.010401
0.496056 0.678737 0.010047
0.490985 0.684175 0.009809
0.471115 0.694736 0.009534
0.476138 0.689283 0.009663
0.475920 0.700470 0.009426
0.471396 0.683441 0.009890
0.471805 0.672017 0.010513
0.476941 0.666524 0.010895
0.476475 0.677961 0.010144
0.465925 0.711308 0.009284
0.466108 0.700198 0.009449
0.470921 0.705900 0.009353
0.349275 0.484380 0.070995
0.353161 0.489760 0.067535
0.347527 0.493545 0.064403
0.354903 0.480730 0.074321
0.360527 0.477137 0.077765
0.364415 0.482358 0.074135
0.358790 0.486030 0.070777
0.338002 0.491847 0.064668
0.343642 0.488086 0.067779
0.341887 0.497384 0.061374
0.339749 0.482711 0.071207
0.341476 0.473860 0.078050
0.347098 0.470362 0.081537
0.345381 0.479082 0.074502
0.330582 0.505224 0.055595
0.332353 0.495662 0.061653
0.336239 0.501277 0.058440
0.514561 0.443975 0.137955
0.518494 0.447796 0.132383
0.512989 0.450775 0.127510
0.520042 0.441089 0.143052
0.525510 0.438206 0.148260
0.529465 0.441905 0.142420
0.523985 0.444842 0.137352
0.503557 0.449792 0.128061
0.509067 0.446872 0.132961
0.507469 0.453783 0.122729
0.505124 0.443043 0.138460
0.506631 0.436522 0.149254
0.512088 0.433752 0.154622
0.510607 0.440219 0.143580
0.496378 0.459929 0.113416
0.498030 0.452745 0.123248
0.501932 0.456832 0.118033
0.481912 0.415085 0.182796
0.486172 0.418692 0.177436
0.480867 0.421295 0.171842
0.487110 0.412260 0.188401
0.492256 0.409229 0.194012
0.496630 0.413014 0.188604
0.491426 0.415942 0.183021
0.471354 0.420252 0.171579
0.476662 0.417738 0.177189
0.475511 0.423779 0.166233
0.472393 0.414138 0.182428
0.473211 0.407684 0.193209
0.478302 0.404658 0.198876
0.477593 0.411418 0.188052
0.464657 0.428616 0.155085
0.465991 0.422659 0.165969
0.470106 0.426194 0.160633
0.522162 0.385233 0.228103
0.526903 0.390282 0.222396
0.521965 0.394784 0.216715
0.526997 0.380068 0.233856
0.531793 0.374506 0.239596
0.536657 0.380272 0.233799
0.531799 0.385453 0.228091
0.512369 0.394489 0.216638
0.517288 0.390034 0.222360
0.516984 0.398978 0.211052
0.512526 0.385066 0.227954
0.512412 0.374344 0.239356
0.517132 0.368451 0.244971
0.517333 0.379931 0.233761
0.506896 0.406506 0.199792
0.507407 0.398616 0.210944
0.511962 0.402880 0.205410
0.598762 0.387593 0.222457
0.603140 0.392820 0.215443
0.598132 0.397502 0.210247
0.603711 0.382325 0.227839
0.608601 0.376766 0.233252
0.613006 0.382742 0.225984
0.608102 0.387895 0.220690
0.588750 0.397272 0.211870
0.593774 0.392576 0.217137
0.593085 0.401939 0.205092
0.589345 0.387321 0.223966
0.589786 0.375978 0.236244
0.594707 0.369918 0.241594
0.594316 0.381988 0.229409
0.582881 0.410107 0.194856
0.583694 0.401692 0.206645
0.588001 0.406137 0.199967
0.560874 0.337809 0.265372
0.565850 0.343995 0.262089
0.560919 0.350237 0.258543
0.565806 0.331770 0.267974
0.570738 0.325858 0.270097
0.575709 0.331726 0.267707
0.570788 0.337810 0.265137
0.551063 0.350140 0.258698
0.555955 0.343945 0.262278
0.556009 0.356487 0.254493
0.550979 0.337780 0.265455
0.550892 0.325928 0.270293
0.555801 0.320242 0.272022
0.555881 0.331782 0.268087
0.546293 0.368788 0.244961
0.546203 0.356351 0.254637
0.551133 0.362692 0.249959
0.425138 0.497059 0.068931
0.428972 0.502454 0.065199
0.423352 0.506448 0.061944
0.430762 0.493226 0.072431
0.436385 0.489462 0.076055
0.440214 0.494670 0.072082
0.434592 0.498528 0.068578
0.413895 0.504928 0.062305
0.419516 0.500961 0.065556
0.417734 0.510508 0.058811
0.415680 0.495559 0.069259
0.417467 0.486526 0.076652
0.423093 0.482877 0.080386
0.421304 0.491749 0.072752
0.406501 0.518815 0.052911
0.408275 0.508958 0.059177
0.412116 0.514632 0.055801
0.394210 0.456903 0.101123
0.398128 0.461645 0.096966
0.392514 0.464922 0.092834
0.399806 0.453807 0.105469
0.405394 0.450808 0.109935
0.409332 0.455355 0.105591
0.403734 0.458455 0.101221
0.382994 0.463367 0.092815
0.388605 0.460092 0.096904
0.386898 0.468275 0.088830
0.384677 0.455342 0.101003
0.386318 0.447651 0.109522
0.391894 0.444735 0.114037
0.390272 0.452241 0.105309
0.375659 0.475189 0.081221
0.377381 0.466714 0.088855
0.381279 0.471698 0.084959
0.438658 0.434631 0.138917
0.442669 0.438576 0.134003
0.437142 0.441179 0.129014
0.444159 0.432178 0.144107
0.449650 0.429763 0.149413
0.453688 0.433528 0.144307
0.448183 0.436029 0.139099
0.427621 0.439708 0.128852
0.433145 0.437137 0.133833
0.431605 0.443849 0.124127
0.429127 0.433153 0.138666
0.430574 0.426898 0.148788
0.436044 0.424624 0.154177
0.434627 0.430741 0.143845
0.420493 0.449427 0.114653
0.422083 0.442354 0.123970
0.426055 0.446596 0.119340
0.559641 0.686154 0.009483
0.564452 0.691622 0.009312
0.559475 0.696836 0.009242
0.564673 0.680908 0.009659
0.569729 0.675663 0.009884
0.574476 0.681190 0.009599
0.569451 0.686404 0.009431
0.549655 0.696640 0.009279
0.554637 0.691399 0.009355
0.554516 0.702054 0.009206
0.549832 0.685897 0.009533
0.550134 0.675034 0.010022
0.555227 0.669741 0.010317
0.554869 0.680624 0.009718
0.544594 0.712513 0.009136
0.544689 0.701884 0.009237
0.549555 0.707283 0.009171
0.522542 0.640347 0.013378
0.527038 0.646261 0.012624
0.521808 0.651642 0.012062
0.527835 0.634964 0.014061
0.533158 0.629586 0.014796
0.537583 0.635528 0.013903
0.532295 0.640891 0.013237
0.512040 0.651147 0.012171
0.517277 0.645741 0.012748
0.516605 0.657035 0.011552
0.512790 0.639784 0.013518
0.513686 0.628346 0.015147
0.519049 0.622928 0.015974
0.518090 0.634377 0.014218
0.506278 0.667865 0.010691
0.506831 0.656568 0.011647
0.511428 0.662443 0.011095
0.565517 0.597779 0.020889
0.569806 0.603618 0.019349
0.564393 0.608859 0.018210
0.570962 0.592615 0.022243
0.576417 0.587497 0.023687
0.580671 0.593265 0.021909
0.575231 0.598419 0.020584
0.554670 0.608229 0.018467
0.560087 0.602983 0.019629
0.558995 0.614137 0.017169
0.555810 0.597108 0.021193
0.557032 0.586112 0.024402
0.562509 0.581038 0.025993
0.561259 0.591942 0.022572
0.548246 0.624806 0.015389
0.549268 0.613515 0.017404
0.553613 0.619453 0.016229
0.730796 0.528711 0.045731
0.734994 0.533721 0.042802
0.729483 0.537861 0.040710
0.736311 0.524659 0.047918
0.741828 0.520654 0.050124
0.746026 0.525607 0.047058
0.740509 0.529638 0.044920
0.719778 0.536987 0.041436
0.725285 0.532820 0.043568
0.723979 0.542064 0.038650
0.721088 0.527794 0.046552
0.722408 0.518741 0.051981
0.727924 0.514745 0.054314
0.726600 0.523718 0.048789
0.712987 0.550663 0.034657
0.714276 0.541216 0.039340
0.718480 0.546330 0.036629
0.697483 0.489400 0.074469
0.701602 0.494205 0.070273
0.696092 0.498118 0.067528
0.702980 0.485551 0.077356
0.708472 0.481734 0.080275
0.712607 0.486487 0.075856
0.707108 0.490330 0.073050
0.686469 0.497210 0.068792
0.691979 0.493285 0.071614
0.690579 0.502071 0.064805
0.687878 0.488502 0.075895
0.689281 0.479958 0.083445
0.694765 0.476171 0.086554
0.693376 0.484648 0.078860
0.679554 0.510113 0.059439
0.680954 0.501177 0.065996
0.685066 0.506067 0.062107
0.681125 0.470793 0.093190
0.685198 0.475337 0.088222
0.679715 0.479120 0.085035
0.686594 0.467079 0.096522
0.692056 0.463391 0.099888
0.696143 0.467862 0.094696
0.690674 0.471586 0.091442
0.714046 0.508845 0.058806
0.718223 0.513783 0.055317
0.712708 0.517798 0.052926
0.719562 0.504902 0.061296
0.725079 0.500995 0.063800
0.729255 0.505883 0.060152
0.723739 0.509814 0.057728
0.548673 0.574489 0.028496
0.552837 0.580294 0.026376
0.547353 0.585367 0.024757
0.554182 0.569520 0.030324
0.559700 0.564605 0.032238
0.563834 0.570296 0.029884
0.558330 0.575270 0.028086
0.505008 0.616096 0.017309
0.509326 0.622248 0.016170
0.503956 0.627688 0.015324
0.510420 0.610710 0.018355
0.515848 0.605380 0.019505
0.520123 0.611459 0.018115
0.514717 0.616828 0.017091
0.540777 0.663684 0.010839
0.545436 0.669387 0.010395
0.540337 0.674706 0.010089
0.545934 0.658356 0.011257
0.551119 0.653034 0.011725
0.555713 0.658769 0.011156
0.550561 0.664075 0.010751
0.422396 0.419315 0.158679
0.426498 0.423093 0.153742
0.421030 0.425325 0.148366
0.427806 0.417212 0.164181
0.433172 0.415096 0.169701
0.437355 0.418751 0.164723
0.431944 0.420906 0.159205
0.378363 0.438659 0.118031
0.382347 0.443126 0.113763
0.376772 0.446051 0.109289
0.383918 0.435916 0.122711
0.389459 0.433272 0.127510
0.393466 0.437566 0.123079
0.387913 0.440297 0.118361
0.409771 0.476333 0.084648
0.413623 0.481387 0.080621
0.407997 0.485013 0.076900
0.415395 0.472868 0.088605
0.421017 0.469474 0.092683
0.424874 0.474347 0.088438
0.419249 0.477831 0.084467
0.540945 0.314768 0.273328
0.545914 0.320255 0.272030
0.541032 0.325917 0.270306
0.545841 0.309468 0.274207
0.550750 0.304345 0.274693
0.555726 0.309442 0.274212
0.550813 0.314762 0.273327
0.580460 0.363191 0.248535
0.585169 0.369643 0.242713
0.580227 0.375732 0.237343
0.585379 0.356851 0.253001
0.590254 0.350521 0.256994
0.594954 0.357107 0.252105
0.590085 0.363394 0.247641
0.502433 0.362665 0.249504
0.507428 0.368537 0.244675
0.502750 0.374411 0.238978
0.507136 0.356413 0.254300
0.511884 0.350124 0.258558
0.516883 0.356218 0.254568
0.512136 0.362433 0.249878
0.464271 0.400011 0.203243
0.468769 0.403880 0.198274
0.463672 0.406773 0.192612
0.469251 0.396734 0.208977
0.474167 0.393129 0.214765
0.478780 0.397296 0.209713
0.473805 0.400735 0.203972
0.498597 0.429292 0.160705
0.502631 0.432876 0.154974
0.497169 0.435575 0.149583
0.503998 0.426647 0.166250
0.509361 0.423914 0.171796
0.513472 0.427444 0.165988
0.508068 0.430168 0.160458
0.333631 0.463622 0.085240
0.337560 0.468709 0.081631
0.331935 0.472192 0.078183
0.339241 0.460264 0.088882
0.344846 0.456962 0.092648
0.348788 0.461912 0.088885
0.343177 0.465282 0.085196
0.462600 0.659901 0.011484
0.467180 0.665996 0.010959
0.462040 0.671513 0.010566
0.467800 0.654386 0.012008
0.473027 0.648885 0.012591
0.477542 0.654997 0.011921
0.472347 0.660491 0.011411
0.395720 0.555030 0.034601
0.399631 0.561544 0.032197
0.394081 0.566484 0.030231
0.401292 0.550311 0.036761
0.406876 0.545677 0.039011
0.410765 0.551956 0.036399
0.405192 0.556705 0.034252
0.485459 0.487344 0.082100
0.489282 0.492300 0.077738
0.483658 0.496131 0.074034
0.491090 0.483672 0.086049
0.496719 0.480063 0.090099
0.500534 0.484829 0.085466
0.494908 0.488533 0.081550
0.440494 0.519142 0.054615
0.444350 0.524862 0.051316
0.438746 0.529234 0.048556
0.446105 0.514928 0.057626
0.451718 0.510781 0.060763
0.455568 0.516309 0.057213
0.449958 0.520552 0.054202
0.471811 0.566623 0.031707
0.475833 0.572773 0.029408
0.470301 0.577816 0.027591
0.477370 0.561721 0.033740
0.482938 0.556884 0.035869
0.486932 0.562879 0.033332
0.481377 0.567795 0.031322
0.637098 0.501903 0.067747
0.641136 0.506791 0.063685
0.635613 0.510943 0.060785
0.642625 0.497852 0.070817
0.648151 0.493851 0.073922
0.652183 0.498647 0.069615
0.646659 0.502693 0.066632
0.592870 0.536277 0.045465
0.596954 0.541625 0.042382
0.591430 0.546255 0.040084
0.598400 0.531770 0.047983
0.603930 0.527327 0.050586
0.608000 0.532554 0.047250
0.602477 0.537058 0.044773
0.626172 0.580009 0.025121
0.630444 0.585604 0.023214
0.625002 0.590637 0.021829
0.631636 0.575073 0.026703
0.637107 0.570196 0.028368
0.641356 0.575691 0.026236
0.635896 0.580620 0.024684
0.574031 0.434882 0.154905
0.577966 0.438482 0.148436
0.572536 0.441623 0.143478
0.579427 0.431769 0.159995
0.584777 0.428568 0.165006
0.588759 0.432133 0.158405
0.583377 0.435323 0.153438
0.530184 0.459729 0.116026
0.534053 0.463882 0.110710
0.528505 0.467216 0.106315
0.535708 0.456539 0.120618
0.541223 0.453393 0.125287
0.545114 0.457370 0.119719
0.539589 0.460603 0.115179
0.561056 0.495573 0.076218
0.564951 0.500433 0.071803
0.559370 0.504499 0.068419
0.566644 0.491639 0.079826
0.572229 0.487754 0.083506
0.576114 0.492455 0.078812
0.570534 0.496419 0.075270
0.615885 0.406496 0.194206
0.620037 0.410577 0.187158
0.614938 0.414447 0.182386
0.620902 0.402347 0.199094
0.625871 0.398101 0.204035
0.630109 0.402588 0.196822
0.625096 0.406621 0.191968
0.648682 0.437345 0.139676
0.652733 0.441256 0.133232
0.647330 0.444721 0.129072
0.654058 0.433911 0.143948
0.659406 0.430469 0.148200
0.663526 0.434371 0.141580
0.658136 0.437812 0.137414
0.605372 0.465444 0.106472
0.609305 0.469679 0.101054
0.603818 0.473361 0.097237
0.610830 0.461858 0.110452
0.616271 0.458298 0.114481
0.620225 0.462418 0.108828
0.614773 0.466034 0.104917
0.670015 0.542343 0.039986
0.674210 0.547569 0.037218
0.668725 0.552085 0.035196
0.675508 0.537938 0.042175
0.681002 0.533598 0.044423
0.685188 0.538740 0.041459
0.679698 0.543121 0.039307
0.516394 0.529101 0.050660
0.520342 0.534626 0.047360
0.514773 0.539187 0.044769
0.521971 0.524688 0.053501
0.527548 0.520342 0.056449
0.531484 0.525700 0.052871
0.525912 0.530130 0.050062
0.427795 0.608372 0.019016
0.431963 0.615083 0.017702
0.426547 0.620697 0.016673
0.433250 0.602877 0.020249
0.438718 0.597475 0.021583
0.442846 0.604057 0.020016
0.437397 0.609529 0.018808
0.500398 0.706511 0.009291
0.505249 0.712014 0.009216
0.500271 0.717317 0.009166
0.505385 0.701144 0.009350
0.510373 0.695788 0.009415
0.515210 0.701339 0.009323
0.510229 0.706681 0.009268
0.364780 0.506420 0.057523
0.368644 0.512157 0.054334
0.363021 0.516268 0.051573
0.370405 0.502446 0.060489
0.376028 0.498530 0.063568
0.379884 0.504103 0.060178
0.374265 0.508101 0.057201
0.540621 0.404138 0.204927
0.545040 0.408403 0.198958
0.539882 0.411989 0.193495
0.545685 0.400129 0.210444
0.550717 0.395864 0.215971
0.555243 0.400586 0.209872
0.550160 0.404613 0.204417
0.454570 0.450822 0.119396
0.458495 0.455065 0.114585
0.452915 0.458078 0.109964
0.460126 0.447983 0.124213
0.465669 0.445211 0.129133
0.469620 0.449260 0.124129
0.464063 0.452127 0.119308
0.582842 0.621148 0.015584
0.587241 0.626987 0.014608
0.581909 0.632287 0.013914
0.588214 0.615872 0.016458
0.593599 0.610630 0.017427
0.597963 0.616431 0.016215
0.592595 0.621694 0.015364
0.673004 0.461948 0.103692
0.671592 0.470033 0.094936
0.667543 0.465610 0.100168
0.677061 0.466329 0.098346
0.675649 0.474537 0.089892
0.705735 0.499053 0.066274
0.704368 0.507896 0.059897
0.700221 0.502989 0.063626
0.709883 0.503935 0.062455
0.708531 0.512833 0.056333
0.540442 0.562942 0.033169
0.539026 0.573667 0.028905
0.534912 0.567846 0.031196
0.544541 0.568704 0.030761
0.543173 0.579510 0.026758
0.496482 0.603741 0.020032
0.495307 0.615326 0.017528
0.491043 0.609093 0.018836
0.500726 0.609927 0.018596
0.499609 0.621536 0.016367
0.531576 0.652121 0.011951
0.530994 0.663282 0.010926
0.526380 0.657489 0.011455
0.536157 0.657929 0.011357
0.535646 0.669022 0.010471
0.414082 0.411760 0.168375
0.412846 0.417613 0.158074
0.408715 0.413776 0.162883
0.418258 0.415552 0.163566
0.416949 0.421460 0.153228
0.370359 0.429866 0.126644
0.368810 0.436993 0.117685
0.364812 0.432535 0.121921
0.374366 0.434241 0.122325
0.372797 0.441497 0.113474
0.402026 0.466466 0.092834
0.400283 0.474808 0.084785
0.396407 0.469827 0.088792
0.405906 0.471362 0.088723
0.404145 0.479869 0.080817
0.531026 0.304359 0.274687
0.531086 0.314769 0.273324
0.526125 0.309480 0.274208
0.535981 0.309472 0.274206
0.536058 0.320251 0.272033
0.570788 0.350313 0.258204
0.570723 0.363046 0.249220
0.565849 0.356621 0.254197
0.575664 0.356727 0.253693
0.575522 0.369446 0.243601
0.492532 0.351038 0.257785
0.492823 0.363078 0.248942
0.487909 0.357423 0.253250
0.497461 0.356812 0.253865
0.497778 0.368768 0.244192
0.455142 0.392093 0.212902
0.454741 0.399168 0.202420
0.450215 0.395281 0.207194
0.459726 0.396080 0.208117
0.459229 0.403002 0.197560
0.490373 0.422250 0.171967
0.489111 0.428338 0.160817
0.485015 0.424816 0.166378
0.494512 0.425772 0.166384
0.493157 0.431923 0.155199
0.325725 0.453616 0.092521
0.324075 0.461938 0.085279
0.320126 0.456895 0.088861
0.329684 0.458594 0.088871
0.328011 0.467035 0.081718
0.453584 0.647484 0.012787
0.452864 0.659266 0.011555
0.448347 0.653028 0.012174
0.458068 0.653730 0.012092
0.457428 0.665428 0.011020
0.387949 0.542282 0.039747
0.386257 0.553289 0.034948
0.382370 0.546837 0.037476
0.391827 0.548604 0.037120
0.390159 0.559844 0.032530
0.477820 0.477675 0.091111
0.476006 0.486109 0.082586
0.472185 0.481218 0.087005
0.481640 0.482468 0.086563
0.479829 0.491080 0.078259
0.432807 0.507935 0.061563
0.431034 0.517680 0.055022
0.427191 0.512022 0.058430
0.436647 0.513498 0.058033
0.434885 0.523418 0.051729
0.463858 0.554432 0.036700
0.462257 0.565392 0.032085
0.458283 0.559234 0.034529
0.467821 0.560506 0.034139
0.466263 0.571589 0.029770
0.629094 0.492306 0.076414
0.627553 0.501122 0.068848
0.623561 0.496301 0.073152
0.633085 0.497073 0.071990
0.631570 0.506004 0.064727
0.584774 0.525733 0.052149
0.583273 0.535487 0.046163
0.579230 0.530177 0.049460
0.588811 0.530978 0.048720
0.587340 0.540848 0.043037
0.617705 0.568897 0.029349
0.616458 0.579383 0.025555
0.612224 0.573790 0.027626
0.621926 0.574440 0.027166
0.620718 0.584999 0.023623
0.566065 0.427730 0.167835
0.564663 0.434367 0.156193
0.560687 0.430796 0.162600
0.570072 0.431319 0.161392
0.568607 0.437976 0.149792
0.522406 0.451691 0.126868
0.520777 0.458819 0.116779
0.516891 0.454755 0.122114
0.526302 0.455667 0.121414
0.524647 0.462971 0.111511
0.553320 0.486074 0.085497
0.551586 0.494687 0.077119
0.547724 0.489893 0.081694
0.557180 0.490785 0.080786
0.555467 0.499558 0.072692
0.607454 0.397686 0.208389
0.606659 0.406452 0.196351
0.602427 0.402119 0.203313
0.611702 0.402224 0.201301
0.610826 0.410538 0.189363
0.640560 0.429692 0.152865
0.639269 0.436933 0.141846
0.635243 0.433149 0.148417
0.644628 0.433495 0.146228
0.643295 0.440786 0.135378
0.597538 0.457305 0.117791
0.595987 0.464871 0.108005
0.592080 0.460787 0.113616
0.601450 0.461318 0.112051
0.599897 0.469061 0.102542
0.661669 0.531983 0.045954
0.660340 0.541577 0.040668
0.656170 0.536368 0.043621
0.665834 0.537147 0.042895
0.664526 0.546817 0.037862
0.508563 0.518238 0.057712
0.506885 0.528029 0.051242
0.502972 0.522538 0.054704
0.512469 0.523638 0.054112
0.510818 0.533580 0.047929
0.419579 0.594915 0.022085
0.418207 0.607178 0.019217
0.414100 0.600370 0.020698
0.423668 0.601646 0.020477
0.422352 0.613969 0.017882
0.490734 0.695312 0.009477
0.490568 0.706327 0.009312
0.485737 0.700718 0.009402
0.495559 0.700941 0.009377
0.495413 0.711862 0.009234
0.357040 0.495224 0.064131
0.355282 0.504723 0.057838
0.351407 0.499089 0.061086
0.360913 0.500777 0.060792
0.359153 0.510448 0.054664
0.531556 0.395100 0.216637
0.531076 0.403705 0.205248
0.526560 0.399334 0.211013
0.536127 0.399711 0.210817
0.535516 0.407916 0.199412
0.446657 0.442584 0.129109
0.445071 0.449468 0.119433
0.441118 0.445287 0.124212
0.450624 0.446663 0.124238
0.449004 0.453730 0.114682
0.574124 0.609461 0.017953
0.573094 0.620597 0.015801
0.568730 0.614729 0.016934
0.578469 0.615305 0.016698
0.577485 0.626458 0.014806
0.722683 0.551457 0.034033
0.717193 0.555830 0.032135
0.728179 0.547154 0.035981
0.711711 0.560270 0.030297
0.706240 0.564781 0.028527
0.744706 0.534629 0.042047
0.739191 0.538743 0.039995
0.750224 0.530572 0.044119
0.733682 0.542916 0.037971
0.554430 0.712618 0.009115
0.549473 0.717809 0.009085
0.559386 0.707418 0.009145
0.544517 0.722976 0.009056
0.539562 0.728109 0.009029
0.574267 0.691843 0.009269
0.569296 0.697026 0.009205
0.579262 0.686662 0.009381
0.564342 0.702217 0.009175
0.323129 0.519211 0.047234
0.460795 0.727470 0.009102
0.386905 0.629264 0.015075
0.636093 0.629612 0.013584
0.630772 0.634858 0.013001
0.641436 0.624352 0.014216
0.625483 0.640079 0.012452
0.620226 0.645280 0.011941
0.657523 0.608716 0.016630
0.652152 0.613895 0.015739
0.662903 0.603581 0.017606
0.646789 0.619110 0.014934
0.679085 0.588509 0.021043
0.673684 0.593472 0.019812
0.684494 0.583614 0.022361
0.668289 0.598498 0.018666
0.700784 0.569372 0.026848
0.695342 0.574042 0.025261
0.689913 0.578791 0.023766
0.422551 0.681044 0.010062
0.514831 0.753055 0.008940
0.509896 0.757941 0.008934
0.519770 0.748150 0.008950
0.504964 0.762829 0.008934
0.500038 0.767734 0.008940
0.534610 0.733195 0.009004
0.529660 0.738230 0.008982
0.524713 0.743213 0.008964
0.354565 0.571489 0.027343
0.594408 0.671142 0.010003
0.589332 0.676310 0.009749
0.599512 0.665976 0.010304
0.584284 0.681484 0.009541
0.615002 0.650466 0.011469
0.609809 0.655641 0.011038
0.604646 0.660810 0.010649
0.303693 0.490422 0.062463
0.299809 0.484918 0.065687
0.307576 0.496002 0.059289
0.295923 0.479484 0.068954
0.292033 0.474114 0.072257
0.319233 0.513272 0.050137
0.315345 0.507420 0.053119
0.311460 0.501665 0.056172
0.436703 0.699229 0.009510
0.431947 0.693240 0.009633
0.441482 0.705109 0.009405
0.427226 0.687180 0.009811
0.455941 0.722034 0.009161
0.451103 0.716500 0.009231
0.446282 0.710862 0.009313
0.366460 0.593254 0.021720
0.362480 0.585932 0.023462
0.370459 0.600608 0.020120
0.358517 0.578669 0.025338
0.382700 0.622355 0.016149
0.378561 0.615257 0.017345
0.374488 0.607968 0.018666
0.399881 0.649293 0.012508
0.395500 0.642711 0.013262
0.404316 0.655791 0.011849
0.391173 0.636038 0.014115
0.417921 0.674836 0.010388
0.413337 0.668559 0.010793
0.408802 0.662211 0.011279
0.475438 0.743214 0.008981
0.470544 0.738059 0.009012
0.480341 0.748277 0.008958
0.465663 0.732811 0.009052
0.495103 0.762965 0.008935
0.490175 0.758143 0.008936
0.485253 0.753251 0.008944
0.334881 0.537652 0.039048
0.330956 0.531375 0.041686
0.338811 0.544086 0.036504
0.327038 0.525237 0.044416
0.350620 0.564417 0.029468
0.346681 0.557478 0.031708
0.342745 0.550695 0.034056
