0.585463 0.597996 0.021035
0.584299 0.609039 0.018320
0.580011 0.603179 0.019764
0.459255 0.437534 0.143712
0.457701 0.443797 0.133388
0.453745 0.439931 0.138506
0.542249 0.388788 0.235005
0.542066 0.398275 0.222947
0.537413 0.393525 0.229081
0.369724 0.485504 0.073544
0.367916 0.494615 0.066603
0.364082 0.489169 0.070179
0.500933 0.683833 0.009882
0.500659 0.695043 0.009527
0.495878 0.689305 0.009692
0.431355 0.582315 0.026181
0.429858 0.594270 0.022712
0.425833 0.587551 0.024532
0.520869 0.508670 0.066339
0.519122 0.518040 0.059171
0.515259 0.512757 0.063024
0.673600 0.522760 0.053070
0.672214 0.532079 0.047238
0.668081 0.526973 0.050505
0.609540 0.450874 0.130504
0.608071 0.458062 0.120086
0.604146 0.454229 0.126071
0.651942 0.424025 0.167505
0.650891 0.431100 0.155977
0.646740 0.427426 0.162854
0.617743 0.390988 0.225917
0.617231 0.400315 0.213057
0.612929 0.395705 0.220494
0.565706 0.478240 0.096404
0.563968 0.486388 0.087411
0.560127 0.481840 0.092364
0.534720 0.446216 0.140774
0.533141 0.452824 0.130010
0.529245 0.449056 0.135725
0.577676 0.423043 0.183455
0.576519 0.429670 0.171519
0.572456 0.426208 0.178157
0.629437 0.558374 0.034443
0.628090 0.568623 0.030086
0.623917 0.563119 0.032466
0.596886 0.516196 0.059979
0.595320 0.525609 0.053354
0.591323 0.520452 0.057015
0.641238 0.484149 0.086276
0.639701 0.492634 0.078140
0.635726 0.487982 0.082795
0.475980 0.543295 0.042939
0.474281 0.553936 0.037722
0.470371 0.547923 0.040502
0.445304 0.498318 0.070793
0.443468 0.507617 0.063537
0.439668 0.502175 0.067323
0.490425 0.470129 0.102893
0.488596 0.478012 0.093724
0.484802 0.473393 0.098525
0.400260 0.531119 0.046461
0.398475 0.541715 0.041081
0.394645 0.535491 0.043926
0.464563 0.635049 0.014621
0.463656 0.646935 0.013022
0.459248 0.640587 0.013843
0.338655 0.445436 0.104432
0.336968 0.453341 0.096519
0.333040 0.448481 0.100395
0.502283 0.418522 0.188485
0.501257 0.424572 0.177023
0.497067 0.421171 0.182784
0.466013 0.387551 0.231654
0.465963 0.395342 0.220525
0.461302 0.391348 0.225552
0.502411 0.341324 0.274372
0.502739 0.353616 0.267065
0.497744 0.347728 0.270780
0.580978 0.340794 0.274059
0.580974 0.353479 0.266578
0.576110 0.347070 0.270826
0.541209 0.297205 0.284763
0.541238 0.307131 0.284513
0.536287 0.302149 0.284700
0.414791 0.458775 0.105021
0.413023 0.466573 0.096295
0.409173 0.461833 0.100655
0.383225 0.424321 0.141487
0.381687 0.430803 0.131854
0.377704 0.426606 0.136421
0.426357 0.408946 0.185214
0.425322 0.414408 0.174624
0.421117 0.410785 0.179606
0.542338 0.640433 0.013436
0.541578 0.651696 0.012098
0.537064 0.645808 0.012801
0.508012 0.591753 0.023588
0.506698 0.603181 0.020490
0.502517 0.596987 0.022128
0.552350 0.552054 0.038810
0.550829 0.562525 0.033969
0.546782 0.556808 0.036586
0.717746 0.491034 0.074950
0.716370 0.499671 0.068076
0.712237 0.494847 0.072118
0.684946 0.454959 0.115338
0.683583 0.462753 0.105962
0.679517 0.458501 0.111571
0.589733 0.603825 0.019469
0.463226 0.441303 0.138498
0.546963 0.393859 0.228795
0.373557 0.490864 0.069875
0.505683 0.689601 0.009651
0.435364 0.588950 0.024236
0.524726 0.513859 0.062347
0.677730 0.527820 0.049701
0.613482 0.454655 0.124394
0.656146 0.427730 0.160530
0.622073 0.395909 0.218360
0.569558 0.482687 0.091330
0.538631 0.449909 0.134926
0.581780 0.426569 0.176758
0.633601 0.563820 0.031952
0.600877 0.521284 0.056189
0.645227 0.488746 0.081502
0.479883 0.549223 0.040042
0.449101 0.503657 0.066884
0.494232 0.474634 0.097983
0.404084 0.537239 0.043514
0.468936 0.641397 0.013720
0.342585 0.450224 0.100469
0.506530 0.421987 0.182705
0.470742 0.391736 0.226570
0.507416 0.347222 0.271124
0.585815 0.347124 0.270324
0.546145 0.302144 0.284702
0.418651 0.463409 0.100564
0.387220 0.428429 0.136835
0.430612 0.412547 0.180237
0.546817 0.646330 0.012665
0.512172 0.597894 0.021824
0.556388 0.557703 0.036078
0.721889 0.495838 0.070798
0.689022 0.459172 0.109608
0.679345 0.487341 0.080616
0.683409 0.492050 0.076121
0.677893 0.495929 0.073084
0.684842 0.483542 0.083803
0.701277 0.472358 0.093582
0.705379 0.476925 0.088628
0.699899 0.480655 0.085448
0.712267 0.526326 0.049704
0.716438 0.531352 0.046557
0.710919 0.535508 0.044269
0.717789 0.522268 0.052109
0.734364 0.510408 0.059466
0.738536 0.515309 0.056008
0.733010 0.519242 0.053614
0.546662 0.595170 0.022298
0.550885 0.601129 0.020636
0.545434 0.606379 0.019391
0.552145 0.590013 0.023768
0.568669 0.574836 0.028752
0.572823 0.580597 0.026604
0.567320 0.585658 0.024968
0.503383 0.638041 0.014039
0.507822 0.644121 0.013203
0.502558 0.649587 0.012574
0.508713 0.632586 0.014799
0.524872 0.616301 0.017442
0.529175 0.622415 0.016284
0.523794 0.627827 0.015429
0.540131 0.685071 0.009678
0.544910 0.690678 0.009475
0.539913 0.695999 0.009381
0.545185 0.679723 0.009889
0.560510 0.663718 0.010837
0.565156 0.669410 0.010383
0.560055 0.674719 0.010078
0.421270 0.431467 0.143097
0.425268 0.435384 0.138186
0.419745 0.437741 0.133119
0.426761 0.429291 0.148361
0.443121 0.423104 0.164792
0.447199 0.426628 0.159509
0.441742 0.428743 0.154006
0.376780 0.452266 0.104857
0.380679 0.456966 0.100660
0.375057 0.460106 0.096516
0.382386 0.449307 0.109219
0.399138 0.441039 0.123056
0.403081 0.445365 0.118517
0.397497 0.448110 0.113867
0.407560 0.492120 0.072351
0.411363 0.497496 0.068540
0.405725 0.501346 0.065206
0.413200 0.488437 0.075926
0.430121 0.477838 0.087398
0.433922 0.482823 0.083121
0.428282 0.486378 0.079289
0.541571 0.340743 0.274764
0.546557 0.346944 0.271437
0.541754 0.353173 0.267630
0.546409 0.334711 0.277555
0.561084 0.317533 0.283060
0.566098 0.323037 0.281628
0.561179 0.328802 0.279824
0.580473 0.390030 0.232359
0.584990 0.395154 0.225458
0.580039 0.399721 0.219861
0.585374 0.384773 0.238139
0.599885 0.366903 0.254893
0.604441 0.373475 0.248283
0.599644 0.379377 0.242664
0.503911 0.388007 0.234716
0.508718 0.392765 0.228978
0.503900 0.397004 0.222982
0.508602 0.383025 0.240848
0.522533 0.365589 0.258377
0.527560 0.371724 0.253077
0.522893 0.377598 0.247217
0.464361 0.414712 0.187521
0.468639 0.418156 0.182209
0.463359 0.420368 0.176490
0.469526 0.412315 0.193271
0.484633 0.403814 0.210747
0.489140 0.407638 0.205301
0.484108 0.410592 0.199491
0.497099 0.442456 0.143118
0.501038 0.446165 0.137555
0.495531 0.448856 0.132524
0.502572 0.439878 0.148369
0.518869 0.432125 0.164806
0.522870 0.435555 0.158722
0.517440 0.438211 0.153249
0.331727 0.478633 0.074592
0.335589 0.483976 0.071052
0.329925 0.487631 0.067862
0.337380 0.475115 0.077957
0.354297 0.464924 0.088727
0.358171 0.469951 0.084869
0.352534 0.473365 0.081242
0.461807 0.682208 0.010061
0.466507 0.688217 0.009805
0.461463 0.693766 0.009654
0.466907 0.676644 0.010345
0.482366 0.660018 0.011572
0.486940 0.666082 0.011029
0.481791 0.671603 0.010632
0.393392 0.576085 0.027422
0.397331 0.583012 0.025391
0.391810 0.588428 0.023756
0.398935 0.570929 0.029264
0.415634 0.556141 0.035338
0.419523 0.562605 0.032851
0.413957 0.567545 0.030847
0.483063 0.503869 0.068879
0.486882 0.509138 0.064896
0.481254 0.513207 0.061604
0.488697 0.499975 0.072423
0.505600 0.488715 0.083709
0.509398 0.493582 0.079167
0.503770 0.497369 0.075437
0.438054 0.537647 0.044744
0.441905 0.543695 0.041818
0.436296 0.548310 0.039432
0.443672 0.533184 0.047340
0.460541 0.520182 0.055853
0.464377 0.525853 0.052420
0.458755 0.530215 0.049596
0.469558 0.587529 0.024895
0.473641 0.593911 0.023036
0.468150 0.599212 0.021606
0.475083 0.582367 0.026555
0.491739 0.567284 0.032140
0.495753 0.573375 0.029783
0.490204 0.578412 0.027946
0.635138 0.519458 0.056525
0.639203 0.524526 0.052942
0.633672 0.528854 0.050281
0.640672 0.515248 0.059372
0.657266 0.502976 0.068228
0.661319 0.507845 0.064172
0.655792 0.511923 0.061286
0.590818 0.555376 0.036625
0.594922 0.560915 0.034015
0.589387 0.565745 0.032036
0.596361 0.550665 0.038795
0.612989 0.536907 0.045871
0.617069 0.542216 0.042773
0.611533 0.546798 0.040446
0.624372 0.600545 0.019730
0.628681 0.606305 0.018255
0.623260 0.611490 0.017208
0.629822 0.595431 0.020987
0.646231 0.580368 0.025294
0.650482 0.585954 0.023347
0.645019 0.590969 0.021942
0.572220 0.449082 0.136664
0.576125 0.452766 0.130600
0.570660 0.455909 0.125937
0.577652 0.446028 0.141540
0.593799 0.436781 0.156532
0.597743 0.440194 0.149820
0.592378 0.443367 0.144931
0.528064 0.474580 0.100158
0.531872 0.479037 0.095118
0.526264 0.482585 0.090994
0.533641 0.471212 0.104469
0.550277 0.461476 0.117842
0.554141 0.465516 0.112324
0.548598 0.468805 0.107919
0.558792 0.512735 0.063359
0.562716 0.517858 0.059433
0.557130 0.522131 0.056405
0.564384 0.508610 0.066619
0.581154 0.496574 0.076918
0.585053 0.501365 0.072423
0.579471 0.505403 0.069055
0.614750 0.423497 0.176297
0.618819 0.426970 0.169336
0.613618 0.430370 0.164495
0.619865 0.419947 0.181205
0.634958 0.408864 0.196133
0.639224 0.412778 0.188872
0.634185 0.416406 0.183942
0.647039 0.452631 0.123332
0.651071 0.456654 0.117369
0.645645 0.460162 0.113374
0.652439 0.449195 0.127499
0.668600 0.439013 0.140206
0.672699 0.442873 0.133700
0.667306 0.446291 0.129553
0.603403 0.481245 0.091577
0.607313 0.485740 0.086586
0.601765 0.489569 0.082953
0.608917 0.477541 0.095372
0.625345 0.466675 0.107057
0.629310 0.470898 0.101611
0.623838 0.474546 0.097782
0.668185 0.561203 0.032248
0.672386 0.566571 0.029845
0.666903 0.571304 0.028088
0.673686 0.556600 0.034198
0.690203 0.543208 0.040490
0.694381 0.548394 0.037692
0.688876 0.552831 0.035620
0.514075 0.548076 0.040927
0.518041 0.553860 0.038093
0.512460 0.558644 0.035874
0.519663 0.543426 0.043353
0.536427 0.529869 0.051289
0.540373 0.535338 0.047922
0.534790 0.539872 0.045306
0.425966 0.631233 0.015170
0.430264 0.637849 0.014202
0.424960 0.643500 0.013431
0.431336 0.625613 0.016098
0.447611 0.608904 0.019289
0.451772 0.615546 0.017945
0.446350 0.621105 0.016911
0.500204 0.727732 0.009093
0.505081 0.732982 0.009045
0.500118 0.738100 0.009012
0.505180 0.722492 0.009138
0.520127 0.706502 0.009298
0.524973 0.712005 0.009220
0.519996 0.717318 0.009171
0.362486 0.523926 0.048069
0.366327 0.530019 0.045123
0.360708 0.534362 0.042641
0.368119 0.519739 0.050725
0.385015 0.507524 0.059292
0.388824 0.513279 0.055932
0.383197 0.517376 0.053076
0.540104 0.421067 0.187362
0.544292 0.424631 0.181136
0.538998 0.427480 0.175546
0.545298 0.417977 0.192973
0.560609 0.407579 0.209771
0.564988 0.411702 0.203280
0.559888 0.415215 0.197769
0.452647 0.464802 0.104374
0.456473 0.469367 0.099683
0.450838 0.472619 0.095364
0.458257 0.461753 0.108890
0.475007 0.453109 0.123033
0.478892 0.457221 0.117937
0.473310 0.460137 0.113240
0.581352 0.642501 0.012824
0.585860 0.648281 0.012112
0.580638 0.653547 0.011603
0.586643 0.637217 0.013448
0.602706 0.621364 0.015631
0.607082 0.627223 0.014635
0.601725 0.632497 0.013933
0.663170 0.469276 0.100511
0.661727 0.477370 0.091764
0.657702 0.472934 0.096905
0.667205 0.473664 0.095255
0.673838 0.491180 0.077466
0.695681 0.506508 0.063778
0.694286 0.515426 0.057382
0.690161 0.510487 0.061045
0.699807 0.511413 0.060020
0.706747 0.530446 0.047334
0.530109 0.571425 0.030442
0.528672 0.582392 0.026443
0.524568 0.576418 0.028580
0.534196 0.577339 0.028183
0.541193 0.600378 0.020929
0.486126 0.613045 0.018370
0.484964 0.624883 0.016180
0.480695 0.618519 0.017328
0.490367 0.619395 0.017120
0.498083 0.643515 0.013336
0.521415 0.662016 0.011218
0.520906 0.673287 0.010368
0.516255 0.667450 0.010799
0.526033 0.667869 0.010719
0.535102 0.690422 0.009521
0.405091 0.416176 0.162858
0.403706 0.421930 0.152464
0.399662 0.418073 0.157364
0.409158 0.419956 0.157898
0.415762 0.433721 0.137934
0.361041 0.434090 0.121939
0.359405 0.441338 0.113138
0.355459 0.436789 0.117363
0.364994 0.438554 0.117628
0.371166 0.455316 0.100626
0.392279 0.471522 0.088256
0.390475 0.480012 0.080425
0.386641 0.474910 0.084383
0.396115 0.476538 0.084200
0.401921 0.495873 0.068902
0.521606 0.317623 0.283066
0.521742 0.328846 0.279841
0.516752 0.323209 0.281675
0.526586 0.323109 0.281687
0.536760 0.346891 0.271464
0.561451 0.366079 0.258013
0.561504 0.378418 0.246543
0.556626 0.372231 0.252710
0.566343 0.372450 0.252276
0.575550 0.394906 0.226650
0.484133 0.366934 0.256369
0.484611 0.378049 0.245253
0.479666 0.372903 0.250466
0.489095 0.372391 0.251433
0.499172 0.392547 0.228636
0.446725 0.400369 0.207887
0.446141 0.406410 0.197191
0.441727 0.402784 0.202156
0.451197 0.404043 0.202919
0.459134 0.416955 0.181799
0.481099 0.428300 0.165679
0.479694 0.434099 0.154471
0.475678 0.430577 0.160025
0.485143 0.431738 0.160016
0.491605 0.445055 0.137964
0.316189 0.457986 0.089092
0.314451 0.466404 0.081964
0.310563 0.461270 0.085568
0.320089 0.463052 0.085426
0.326065 0.482209 0.071328
0.443480 0.657322 0.011891
0.442820 0.669281 0.010864
0.438280 0.662943 0.011371
0.447989 0.663666 0.011307
0.456732 0.687782 0.009840
0.377863 0.549052 0.036864
0.376157 0.560548 0.032237
0.372286 0.553792 0.034677
0.381719 0.555668 0.034318
0.387860 0.581380 0.025669
0.467869 0.483633 0.085950
0.466017 0.492225 0.077687
0.462224 0.487191 0.081975
0.471661 0.488563 0.081528
0.477430 0.507836 0.065448
0.422767 0.514178 0.057661
0.420948 0.524161 0.051396
0.417136 0.518321 0.054685
0.426576 0.519921 0.054248
0.432439 0.542165 0.042249
0.453580 0.562210 0.033769
0.451964 0.573487 0.029414
0.448004 0.567118 0.031722
0.457525 0.568490 0.031343
0.464048 0.592763 0.023337
0.619108 0.499765 0.072620
0.617533 0.508679 0.065180
0.613557 0.503790 0.069349
0.623080 0.504594 0.068324
0.629603 0.523727 0.053745
0.574623 0.533615 0.048646
0.573076 0.543574 0.042917
0.569055 0.538133 0.046036
0.578639 0.538983 0.045387
0.585274 0.560147 0.034534
0.607386 0.577737 0.027042
0.606112 0.588439 0.023482
0.601890 0.582727 0.025406
0.611593 0.583403 0.025002
0.618936 0.605698 0.018564
0.556474 0.434977 0.161968
0.555013 0.441299 0.150217
0.551063 0.437793 0.156530
0.560438 0.438431 0.155504
0.566764 0.452144 0.131855
0.512723 0.457783 0.121141
0.511023 0.464940 0.111215
0.507180 0.460779 0.116460
0.516580 0.461835 0.115785
0.522470 0.478019 0.095922
0.543312 0.492985 0.080648
0.541544 0.501723 0.072507
0.537699 0.496812 0.076918
0.547152 0.497805 0.076095
0.553200 0.516921 0.060192
0.598099 0.408663 0.204476
0.597272 0.416382 0.192270
0.593058 0.412552 0.199212
0.602344 0.412639 0.197432
0.609594 0.426968 0.171404
0.630928 0.437510 0.148879
0.629605 0.444509 0.137684
0.625605 0.440847 0.144195
0.634949 0.441147 0.142238
0.641631 0.456096 0.119199
0.587814 0.464356 0.113095
0.586203 0.471917 0.103397
0.582319 0.467764 0.108852
0.591707 0.468415 0.107504
0.597867 0.484999 0.087834
0.651524 0.540019 0.043171
0.650153 0.549803 0.038037
0.646004 0.544506 0.040867
0.655668 0.545267 0.040227
0.662690 0.565880 0.030379
0.498424 0.525425 0.053740
0.496699 0.535457 0.047577
0.492812 0.529788 0.050869
0.502306 0.531000 0.050306
0.508485 0.552786 0.038592
0.409341 0.603913 0.020173
0.407965 0.616622 0.017588
0.403862 0.609629 0.018915
0.413417 0.610872 0.018736
0.420626 0.636897 0.014309
0.480833 0.705714 0.009395
0.480656 0.716753 0.009236
0.475829 0.711161 0.009320
0.485652 0.711364 0.009302
0.495233 0.732922 0.009053
0.347135 0.500528 0.060748
0.345317 0.510219 0.054596
0.341473 0.504431 0.057805
0.350975 0.506231 0.057450
0.356855 0.528165 0.045493
0.522642 0.405818 0.211497
0.522045 0.413174 0.199820
0.517626 0.409352 0.205700
0.527121 0.409820 0.205567
0.534864 0.424010 0.181741
0.437133 0.447502 0.123540
0.435465 0.454483 0.114012
0.431568 0.450181 0.118758
0.441044 0.451692 0.118699
0.447026 0.467939 0.099964
0.563742 0.618991 0.016539
0.562722 0.630277 0.014684
0.558351 0.624343 0.015668
0.568088 0.624928 0.015464
0.576094 0.647790 0.012250
0.570869 0.653088 0.011728
0.570287 0.664109 0.010738
0.565674 0.658399 0.011257
0.575447 0.658823 0.011145
0.580068 0.664514 0.010640
0.579636 0.675393 0.009926
0.574942 0.669775 0.010295
0.561838 0.641493 0.013131
0.566332 0.647313 0.012389
0.561103 0.652640 0.011853
0.567136 0.636157 0.013788
0.572467 0.630827 0.014498
0.576887 0.636684 0.013619
0.571593 0.641993 0.012978
0.552983 0.629706 0.014870
0.552087 0.640974 0.013284
0.547645 0.635067 0.014126
0.557388 0.635624 0.013957
0.556573 0.646831 0.012528
0.441395 0.471162 0.095661
0.439561 0.479346 0.087077
0.435759 0.474461 0.091470
0.445200 0.475945 0.091159
0.448996 0.480817 0.086726
0.447148 0.489384 0.078527
0.443356 0.484320 0.082760
0.433736 0.461867 0.104803
0.437576 0.466466 0.100213
0.431947 0.469664 0.095922
0.439340 0.458873 0.109293
0.444933 0.455968 0.113888
0.448800 0.460337 0.109110
0.443194 0.463357 0.104608
0.425989 0.452951 0.114076
0.424269 0.460338 0.104942
0.420397 0.455814 0.109496
0.429874 0.457363 0.109426
0.428119 0.464954 0.100416
0.529576 0.426821 0.176105
0.528281 0.432891 0.164303
0.524242 0.429515 0.170453
0.533659 0.430222 0.169929
0.537686 0.433620 0.163676
0.536238 0.439840 0.151987
0.532273 0.436334 0.158124
0.521211 0.419885 0.188182
0.525428 0.423382 0.182187
0.520146 0.426136 0.176525
0.526390 0.416878 0.193871
0.531522 0.413683 0.199572
0.535849 0.417425 0.193506
0.530662 0.420484 0.187847
0.512561 0.412635 0.199934
0.511751 0.419239 0.188393
0.507448 0.415685 0.194198
0.516922 0.416309 0.194096
0.515983 0.422718 0.182503
0.351224 0.532477 0.042993
0.349480 0.543346 0.037904
0.345597 0.536882 0.040568
0.355092 0.538796 0.040236
0.358963 0.545268 0.037576
0.357252 0.556779 0.032881
0.353364 0.549982 0.035339
0.343503 0.520233 0.048793
0.347361 0.526296 0.045847
0.341719 0.530575 0.043330
0.349159 0.516106 0.051473
0.354812 0.512032 0.054233
0.358649 0.517931 0.051105
0.353005 0.522087 0.048438
0.335803 0.508391 0.054948
0.333980 0.518361 0.049134
0.330124 0.512407 0.052170
0.339651 0.514265 0.051828
0.337847 0.524409 0.046186
0.490266 0.738065 0.009017
0.490206 0.748218 0.008963
0.485305 0.743169 0.008988
0.495159 0.743176 0.008985
0.500063 0.748182 0.008960
0.500037 0.758030 0.008937
0.495117 0.753168 0.008946
0.480517 0.727527 0.009112
0.485385 0.732849 0.009060
0.480416 0.738019 0.009022
0.485500 0.722245 0.009164
0.490488 0.716919 0.009221
0.495339 0.722376 0.009151
0.490360 0.727636 0.009103
0.470828 0.716574 0.009250
0.470677 0.727408 0.009121
0.465831 0.721947 0.009187
0.475664 0.722102 0.009176
0.475539 0.732765 0.009066
0.415314 0.642613 0.013516
0.414434 0.654955 0.012093
0.410029 0.648384 0.012793
0.419684 0.649202 0.012727
0.424107 0.655728 0.012034
0.423396 0.667898 0.010965
0.418890 0.661459 0.011485
0.406740 0.629230 0.015400
0.410999 0.635957 0.014405
0.405678 0.641745 0.013590
0.412127 0.623482 0.016382
0.417543 0.617769 0.017432
0.421726 0.624548 0.016245
0.416347 0.630229 0.015290
0.398399 0.615459 0.017735
0.397142 0.628239 0.015498
0.392962 0.621338 0.016623
0.402539 0.622411 0.016508
0.401381 0.635032 0.014489
0.502897 0.557556 0.036348
0.501313 0.568404 0.031717
0.497314 0.562388 0.034197
0.506882 0.563493 0.033748
0.510900 0.569459 0.031291
0.509414 0.580504 0.027192
0.505346 0.574444 0.029381
0.495007 0.545798 0.041958
0.498940 0.551657 0.039086
0.493346 0.556408 0.036816
0.500607 0.541187 0.044438
0.506207 0.536639 0.047023
0.510131 0.542335 0.043899
0.504536 0.546967 0.041447
0.487200 0.534222 0.048112
0.485488 0.544573 0.042456
0.481590 0.538726 0.045471
0.491094 0.539983 0.044963
0.489406 0.550468 0.039570
0.657201 0.570635 0.028597
0.655950 0.581000 0.024840
0.651714 0.575465 0.026902
0.661424 0.576115 0.026420
0.665666 0.581630 0.024379
0.664482 0.592164 0.021128
0.660207 0.586568 0.022915
0.648805 0.559785 0.033356
0.652994 0.565191 0.030910
0.647495 0.569966 0.029101
0.654316 0.555133 0.035354
0.659828 0.550550 0.037431
0.664001 0.555864 0.034776
0.658496 0.560492 0.032803
0.640481 0.549064 0.038642
0.639117 0.559082 0.033904
0.634959 0.553689 0.036500
0.644635 0.554409 0.035930
0.643296 0.564506 0.031436
0.592310 0.488808 0.084141
0.590629 0.497380 0.075861
0.586737 0.492667 0.080501
0.596202 0.493448 0.079373
0.600112 0.498176 0.074782
0.598483 0.507052 0.067122
0.594544 0.502177 0.071400
0.584552 0.479806 0.094133
0.588429 0.484259 0.089068
0.582860 0.488036 0.085299
0.590088 0.476173 0.098070
0.595601 0.472579 0.102042
0.599498 0.476856 0.096730
0.593975 0.480532 0.092875
0.576802 0.471208 0.104653
0.575128 0.479043 0.095305
0.571265 0.474698 0.100501
0.580676 0.475456 0.099330
0.578993 0.483491 0.090236
0.636214 0.459594 0.115103
0.634767 0.467284 0.105489
0.630786 0.463120 0.111054
0.640211 0.463705 0.109413
0.644211 0.467917 0.103887
0.642742 0.475910 0.094858
0.638752 0.471548 0.100090
0.628232 0.451681 0.126991
0.632221 0.455585 0.120962
0.626810 0.459060 0.116788
0.633610 0.448271 0.131349
0.638977 0.444877 0.135764
0.643006 0.448705 0.129464
0.637619 0.452133 0.125189
0.620269 0.444186 0.139566
0.618874 0.451262 0.128762
0.614915 0.447528 0.135002
0.624247 0.447881 0.133192
0.622840 0.455106 0.122691
0.604388 0.430351 0.166502
0.603079 0.436976 0.154748
0.599121 0.433621 0.161550
0.608373 0.433707 0.159641
0.612334 0.437105 0.152832
0.610963 0.443904 0.141414
0.607018 0.440389 0.148001
0.596280 0.423510 0.180249
0.600358 0.426968 0.173375
0.595124 0.430250 0.168357
0.601431 0.420036 0.185317
0.606532 0.416400 0.190380
0.610662 0.419993 0.183321
0.605539 0.423549 0.178359
0.587975 0.416235 0.193965
0.586990 0.423333 0.181951
0.582848 0.419726 0.188719
0.592154 0.419942 0.187116
0.591081 0.426831 0.175160
0.547609 0.521170 0.057122
0.545958 0.530869 0.050646
0.542018 0.525486 0.054153
0.551543 0.526467 0.053475
0.555501 0.531827 0.049991
0.553907 0.541810 0.044126
0.549921 0.536312 0.047303
0.539806 0.510784 0.064897
0.543697 0.515941 0.060931
0.538101 0.520168 0.057822
0.545408 0.506713 0.068246
0.551011 0.502705 0.071693
0.554891 0.507682 0.067447
0.549293 0.511781 0.064140
0.532088 0.500701 0.073288
0.530331 0.509747 0.065630
0.526478 0.504652 0.069761
0.535937 0.505703 0.069017
0.534205 0.514920 0.061649
0.516855 0.481527 0.091760
0.515023 0.489857 0.083006
0.511231 0.485093 0.087684
0.520646 0.486191 0.086950
0.524446 0.490942 0.082262
0.522644 0.499637 0.074038
0.518827 0.494705 0.078455
0.509263 0.472477 0.101660
0.513065 0.476952 0.096669
0.507443 0.480413 0.092477
0.514852 0.469198 0.106039
0.520421 0.465982 0.110499
0.524248 0.470229 0.105288
0.518666 0.473557 0.100939
0.501615 0.463829 0.111861
0.499849 0.471331 0.102317
0.496029 0.466943 0.107339
0.505447 0.468103 0.106727
0.503653 0.475822 0.097361
0.561287 0.455224 0.127115
0.559666 0.462275 0.116797
0.555791 0.458332 0.122443
0.565173 0.459076 0.121335
0.569053 0.463021 0.115661
0.567400 0.470455 0.105819
0.563535 0.466315 0.111253
0.553488 0.447775 0.138966
0.557393 0.451460 0.132994
0.551908 0.454480 0.128185
0.558945 0.444850 0.143999
0.564380 0.441928 0.149117
0.568306 0.445474 0.142837
0.562861 0.448461 0.137878
0.545630 0.440600 0.151173
0.544107 0.447025 0.139931
0.540182 0.443403 0.145922
0.549568 0.444159 0.145027
0.548015 0.450714 0.134017
0.613512 0.610888 0.017491
0.612459 0.621952 0.015397
0.608102 0.616111 0.016513
0.617852 0.616707 0.016255
0.622218 0.622541 0.015161
0.621254 0.633645 0.013549
0.616842 0.627805 0.014422
0.604905 0.599294 0.020390
0.609195 0.605083 0.018870
0.603768 0.610279 0.017771
0.610361 0.594172 0.021701
0.615828 0.589093 0.023103
0.620088 0.594808 0.021346
0.614635 0.599925 0.020062
0.596404 0.587767 0.023858
0.595181 0.598652 0.020714
0.590927 0.592859 0.022401
0.600641 0.593523 0.022053
0.599462 0.604459 0.019171
0.579733 0.564982 0.032524
0.578337 0.575589 0.028328
0.574197 0.569880 0.030596
0.583859 0.570637 0.030139
0.588012 0.576322 0.027901
0.586702 0.587081 0.024232
0.582504 0.581323 0.026207
0.571563 0.553779 0.037728
0.575636 0.559363 0.035055
0.570087 0.564201 0.033009
0.577120 0.549061 0.039967
0.582676 0.544403 0.042296
0.586736 0.549869 0.039379
0.581186 0.554587 0.037178
0.563485 0.542713 0.043525
0.561949 0.552939 0.038271
0.557917 0.547355 0.041118
0.567512 0.548228 0.040546
0.566006 0.558554 0.035568
0.624067 0.528058 0.051040
0.622605 0.537699 0.045191
0.618528 0.532450 0.048414
0.628139 0.533245 0.047696
0.632233 0.538478 0.044518
0.630821 0.548323 0.039239
0.626703 0.542992 0.042135
0.615989 0.517841 0.058242
0.620016 0.522922 0.054554
0.614473 0.527251 0.051805
0.621534 0.513635 0.061191
0.627076 0.509487 0.064213
0.631096 0.514444 0.060280
0.625557 0.518653 0.057381
0.608003 0.507868 0.066149
0.606432 0.517022 0.059108
0.602446 0.512002 0.063025
0.611984 0.512821 0.062106
0.610441 0.522107 0.055369
0.458554 0.598068 0.021883
0.457216 0.610028 0.019060
0.453074 0.603447 0.020533
0.462675 0.604583 0.020280
0.466836 0.611092 0.018831
0.465627 0.623106 0.016548
0.461398 0.616594 0.017740
0.450425 0.585047 0.025539
0.454471 0.591553 0.023637
0.448972 0.596863 0.022159
0.455956 0.579891 0.027244
0.461501 0.574809 0.029052
0.465512 0.581159 0.026901
0.459984 0.586319 0.025217
0.442441 0.572106 0.029774
0.440882 0.583716 0.025860
0.436891 0.577170 0.027928
0.446416 0.578563 0.027586
0.444909 0.590283 0.023936
0.426828 0.546747 0.039850
0.425102 0.557758 0.034950
0.421225 0.551402 0.037547
0.430694 0.552994 0.037143
0.434583 0.559311 0.034557
0.432933 0.570652 0.030136
0.429004 0.564178 0.032478
0.419146 0.534484 0.045614
0.422980 0.540576 0.042676
0.417369 0.545126 0.040265
0.424767 0.530087 0.048229
0.430391 0.525750 0.050954
0.434217 0.531662 0.047787
0.428597 0.536091 0.045182
0.411507 0.522528 0.051829
0.409700 0.532826 0.046041
0.405881 0.526796 0.049091
0.415322 0.528466 0.048663
0.413529 0.538934 0.043097
0.471799 0.511877 0.062132
0.470001 0.521564 0.055364
0.466168 0.515993 0.058933
0.475626 0.517349 0.058426
0.479468 0.522900 0.054849
0.477709 0.532936 0.048626
0.473847 0.527214 0.051926
0.464175 0.501182 0.069908
0.467982 0.506487 0.065962
0.462349 0.510502 0.062627
0.469814 0.497344 0.073497
0.475455 0.493580 0.077203
0.479254 0.498682 0.072984
0.473617 0.502548 0.069415
0.456580 0.490825 0.078120
0.454737 0.499771 0.070360
0.450940 0.494535 0.074392
0.460375 0.495961 0.073963
0.458539 0.505094 0.066438
0.382335 0.586827 0.024006
0.380788 0.599755 0.020763
0.376816 0.592454 0.022432
0.386297 0.594001 0.022213
0.390291 0.601183 0.020572
0.388846 0.614279 0.017872
0.384793 0.607052 0.019249
0.374494 0.572590 0.028025
0.378403 0.579682 0.025945
0.372874 0.585171 0.024253
0.380038 0.567416 0.029916
0.385590 0.562394 0.031892
0.389480 0.569206 0.029591
0.383937 0.574369 0.027724
0.366714 0.558676 0.032569
0.365044 0.570780 0.028313
0.361144 0.563719 0.030537
0.370599 0.565580 0.030236
0.368952 0.577938 0.026216
0.451681 0.693365 0.009682
0.451407 0.704903 0.009457
0.446644 0.698974 0.009573
0.456434 0.699335 0.009550
0.461211 0.705197 0.009437
0.461003 0.716379 0.009264
0.456194 0.710701 0.009354
0.442298 0.681159 0.010141
0.446966 0.687310 0.009873
0.441907 0.692931 0.009709
0.447410 0.675536 0.010442
0.452547 0.669929 0.010809
0.457154 0.676111 0.010395
0.452048 0.681704 0.010101
0.433104 0.668588 0.010918
0.432556 0.680574 0.010178
0.427952 0.674271 0.010531
0.437677 0.674916 0.010488
0.437208 0.686800 0.009905
0.320396 0.485839 0.068159
0.318568 0.495108 0.061750
0.314718 0.489530 0.065078
0.324251 0.491342 0.064763
0.328104 0.496932 0.061424
0.326272 0.506546 0.055288
0.322419 0.500781 0.058484
0.312675 0.475083 0.075088
0.316538 0.480422 0.071604
0.310866 0.484040 0.068458
0.318329 0.471601 0.078386
0.323977 0.468178 0.081784
0.327856 0.473370 0.078172
0.322200 0.476867 0.074838
0.304930 0.464614 0.082153
0.303152 0.473293 0.075345
0.299286 0.468022 0.078839
0.308806 0.469816 0.078607
0.307011 0.478630 0.071882
0.486091 0.447690 0.132901
0.484458 0.454374 0.122716
0.480559 0.450371 0.127924
0.490004 0.451589 0.127579
0.493894 0.455576 0.122294
0.492192 0.462657 0.112417
0.488335 0.458468 0.117546
0.478201 0.440135 0.143635
0.482157 0.443874 0.138254
0.476638 0.446455 0.133162
0.483686 0.437683 0.148941
0.489152 0.435248 0.154351
0.493137 0.438820 0.148718
0.487657 0.441333 0.143438
0.470225 0.432870 0.154466
0.468734 0.438865 0.143713
0.464749 0.435184 0.149031
0.474224 0.436469 0.149038
0.472697 0.442620 0.138425
0.453849 0.419076 0.176105
0.452631 0.424547 0.165113
0.448509 0.421110 0.170432
0.458019 0.422483 0.170784
0.462135 0.425881 0.165380
0.460740 0.431574 0.154374
0.456704 0.428029 0.159746
0.445346 0.412136 0.186462
0.449623 0.415630 0.181329
0.444337 0.417659 0.175668
0.450519 0.409980 0.192146
0.455633 0.407660 0.197870
0.460023 0.411217 0.192739
0.454852 0.413494 0.187016
0.436665 0.404987 0.196477
0.435847 0.410620 0.185862
0.431541 0.407026 0.190835
0.441024 0.408588 0.191509
0.440114 0.414164 0.180809
0.494382 0.396671 0.222616
0.494114 0.404411 0.211148
0.489537 0.400415 0.216655
0.499032 0.400877 0.217040
0.503615 0.404933 0.211402
0.503073 0.412037 0.199924
0.498627 0.408283 0.205573
0.484901 0.387796 0.233585
0.489671 0.392311 0.228133
0.484902 0.396290 0.222092
0.489522 0.383069 0.239786
0.494075 0.377803 0.246039
0.499026 0.383025 0.240407
0.494377 0.387902 0.234238
0.475183 0.378387 0.244192
0.475445 0.387690 0.232711
0.470640 0.383254 0.237871
0.480069 0.383148 0.238946
0.480204 0.392043 0.227448
0.570600 0.399432 0.220994
0.570042 0.407968 0.208790
0.565622 0.403645 0.215373
0.575057 0.403983 0.214311
0.579434 0.408282 0.207572
0.578646 0.415981 0.195454
0.574381 0.412071 0.202147
0.561414 0.389459 0.234153
0.566055 0.394599 0.227612
0.561117 0.399077 0.221888
0.566288 0.384288 0.240016
0.571155 0.378667 0.245908
0.575865 0.384549 0.239188
0.570969 0.389771 0.233373
0.551835 0.378145 0.246938
0.551828 0.389111 0.234678
0.547052 0.383678 0.240960
0.556673 0.383985 0.240602
0.556519 0.394239 0.228326
0.531979 0.353115 0.267638
0.532251 0.365633 0.258443
0.527234 0.359365 0.263279
0.536984 0.359423 0.263299
0.541968 0.365744 0.258405
0.542189 0.377904 0.247168
0.537245 0.371841 0.253072
0.521941 0.340748 0.274715
0.526962 0.346870 0.271440
0.522205 0.353119 0.267575
0.526746 0.334689 0.277546
0.531579 0.328806 0.279861
0.536576 0.334691 0.277564
0.531754 0.340718 0.274760
0.511928 0.329028 0.279787
0.512149 0.340929 0.274590
0.507144 0.335073 0.277365
0.516928 0.334793 0.277487
0.517174 0.346958 0.271338
0.396283 0.499693 0.065577
0.394455 0.509241 0.058904
0.390648 0.503577 0.062374
0.400088 0.505261 0.061995
0.403892 0.510924 0.058503
0.402069 0.520852 0.052254
0.398260 0.514999 0.055527
0.388659 0.488841 0.072978
0.392474 0.494220 0.069240
0.386837 0.498012 0.065929
0.394298 0.485207 0.076521
0.399938 0.481643 0.080193
0.403753 0.486835 0.076239
0.398112 0.490494 0.072677
0.381003 0.478371 0.080642
0.379197 0.487177 0.073266
0.375365 0.481904 0.077030
0.384836 0.483559 0.076781
0.383020 0.492546 0.069563
0.365547 0.458449 0.096530
0.363804 0.466602 0.088621
0.359924 0.461653 0.092563
0.369433 0.463319 0.092503
0.373303 0.468258 0.088508
0.371522 0.476721 0.080848
0.367669 0.471622 0.084714
0.357733 0.448899 0.104667
0.361647 0.453642 0.100584
0.356030 0.456769 0.096535
0.363339 0.445938 0.108938
0.368936 0.443067 0.113342
0.372865 0.447635 0.109085
0.367259 0.450595 0.104767
0.349866 0.439583 0.112918
0.348199 0.447179 0.104556
0.344264 0.442468 0.108607
0.353806 0.444215 0.108780
0.352121 0.451945 0.100532
0.410236 0.436063 0.132870
0.408651 0.442726 0.123282
0.404695 0.438498 0.127907
0.414206 0.440186 0.128150
0.418155 0.444370 0.123443
0.416503 0.451376 0.114074
0.412588 0.447016 0.118670
0.402246 0.427969 0.142354
0.406248 0.431990 0.137600
0.400722 0.434331 0.132554
0.407738 0.425820 0.147595
0.413214 0.423764 0.152952
0.417252 0.427598 0.148018
0.411759 0.429750 0.142758
0.394206 0.420059 0.151962
0.392735 0.426160 0.141932
0.388726 0.422140 0.146669
0.398231 0.423995 0.147141
0.396735 0.430221 0.137228
0.530099 0.695772 0.009419
0.529953 0.706669 0.009271
0.525113 0.701130 0.009356
0.534932 0.701327 0.009324
0.539780 0.706827 0.009244
0.539671 0.717516 0.009134
0.534805 0.712135 0.009197
0.520531 0.684472 0.009783
0.525295 0.690158 0.009566
0.520285 0.695538 0.009456
0.525598 0.679063 0.010013
0.530691 0.673664 0.010298
0.535391 0.679398 0.009951
0.530330 0.684776 0.009731
0.511122 0.672899 0.010437
0.510731 0.684157 0.009833
0.506014 0.678361 0.010130
0.515805 0.678719 0.010072
0.515488 0.689884 0.009609
0.492814 0.649002 0.012690
0.492116 0.660571 0.011486
0.487575 0.654502 0.012101
0.497322 0.655073 0.012002
0.501878 0.661076 0.011399
0.501338 0.672500 0.010504
0.496705 0.666570 0.010955
0.483945 0.636653 0.014335
0.488354 0.642861 0.013466
0.483082 0.648364 0.012803
0.489284 0.631166 0.015134
0.494654 0.625687 0.015993
0.498992 0.631900 0.014967
0.493657 0.637374 0.014188
0.475288 0.624022 0.016364
0.474247 0.635878 0.014479
0.469910 0.629530 0.015462
0.479590 0.630375 0.015299
0.478639 0.642156 0.013594
0.535738 0.605635 0.019662
0.534579 0.617022 0.017214
0.530297 0.610943 0.018499
0.539999 0.611677 0.018250
0.544294 0.617710 0.016988
0.543248 0.629107 0.015056
0.538894 0.623087 0.016077
0.527317 0.593542 0.022938
0.531510 0.599589 0.021225
0.526049 0.604854 0.019935
0.532811 0.588379 0.024455
0.538318 0.583270 0.026072
0.542473 0.589216 0.024110
0.536985 0.594376 0.022617
0.519038 0.581468 0.026816
0.517659 0.592668 0.023262
0.513519 0.586581 0.025152
0.523160 0.587501 0.024802
0.521836 0.598760 0.021523
0.701228 0.534632 0.045003
0.699890 0.544028 0.039829
0.695714 0.538886 0.042719
0.705403 0.539733 0.042024
0.709584 0.544857 0.039171
0.708258 0.554379 0.034413
0.704073 0.549193 0.037064
0.692908 0.524510 0.051372
0.697062 0.529556 0.048116
0.691547 0.533768 0.045742
0.698427 0.520402 0.053882
0.703947 0.516353 0.056428
0.708102 0.521326 0.052992
0.702581 0.525410 0.050535
0.684640 0.514520 0.058346
0.683247 0.523627 0.052217
0.679119 0.518610 0.055686
0.688766 0.519497 0.054779
0.687390 0.528681 0.048905
0.668320 0.495065 0.074353
0.666845 0.503822 0.067104
0.662795 0.498996 0.071271
0.672370 0.499851 0.070077
0.676441 0.504693 0.065987
0.675009 0.513633 0.059319
0.670918 0.508702 0.063123
0.660257 0.485690 0.083470
0.664284 0.490341 0.078816
0.658765 0.494230 0.075627
0.665757 0.481894 0.086809
0.671245 0.478140 0.090186
0.675290 0.482701 0.085305
0.669793 0.486499 0.082042
0.652225 0.476629 0.093334
0.650739 0.484908 0.084893
0.646737 0.480366 0.089791
0.656238 0.481118 0.088312
0.654747 0.489532 0.080169
0.600881 0.643552 0.012516
0.605404 0.649307 0.011836
0.600188 0.654514 0.011357
0.606167 0.638314 0.013106
0.611488 0.633066 0.013742
0.615936 0.638879 0.012933
0.610653 0.644098 0.012362
0.590411 0.654022 0.011480
0.595630 0.648787 0.011974
0.595004 0.659723 0.010926
0.591115 0.643020 0.012670
0.591968 0.631935 0.014123
0.597326 0.626647 0.014845
0.596403 0.637761 0.013278
0.584729 0.670158 0.010209
0.585224 0.659264 0.011035
0.589852 0.664937 0.010543
0.471548 0.467565 0.103786
0.475364 0.472100 0.098987
0.469723 0.475409 0.094675
0.477160 0.464456 0.108290
0.482756 0.461426 0.112878
0.486600 0.465728 0.107860
0.480990 0.468874 0.103383
0.460280 0.474033 0.095041
0.465920 0.470757 0.099368
0.464077 0.478790 0.090458
0.462098 0.466204 0.104105
0.463855 0.458791 0.113508
0.469439 0.455913 0.118226
0.467711 0.463129 0.108628
0.452789 0.485777 0.082377
0.454638 0.477387 0.090821
0.458432 0.482244 0.086355
0.558955 0.422198 0.185835
0.563101 0.425760 0.179355
0.557815 0.428721 0.173917
0.564146 0.419007 0.191291
0.569287 0.415638 0.196725
0.573514 0.419409 0.190113
0.568334 0.422662 0.184751
0.548416 0.428130 0.174826
0.553711 0.425232 0.180349
0.552473 0.431566 0.168430
0.549540 0.421657 0.186702
0.550448 0.414719 0.198577
0.555552 0.411262 0.204175
0.554740 0.418526 0.192245
0.541671 0.437084 0.157400
0.543070 0.430910 0.169262
0.547088 0.434329 0.162904
0.381391 0.527562 0.047286
0.385213 0.533691 0.044334
0.379610 0.538085 0.041883
0.387009 0.523323 0.049925
0.392632 0.519134 0.052669
0.396443 0.525083 0.049512
0.390824 0.529362 0.046877
0.370168 0.536229 0.042271
0.375779 0.531859 0.044736
0.374013 0.542570 0.039517
0.371948 0.525748 0.047685
0.373751 0.515606 0.053474
0.379383 0.511533 0.056328
0.377571 0.521535 0.050332
0.362836 0.551898 0.035018
0.364563 0.540692 0.039885
0.368423 0.547168 0.037230
0.519895 0.727877 0.009072
0.524779 0.733064 0.009028
0.519822 0.738141 0.009000
0.524862 0.722673 0.009111
0.529833 0.717422 0.009153
0.534704 0.722745 0.009096
0.529740 0.727931 0.009060
0.509970 0.738123 0.009006
0.514930 0.733028 0.009037
0.514869 0.743165 0.008977
0.510049 0.727813 0.009083
0.510159 0.717200 0.009188
0.515141 0.711865 0.009241
0.515021 0.722590 0.009125
0.504976 0.753094 0.008944
0.505014 0.743171 0.008981
0.509920 0.748144 0.008958
0.445238 0.633231 0.014901
0.449573 0.639723 0.013965
0.444283 0.645300 0.013232
0.450594 0.627676 0.015783
0.455981 0.622133 0.016730
0.460245 0.628630 0.015623
0.454893 0.634166 0.014762
0.434616 0.644406 0.013335
0.439912 0.638806 0.014085
0.439022 0.650901 0.012566
0.435596 0.632243 0.015039
0.436735 0.620023 0.017091
0.442162 0.614441 0.018149
0.440958 0.626668 0.015942
0.428580 0.662190 0.011432
0.429348 0.650044 0.012651
0.433789 0.656526 0.011966
0.533187 0.550153 0.039875
0.537190 0.555870 0.037090
0.531620 0.560673 0.034924
0.538764 0.545477 0.042246
0.544342 0.540863 0.044720
0.548334 0.546438 0.041685
0.542762 0.551125 0.039345
0.522033 0.559681 0.035399
0.527609 0.554887 0.037593
0.526055 0.565538 0.032848
0.523625 0.549137 0.040403
0.525250 0.538839 0.045886
0.530839 0.534319 0.048532
0.529207 0.544473 0.042802
0.514951 0.575454 0.028980
0.516463 0.564539 0.033298
0.520499 0.570465 0.030866
0.687566 0.562635 0.031130
0.691773 0.567958 0.028762
0.686299 0.572644 0.027053
0.693062 0.558084 0.033037
0.698566 0.553602 0.035017
0.702753 0.558830 0.032455
0.697257 0.563354 0.030565
0.676602 0.571974 0.027574
0.682080 0.567264 0.029306
0.680834 0.577411 0.025437
0.677876 0.561918 0.031691
0.679189 0.552065 0.036223
0.684695 0.547601 0.038323
0.683374 0.557339 0.033618
0.669927 0.587177 0.022475
0.671131 0.576764 0.025932
0.675378 0.582257 0.023911
0.622292 0.482685 0.088950
0.626241 0.487231 0.084067
0.620707 0.491096 0.080560
0.627794 0.478932 0.092617
0.633280 0.475220 0.096331
0.637256 0.479639 0.091220
0.631756 0.483413 0.087621
0.611230 0.490331 0.081759
0.616770 0.486484 0.085331
0.615160 0.495008 0.077099
0.612841 0.481963 0.090269
0.614412 0.473881 0.099216
0.619888 0.470261 0.103112
0.618349 0.478233 0.094001
0.604045 0.502985 0.070374
0.605676 0.494228 0.078238
0.609604 0.498971 0.073701
0.665966 0.453748 0.119393
0.670023 0.457860 0.113523
0.664585 0.461405 0.109717
0.671383 0.450272 0.123366
0.676787 0.446813 0.127384
0.680869 0.450841 0.121263
0.675452 0.454341 0.117372
0.655104 0.460771 0.111575
0.660538 0.457247 0.115464
0.659136 0.464979 0.105953
0.656490 0.453176 0.121395
0.657832 0.445783 0.131700
0.663220 0.442391 0.135935
0.661902 0.449724 0.125454
0.648216 0.472227 0.098527
0.649661 0.464326 0.107716
0.653681 0.468585 0.102225
0.633251 0.423597 0.172024
0.637385 0.427193 0.165077
0.632162 0.430589 0.160350
0.638385 0.420107 0.176841
0.643479 0.416583 0.181680
0.647720 0.420320 0.174557
0.642571 0.423770 0.169810
0.622870 0.430446 0.162443
0.628079 0.427044 0.167228
0.626906 0.433952 0.155622
0.623980 0.423507 0.174181
0.624939 0.416321 0.186141
0.629972 0.412624 0.191115
0.629102 0.419985 0.179046
0.616297 0.440595 0.146116
0.617623 0.433800 0.157651
0.621614 0.437281 0.150875
0.577822 0.514520 0.061721
0.581779 0.519614 0.057846
0.576206 0.523926 0.054917
0.583399 0.510348 0.064871
0.588974 0.506233 0.068096
0.592918 0.511178 0.063947
0.587350 0.515364 0.060855
0.566662 0.523049 0.055670
0.572243 0.518754 0.058652
0.570631 0.528303 0.052074
0.568302 0.513648 0.062553
0.569976 0.504544 0.069969
0.575566 0.500533 0.073404
0.573888 0.509496 0.065763
0.559481 0.537244 0.046674
0.561081 0.527406 0.052782
0.565056 0.532742 0.049325
0.546872 0.476498 0.098407
0.550702 0.480949 0.093339
0.545100 0.484571 0.089306
0.552443 0.473046 0.102625
0.557998 0.469654 0.106908
0.561853 0.473896 0.101598
0.556286 0.477391 0.097438
0.535677 0.483599 0.090175
0.541284 0.480014 0.094257
0.539488 0.488249 0.085345
0.537465 0.475561 0.099314
0.539202 0.467909 0.108854
0.544747 0.464666 0.113312
0.543039 0.472151 0.103582
0.528258 0.495779 0.077705
0.530062 0.487240 0.086171
0.533873 0.491984 0.081475
0.590904 0.450120 0.133841
0.594818 0.453812 0.127707
0.589381 0.457101 0.123238
0.596306 0.446903 0.138510
0.601679 0.443661 0.143228
0.605606 0.447210 0.136782
0.600227 0.450515 0.132219
0.580024 0.456535 0.124648
0.585476 0.453325 0.129220
0.583919 0.460397 0.118812
0.581567 0.449637 0.135322
0.583060 0.442969 0.146479
0.588443 0.439890 0.151483
0.586985 0.446509 0.140099
0.572929 0.467064 0.110098
0.574549 0.459764 0.120127
0.578435 0.463714 0.114430
0.643865 0.601745 0.019052
0.648189 0.607476 0.017620
0.642775 0.612669 0.016629
0.649305 0.596632 0.020251
0.654752 0.591571 0.021539
0.659043 0.597215 0.019870
0.653612 0.602321 0.018701
0.633014 0.612087 0.016921
0.638434 0.606901 0.017941
0.637371 0.617891 0.015729
0.634116 0.601153 0.019394
0.635281 0.590359 0.022335
0.640752 0.585335 0.023772
0.639562 0.596039 0.020624
0.626607 0.628391 0.014207
0.627609 0.617301 0.015994
0.631981 0.623131 0.014922
0.610108 0.556907 0.035529
0.614242 0.562402 0.032981
0.608721 0.567219 0.031060
0.615640 0.552208 0.037640
0.621172 0.547568 0.039840
0.625294 0.552956 0.037068
0.619767 0.557648 0.034985
0.599049 0.566490 0.031548
0.604578 0.561666 0.033498
0.603205 0.572098 0.029224
0.600459 0.556150 0.036076
0.601904 0.546014 0.041058
0.607447 0.541428 0.043418
0.605996 0.551443 0.038215
0.592194 0.582033 0.025808
0.593528 0.571376 0.029682
0.597695 0.577038 0.027472
0.654343 0.521076 0.054798
0.658444 0.526142 0.051315
0.652921 0.530441 0.048759
0.659868 0.516891 0.057522
0.665393 0.512768 0.060299
0.669487 0.517741 0.056600
0.663966 0.521909 0.053930
0.643290 0.529643 0.049525
0.648817 0.525327 0.052131
0.647398 0.534809 0.046269
0.644734 0.520261 0.055668
0.646204 0.511099 0.062277
0.651736 0.507009 0.065229
0.650263 0.516061 0.058451
0.636347 0.543753 0.041502
0.637762 0.534028 0.046984
0.641873 0.539246 0.043849
0.488754 0.589765 0.024245
0.492876 0.596024 0.022432
0.487393 0.601318 0.021050
0.494271 0.584596 0.025857
0.499802 0.579489 0.027570
0.503888 0.585617 0.025504
0.498375 0.590790 0.023917
0.477763 0.600296 0.021328
0.483251 0.594998 0.022735
0.481925 0.606676 0.019772
0.479147 0.588678 0.024571
0.480622 0.577272 0.028318
0.486174 0.572246 0.030179
0.484669 0.583512 0.026208
0.471039 0.617585 0.017534
0.472292 0.605659 0.020027
0.476473 0.612098 0.018601
0.456996 0.540577 0.043863
0.460871 0.546567 0.040951
0.455264 0.551238 0.038591
0.462611 0.536056 0.046437
0.468228 0.531600 0.049121
0.472096 0.537417 0.045962
0.466483 0.541962 0.043408
0.445774 0.549805 0.039012
0.451382 0.545159 0.041388
0.449664 0.555979 0.036328
0.447520 0.539141 0.044305
0.449292 0.528781 0.050053
0.454915 0.524445 0.052892
0.453137 0.534646 0.046894
0.438497 0.565686 0.032099
0.440173 0.554523 0.036735
0.444075 0.560795 0.034163
0.501962 0.506373 0.067680
0.505797 0.511604 0.063679
0.500179 0.515725 0.060445
0.507585 0.502419 0.071163
0.513207 0.498531 0.074754
0.517030 0.503561 0.070476
0.511414 0.507549 0.067023
0.490714 0.514490 0.061041
0.496338 0.510395 0.064306
0.494561 0.519921 0.057320
0.492511 0.505144 0.068301
0.494332 0.496153 0.076078
0.499967 0.492401 0.079841
0.498141 0.501222 0.071815
0.483325 0.528525 0.051409
0.485091 0.518658 0.057888
0.488942 0.524187 0.054308
0.412345 0.579324 0.026810
0.416318 0.586097 0.024823
0.410805 0.591456 0.023245
0.417885 0.574177 0.028604
0.423438 0.569131 0.030494
0.427381 0.575705 0.028268
0.421843 0.580850 0.026498
0.401300 0.589970 0.023502
0.406817 0.584584 0.025109
0.405302 0.596941 0.021762
0.402862 0.577737 0.027117
0.404488 0.565894 0.031198
0.410055 0.560968 0.033222
0.408403 0.572586 0.028936
0.394321 0.608355 0.019086
0.395792 0.595496 0.021990
0.399808 0.602568 0.020376
0.481353 0.683098 0.009975
0.486080 0.688978 0.009731
0.481047 0.694468 0.009593
0.486443 0.677583 0.010242
0.491560 0.672072 0.010569
0.496225 0.677990 0.010187
0.491139 0.683484 0.009929
0.471252 0.694134 0.009624
0.476290 0.688615 0.009769
0.476032 0.699968 0.009501
0.471576 0.682672 0.010019
0.472033 0.671090 0.010693
0.477186 0.665548 0.011102
0.476671 0.677134 0.010294
0.466009 0.710940 0.009337
0.466230 0.699666 0.009526
0.471019 0.705467 0.009416
0.350749 0.482106 0.074081
0.354597 0.487456 0.070477
0.348947 0.491158 0.067247
0.356393 0.478548 0.077506
0.362033 0.475053 0.081048
0.365883 0.480236 0.077271
0.360242 0.483815 0.073816
0.339443 0.489403 0.067559
0.345099 0.485725 0.070768
0.343291 0.494920 0.064121
0.341244 0.480379 0.074340
0.343026 0.471656 0.081430
0.348664 0.468259 0.085018
0.346892 0.476841 0.077735
0.331955 0.502615 0.058149
0.333778 0.493139 0.064446
0.337628 0.498738 0.061091
0.515933 0.444473 0.142136
0.519854 0.448160 0.136423
0.514361 0.450976 0.131443
0.521396 0.441758 0.147346
0.526842 0.439048 0.152673
0.530791 0.442599 0.146690
0.525330 0.445370 0.141504
0.504954 0.449953 0.132033
0.510453 0.447201 0.137035
0.508849 0.453824 0.126560
0.506524 0.443504 0.142678
0.508025 0.437305 0.153728
0.513459 0.434720 0.159212
0.511991 0.440857 0.147905
0.497765 0.459654 0.117052
0.499434 0.452741 0.127122
0.503317 0.456714 0.121765
0.483338 0.416815 0.188266
0.487599 0.420263 0.182726
0.482330 0.422657 0.177009
0.488490 0.414193 0.194013
0.493586 0.411360 0.199779
0.497969 0.414984 0.194175
0.492811 0.417715 0.188446
0.472855 0.421558 0.176799
0.478127 0.419259 0.182529
0.477005 0.424929 0.171285
0.473859 0.415814 0.187946
0.474628 0.409726 0.199055
0.479664 0.406904 0.204881
0.479016 0.413305 0.193707
0.466200 0.429338 0.159925
0.467521 0.423748 0.171077
0.471627 0.427130 0.165576
0.523079 0.388304 0.235176
0.527852 0.393239 0.229201
0.522991 0.397610 0.223268
0.527831 0.383225 0.241215
0.532544 0.377720 0.247260
0.537447 0.383423 0.241162
0.532669 0.388521 0.235167
0.513442 0.397309 0.223197
0.518284 0.392991 0.229166
0.518083 0.401655 0.217372
0.513489 0.388136 0.235025
0.513248 0.377567 0.247008
0.517877 0.371697 0.252942
0.518213 0.383092 0.241115
0.508126 0.408848 0.205701
0.508553 0.401282 0.217275
0.513129 0.405394 0.211516
0.599275 0.390477 0.229649
0.603687 0.395545 0.222392
0.598763 0.400120 0.216920
0.604137 0.385290 0.235331
0.608938 0.379794 0.241053
0.613375 0.385646 0.233515
0.608563 0.390716 0.227926
0.589427 0.399949 0.218501
0.594370 0.395362 0.224041
0.593795 0.404442 0.211503
0.589911 0.390256 0.231120
0.590247 0.379091 0.243982
0.595091 0.373061 0.249659
0.594799 0.385004 0.236864
0.583737 0.412357 0.200787
0.584448 0.404249 0.213018
0.588786 0.408517 0.206131
0.561279 0.340808 0.274654
0.566266 0.347052 0.271184
0.561371 0.353353 0.267410
0.566189 0.334711 0.277416
0.571103 0.328748 0.279670
0.576070 0.334667 0.277160
0.571176 0.340805 0.274426
0.551538 0.353262 0.267558
0.556390 0.347005 0.271366
0.556507 0.359657 0.263098
0.551398 0.340782 0.274732
0.551275 0.328821 0.279857
0.556169 0.323090 0.281688
0.556274 0.334725 0.277525
0.546923 0.372014 0.252950
0.546730 0.359527 0.263237
0.551691 0.365901 0.258269
0.426439 0.495283 0.071620
0.430236 0.500648 0.067749
0.424600 0.504550 0.064407
0.432078 0.491553 0.075208
0.437717 0.487899 0.078921
0.441510 0.493065 0.074808
0.435873 0.496819 0.071216
0.415164 0.502965 0.064816
0.420801 0.499088 0.068155
0.418964 0.508525 0.061187
0.417002 0.493717 0.071998
0.418841 0.484827 0.079625
0.424482 0.481293 0.083449
0.422642 0.490010 0.075581
0.407698 0.516680 0.055112
0.409527 0.506911 0.061599
0.413330 0.512570 0.058089
0.395802 0.455552 0.104998
0.399684 0.460225 0.100687
0.394058 0.463367 0.096458
0.401409 0.452604 0.109441
0.407005 0.449761 0.114002
0.410909 0.454228 0.109502
0.405302 0.457178 0.105038
0.384562 0.461742 0.096495
0.390186 0.458600 0.100682
0.388428 0.466593 0.092357
0.386294 0.453916 0.104935
0.387983 0.446447 0.113709
0.393567 0.443690 0.118322
0.391901 0.450961 0.109339
0.377159 0.473273 0.084553
0.378934 0.464963 0.092435
0.382795 0.469896 0.088388
0.440273 0.434665 0.143534
0.444258 0.438491 0.138462
0.438735 0.440906 0.133382
0.445765 0.432412 0.148817
0.451244 0.430204 0.154217
0.455261 0.433838 0.148952
0.449766 0.436139 0.143650
0.429244 0.439356 0.133288
0.434766 0.436975 0.138360
0.433199 0.443392 0.128405
0.430774 0.433106 0.143354
0.432236 0.427180 0.153732
0.437691 0.425122 0.159214
0.436266 0.430897 0.148624
0.422083 0.448622 0.118750
0.423708 0.441818 0.128316
0.427649 0.445962 0.123527
0.559733 0.685629 0.009568
0.564527 0.691161 0.009380
0.559542 0.696426 0.009301
0.564776 0.680336 0.009759
0.569845 0.675049 0.010001
0.574572 0.680638 0.009693
0.569536 0.685895 0.009510
0.549727 0.696217 0.009341
0.554718 0.690924 0.009428
0.554575 0.701697 0.009258
0.549931 0.685355 0.009623
0.550266 0.674380 0.010153
0.555374 0.669045 0.010469
0.554979 0.680035 0.009825
0.544639 0.712256 0.009174
0.544753 0.701516 0.009291
0.549607 0.706978 0.009216
0.522853 0.639283 0.013738
0.527314 0.645266 0.012936
0.522063 0.650678 0.012339
0.528170 0.633877 0.014462
0.533518 0.628481 0.015242
0.537905 0.634485 0.014294
0.532594 0.639870 0.013588
0.512309 0.650142 0.012457
0.517567 0.644704 0.013070
0.516841 0.656106 0.011796
0.513116 0.638674 0.013889
0.514074 0.627146 0.015616
0.519462 0.621712 0.016491
0.518439 0.633244 0.014630
0.506478 0.667019 0.010878
0.507080 0.655599 0.011900
0.511646 0.661553 0.011309
0.566046 0.596643 0.021667
0.570295 0.602522 0.020055
0.564853 0.607762 0.018855
0.571521 0.591486 0.023087
0.577007 0.586380 0.024602
0.581221 0.592180 0.022746
0.575751 0.597328 0.021353
0.555139 0.607089 0.019122
0.560586 0.601843 0.020345
0.559425 0.613043 0.017757
0.556349 0.595926 0.021982
0.557642 0.584903 0.025335
0.563150 0.579845 0.026997
0.561828 0.590768 0.023427
0.548620 0.623730 0.015872
0.549708 0.612378 0.018003
0.554014 0.618366 0.016763
0.731659 0.528199 0.048069
0.735835 0.533193 0.045032
0.730311 0.537297 0.042826
0.737185 0.524188 0.050372
0.742713 0.520227 0.052695
0.746891 0.525161 0.049518
0.741363 0.529150 0.047265
0.720614 0.536398 0.043542
0.726135 0.532269 0.045790
0.724791 0.541465 0.040653
0.721960 0.527258 0.048882
0.723314 0.518267 0.054542
0.728839 0.514316 0.056996
0.727484 0.523224 0.051237
0.713764 0.550003 0.036437
0.715096 0.540594 0.041333
0.719275 0.545699 0.038520
0.698504 0.489121 0.077776
0.702606 0.493883 0.073447
0.697092 0.497743 0.070565
0.704000 0.485327 0.080806
0.709490 0.481567 0.083869
0.713613 0.486273 0.079308
0.708113 0.490061 0.076362
0.687484 0.496821 0.071820
0.692998 0.492951 0.074780
0.691573 0.501643 0.067708
0.688914 0.488214 0.079194
0.690330 0.479781 0.087027
0.695808 0.476055 0.090286
0.694412 0.484417 0.082303
0.680531 0.509584 0.062080
0.681963 0.500734 0.068888
0.686053 0.505588 0.064878
0.682191 0.470747 0.097054
0.686256 0.475223 0.091944
0.680778 0.478943 0.088606
0.687651 0.467099 0.100545
0.693101 0.463477 0.104072
0.697185 0.467874 0.098730
0.691725 0.471534 0.095319
0.714993 0.508421 0.061601
0.719149 0.513332 0.057994
0.713624 0.517301 0.055480
0.720516 0.504527 0.064219
0.726039 0.500670 0.066849
0.730197 0.505528 0.063077
0.724673 0.509410 0.060528
0.549365 0.573218 0.029596
0.553488 0.579052 0.027391
0.547974 0.584108 0.025703
0.554905 0.568273 0.031498
0.560452 0.563385 0.033490
0.564545 0.569097 0.031048
0.559011 0.574048 0.029174
0.505478 0.614761 0.017904
0.509755 0.620979 0.016700
0.504360 0.626435 0.015805
0.510916 0.609369 0.019004
0.516370 0.604036 0.020211
0.520603 0.610173 0.018751
0.515171 0.615549 0.017672
0.540960 0.662896 0.011031
0.545592 0.668666 0.010554
0.540478 0.674028 0.010226
0.546135 0.657531 0.011477
0.551339 0.652177 0.011976
0.555903 0.657973 0.011368
0.550733 0.663315 0.010935
0.424099 0.419861 0.163959
0.428181 0.423505 0.158853
0.422727 0.425520 0.153383
0.429487 0.417987 0.169558
0.434827 0.416103 0.175177
0.438997 0.419614 0.170025
0.433610 0.421542 0.164411
0.380098 0.437616 0.122535
0.384047 0.442001 0.118108
0.378462 0.444769 0.113533
0.385660 0.435045 0.127316
0.391205 0.432579 0.132215
0.395179 0.436780 0.127622
0.389620 0.439337 0.122806
0.411218 0.474733 0.087914
0.415034 0.479736 0.083739
0.409393 0.483249 0.079927
0.416856 0.471394 0.091964
0.422490 0.468133 0.096135
0.426312 0.472942 0.091740
0.420674 0.476300 0.087677
0.541310 0.317583 0.283067
0.546287 0.323105 0.281695
0.541422 0.328812 0.279869
0.546198 0.312258 0.283999
0.551102 0.307120 0.284517
0.556081 0.312231 0.284005
0.551175 0.317577 0.283067
0.580897 0.366369 0.256878
0.585615 0.372811 0.250752
0.580746 0.378875 0.245054
0.585758 0.359997 0.261646
0.590579 0.353626 0.265907
0.595267 0.360246 0.260772
0.590463 0.366557 0.256007
0.503156 0.365908 0.257768
0.508210 0.371788 0.252634
0.503626 0.377635 0.246620
0.507773 0.359615 0.262866
0.512449 0.353269 0.267392
0.517492 0.359412 0.263148
0.512826 0.365669 0.258160
0.465668 0.402351 0.209490
0.470176 0.406073 0.204318
0.465132 0.408756 0.198505
0.470584 0.399273 0.215400
0.475429 0.395854 0.221384
0.480063 0.399883 0.216109
0.475154 0.403131 0.210183
0.500010 0.430382 0.165492
0.504035 0.433809 0.159602
0.498596 0.436317 0.154102
0.505380 0.427934 0.171156
0.510707 0.425394 0.176830
0.514817 0.428761 0.170858
0.509446 0.431294 0.165204
0.335255 0.461502 0.088918
0.339147 0.466545 0.085160
0.333506 0.469928 0.081610
0.340883 0.458253 0.092663
0.346504 0.455066 0.096532
0.350408 0.459964 0.092617
0.344781 0.463223 0.088827
0.462899 0.658767 0.011736
0.467442 0.664967 0.011172
0.462285 0.670532 0.010752
0.468116 0.653212 0.012294
0.473362 0.647676 0.012913
0.477840 0.653882 0.012199
0.472627 0.659417 0.011655
0.396729 0.552720 0.036105
0.400598 0.559267 0.033589
0.395033 0.564177 0.031546
0.402318 0.548040 0.038344
0.407918 0.543449 0.040674
0.411766 0.549751 0.037948
0.406176 0.554462 0.035723
0.486741 0.486270 0.084955
0.490533 0.491169 0.080460
0.484893 0.494889 0.076667
0.492383 0.482721 0.088995
0.498023 0.479239 0.093136
0.501810 0.483933 0.088370
0.496172 0.487517 0.084363
0.441645 0.517278 0.056770
0.445462 0.522991 0.053346
0.439839 0.527294 0.050504
0.447274 0.513144 0.059865
0.452905 0.509082 0.063088
0.456717 0.514591 0.059411
0.451089 0.518754 0.056316
0.472632 0.564866 0.032966
0.476610 0.571053 0.030572
0.471054 0.576071 0.028686
0.478215 0.559999 0.035072
0.483808 0.555200 0.037274
0.487759 0.561223 0.034638
0.482179 0.566105 0.032556
0.638155 0.501351 0.070453
0.642168 0.506195 0.066275
0.636632 0.510291 0.063248
0.643691 0.497361 0.073656
0.649224 0.493421 0.076900
0.653234 0.498167 0.072471
0.647702 0.502154 0.069352
0.593787 0.535286 0.047250
0.597835 0.540626 0.044068
0.592286 0.545216 0.041674
0.599340 0.530827 0.049869
0.604892 0.526434 0.052576
0.608929 0.531644 0.049138
0.603383 0.536102 0.046558
0.626792 0.579084 0.026175
0.631024 0.584707 0.024185
0.625551 0.589734 0.022721
0.632286 0.574162 0.027843
0.637788 0.569300 0.029598
0.641999 0.574815 0.027378
0.636507 0.579732 0.025739
0.575178 0.436048 0.159591
0.579125 0.439485 0.152984
0.573729 0.442486 0.147873
0.580530 0.433077 0.164845
0.585832 0.430014 0.170032
0.589836 0.433408 0.163286
0.584497 0.436463 0.158148
0.531503 0.459726 0.119662
0.535357 0.463769 0.114217
0.529811 0.466967 0.109714
0.537021 0.456680 0.124366
0.542525 0.453679 0.129150
0.546406 0.457533 0.123453
0.540889 0.460626 0.118797
0.562217 0.494862 0.078869
0.566086 0.499665 0.074339
0.560489 0.503646 0.070848
0.567818 0.491022 0.082589
0.573413 0.487232 0.086384
0.577276 0.491862 0.081574
0.571683 0.495738 0.077917
0.616561 0.408674 0.200531
0.620761 0.412566 0.193304
0.615731 0.416326 0.188294
0.621500 0.404631 0.205674
0.626385 0.400487 0.210876
0.630679 0.404786 0.203466
0.625745 0.408717 0.198360
0.649684 0.438154 0.144717
0.653758 0.441926 0.138125
0.648386 0.445304 0.133777
0.655021 0.434810 0.149188
0.660325 0.431454 0.153644
0.664478 0.435211 0.146863
0.659126 0.438569 0.142499
0.606557 0.465504 0.110135
0.610483 0.469637 0.104595
0.605001 0.473226 0.100636
0.612004 0.462015 0.114264
0.617431 0.458550 0.118449
0.621385 0.462558 0.112670
0.615943 0.466082 0.108606
0.670850 0.541594 0.041823
0.675014 0.546815 0.038955
0.669507 0.551304 0.036827
0.676363 0.537221 0.044124
0.681875 0.532917 0.046487
0.686034 0.538048 0.043419
0.680523 0.542397 0.041155
0.517406 0.527742 0.052540
0.521317 0.533260 0.049133
0.515723 0.537762 0.046459
0.523006 0.523398 0.055468
0.528604 0.519125 0.058505
0.532505 0.524462 0.054817
0.526910 0.528826 0.051920
0.428447 0.606490 0.019744
0.432567 0.613281 0.018353
0.427133 0.618902 0.017267
0.433921 0.600997 0.021039
0.439408 0.595600 0.022436
0.443489 0.602252 0.020786
0.438021 0.607724 0.019518
0.500474 0.706140 0.009348
0.505310 0.711714 0.009262
0.500323 0.717067 0.009205
0.505472 0.700713 0.009417
0.510472 0.695295 0.009492
0.515292 0.700926 0.009387
0.510300 0.706326 0.009323
0.366103 0.504055 0.060038
0.369929 0.509780 0.056712
0.364290 0.513827 0.053859
0.371743 0.500155 0.063098
0.377382 0.496318 0.066271
0.381201 0.501870 0.062741
0.375565 0.505794 0.059670
0.541645 0.406662 0.211011
0.546082 0.410765 0.204829
0.540989 0.414191 0.199166
0.546638 0.402800 0.216756
0.551595 0.398671 0.222527
0.556145 0.403242 0.216188
0.551134 0.407126 0.210503
0.456081 0.450409 0.123391
0.459978 0.454552 0.118431
0.454396 0.457403 0.113718
0.461635 0.447745 0.128300
0.467175 0.445152 0.133312
0.471102 0.449087 0.128158
0.465547 0.451783 0.123245
0.583214 0.620185 0.016090
0.587575 0.626072 0.015053
0.582215 0.631379 0.014311
0.588615 0.614906 0.017019
0.594030 0.609663 0.018047
0.598355 0.615511 0.016768
0.592958 0.620775 0.015862
0.674077 0.462064 0.107844
0.672673 0.469995 0.098785
0.668629 0.465655 0.104157
0.678133 0.466360 0.102354
0.676723 0.474426 0.093601
0.706721 0.498693 0.069318
0.705328 0.507453 0.062686
0.701201 0.502578 0.066537
0.710849 0.503540 0.065373
0.709470 0.512361 0.059003
0.541218 0.561621 0.034447
0.539731 0.572343 0.030018
0.535659 0.566494 0.032398
0.545275 0.567405 0.031948
0.543836 0.578217 0.027786
0.497037 0.602279 0.020770
0.495794 0.613932 0.018138
0.491574 0.607632 0.019517
0.501238 0.608527 0.019261
0.500055 0.620212 0.016910
0.531819 0.651195 0.012219
0.531187 0.662463 0.011125
0.526603 0.656598 0.011691
0.536368 0.657073 0.011585
0.535812 0.668274 0.010638
0.415823 0.412577 0.174004
0.414589 0.418065 0.163431
0.410479 0.414359 0.168414
0.419980 0.416234 0.169019
0.418669 0.421782 0.158414
0.372165 0.428996 0.131472
0.370572 0.435868 0.122247
0.366610 0.431491 0.126643
0.376137 0.433284 0.126990
0.374523 0.440291 0.117876
0.403546 0.464983 0.096402
0.401753 0.473140 0.088106
0.397914 0.468213 0.092264
0.407390 0.469818 0.092139
0.405578 0.478150 0.083990
0.531380 0.307134 0.284510
0.531454 0.317585 0.283062
0.526484 0.312271 0.283999
0.536339 0.312263 0.283997
0.536435 0.323102 0.281695
0.571213 0.353423 0.267079
0.571208 0.366236 0.257545
0.566317 0.359783 0.262809
0.576095 0.359881 0.262318
0.576024 0.372635 0.251617
0.493151 0.354206 0.266576
0.493586 0.366329 0.257182
0.488620 0.360651 0.261763
0.498128 0.360024 0.262410
0.498600 0.372023 0.252134
0.456515 0.394707 0.219566
0.456187 0.401443 0.208707
0.451654 0.397694 0.213684
0.461111 0.398561 0.214571
0.460683 0.405132 0.203648
0.491797 0.423660 0.177084
0.490560 0.429384 0.165653
0.486472 0.426020 0.171377
0.495932 0.427021 0.171334
0.494596 0.432815 0.159874
0.327425 0.451592 0.096498
0.325721 0.459757 0.089002
0.321809 0.454760 0.092733
0.331347 0.456520 0.092698
0.329619 0.464812 0.085293
0.453963 0.646144 0.013128
0.453184 0.658069 0.011814
0.448708 0.651721 0.012477
0.458406 0.652492 0.012386
0.457710 0.664339 0.011240
0.389040 0.539926 0.041483
0.387292 0.550915 0.036485
0.383446 0.544439 0.039130
0.392877 0.546269 0.038739
0.391153 0.557501 0.033954
0.479162 0.476735 0.094237
0.477306 0.484975 0.085484
0.473516 0.480148 0.090040
0.482952 0.481459 0.089552
0.481097 0.489890 0.081023
0.434034 0.506103 0.063979
0.432205 0.515749 0.057221
0.428400 0.510105 0.060759
0.437836 0.511647 0.060316
0.436017 0.521480 0.053800
0.464766 0.552615 0.038161
0.463099 0.563566 0.033371
0.459168 0.557376 0.035916
0.468686 0.558716 0.035498
0.467061 0.569801 0.030959
0.630197 0.491863 0.079354
0.628624 0.500558 0.071537
0.624656 0.495790 0.075958
0.634166 0.496572 0.074812
0.632616 0.505393 0.067301
0.585759 0.524774 0.054138
0.584201 0.534458 0.047950
0.580192 0.529162 0.051349
0.589762 0.530000 0.050606
0.588232 0.539811 0.044725
0.618401 0.567930 0.030573
0.617085 0.578419 0.026609
0.612889 0.572804 0.028764
0.622584 0.573492 0.028304
0.621305 0.584063 0.024595
0.567183 0.429236 0.172815
0.565839 0.435551 0.160864
0.561853 0.432149 0.167416
0.571205 0.432654 0.166221
0.569792 0.438996 0.154323
0.523754 0.451927 0.130770
0.522117 0.458783 0.120440
0.518247 0.454835 0.125910
0.527636 0.455781 0.125182
0.525970 0.462825 0.115040
0.554530 0.485501 0.088384
0.552760 0.493944 0.079780
0.548923 0.489216 0.084473
0.558367 0.490140 0.083554
0.556614 0.498756 0.075236
0.608042 0.400237 0.215113
0.607367 0.408706 0.202614
0.603095 0.404559 0.209773
0.612333 0.404591 0.207818
0.611576 0.412605 0.195443
0.641502 0.430805 0.158207
0.640284 0.437797 0.146838
0.636230 0.434166 0.153553
0.645602 0.434453 0.151419
0.644333 0.441505 0.140226
0.598728 0.457595 0.121700
0.597186 0.464940 0.111646
0.593284 0.460970 0.117378
0.602640 0.461489 0.115837
0.601089 0.469024 0.106062
0.662563 0.531253 0.047996
0.661184 0.540801 0.042495
0.657044 0.535601 0.045549
0.666698 0.536406 0.044834
0.665339 0.546037 0.039590
0.509648 0.516912 0.059818
0.507912 0.526612 0.053148
0.504036 0.521134 0.056723
0.513517 0.522292 0.056104
0.511808 0.532156 0.049725
0.420324 0.592889 0.022981
0.418887 0.605219 0.019963
0.414827 0.598337 0.021528
0.424367 0.599689 0.021287
0.422985 0.612089 0.018549
0.490850 0.694771 0.009561
0.490651 0.705939 0.009372
0.485840 0.700243 0.009474
0.495654 0.700489 0.009446
0.495479 0.711548 0.009282
0.358438 0.492896 0.066929
0.356627 0.502300 0.060398
0.352789 0.496683 0.063788
0.362273 0.498428 0.063447
0.360460 0.508014 0.057086
0.532534 0.397926 0.223188
0.532149 0.406232 0.211335
0.527611 0.402015 0.217327
0.537130 0.402391 0.217129
0.536607 0.410283 0.205285
0.448221 0.442386 0.133411
0.446609 0.448985 0.123490
0.442683 0.444907 0.128423
0.452162 0.446356 0.128386
0.450513 0.453149 0.118587
0.574573 0.608407 0.018589
0.573476 0.619591 0.016315
0.569150 0.613677 0.017513
0.578880 0.614295 0.017268
0.577829 0.625500 0.015260
0.723453 0.550819 0.035823
0.717944 0.555166 0.033817
0.728968 0.546545 0.037882
0.712440 0.559584 0.031871
0.706946 0.564075 0.029997
0.745539 0.534126 0.044284
0.740011 0.538202 0.042119
0.751069 0.530109 0.046470
0.734487 0.542340 0.039983
0.554472 0.712369 0.009151
0.549508 0.717602 0.009115
0.559434 0.707122 0.009187
0.544546 0.722809 0.009081
0.539586 0.727976 0.009049
0.574336 0.691397 0.009331
0.569358 0.696628 0.009259
0.579340 0.686173 0.009454
0.564397 0.701871 0.009223
0.324437 0.516473 0.049460
0.460839 0.727280 0.009129
0.387554 0.627253 0.015586
0.636376 0.628980 0.013990
0.631025 0.634233 0.013355
0.641750 0.623711 0.014679
0.625709 0.639455 0.012760
0.620428 0.644657 0.012207
0.657940 0.608031 0.017292
0.652534 0.613226 0.016330
0.663355 0.602881 0.018342
0.647136 0.618455 0.015459
0.679641 0.587776 0.022028
0.674206 0.592748 0.020710
0.685084 0.582878 0.023436
0.668776 0.597784 0.019482
0.701463 0.568651 0.028214
0.695993 0.573312 0.026528
0.690534 0.578055 0.024936
0.422823 0.679995 0.010211
0.514835 0.753037 0.008943
0.509897 0.757933 0.008936
0.519776 0.748117 0.008955
0.504964 0.762828 0.008935
0.500038 0.767734 0.008940
0.534628 0.733094 0.009020
0.529674 0.738155 0.008994
0.524723 0.743162 0.008972
0.355575 0.568942 0.028580
0.594520 0.670563 0.010125
0.589431 0.675755 0.009852
0.599639 0.665379 0.010447
0.584372 0.680959 0.009628
0.615181 0.649845 0.011698
0.609968 0.655025 0.011235
0.604788 0.660201 0.010817
0.305182 0.487729 0.065390
0.301334 0.482248 0.068757
0.309028 0.493290 0.062073
0.297484 0.476842 0.072168
0.293629 0.471504 0.075614
0.320577 0.510533 0.052499
0.316725 0.504684 0.055620
0.312876 0.498939 0.058814
0.436861 0.698583 0.009595
0.432140 0.692463 0.009735
0.441609 0.704586 0.009475
0.427458 0.686268 0.009934
0.456000 0.721782 0.009197
0.451181 0.716172 0.009277
0.446383 0.710444 0.009369
0.367343 0.590864 0.022644
0.363407 0.583485 0.024486
0.371298 0.598283 0.020949
0.359487 0.576169 0.026467
0.383396 0.620258 0.016729
0.379305 0.613079 0.018001
0.375279 0.605713 0.019405
0.400384 0.647589 0.012847
0.396052 0.640894 0.013653
0.404770 0.654209 0.012141
0.391774 0.634119 0.014563
0.418236 0.673650 0.010567
0.413697 0.667238 0.011005
0.409208 0.660757 0.011528
0.475452 0.743151 0.008990
0.470566 0.737963 0.009026
0.480349 0.748239 0.008964
0.465695 0.732674 0.009072
0.495103 0.762964 0.008935
0.490177 0.758135 0.008937
0.485258 0.753232 0.008947
0.336081 0.534947 0.040883
0.332192 0.528654 0.043649
0.339974 0.541403 0.038213
0.328310 0.522504 0.046509
0.351670 0.561829 0.030818
0.347769 0.554854 0.033174
0.343871 0.548039 0.035642
