0.578855 0.610607 0.008956
0.578868 0.620470 0.008918
0.573932 0.615536 0.008937
0.419290 0.454257 0.019772
0.419599 0.463850 0.018178
0.414539 0.459083 0.018757
0.492093 0.377256 0.034467
0.493251 0.386552 0.033589
0.487741 0.381959 0.034058
0.342058 0.531886 0.010052
0.342124 0.541681 0.009740
0.337173 0.536777 0.009835
0.500000 0.689500 0.008898
0.500000 0.699360 0.008898
0.495071 0.694430 0.008898
0.421120 0.610588 0.008991
0.421131 0.620448 0.008933
0.416197 0.615520 0.008956
0.499494 0.531797 0.011378
0.499585 0.541633 0.010766
0.494614 0.536723 0.011074
0.657511 0.531672 0.009312
0.657589 0.541565 0.009176
0.652611 0.536617 0.009279
0.576818 0.452638 0.017261
0.577144 0.462510 0.015945
0.572072 0.457626 0.016963
0.614388 0.412411 0.018809
0.614985 0.422346 0.017627
0.609741 0.417445 0.018724
0.571342 0.374878 0.028939
0.572438 0.384345 0.027769
0.566999 0.379822 0.029107
0.538456 0.492298 0.014327
0.538597 0.502153 0.013322
0.533603 0.497241 0.013926
0.498005 0.453537 0.021240
0.498344 0.463229 0.019440
0.493248 0.458422 0.020357
0.535631 0.414241 0.027998
0.536246 0.423898 0.026108
0.531012 0.419156 0.027409
0.618223 0.571170 0.009114
0.618248 0.581034 0.009051
0.613302 0.576101 0.009099
0.578441 0.531680 0.010388
0.578540 0.541556 0.009993
0.573552 0.536622 0.010257
0.617387 0.492037 0.011378
0.617565 0.501952 0.010876
0.612537 0.497003 0.011268
0.460397 0.571173 0.009652
0.460450 0.581012 0.009438
0.455498 0.576095 0.009534
0.420723 0.531937 0.011060
0.420806 0.541739 0.010521
0.415846 0.536841 0.010729
0.459653 0.492657 0.015020
0.459788 0.502445 0.013923
0.454804 0.497567 0.014402
0.381604 0.571206 0.009379
0.381632 0.581050 0.009240
0.376695 0.576126 0.009288
0.460568 0.650041 0.008904
0.460566 0.659908 0.008902
0.455638 0.654975 0.008902
0.302258 0.492903 0.011001
0.302392 0.502612 0.010577
0.297407 0.497751 0.010685
0.456551 0.415514 0.028924
0.457195 0.425080 0.027052
0.451988 0.420363 0.027869
0.413571 0.378433 0.032305
0.414773 0.387787 0.031278
0.409304 0.383210 0.031493
0.448202 0.340234 0.035823
0.449090 0.349735 0.035498
0.443706 0.345022 0.035609
0.527254 0.339442 0.035435
0.528169 0.348825 0.035071
0.522724 0.344302 0.035473
0.486054 0.301372 0.036502
0.486147 0.311197 0.036457
0.481148 0.306296 0.036485
0.380926 0.492937 0.013216
0.381069 0.502655 0.012416
0.376086 0.497793 0.012659
0.340717 0.454479 0.015465
0.340983 0.464039 0.014431
0.335944 0.459248 0.014690
0.378338 0.416552 0.024081
0.378914 0.425972 0.022526
0.373738 0.421289 0.022876
0.539438 0.650047 0.008901
0.539438 0.659912 0.008900
0.534508 0.654979 0.008901
0.499980 0.610568 0.009011
0.499997 0.620434 0.008942
0.495062 0.615500 0.008973
0.539253 0.571145 0.009525
0.539306 0.581000 0.009345
0.534349 0.576071 0.009449
0.696700 0.492089 0.009551
0.696814 0.502006 0.009392
0.691798 0.497036 0.009519
0.656025 0.452125 0.012161
0.656318 0.462120 0.011565
0.651201 0.457130 0.012070
0.583793 0.615542 0.008931
0.424360 0.459013 0.019149
0.497640 0.381828 0.034043
0.347012 0.536785 0.009942
0.504930 0.694430 0.008898
0.426056 0.615515 0.008960
0.504467 0.536707 0.011035
0.662494 0.536622 0.009203
0.581903 0.457524 0.016215
0.619669 0.417308 0.017728
0.576813 0.379383 0.027637
0.543460 0.497204 0.013669
0.503116 0.458339 0.020265
0.540895 0.418958 0.026706
0.623171 0.576104 0.009063
0.583433 0.536615 0.010105
0.622426 0.496988 0.010968
0.465351 0.576089 0.009545
0.425686 0.536832 0.010824
0.464651 0.497524 0.014491
0.386543 0.576128 0.009325
0.465497 0.654974 0.008903
0.307249 0.497757 0.010876
0.461797 0.420219 0.028150
0.419078 0.383002 0.032111
0.453540 0.344970 0.035719
0.532652 0.343967 0.035007
0.491008 0.306294 0.036486
0.385919 0.497787 0.012937
0.345764 0.459260 0.015188
0.383549 0.421218 0.023744
0.544367 0.654981 0.008900
0.504919 0.615501 0.008970
0.544213 0.576073 0.009412
0.701725 0.497065 0.009419
0.661152 0.457123 0.011648
0.657000 0.492007 0.010237
0.662040 0.496979 0.009980
0.657159 0.501937 0.009942
0.661868 0.487040 0.010289
0.676462 0.472123 0.010461
0.681541 0.477120 0.010169
0.676668 0.482089 0.010116
0.697052 0.531702 0.009067
0.702019 0.536648 0.009018
0.697102 0.541586 0.009000
0.701965 0.526762 0.009090
0.716711 0.511947 0.009152
0.721686 0.516898 0.009091
0.716768 0.521835 0.009074
0.539413 0.610582 0.008989
0.544352 0.615517 0.008954
0.539430 0.620447 0.008932
0.544331 0.605653 0.009024
0.559078 0.590868 0.009148
0.564027 0.595802 0.009084
0.559110 0.600730 0.009048
0.500003 0.650041 0.008903
0.504932 0.654976 0.008902
0.500002 0.659908 0.008901
0.504932 0.645108 0.008904
0.519721 0.630307 0.008908
0.524650 0.635243 0.008905
0.519720 0.640176 0.008904
0.539437 0.689500 0.008898
0.544367 0.694430 0.008898
0.539437 0.699360 0.008898
0.544367 0.684569 0.008898
0.559156 0.669778 0.008899
0.564085 0.674709 0.008898
0.559156 0.679639 0.008898
0.380007 0.454464 0.017798
0.385066 0.459226 0.017371
0.380289 0.464025 0.016452
0.384766 0.449679 0.018819
0.398962 0.435321 0.022233
0.404052 0.440042 0.021632
0.399326 0.444840 0.020482
0.341600 0.492930 0.011982
0.346594 0.497780 0.011803
0.341746 0.502632 0.011391
0.346431 0.488095 0.012476
0.360873 0.473641 0.014345
0.365898 0.478451 0.014065
0.361084 0.483271 0.013400
0.381383 0.531939 0.010584
0.386338 0.536839 0.010413
0.381459 0.541733 0.010150
0.386255 0.527052 0.010908
0.400853 0.512395 0.012110
0.405823 0.517274 0.011837
0.400957 0.522165 0.011423
0.487615 0.340076 0.036016
0.492968 0.344777 0.035899
0.488496 0.349499 0.035771
0.492182 0.335312 0.036121
0.506193 0.320827 0.036341
0.511377 0.325563 0.036221
0.506698 0.330430 0.036182
0.531808 0.376500 0.033329
0.537360 0.380990 0.032483
0.532964 0.385794 0.032333
0.536144 0.371735 0.033388
0.549115 0.357299 0.033127
0.554674 0.361684 0.032278
0.550362 0.366552 0.032434
0.452699 0.377767 0.033971
0.458193 0.382367 0.033672
0.453851 0.387121 0.033064
0.456981 0.373050 0.034453
0.469838 0.358976 0.035387
0.475368 0.363574 0.035256
0.471082 0.368247 0.034987
0.417486 0.416101 0.027107
0.422689 0.420787 0.026533
0.418090 0.425612 0.025331
0.422007 0.411284 0.028224
0.435338 0.396841 0.031178
0.440678 0.401489 0.030731
0.436234 0.406305 0.029791
0.458577 0.453902 0.021039
0.463680 0.458676 0.020230
0.458926 0.463541 0.019299
0.463301 0.449042 0.022057
0.477402 0.434436 0.025292
0.482573 0.439197 0.024263
0.477866 0.444073 0.023212
0.302675 0.531880 0.009634
0.307633 0.536774 0.009560
0.302733 0.541679 0.009419
0.307565 0.526987 0.009811
0.322193 0.512349 0.010520
0.327166 0.517224 0.010401
0.322293 0.522101 0.010145
0.460564 0.689499 0.008898
0.465493 0.694430 0.008898
0.460563 0.699359 0.008898
0.465493 0.684569 0.008898
0.480283 0.669773 0.008900
0.485212 0.674706 0.008899
0.480283 0.679637 0.008899
0.381686 0.610606 0.008965
0.386620 0.615533 0.008942
0.381694 0.620466 0.008921
0.386609 0.605676 0.009000
0.401364 0.590893 0.009165
0.406304 0.595815 0.009115
0.401387 0.600743 0.009057
0.460096 0.531870 0.011383
0.465064 0.536771 0.011079
0.460183 0.541689 0.010774
0.464973 0.526953 0.011752
0.479593 0.512190 0.013024
0.484569 0.517087 0.012575
0.479696 0.522011 0.012163
0.420993 0.571202 0.009539
0.425942 0.576117 0.009459
0.421037 0.581039 0.009356
0.425892 0.566284 0.009664
0.440568 0.551533 0.010208
0.445526 0.556440 0.010038
0.440635 0.561357 0.009856
0.460551 0.610570 0.009013
0.465489 0.615500 0.008974
0.460566 0.620434 0.008943
0.465469 0.605639 0.009062
0.480204 0.590852 0.009266
0.485151 0.595778 0.009188
0.480240 0.600707 0.009122
0.617969 0.531659 0.009769
0.622960 0.536605 0.009578
0.618064 0.541549 0.009519
0.622856 0.526711 0.009840
0.637501 0.511851 0.010034
0.642515 0.516807 0.009804
0.637630 0.521760 0.009751
0.578735 0.571156 0.009309
0.583692 0.576089 0.009224
0.578775 0.581018 0.009190
0.583650 0.566227 0.009345
0.598381 0.551427 0.009493
0.603352 0.556365 0.009359
0.598440 0.561298 0.009317
0.618299 0.610623 0.008927
0.623234 0.615555 0.008914
0.618307 0.620484 0.008907
0.623224 0.605693 0.008936
0.637999 0.590903 0.008963
0.642937 0.595834 0.008942
0.638011 0.600764 0.008936
0.537479 0.453135 0.020091
0.542564 0.457962 0.018971
0.537787 0.462896 0.018389
0.542236 0.448194 0.020726
0.556432 0.433272 0.022460
0.561546 0.438088 0.021042
0.556822 0.443084 0.020581
0.499046 0.492472 0.015050
0.504044 0.497358 0.014427
0.499180 0.502295 0.013937
0.503886 0.487552 0.015622
0.518342 0.472812 0.017479
0.523387 0.477663 0.016619
0.518567 0.482582 0.016043
0.538935 0.531730 0.011037
0.543919 0.536652 0.010696
0.539030 0.541586 0.010497
0.543818 0.526793 0.011275
0.558452 0.511963 0.011993
0.563450 0.516888 0.011522
0.558572 0.521834 0.011318
0.574977 0.413238 0.023596
0.580190 0.418008 0.022177
0.575575 0.423023 0.022013
0.579528 0.408239 0.023668
0.593057 0.393236 0.023686
0.598422 0.397959 0.022402
0.593891 0.402975 0.022386
0.616265 0.452277 0.014352
0.621394 0.457230 0.013600
0.616605 0.462233 0.013458
0.621038 0.447260 0.014500
0.635378 0.432169 0.014903
0.640563 0.437151 0.014106
0.635767 0.442181 0.013987
0.577888 0.492141 0.012849
0.582909 0.497071 0.012272
0.578054 0.502030 0.012091
0.582719 0.487180 0.013059
0.597145 0.472266 0.013663
0.602216 0.477200 0.012985
0.597405 0.482175 0.012812
0.657702 0.571184 0.008978
0.662642 0.576115 0.008956
0.657715 0.581045 0.008955
0.662629 0.566254 0.008978
0.677395 0.551456 0.008997
0.682347 0.556394 0.008961
0.677424 0.561326 0.008956
0.499811 0.571151 0.009645
0.504769 0.576072 0.009526
0.499868 0.580997 0.009432
0.504707 0.566229 0.009754
0.519384 0.551455 0.010195
0.524355 0.556375 0.009980
0.519460 0.561301 0.009842
0.421131 0.650047 0.008901
0.426060 0.654979 0.008901
0.421129 0.659912 0.008900
0.426062 0.645113 0.008902
0.440854 0.630306 0.008909
0.445782 0.635239 0.008906
0.440852 0.640175 0.008905
0.500000 0.728937 0.008898
0.504930 0.733867 0.008898
0.500000 0.738796 0.008898
0.504930 0.724008 0.008898
0.519719 0.709219 0.008898
0.524648 0.714148 0.008898
0.519719 0.719078 0.008898
0.342220 0.571186 0.009207
0.347151 0.576115 0.009177
0.342230 0.581043 0.009117
0.347137 0.566260 0.009280
0.361851 0.551517 0.009645
0.366791 0.556437 0.009563
0.361890 0.561348 0.009431
0.495982 0.414923 0.029407
0.501281 0.419646 0.028441
0.496633 0.424528 0.027482
0.500565 0.410072 0.030235
0.514147 0.395612 0.032167
0.519580 0.400237 0.031295
0.515053 0.405071 0.030741
0.420274 0.492844 0.014299
0.425269 0.497695 0.013897
0.420412 0.502594 0.013320
0.425108 0.487964 0.014975
0.439537 0.473346 0.017320
0.444582 0.478151 0.016725
0.439773 0.483029 0.015948
0.578874 0.650057 0.008899
0.583804 0.654989 0.008899
0.578874 0.659919 0.008899
0.583804 0.645128 0.008899
0.598592 0.630340 0.008899
0.603522 0.635272 0.008898
0.598592 0.640201 0.008898
0.636724 0.472119 0.011786
0.636971 0.482071 0.011229
0.631895 0.477107 0.011689
0.641811 0.477089 0.011313
0.652129 0.496971 0.010188
0.677098 0.511878 0.009437
0.677199 0.521786 0.009286
0.672202 0.516828 0.009408
0.682100 0.516840 0.009313
0.692139 0.536642 0.009046
0.519630 0.590851 0.009232
0.519668 0.600711 0.009100
0.514721 0.595780 0.009167
0.524580 0.595782 0.009155
0.534493 0.615512 0.008959
0.480288 0.630300 0.008911
0.480287 0.640171 0.008907
0.475359 0.635236 0.008908
0.485217 0.635236 0.008908
0.495073 0.654975 0.008902
0.519719 0.669775 0.008899
0.519719 0.679638 0.008899
0.514790 0.674706 0.008899
0.524649 0.674707 0.008899
0.534508 0.694430 0.008898
0.359705 0.435486 0.019307
0.360046 0.444974 0.017897
0.354973 0.440224 0.018230
0.364787 0.440224 0.018956
0.375238 0.459251 0.016839
0.321566 0.473611 0.012760
0.321763 0.483248 0.012058
0.316753 0.478419 0.012240
0.326582 0.478431 0.012559
0.336760 0.497774 0.011546
0.361532 0.512381 0.011286
0.361637 0.522136 0.010759
0.356672 0.517249 0.010917
0.366500 0.517263 0.011111
0.376507 0.536828 0.010297
0.466720 0.320947 0.036341
0.467209 0.330597 0.036177
0.462013 0.325792 0.036253
0.471868 0.325775 0.036276
0.483097 0.344823 0.035893
0.509386 0.358599 0.035370
0.510653 0.367782 0.034940
0.505030 0.363280 0.035253
0.514971 0.363105 0.035059
0.527441 0.381266 0.033183
0.430540 0.359344 0.034666
0.431833 0.368711 0.034088
0.426253 0.364122 0.034220
0.436071 0.363973 0.034554
0.448394 0.382508 0.033402
0.396288 0.397537 0.028623
0.397187 0.406924 0.027259
0.391867 0.402302 0.027548
0.401645 0.402145 0.028352
0.412921 0.420915 0.025938
0.438111 0.434922 0.024312
0.438538 0.444496 0.022349
0.433435 0.439763 0.023114
0.443229 0.439651 0.023494
0.453838 0.458761 0.020055
0.282808 0.512346 0.009953
0.282895 0.522109 0.009691
0.277929 0.517224 0.009764
0.287778 0.517225 0.009871
0.297778 0.536780 0.009482
0.440847 0.669775 0.008900
0.440846 0.679638 0.008899
0.435917 0.674707 0.008899
0.445776 0.674706 0.008899
0.455634 0.694430 0.008898
0.361948 0.590899 0.009082
0.361960 0.600755 0.009007
0.357027 0.595828 0.009034
0.366882 0.595826 0.009050
0.376761 0.615538 0.008937
0.440208 0.512310 0.012762
0.440311 0.522104 0.011953
0.435340 0.517220 0.012282
0.445183 0.517193 0.012398
0.455217 0.536787 0.011043
0.401196 0.551555 0.009953
0.401252 0.561377 0.009662
0.396305 0.556463 0.009764
0.406146 0.556465 0.009825
0.416091 0.576123 0.009427
0.440782 0.590870 0.009238
0.440814 0.600721 0.009104
0.435871 0.595798 0.009160
0.445727 0.595792 0.009172
0.455631 0.615503 0.008972
0.597951 0.511883 0.010914
0.598086 0.521777 0.010450
0.593080 0.516837 0.010785
0.602962 0.516825 0.010564
0.613078 0.536605 0.009697
0.558863 0.551432 0.009892
0.558933 0.561293 0.009614
0.553962 0.556364 0.009783
0.563839 0.556363 0.009697
0.573821 0.576085 0.009272
0.598540 0.590891 0.009041
0.598561 0.600755 0.008983
0.593619 0.595821 0.009020
0.603483 0.595825 0.009001
0.613374 0.615553 0.008917
0.516957 0.433934 0.024947
0.517382 0.443641 0.022830
0.512232 0.438851 0.024009
0.522119 0.438722 0.023694
0.532710 0.458064 0.019442
0.478920 0.473075 0.017875
0.479161 0.482800 0.016415
0.474122 0.477963 0.017108
0.483973 0.477902 0.017126
0.494195 0.497399 0.014506
0.518996 0.512071 0.012771
0.519105 0.521916 0.011951
0.514123 0.517006 0.012401
0.523981 0.516981 0.012284
0.534050 0.536664 0.010807
0.553761 0.394612 0.029213
0.554630 0.404151 0.027777
0.549281 0.399520 0.029071
0.559136 0.399209 0.027909
0.570399 0.418240 0.023471
0.595706 0.432559 0.018281
0.596123 0.442501 0.016937
0.590996 0.437597 0.018053
0.600850 0.437470 0.017146
0.611492 0.457286 0.014195
0.557749 0.472526 0.015942
0.557979 0.482362 0.014724
0.552944 0.477474 0.015550
0.562792 0.477410 0.015057
0.573044 0.497100 0.012640
0.637894 0.551439 0.009186
0.637939 0.561313 0.009091
0.632982 0.556375 0.009161
0.642857 0.556379 0.009107
0.652775 0.576113 0.008977
0.479963 0.551492 0.010306
0.480037 0.561325 0.009929
0.475075 0.556413 0.010102
0.484928 0.556404 0.010100
0.494914 0.576075 0.009541
0.401416 0.630320 0.008903
0.401414 0.640186 0.008900
0.396485 0.635255 0.008900
0.406345 0.635251 0.008901
0.416201 0.654980 0.008900
0.480282 0.709219 0.008898
0.480282 0.719078 0.008898
0.475352 0.714148 0.008898
0.485212 0.714148 0.008898
0.495071 0.733867 0.008898
0.322481 0.551490 0.009365
0.322506 0.561328 0.009223
0.317570 0.556407 0.009261
0.327421 0.556407 0.009313
0.337299 0.576114 0.009144
0.474528 0.396226 0.032350
0.475433 0.405689 0.030972
0.470073 0.401026 0.031617
0.479927 0.400874 0.031749
0.491374 0.419788 0.028495
0.400201 0.473568 0.016035
0.400417 0.483216 0.014838
0.395397 0.478402 0.015242
0.405231 0.478369 0.015588
0.415429 0.497729 0.013679
0.559156 0.630323 0.008903
0.559156 0.640188 0.008901
0.554226 0.635253 0.008902
0.564085 0.635258 0.008901
0.573944 0.654987 0.008899
0.569015 0.659917 0.008899
0.569015 0.669779 0.008898
0.564085 0.664847 0.008899
0.573944 0.664849 0.008899
0.578874 0.669780 0.008898
0.578874 0.679640 0.008898
0.573944 0.674710 0.008898
0.559156 0.650052 0.008900
0.564085 0.654985 0.008899
0.559156 0.659915 0.008899
0.564085 0.645122 0.008900
0.569015 0.640192 0.008900
0.573944 0.645125 0.008900
0.569015 0.650055 0.008899
0.549297 0.640184 0.008902
0.549297 0.650050 0.008901
0.544367 0.645116 0.008901
0.554226 0.645119 0.008901
0.554226 0.654983 0.008900
0.410573 0.502619 0.013114
0.410688 0.512383 0.012290
0.405714 0.507508 0.012591
0.415551 0.507490 0.012784
0.420526 0.512365 0.012460
0.420629 0.522146 0.011707
0.415660 0.517263 0.011994
0.400596 0.492905 0.013791
0.405590 0.497756 0.013447
0.400737 0.502638 0.012895
0.405430 0.488041 0.014440
0.410254 0.483181 0.015148
0.415268 0.488006 0.014717
0.410434 0.492879 0.014053
0.390582 0.483242 0.014508
0.390760 0.492925 0.013512
0.385759 0.488086 0.013833
0.395594 0.488068 0.014146
0.395754 0.497775 0.013199
0.486739 0.424666 0.027499
0.487271 0.434314 0.025342
0.482080 0.429552 0.026420
0.491961 0.429420 0.026440
0.497158 0.434191 0.025312
0.497611 0.443862 0.023200
0.492449 0.439083 0.024265
0.476215 0.415217 0.029334
0.481490 0.419932 0.028463
0.476868 0.424804 0.027432
0.480772 0.410370 0.030238
0.485303 0.405538 0.031059
0.490655 0.410221 0.030279
0.486086 0.415069 0.029413
0.465592 0.405842 0.030800
0.466370 0.415365 0.029171
0.461085 0.410672 0.029902
0.470915 0.410521 0.030112
0.471631 0.420075 0.028348
0.332377 0.581043 0.009090
0.332383 0.590902 0.009025
0.327452 0.585973 0.009046
0.337308 0.585972 0.009067
0.342239 0.590901 0.009042
0.342246 0.600760 0.008983
0.337314 0.595831 0.009004
0.322516 0.571185 0.009135
0.327446 0.576114 0.009113
0.322522 0.581044 0.009066
0.327439 0.566255 0.009194
0.332357 0.561329 0.009269
0.337289 0.566256 0.009235
0.332369 0.571184 0.009170
0.312652 0.561331 0.009180
0.312660 0.571187 0.009103
0.307729 0.566260 0.009120
0.317585 0.566256 0.009155
0.317591 0.576115 0.009085
0.490141 0.738796 0.008898
0.490141 0.748655 0.008898
0.485212 0.743726 0.008898
0.495071 0.743726 0.008898
0.500000 0.748655 0.008898
0.500000 0.758515 0.008898
0.495071 0.753585 0.008898
0.480282 0.728937 0.008898
0.485212 0.733867 0.008898
0.480282 0.738796 0.008898
0.485212 0.724008 0.008898
0.490141 0.719078 0.008898
0.495071 0.724008 0.008898
0.490141 0.728937 0.008898
0.470423 0.719078 0.008898
0.470423 0.728937 0.008898
0.465493 0.724008 0.008898
0.475352 0.724008 0.008898
0.475352 0.733867 0.008898
0.411270 0.659914 0.008899
0.411269 0.669777 0.008899
0.406340 0.664846 0.008899
0.416199 0.664845 0.008899
0.421128 0.669776 0.008899
0.421127 0.679639 0.008898
0.416198 0.674708 0.008898
0.401412 0.650051 0.008900
0.406341 0.654982 0.008899
0.401411 0.659915 0.008899
0.406343 0.645118 0.008900
0.411274 0.640183 0.008901
0.416203 0.645115 0.008901
0.411272 0.650049 0.008900
0.391555 0.640189 0.008900
0.391553 0.650053 0.008899
0.386624 0.645123 0.008899
0.396483 0.645120 0.008900
0.396482 0.654984 0.008899
0.490013 0.581000 0.009442
0.490060 0.590850 0.009263
0.485110 0.585925 0.009350
0.494966 0.585923 0.009344
0.499916 0.590850 0.009256
0.499953 0.600707 0.009115
0.495008 0.595777 0.009184
0.480103 0.571160 0.009664
0.485059 0.576078 0.009549
0.480158 0.581003 0.009447
0.484998 0.566239 0.009784
0.489890 0.561318 0.009922
0.494852 0.566234 0.009773
0.489957 0.571156 0.009658
0.470185 0.561333 0.009926
0.470249 0.571166 0.009662
0.465292 0.566252 0.009779
0.475145 0.566246 0.009786
0.475205 0.576083 0.009551
0.647850 0.581043 0.008974
0.647863 0.590904 0.008948
0.642924 0.585972 0.008969
0.652789 0.585974 0.008952
0.657726 0.590906 0.008935
0.657735 0.600766 0.008920
0.652800 0.595835 0.008932
0.637964 0.571177 0.009037
0.642908 0.576110 0.009002
0.637983 0.581040 0.008997
0.642889 0.566248 0.009041
0.647812 0.561317 0.009048
0.652760 0.566251 0.009007
0.647834 0.571181 0.009006
0.628065 0.561308 0.009140
0.628094 0.571174 0.009074
0.623145 0.566240 0.009125
0.633017 0.566244 0.009081
0.633040 0.576108 0.009031
0.568186 0.502057 0.012434
0.568323 0.511939 0.011716
0.563322 0.507012 0.012220
0.573192 0.506986 0.011906
0.578197 0.511918 0.011435
0.578326 0.521801 0.010868
0.573325 0.516869 0.011266
0.558170 0.492216 0.013667
0.563181 0.497132 0.013021
0.558321 0.502088 0.012771
0.563006 0.487263 0.013961
0.567829 0.482308 0.014240
0.572861 0.487220 0.013503
0.568028 0.492177 0.013263
0.548127 0.482417 0.015145
0.548312 0.492256 0.014022
0.543297 0.487358 0.014735
0.553152 0.487310 0.014376
0.553320 0.497167 0.013368
0.606716 0.462287 0.014027
0.607019 0.472218 0.013150
0.601933 0.467281 0.013850
0.611814 0.467229 0.013308
0.616906 0.472178 0.012666
0.617167 0.482112 0.011973
0.612097 0.477163 0.012527
0.596502 0.452431 0.015722
0.601611 0.457354 0.014829
0.596843 0.462352 0.014632
0.601250 0.447418 0.015927
0.605992 0.442395 0.016118
0.611131 0.447331 0.015189
0.606373 0.452347 0.015015
0.586278 0.442624 0.017807
0.586652 0.452528 0.016471
0.581553 0.447637 0.017543
0.591391 0.447520 0.016712
0.591749 0.457434 0.015504
0.565786 0.423248 0.023265
0.566254 0.433069 0.021449
0.561128 0.428262 0.022930
0.570932 0.428043 0.021776
0.576052 0.432879 0.020342
0.576454 0.442762 0.018725
0.571355 0.437906 0.020027
0.555364 0.413777 0.026169
0.560597 0.418497 0.024739
0.555964 0.423486 0.024394
0.559933 0.408811 0.026400
0.564464 0.403839 0.026519
0.569741 0.408513 0.025059
0.565190 0.413503 0.024957
0.544766 0.404426 0.028825
0.545510 0.414022 0.027181
0.540216 0.409331 0.028469
0.550088 0.409087 0.027536
0.550759 0.418739 0.025818
0.529163 0.541596 0.010588
0.529248 0.551447 0.010137
0.524274 0.546526 0.010383
0.534140 0.546518 0.010310
0.539116 0.551441 0.010067
0.539190 0.561295 0.009746
0.534220 0.556370 0.009924
0.519206 0.531762 0.011248
0.524184 0.536678 0.010901
0.519299 0.541608 0.010663
0.524086 0.526829 0.011535
0.528965 0.521894 0.011832
0.533950 0.526811 0.011416
0.529068 0.531745 0.011153
0.509248 0.521939 0.012043
0.509347 0.531779 0.011323
0.504372 0.526869 0.011701
0.514227 0.526849 0.011630
0.514323 0.536692 0.010977
0.489331 0.502332 0.013991
0.489441 0.512160 0.013009
0.484463 0.507263 0.013497
0.494311 0.507229 0.013464
0.499291 0.512129 0.012962
0.499395 0.521963 0.012109
0.494419 0.517059 0.012546
0.479349 0.492563 0.015126
0.484347 0.497440 0.014543
0.479483 0.502369 0.014007
0.484187 0.487651 0.015748
0.489012 0.482744 0.016403
0.494036 0.487601 0.015710
0.489198 0.492517 0.015110
0.469312 0.482856 0.016376
0.469501 0.492610 0.015096
0.464489 0.487753 0.015679
0.474337 0.487702 0.015738
0.474499 0.497482 0.014538
0.527931 0.462985 0.018785
0.528198 0.472744 0.017207
0.523142 0.467900 0.018129
0.532998 0.467822 0.017799
0.538051 0.472673 0.016860
0.538274 0.482472 0.015506
0.533241 0.477601 0.016331
0.517752 0.453349 0.020876
0.522850 0.458162 0.019813
0.518072 0.463071 0.019091
0.522510 0.448438 0.021670
0.527258 0.443517 0.022461
0.532377 0.448321 0.021257
0.527619 0.453246 0.020537
0.507498 0.443755 0.023074
0.507880 0.453447 0.021109
0.502755 0.448649 0.022148
0.512635 0.448548 0.021966
0.512985 0.458253 0.020087
0.608447 0.620482 0.008909
0.608451 0.630343 0.008899
0.603521 0.625411 0.008903
0.613380 0.625414 0.008902
0.618311 0.630344 0.008898
0.618311 0.640204 0.008898
0.613381 0.635274 0.008898
0.598577 0.610617 0.008940
0.603513 0.615550 0.008922
0.598588 0.620479 0.008912
0.603501 0.605688 0.008954
0.608424 0.600758 0.008969
0.613363 0.605691 0.008945
0.608438 0.610621 0.008933
0.588699 0.600750 0.008998
0.588717 0.610613 0.008947
0.583777 0.605679 0.008976
0.593639 0.605684 0.008965
0.593653 0.615546 0.008926
0.568907 0.581013 0.009232
0.568943 0.590875 0.009120
0.563992 0.585940 0.009191
0.573860 0.585947 0.009155
0.578809 0.590881 0.009092
0.578836 0.600744 0.009013
0.573891 0.595809 0.009061
0.558990 0.571149 0.009426
0.563950 0.576080 0.009322
0.559038 0.581007 0.009274
0.563900 0.566222 0.009479
0.568810 0.561294 0.009536
0.573776 0.566225 0.009410
0.568863 0.571153 0.009367
0.549060 0.561293 0.009684
0.549120 0.571147 0.009478
0.544157 0.566220 0.009600
0.554027 0.566221 0.009543
0.554080 0.576076 0.009370
0.608183 0.541548 0.009626
0.608260 0.551429 0.009407
0.603284 0.546489 0.009558
0.613164 0.546490 0.009461
0.618138 0.551431 0.009328
0.618191 0.561304 0.009194
0.613229 0.556367 0.009287
0.598203 0.531666 0.010060
0.603196 0.536606 0.009824
0.598301 0.541549 0.009741
0.603088 0.526718 0.010160
0.607969 0.521768 0.010258
0.612971 0.526713 0.009994
0.608086 0.531661 0.009910
0.588205 0.521788 0.010654
0.588322 0.531672 0.010219
0.583326 0.526735 0.010521
0.593206 0.526726 0.010335
0.593314 0.536610 0.009960
0.450708 0.620436 0.008942
0.450713 0.630303 0.008910
0.445782 0.625370 0.008921
0.455641 0.625368 0.008922
0.460571 0.630301 0.008911
0.460570 0.640172 0.008906
0.455641 0.635237 0.008907
0.440836 0.610577 0.009004
0.445773 0.615506 0.008969
0.440849 0.620439 0.008939
0.445754 0.605646 0.009053
0.450670 0.600716 0.009112
0.455612 0.605642 0.009059
0.450694 0.610573 0.009009
0.430957 0.600727 0.009093
0.430978 0.610583 0.008998
0.426040 0.605657 0.009037
0.435897 0.605651 0.009046
0.435914 0.615510 0.008965
0.411185 0.581045 0.009328
0.411218 0.590889 0.009184
0.406276 0.585968 0.009241
0.416129 0.585963 0.009264
0.421073 0.590883 0.009203
0.421100 0.600733 0.009081
0.416160 0.595810 0.009131
0.401297 0.571209 0.009462
0.406241 0.576126 0.009394
0.401334 0.581048 0.009300
0.406198 0.566292 0.009576
0.411095 0.561377 0.009714
0.416045 0.566289 0.009621
0.411144 0.571207 0.009501
0.391409 0.561374 0.009607
0.391450 0.571209 0.009421
0.386509 0.566289 0.009482
0.396353 0.566291 0.009530
0.396391 0.576128 0.009360
0.450336 0.541702 0.010733
0.450414 0.551523 0.010253
0.445453 0.546618 0.010455
0.455300 0.546606 0.010498
0.460263 0.551512 0.010284
0.460334 0.561341 0.009913
0.455375 0.556431 0.010071
0.440406 0.531906 0.011257
0.445372 0.536802 0.010987
0.440491 0.541716 0.010676
0.445281 0.526994 0.011635
0.450155 0.522081 0.012045
0.455126 0.526974 0.011705
0.450250 0.531888 0.011331
0.430469 0.522127 0.011836
0.430563 0.531924 0.011164
0.425597 0.527033 0.011429
0.435438 0.527015 0.011541
0.435528 0.536818 0.010913
0.371834 0.620470 0.008918
0.371836 0.630332 0.008900
0.366905 0.625403 0.008906
0.376765 0.625399 0.008907
0.381696 0.630328 0.008901
0.381695 0.640192 0.008899
0.376765 0.635262 0.008899
0.361969 0.610614 0.008951
0.366901 0.615542 0.008933
0.361973 0.620474 0.008916
0.366894 0.605683 0.008981
0.371817 0.600753 0.009020
0.376752 0.605680 0.008991
0.371827 0.610610 0.008958
0.352103 0.600758 0.008995
0.352109 0.610617 0.008945
0.347177 0.605689 0.008964
0.357036 0.605686 0.008972
0.357041 0.615546 0.008929
0.450704 0.699359 0.008898
0.450704 0.709219 0.008898
0.445775 0.704289 0.008898
0.455634 0.704289 0.008898
0.460563 0.709219 0.008898
0.460563 0.719078 0.008898
0.455634 0.714148 0.008898
0.440845 0.689499 0.008898
0.445775 0.694430 0.008898
0.440845 0.699359 0.008898
0.445775 0.684569 0.008898
0.450705 0.679638 0.008899
0.455634 0.684569 0.008898
0.450704 0.689499 0.008898
0.430986 0.679638 0.008898
0.430986 0.689499 0.008898
0.426056 0.684569 0.008898
0.435916 0.684569 0.008898
0.435915 0.694430 0.008898
0.292875 0.541686 0.009354
0.292914 0.551505 0.009207
0.287968 0.546596 0.009248
0.297826 0.546589 0.009302
0.302773 0.551497 0.009255
0.302796 0.561336 0.009141
0.297857 0.556418 0.009171
0.282965 0.531891 0.009471
0.287922 0.536786 0.009411
0.283019 0.541691 0.009295
0.287859 0.526996 0.009619
0.292747 0.522107 0.009790
0.297712 0.526992 0.009711
0.292820 0.531887 0.009549
0.273044 0.522108 0.009600
0.273111 0.531892 0.009400
0.268154 0.526998 0.009457
0.278006 0.526998 0.009534
0.278066 0.536790 0.009346
0.449085 0.463620 0.019105
0.449377 0.473277 0.017545
0.444318 0.468482 0.018193
0.454158 0.468408 0.018403
0.459221 0.473209 0.017712
0.459464 0.482913 0.016284
0.454426 0.478088 0.016907
0.438918 0.454086 0.020526
0.444005 0.458847 0.019813
0.439252 0.463700 0.018848
0.443641 0.449239 0.021582
0.448349 0.444390 0.022674
0.453465 0.449140 0.021855
0.448742 0.453994 0.020817
0.428740 0.444599 0.021954
0.429104 0.454176 0.020170
0.424025 0.449430 0.020839
0.433830 0.449337 0.021239
0.434180 0.458932 0.019507
0.408312 0.425724 0.024726
0.408761 0.435241 0.022835
0.403657 0.430527 0.023480
0.413445 0.430432 0.024087
0.418551 0.435147 0.023383
0.418941 0.444692 0.021509
0.413853 0.439962 0.022176
0.397932 0.416353 0.025738
0.403141 0.421030 0.025275
0.398522 0.425822 0.024057
0.402470 0.411568 0.026898
0.406964 0.406778 0.028012
0.412244 0.411431 0.027599
0.407715 0.416233 0.026459
0.387402 0.407060 0.026426
0.388140 0.416460 0.024946
0.382892 0.411810 0.025267
0.392686 0.411695 0.026120
0.393350 0.421132 0.024544
0.444067 0.387269 0.032746
0.445095 0.396685 0.031591
0.439715 0.392047 0.032005
0.449485 0.391894 0.032370
0.454878 0.396530 0.031924
0.455778 0.405995 0.030546
0.450448 0.401333 0.031107
0.433137 0.378044 0.033319
0.438620 0.382651 0.033062
0.434306 0.387420 0.032352
0.437391 0.373302 0.033909
0.441623 0.368583 0.034404
0.447176 0.373174 0.034212
0.442909 0.377902 0.033681
0.422021 0.368894 0.033676
0.423353 0.378224 0.032860
0.417807 0.373660 0.033035
0.427604 0.373457 0.033521
0.428855 0.382811 0.032635
0.523041 0.386039 0.032943
0.524074 0.395414 0.031744
0.518610 0.390820 0.032606
0.528535 0.390600 0.032088
0.533988 0.395184 0.031112
0.534878 0.404668 0.029666
0.529497 0.400029 0.030761
0.511942 0.376967 0.034265
0.517510 0.381495 0.033670
0.513108 0.386243 0.033342
0.516281 0.372266 0.034489
0.520592 0.367574 0.034621
0.526217 0.372030 0.034043
0.521879 0.376759 0.033903
0.500717 0.367933 0.035064
0.502002 0.377129 0.034423
0.496417 0.372582 0.034801
0.506341 0.372448 0.034727
0.507570 0.381681 0.033947
0.478628 0.349555 0.035750
0.479696 0.358895 0.035455
0.474208 0.354272 0.035583
0.484071 0.354204 0.035624
0.489568 0.358818 0.035480
0.490818 0.368039 0.035095
0.485234 0.363483 0.035307
0.467894 0.340152 0.035962
0.473236 0.344870 0.035861
0.468771 0.349613 0.035697
0.472455 0.335371 0.036093
0.477066 0.330574 0.036202
0.482315 0.335341 0.036116
0.477751 0.340114 0.035999
0.457357 0.330621 0.036140
0.458044 0.340193 0.035903
0.452753 0.335434 0.035998
0.462601 0.335402 0.036054
0.463383 0.344919 0.035803
0.371627 0.541721 0.010046
0.371685 0.551532 0.009727
0.366742 0.546616 0.009829
0.376574 0.546631 0.009922
0.381520 0.551544 0.009805
0.381568 0.561368 0.009551
0.376627 0.556450 0.009633
0.361725 0.531910 0.010310
0.366677 0.536813 0.010176
0.361796 0.541704 0.009939
0.366597 0.527029 0.010604
0.371464 0.522151 0.010936
0.376425 0.527043 0.010759
0.371553 0.531927 0.010449
0.351806 0.522122 0.010591
0.351893 0.531896 0.010177
0.346935 0.527001 0.010303
0.356768 0.527013 0.010449
0.356847 0.536798 0.010055
0.331912 0.502626 0.011164
0.332033 0.512354 0.010693
0.327056 0.507484 0.010824
0.336893 0.507490 0.011022
0.341869 0.512361 0.010878
0.341973 0.522112 0.010432
0.337005 0.517230 0.010562
0.321932 0.492918 0.011455
0.326925 0.497768 0.011306
0.322075 0.502620 0.010953
0.326768 0.488083 0.011880
0.331594 0.483257 0.012361
0.336600 0.488090 0.012168
0.331767 0.492924 0.011710
0.311931 0.483237 0.011775
0.312096 0.492911 0.011219
0.307099 0.488065 0.011363
0.316934 0.488075 0.011612
0.317088 0.497762 0.011083
0.370458 0.464043 0.015941
0.370704 0.473637 0.014799
0.365670 0.468840 0.015107
0.375501 0.468829 0.015595
0.380536 0.473623 0.015237
0.380748 0.483259 0.014157
0.375730 0.478443 0.014480
0.360354 0.454494 0.016598
0.365409 0.459266 0.016272
0.360630 0.464050 0.015412
0.365114 0.449728 0.017557
0.369867 0.444964 0.018595
0.374941 0.449710 0.018208
0.370180 0.454486 0.017208
0.350232 0.444968 0.017233
0.350534 0.454490 0.016016
0.345479 0.449720 0.016312
0.355295 0.449729 0.016918
0.355585 0.459267 0.015715
0.529578 0.699360 0.008898
0.529578 0.709219 0.008898
0.524648 0.704289 0.008898
0.534508 0.704289 0.008898
0.539437 0.709219 0.008898
0.539437 0.719078 0.008898
0.534507 0.714148 0.008898
0.519719 0.689500 0.008898
0.524648 0.694430 0.008898
0.519719 0.699360 0.008898
0.524648 0.684569 0.008898
0.529578 0.679638 0.008898
0.534508 0.684569 0.008898
0.529578 0.689500 0.008898
0.509860 0.679638 0.008899
0.509860 0.689499 0.008898
0.504930 0.684569 0.008898
0.514789 0.684569 0.008898
0.514789 0.694430 0.008898
0.490143 0.659908 0.008902
0.490142 0.669774 0.008900
0.485213 0.664841 0.008901
0.495072 0.664841 0.008901
0.500001 0.669774 0.008900
0.500001 0.679638 0.008899
0.495072 0.674706 0.008899
0.480285 0.650040 0.008904
0.485214 0.654974 0.008903
0.480284 0.659908 0.008902
0.485215 0.645106 0.008905
0.490145 0.640171 0.008906
0.495074 0.645106 0.008905
0.490144 0.650041 0.008904
0.470428 0.640171 0.008907
0.470427 0.650040 0.008904
0.465498 0.645106 0.008905
0.475357 0.645106 0.008905
0.475355 0.654974 0.008903
0.529571 0.620443 0.008935
0.529579 0.630310 0.008907
0.524647 0.625374 0.008918
0.534506 0.625378 0.008916
0.539438 0.630314 0.008906
0.539438 0.640181 0.008903
0.534509 0.635246 0.008904
0.519695 0.610573 0.009002
0.524635 0.615508 0.008964
0.519713 0.620439 0.008938
0.524612 0.605644 0.009043
0.529527 0.600714 0.009089
0.534471 0.605648 0.009034
0.529554 0.610577 0.008996
0.509810 0.600708 0.009108
0.509838 0.610571 0.009007
0.504896 0.605638 0.009056
0.514754 0.605640 0.009050
0.514776 0.615504 0.008967
0.687226 0.541581 0.009028
0.687267 0.551459 0.008971
0.682311 0.546519 0.009011
0.692186 0.546523 0.008984
0.697138 0.551461 0.008952
0.697159 0.561329 0.008925
0.692217 0.556396 0.008943
0.677282 0.531686 0.009162
0.682258 0.536635 0.009086
0.677348 0.541575 0.009066
0.682187 0.526742 0.009187
0.687093 0.521798 0.009212
0.692076 0.526752 0.009131
0.687167 0.531694 0.009108
0.667306 0.521777 0.009377
0.667397 0.531678 0.009231
0.662409 0.526725 0.009345
0.672298 0.526733 0.009258
0.672376 0.536628 0.009139
0.647254 0.501933 0.010141
0.647397 0.511852 0.009854
0.642378 0.506892 0.010090
0.652278 0.506895 0.009900
0.657296 0.511857 0.009695
0.657413 0.521769 0.009485
0.652409 0.516811 0.009654
0.637181 0.492009 0.010756
0.642223 0.496971 0.010423
0.637353 0.501934 0.010365
0.642036 0.487037 0.010828
0.646886 0.482061 0.010900
0.651949 0.487034 0.010543
0.647088 0.492004 0.010482
0.627063 0.482089 0.011589
0.627280 0.492021 0.011057
0.622228 0.487065 0.011485
0.632128 0.487048 0.011144
0.632322 0.496977 0.010685
0.598592 0.650061 0.008898
0.603522 0.654992 0.008898
0.598592 0.659921 0.008898
0.603522 0.645132 0.008898
0.608451 0.640203 0.008898
0.613381 0.645133 0.008898
0.608451 0.650062 0.008898
0.588733 0.659920 0.008898
0.593663 0.654991 0.008898
0.593663 0.664851 0.008898
0.588733 0.650059 0.008899
0.588733 0.640199 0.008899
0.593663 0.635269 0.008899
0.593663 0.645130 0.008899
0.583804 0.674710 0.008898
0.583803 0.664850 0.008898
0.588733 0.669781 0.008898
0.439960 0.492753 0.014736
0.444957 0.497610 0.014272
0.440097 0.502522 0.013686
0.444795 0.487859 0.015417
0.449617 0.482970 0.016142
0.454641 0.487806 0.015572
0.449806 0.492705 0.014900
0.430253 0.502561 0.013512
0.435112 0.497654 0.014101
0.435232 0.507433 0.013134
0.430116 0.492802 0.014528
0.429931 0.483087 0.015705
0.434741 0.478214 0.016489
0.434950 0.487912 0.015214
0.425498 0.517244 0.012143
0.425390 0.507465 0.012965
0.430366 0.512340 0.012619
0.515824 0.414616 0.029060
0.521113 0.419335 0.027930
0.516458 0.424240 0.027123
0.520415 0.409744 0.029737
0.524973 0.404882 0.030304
0.530324 0.409549 0.029201
0.525735 0.414438 0.028623
0.506546 0.424390 0.027377
0.511201 0.419498 0.028272
0.511770 0.429153 0.026202
0.505902 0.414775 0.029311
0.505123 0.405237 0.030979
0.509651 0.400418 0.031625
0.510494 0.409917 0.030079
0.502338 0.438969 0.024189
0.501861 0.429289 0.026377
0.507060 0.434067 0.025197
0.361914 0.571195 0.009290
0.366848 0.576122 0.009250
0.361933 0.581046 0.009176
0.366824 0.566275 0.009380
0.371729 0.561359 0.009492
0.376666 0.566283 0.009432
0.371759 0.571201 0.009335
0.352082 0.581044 0.009146
0.357000 0.576118 0.009212
0.357015 0.585972 0.009114
0.352068 0.571189 0.009247
0.352049 0.561339 0.009374
0.356953 0.556425 0.009494
0.356982 0.566266 0.009329
0.347171 0.595829 0.009018
0.347162 0.585972 0.009089
0.352094 0.590900 0.009061
0.519719 0.728937 0.008898
0.524648 0.733867 0.008898
0.519719 0.738796 0.008898
0.524648 0.724008 0.008898
0.529578 0.719078 0.008898
0.534507 0.724008 0.008898
0.529578 0.728937 0.008898
0.509860 0.738796 0.008898
0.514789 0.733867 0.008898
0.514789 0.743726 0.008898
0.509860 0.728937 0.008898
0.509860 0.719078 0.008898
0.514789 0.714148 0.008898
0.514789 0.724008 0.008898
0.504930 0.753585 0.008898
0.504930 0.743726 0.008898
0.509860 0.748655 0.008898
0.440850 0.650043 0.008903
0.445778 0.654976 0.008902
0.440848 0.659910 0.008901
0.445780 0.645108 0.008904
0.450711 0.640173 0.008906
0.455639 0.645107 0.008905
0.450709 0.650042 0.008903
0.430989 0.659911 0.008900
0.435919 0.654977 0.008901
0.435918 0.664843 0.008900
0.430991 0.650045 0.008902
0.430993 0.640178 0.008903
0.435923 0.635242 0.008905
0.435921 0.645110 0.008903
0.426057 0.674707 0.008899
0.426058 0.664844 0.008900
0.430987 0.669775 0.008899
0.519526 0.571146 0.009598
0.524486 0.576070 0.009480
0.519583 0.580996 0.009398
0.524426 0.566222 0.009692
0.529323 0.561297 0.009798
0.534289 0.566221 0.009650
0.529388 0.571145 0.009564
0.509725 0.580996 0.009417
0.514627 0.576071 0.009506
0.514679 0.585923 0.009319
0.509668 0.571148 0.009624
0.509601 0.561306 0.009878
0.514493 0.556381 0.010026
0.514565 0.566225 0.009726
0.504864 0.595778 0.009177
0.504821 0.585923 0.009334
0.509772 0.590850 0.009245
0.677437 0.571188 0.008938
0.682373 0.576118 0.008926
0.677445 0.581048 0.008926
0.682365 0.566259 0.008936
0.687292 0.561328 0.008937
0.692232 0.566260 0.008923
0.687302 0.571189 0.008925
0.667581 0.581046 0.008939
0.672508 0.576117 0.008939
0.672517 0.585977 0.008926
0.667570 0.571186 0.008956
0.667555 0.561324 0.008980
0.672477 0.556391 0.008987
0.672498 0.566257 0.008954
0.662662 0.595837 0.008923
0.662653 0.585976 0.008938
0.667589 0.590907 0.008925
0.597624 0.492081 0.012076
0.602656 0.497022 0.011586
0.597800 0.501984 0.011452
0.602457 0.487114 0.012231
0.607281 0.482141 0.012381
0.612338 0.487087 0.011847
0.607502 0.492057 0.011718
0.587925 0.502006 0.011764
0.592780 0.497045 0.011920
0.592939 0.506943 0.011313
0.587753 0.492110 0.012454
0.587539 0.482215 0.013266
0.592347 0.477244 0.013468
0.592584 0.487145 0.012635
0.583202 0.516852 0.011019
0.583063 0.506963 0.011602
0.588073 0.511899 0.011168
0.636122 0.452176 0.013163
0.641256 0.457151 0.012536
0.636441 0.462155 0.012430
0.640926 0.447160 0.013276
0.645731 0.442138 0.013386
0.650885 0.447130 0.012739
0.646070 0.452143 0.012639
0.626514 0.462189 0.012925
0.631317 0.457186 0.013046
0.631625 0.467153 0.012323
0.626182 0.452220 0.013734
0.625813 0.442236 0.014641
0.630593 0.437206 0.014774
0.630973 0.447204 0.013863
0.621989 0.477132 0.012095
0.621711 0.467187 0.012799
0.626808 0.472145 0.012211
0.594610 0.412776 0.021048
0.599855 0.417608 0.019800
0.595215 0.422638 0.019679
0.599195 0.407755 0.021112
0.603765 0.402732 0.021154
0.609087 0.407550 0.019953
0.604478 0.412580 0.019889
0.585381 0.422819 0.020812
0.590007 0.417796 0.020953
0.590553 0.427671 0.019511
0.584778 0.412996 0.022285
0.584056 0.403241 0.023698
0.588565 0.398241 0.023701
0.589344 0.407986 0.022351
0.581165 0.437743 0.019014
0.580731 0.427847 0.020613
0.585867 0.432709 0.019283
0.558681 0.531702 0.010744
0.563671 0.536631 0.010417
0.558778 0.541569 0.010269
0.563567 0.526761 0.010921
0.568448 0.521816 0.011094
0.573446 0.526747 0.010717
0.568560 0.531690 0.010566
0.548902 0.541577 0.010391
0.553793 0.536641 0.010566
0.553884 0.546504 0.010123
0.548806 0.531716 0.010901
0.548699 0.521853 0.011516
0.553577 0.516909 0.011757
0.553690 0.526776 0.011110
0.544089 0.556367 0.009859
0.544010 0.546510 0.010224
0.548987 0.551436 0.009986
0.518747 0.492384 0.014786
0.523747 0.497280 0.014138
0.518882 0.502223 0.013710
0.523589 0.487454 0.015288
0.528420 0.482527 0.015804
0.533443 0.487406 0.015039
0.528600 0.492341 0.014581
0.509029 0.502259 0.013844
0.513894 0.497319 0.014305
0.514013 0.507163 0.013292
0.508895 0.492428 0.014943
0.508715 0.482636 0.016221
0.513533 0.477724 0.016841
0.513736 0.487503 0.015482
0.504269 0.517033 0.012488
0.504161 0.507196 0.013396
0.509142 0.512100 0.012883
0.557171 0.452892 0.018869
0.562247 0.457739 0.017726
0.557480 0.462704 0.017323
0.561916 0.447914 0.019302
0.566645 0.442917 0.019688
0.571732 0.447768 0.018417
0.566999 0.452760 0.018089
0.547637 0.462802 0.017902
0.552411 0.457853 0.018399
0.552697 0.467657 0.016891
0.547330 0.453017 0.019536
0.546981 0.443239 0.021339
0.551713 0.438266 0.021920
0.552083 0.448059 0.020075
0.543094 0.477538 0.015974
0.542850 0.467741 0.017387
0.547902 0.472600 0.016439
0.638020 0.610625 0.008916
0.642954 0.615556 0.008908
0.638026 0.620486 0.008904
0.642947 0.605695 0.008922
0.647873 0.600765 0.008927
0.652808 0.605696 0.008916
0.647881 0.610626 0.008912
0.628167 0.620485 0.008905
0.633094 0.615556 0.008910
0.633098 0.625416 0.008900
0.628160 0.610625 0.008921
0.628149 0.600763 0.008946
0.633074 0.595833 0.008955
0.633086 0.605695 0.008929
0.623240 0.635275 0.008898
0.623239 0.625415 0.008901
0.628170 0.630345 0.008898
0.598480 0.571164 0.009204
0.603432 0.576097 0.009137
0.598513 0.581027 0.009115
0.603399 0.566233 0.009227
0.608315 0.561301 0.009253
0.613272 0.566236 0.009174
0.608352 0.571167 0.009157
0.588644 0.581023 0.009151
0.593562 0.576093 0.009179
0.593593 0.585957 0.009091
0.588608 0.571160 0.009255
0.588564 0.561296 0.009385
0.593474 0.556363 0.009435
0.593525 0.566230 0.009284
0.583755 0.595815 0.009039
0.583727 0.585952 0.009122
0.588674 0.590886 0.009066
0.637739 0.531662 0.009516
0.642728 0.536611 0.009367
0.637827 0.541555 0.009328
0.642631 0.526714 0.009564
0.647521 0.521763 0.009610
0.652520 0.526718 0.009447
0.647625 0.531666 0.009407
0.627946 0.541551 0.009419
0.632844 0.536608 0.009468
0.632924 0.546496 0.009290
0.627853 0.531659 0.009637
0.627740 0.521760 0.009908
0.632622 0.516807 0.009974
0.632743 0.526711 0.009695
0.623105 0.556370 0.009221
0.623044 0.546492 0.009372
0.628016 0.551434 0.009254
0.480266 0.610567 0.009015
0.485204 0.615499 0.008975
0.480282 0.620432 0.008944
0.485183 0.605636 0.009063
0.490097 0.600707 0.009120
0.495040 0.605636 0.009060
0.490123 0.610567 0.009013
0.470424 0.620432 0.008944
0.475347 0.615499 0.008975
0.475358 0.625365 0.008923
0.470409 0.610568 0.009014
0.470384 0.600709 0.009121
0.475295 0.595780 0.009189
0.475326 0.605637 0.009064
0.465500 0.635236 0.008908
0.465499 0.625366 0.008923
0.470430 0.630300 0.008911
0.440693 0.571187 0.009608
0.445645 0.576101 0.009515
0.440743 0.581025 0.009406
0.445590 0.566267 0.009738
0.450484 0.561349 0.009889
0.455441 0.566260 0.009763
0.450545 0.571180 0.009634
0.430889 0.581033 0.009382
0.435793 0.576109 0.009490
0.435836 0.585950 0.009308
0.430843 0.571196 0.009575
0.430787 0.561366 0.009812
0.435679 0.556450 0.009994
0.435741 0.566276 0.009704
0.426015 0.595804 0.009146
0.425983 0.585957 0.009287
0.430927 0.590877 0.009221
0.479792 0.531834 0.011423
0.484763 0.536739 0.011095
0.479881 0.541661 0.010804
0.484670 0.526911 0.011774
0.489545 0.521987 0.012149
0.494520 0.526890 0.011750
0.489642 0.531815 0.011411
0.470032 0.541675 0.010797
0.474913 0.536755 0.011097
0.474998 0.546582 0.010539
0.469943 0.531852 0.011413
0.469848 0.522034 0.012150
0.474721 0.517113 0.012574
0.474821 0.526932 0.011775
0.465224 0.556422 0.010092
0.465148 0.546594 0.010526
0.470112 0.551502 0.010302
0.401403 0.610598 0.008978
0.406338 0.615524 0.008951
0.401413 0.620457 0.008926
0.406325 0.605667 0.009019
0.411243 0.600738 0.009070
0.416182 0.605662 0.009028
0.411262 0.610593 0.008985
0.391553 0.620461 0.008923
0.396479 0.615529 0.008946
0.396486 0.625390 0.008910
0.391545 0.610602 0.008971
0.391530 0.600747 0.009045
0.396448 0.595819 0.009100
0.396467 0.605672 0.009010
0.386625 0.635258 0.008900
0.386625 0.625395 0.008908
0.391556 0.630324 0.008902
0.480282 0.689499 0.008898
0.485212 0.694430 0.008898
0.480282 0.699360 0.008898
0.485212 0.684569 0.008898
0.490142 0.679637 0.008899
0.495071 0.684569 0.008898
0.490141 0.689499 0.008898
0.470423 0.699360 0.008898
0.475352 0.694430 0.008898
0.475352 0.704289 0.008898
0.470423 0.689499 0.008898
0.470423 0.679637 0.008899
0.475353 0.674706 0.008899
0.475353 0.684569 0.008898
0.465493 0.714148 0.008898
0.465493 0.704289 0.008898
0.470423 0.709219 0.008898
0.322374 0.531876 0.009827
0.327331 0.536772 0.009736
0.322437 0.541672 0.009567
0.327258 0.526987 0.010039
0.332135 0.522105 0.010283
0.337098 0.526993 0.010166
0.332218 0.531879 0.009935
0.312587 0.541674 0.009490
0.317484 0.536772 0.009644
0.317536 0.546579 0.009424
0.312527 0.531877 0.009726
0.312448 0.522101 0.010017
0.317324 0.517222 0.010252
0.317413 0.526985 0.009920
0.307715 0.556411 0.009214
0.307683 0.546582 0.009360
0.312629 0.551492 0.009307
0.478273 0.453719 0.021278
0.483385 0.458506 0.020381
0.478624 0.463384 0.019497
0.483007 0.448845 0.022247
0.487732 0.443967 0.023243
0.492877 0.448747 0.022234
0.488135 0.453628 0.021294
0.468772 0.463462 0.019430
0.473529 0.458591 0.020339
0.473853 0.468262 0.018644
0.468420 0.453810 0.021193
0.468013 0.444179 0.023106
0.472713 0.439311 0.024185
0.473149 0.448943 0.022188
0.464273 0.478025 0.017035
0.464003 0.468334 0.018554
0.469069 0.473142 0.017822
0.436994 0.415810 0.028182
0.442205 0.420505 0.027506
0.437617 0.425353 0.026347
0.441508 0.410976 0.029233
0.445992 0.406150 0.030210
0.451283 0.410824 0.029609
0.446759 0.415662 0.028594
0.427857 0.425487 0.025873
0.432446 0.420648 0.027059
0.432992 0.430200 0.025124
0.427245 0.415959 0.027682
0.426488 0.406465 0.029280
0.430931 0.401648 0.030267
0.431759 0.411129 0.028771
0.423647 0.439869 0.022670
0.423224 0.430322 0.024635
0.428333 0.435040 0.023876
0.472349 0.377505 0.034353
0.477866 0.382092 0.034000
0.473499 0.386831 0.033476
0.476656 0.372810 0.034751
0.480941 0.368141 0.035069
0.486526 0.372695 0.034807
0.482209 0.377379 0.034443
0.463661 0.386975 0.033307
0.468017 0.382228 0.033872
0.469106 0.391594 0.032868
0.462512 0.377635 0.034195
0.461243 0.368356 0.034849
0.465519 0.363669 0.035156
0.466808 0.372928 0.034633
0.460246 0.401179 0.031403
0.459282 0.391743 0.032658
0.464689 0.396378 0.032177
0.551624 0.375810 0.031548
0.557145 0.380272 0.030444
0.552759 0.385163 0.030472
0.555953 0.370944 0.031455
0.560254 0.366055 0.031302
0.565826 0.370435 0.030183
0.561500 0.375363 0.030344
0.542871 0.385504 0.031510
0.547264 0.380661 0.031570
0.548339 0.390044 0.030417
0.541725 0.376186 0.032544
0.540451 0.366965 0.033366
0.544765 0.362160 0.033269
0.546058 0.371375 0.032525
0.539399 0.399792 0.030021
0.538446 0.390343 0.031359
0.543886 0.394918 0.030269
0.507401 0.339926 0.035968
0.512792 0.344546 0.035762
0.508298 0.349316 0.035698
0.511987 0.335107 0.036021
0.516615 0.330243 0.036035
0.521908 0.334869 0.035775
0.517330 0.339731 0.035787
0.498377 0.349437 0.035760
0.502861 0.344702 0.035876
0.503850 0.354044 0.035593
0.497489 0.340033 0.036010
0.496798 0.330523 0.036210
0.501467 0.325697 0.036285
0.502066 0.335253 0.036107
0.495117 0.363394 0.035307
0.493948 0.354139 0.035629
0.499457 0.358735 0.035460
0.401048 0.531948 0.010835
0.406008 0.536845 0.010629
0.401128 0.541745 0.010344
0.405922 0.527054 0.011183
0.410792 0.522158 0.011569
0.415758 0.527046 0.011309
0.410884 0.531946 0.010950
0.391292 0.541742 0.010250
0.396172 0.536844 0.010524
0.396245 0.546647 0.010095
0.391215 0.531946 0.010713
0.391124 0.522166 0.011269
0.395989 0.517281 0.011670
0.396087 0.527055 0.011049
0.386465 0.556458 0.009700
0.386409 0.546641 0.010011
0.391357 0.551551 0.009881
0.361263 0.492939 0.012581
0.366255 0.497791 0.012366
0.361409 0.502647 0.011888
0.366093 0.488101 0.013150
0.370915 0.483269 0.013785
0.375925 0.488098 0.013501
0.371094 0.492941 0.012904
0.351579 0.502639 0.011632
0.356425 0.497785 0.012077
0.356558 0.507506 0.011459
0.351432 0.492935 0.012272
0.351254 0.483269 0.013033
0.356068 0.478451 0.013654
0.356262 0.488099 0.012803
0.346840 0.517238 0.010734
0.346727 0.507497 0.011234
0.351702 0.512370 0.011076
0.399654 0.454384 0.018862
0.404717 0.459142 0.018330
0.399946 0.463958 0.017378
0.404403 0.449579 0.019913
0.409136 0.444772 0.021018
0.414216 0.449510 0.020397
0.409474 0.454326 0.019336
0.390118 0.463997 0.016931
0.394892 0.459189 0.017868
0.395163 0.468777 0.016485
0.389832 0.454429 0.018350
0.389511 0.444894 0.019900
0.394244 0.440109 0.021038
0.394586 0.449635 0.019387
0.385563 0.478427 0.014873
0.385332 0.468808 0.016054
0.390368 0.473600 0.015649
0.559156 0.689500 0.008898
0.564085 0.694430 0.008898
0.559156 0.699359 0.008898
0.564085 0.684570 0.008898
0.569015 0.679640 0.008898
0.573944 0.684570 0.008898
0.569015 0.689500 0.008898
0.549296 0.699359 0.008898
0.554226 0.694430 0.008898
0.554226 0.704289 0.008898
0.549296 0.689500 0.008898
0.549296 0.679639 0.008898
0.554226 0.674708 0.008898
0.554226 0.684569 0.008898
0.544367 0.714148 0.008898
0.544367 0.704289 0.008898
0.549296 0.709219 0.008898
0.519720 0.650044 0.008902
0.524649 0.654978 0.008901
0.519720 0.659910 0.008901
0.524650 0.645111 0.008903
0.529579 0.640178 0.008903
0.534508 0.645113 0.008902
0.529579 0.650046 0.008902
0.509861 0.659909 0.008901
0.514790 0.654977 0.008902
0.514790 0.664842 0.008900
0.509861 0.650042 0.008903
0.509862 0.640174 0.008905
0.514792 0.635240 0.008906
0.514791 0.645109 0.008903
0.504930 0.674706 0.008899
0.504931 0.664842 0.008900
0.509860 0.669774 0.008900
0.559133 0.610594 0.008974
0.564072 0.615529 0.008943
0.559148 0.620458 0.008925
0.564053 0.605665 0.009001
0.568973 0.600737 0.009030
0.573915 0.605672 0.008988
0.568994 0.610601 0.008964
0.549289 0.620452 0.008929
0.554212 0.615523 0.008949
0.554223 0.625387 0.008912
0.549273 0.610588 0.008982
0.549248 0.600724 0.009063
0.554163 0.595796 0.009105
0.554192 0.605658 0.009013
0.544367 0.635249 0.008903
0.544364 0.625383 0.008914
0.549296 0.630318 0.008905
0.716815 0.531717 0.009012
0.721771 0.536658 0.008977
0.716851 0.541594 0.008964
0.721734 0.526781 0.009027
0.726653 0.521844 0.009042
0.731612 0.526787 0.009002
0.726692 0.531723 0.008989
0.706977 0.541590 0.008980
0.711896 0.536654 0.008996
0.711930 0.546529 0.008951
0.706935 0.531710 0.009037
0.706880 0.521823 0.009112
0.711795 0.516885 0.009133
0.711851 0.526772 0.009056
0.702084 0.556397 0.008931
0.702058 0.546526 0.008965
0.707008 0.551463 0.008940
0.676840 0.492035 0.009835
0.681874 0.497011 0.009645
0.676980 0.501962 0.009617
0.681724 0.487076 0.009877
0.686607 0.482115 0.009922
0.691661 0.487105 0.009718
0.686768 0.492059 0.009679
0.667068 0.501947 0.009767
0.671955 0.496992 0.009799
0.672087 0.506914 0.009588
0.666918 0.492018 0.010022
0.666734 0.482070 0.010344
0.671598 0.477098 0.010401
0.671793 0.487054 0.010067
0.662305 0.516818 0.009521
0.662182 0.506902 0.009732
0.667196 0.511866 0.009556
0.656579 0.472099 0.011047
0.661663 0.477085 0.010669
0.656807 0.482061 0.010605
0.661424 0.467112 0.011121
0.666267 0.462123 0.011196
0.671371 0.467123 0.010802
0.666517 0.472105 0.010735
0.696907 0.511912 0.009263
0.701898 0.516870 0.009180
0.696987 0.521811 0.009155
0.701818 0.506971 0.009289
0.706732 0.502032 0.009313
0.711727 0.506992 0.009225
0.706812 0.511931 0.009204
0.539351 0.590858 0.009196
0.544301 0.595790 0.009124
0.539387 0.600719 0.009077
0.544261 0.585930 0.009253
0.549171 0.581003 0.009312
0.554126 0.585935 0.009224
0.549214 0.590862 0.009173
0.500004 0.630302 0.008910
0.504933 0.635238 0.008907
0.500004 0.640172 0.008906
0.504931 0.625368 0.008921
0.509855 0.620436 0.008940
0.514789 0.625371 0.008919
0.509862 0.630304 0.008909
0.539437 0.669776 0.008899
0.544367 0.674708 0.008899
0.539437 0.679639 0.008898
0.544367 0.664845 0.008899
0.549297 0.659914 0.008900
0.554226 0.664846 0.008899
0.549296 0.669777 0.008899
0.379342 0.435438 0.020864
0.384430 0.440162 0.020394
0.379692 0.444936 0.019271
0.384052 0.430673 0.022087
0.388723 0.425905 0.023323
0.393859 0.430608 0.022813
0.389156 0.435387 0.021576
0.341218 0.473634 0.013504
0.346239 0.478448 0.013267
0.341424 0.483264 0.012686
0.346017 0.468836 0.014171
0.350806 0.464047 0.014908
0.355842 0.468840 0.014626
0.351045 0.473640 0.013912
0.381188 0.512400 0.011718
0.386158 0.517281 0.011493
0.381293 0.522161 0.011107
0.386046 0.507525 0.012169
0.390902 0.502650 0.012662
0.395879 0.507520 0.012386
0.391019 0.512401 0.011919
0.486438 0.320925 0.036360
0.491591 0.325742 0.036293
0.486928 0.330551 0.036213
0.491198 0.316070 0.036415
0.496009 0.311188 0.036457
0.501069 0.316035 0.036411
0.496303 0.320908 0.036359
0.529263 0.358111 0.034635
0.534842 0.362551 0.034065
0.530526 0.367303 0.034096
0.533661 0.353306 0.034575
0.538098 0.348447 0.034484
0.543587 0.352889 0.033859
0.539195 0.357748 0.033976
0.450168 0.359146 0.035121
0.455686 0.363767 0.035005
0.451424 0.368468 0.034654
0.454519 0.354415 0.035388
0.458925 0.349673 0.035613
0.464357 0.354342 0.035504
0.459996 0.359060 0.035276
0.415827 0.397185 0.030074
0.421178 0.401816 0.029713
0.416731 0.406624 0.028686
0.420202 0.392388 0.031006
0.424543 0.387595 0.031862
0.429963 0.392208 0.031553
0.425588 0.397010 0.030671
0.457718 0.434681 0.024957
0.462869 0.439425 0.024030
0.458174 0.444285 0.022927
0.462380 0.429814 0.026140
0.467020 0.424942 0.027283
0.472219 0.429683 0.026321
0.467551 0.434559 0.025163
0.302505 0.512347 0.010213
0.307478 0.517221 0.010114
0.302599 0.522103 0.009899
0.307373 0.507477 0.010469
0.312234 0.502616 0.010758
0.317216 0.507480 0.010639
0.312351 0.512347 0.010360
0.460565 0.669774 0.008900
0.465494 0.674706 0.008899
0.460564 0.679638 0.008899
0.465495 0.664841 0.008901
0.470425 0.659908 0.008902
0.475354 0.664841 0.008901
0.470424 0.669774 0.008900
0.381656 0.590898 0.009124
0.386593 0.595822 0.009084
0.381674 0.600750 0.009032
0.386571 0.585973 0.009192
0.391483 0.581050 0.009270
0.396423 0.585971 0.009217
0.391509 0.590896 0.009145
0.459898 0.512250 0.012957
0.464874 0.517140 0.012544
0.460001 0.522058 0.012110
0.464767 0.507330 0.013457
0.469635 0.502407 0.013984
0.474615 0.507296 0.013494
0.469745 0.512220 0.013006
0.420878 0.551552 0.010088
0.425833 0.556458 0.009941
0.420941 0.561373 0.009764
0.425764 0.546640 0.010327
0.430647 0.541730 0.010602
0.435608 0.546630 0.010397
0.430722 0.551544 0.010151
0.460493 0.590859 0.009260
0.465439 0.595783 0.009187
0.460527 0.600712 0.009118
0.465400 0.585932 0.009348
0.470304 0.581007 0.009445
0.475255 0.585928 0.009352
0.470349 0.590855 0.009265
0.617719 0.511860 0.010447
0.622732 0.516810 0.010158
0.617853 0.521763 0.010078
0.622588 0.506902 0.010533
0.627456 0.501941 0.010612
0.632481 0.506895 0.010303
0.627608 0.511853 0.010233
0.578622 0.551428 0.009683
0.583596 0.556362 0.009517
0.578687 0.561295 0.009458
0.583523 0.546491 0.009770
0.588421 0.541552 0.009863
0.593404 0.546489 0.009661
0.588502 0.551427 0.009585
0.618270 0.590898 0.008998
0.623211 0.595831 0.008969
0.618287 0.600761 0.008957
0.623193 0.585968 0.009011
0.628116 0.581038 0.009022
0.633059 0.585971 0.008989
0.628134 0.590901 0.008980
0.536724 0.433630 0.024007
0.541862 0.438430 0.022652
0.537125 0.443383 0.021964
0.541436 0.428666 0.024733
0.546116 0.423702 0.025340
0.551293 0.428473 0.023917
0.546587 0.433459 0.023312
0.498629 0.472944 0.017804
0.503679 0.477783 0.016997
0.498863 0.482690 0.016339
0.503424 0.468048 0.018546
0.508209 0.463152 0.019309
0.513283 0.467976 0.018378
0.508486 0.472879 0.017678
0.538717 0.512015 0.012448
0.543708 0.516932 0.011962
0.538830 0.521873 0.011687
0.543589 0.507069 0.012760
0.548458 0.502120 0.013067
0.553454 0.507040 0.012508
0.548583 0.511988 0.012238
0.573409 0.393896 0.026482
0.578746 0.398544 0.025079
0.574255 0.403528 0.025088
0.577841 0.388924 0.026405
0.582254 0.383946 0.026317
0.587669 0.388564 0.024996
0.583216 0.393557 0.025045
0.615473 0.432321 0.016459
0.620646 0.437274 0.015504
0.615888 0.442307 0.015351
0.620207 0.427278 0.016600
0.624930 0.422239 0.016715
0.630167 0.427195 0.015773
0.625408 0.432235 0.015647
0.577432 0.472382 0.014773
0.582487 0.477293 0.013977
0.577680 0.482259 0.013742
0.582215 0.467409 0.015028
0.586987 0.462426 0.015272
0.592068 0.467340 0.014423
0.587283 0.472321 0.014204
0.657647 0.551448 0.009075
0.662605 0.556388 0.009020
0.657684 0.561320 0.009011
0.662560 0.546510 0.009094
0.667469 0.541570 0.009116
0.672436 0.546515 0.009048
0.667522 0.551452 0.009032
0.499669 0.551472 0.010275
0.504635 0.556388 0.010061
0.499745 0.561312 0.009905
0.504555 0.546547 0.010488
0.509440 0.541620 0.010723
0.514412 0.546536 0.010442
0.509524 0.551463 0.010241
0.421135 0.630313 0.008905
0.426064 0.635245 0.008904
0.421133 0.640180 0.008902
0.426064 0.625378 0.008916
0.430990 0.620444 0.008936
0.435923 0.625374 0.008919
0.430995 0.630309 0.008907
0.500000 0.709219 0.008898
0.504930 0.714148 0.008898
0.500000 0.719078 0.008898
0.504930 0.704289 0.008898
0.509860 0.699360 0.008898
0.514789 0.704289 0.008898
0.509860 0.709219 0.008898
0.342173 0.551496 0.009496
0.347113 0.556416 0.009430
0.342204 0.561333 0.009320
0.347071 0.546590 0.009650
0.351962 0.541691 0.009836
0.356908 0.546602 0.009737
0.352014 0.551505 0.009568
0.494288 0.395930 0.032455
0.499718 0.400575 0.031764
0.495199 0.405388 0.031063
0.498741 0.391160 0.033032
0.503168 0.386411 0.033531
0.508675 0.391005 0.032914
0.504210 0.395781 0.032385
0.419867 0.473475 0.016731
0.424903 0.478275 0.016212
0.420092 0.483139 0.015437
0.424653 0.468626 0.017605
0.429425 0.463779 0.018531
0.434484 0.468556 0.017922
0.429701 0.473415 0.017041
0.578874 0.630333 0.008901
0.583804 0.635266 0.008899
0.578874 0.640196 0.008899
0.583802 0.625404 0.008906
0.588728 0.620475 0.008915
0.593661 0.625408 0.008904
0.588733 0.630337 0.008900
0.646377 0.462131 0.011977
0.646648 0.472104 0.011398
0.641551 0.467127 0.011882
0.651484 0.467114 0.011482
0.651734 0.477082 0.010973
0.686895 0.501982 0.009492
0.687002 0.511894 0.009340
0.681995 0.506929 0.009465
0.691906 0.506949 0.009366
0.691999 0.516854 0.009237
0.529444 0.580997 0.009374
0.529490 0.590854 0.009215
0.524538 0.585924 0.009301
0.534399 0.585927 0.009279
0.534440 0.595786 0.009141
0.490140 0.620432 0.008944
0.490147 0.630301 0.008911
0.485216 0.625366 0.008923
0.495073 0.625367 0.008922
0.495075 0.635237 0.008907
0.529579 0.659911 0.008900
0.529578 0.669775 0.008899
0.524649 0.664843 0.008900
0.534508 0.664844 0.008900
0.534508 0.674707 0.008899
0.369096 0.426023 0.021664
0.369521 0.435474 0.020096
0.364416 0.430754 0.020463
0.374236 0.430723 0.021302
0.374611 0.440201 0.019698
0.331161 0.464026 0.013982
0.331392 0.473624 0.013120
0.326368 0.468813 0.013340
0.336192 0.468827 0.013743
0.336411 0.478441 0.012901
0.371238 0.502654 0.012157
0.371359 0.512393 0.011505
0.366387 0.507517 0.011699
0.376215 0.507524 0.011940
0.376328 0.517275 0.011307
0.476288 0.311201 0.036454
0.476578 0.320936 0.036354
0.471479 0.316084 0.036407
0.481337 0.316077 0.036413
0.481727 0.325759 0.036290
0.518234 0.349113 0.035476
0.519326 0.358392 0.035101
0.513788 0.353878 0.035443
0.523726 0.353633 0.035103
0.524909 0.362864 0.034663
0.439265 0.349799 0.035351
0.440355 0.359235 0.034923
0.434878 0.354570 0.035041
0.444694 0.354490 0.035234
0.445871 0.363868 0.034805
0.405004 0.387989 0.030603
0.406060 0.397362 0.029391
0.400666 0.392765 0.029644
0.410435 0.392575 0.030369
0.411415 0.401983 0.029074
0.447394 0.425217 0.026740
0.447905 0.434802 0.024673
0.442766 0.430073 0.025542
0.452562 0.429944 0.025881
0.453041 0.439538 0.023800
0.292548 0.502609 0.010411
0.292656 0.512347 0.010078
0.287681 0.507474 0.010168
0.297527 0.507476 0.010312
0.297629 0.517223 0.009988
0.450707 0.659909 0.008901
0.450706 0.669774 0.008900
0.445777 0.664842 0.008900
0.455636 0.664841 0.008901
0.455635 0.674706 0.008899
0.371783 0.581048 0.009208
0.371802 0.590899 0.009103
0.366867 0.585973 0.009140
0.376719 0.585973 0.009166
0.376738 0.595825 0.009067
0.449942 0.502483 0.013823
0.450052 0.512280 0.012876
0.445076 0.507398 0.013277
0.454921 0.507364 0.013384
0.455027 0.517167 0.012486
0.410966 0.541745 0.010435
0.411036 0.551555 0.010022
0.406083 0.546649 0.010177
0.415922 0.546647 0.010254
0.415989 0.556463 0.009884
0.450596 0.581018 0.009425
0.450638 0.590864 0.009251
0.445691 0.585943 0.009326
0.455545 0.585937 0.009340
0.455583 0.595787 0.009181
0.607680 0.501966 0.011156
0.607833 0.511870 0.010674
0.602818 0.506926 0.011038
0.612701 0.506912 0.010778
0.612845 0.516816 0.010355
0.568659 0.541562 0.010131
0.568742 0.551430 0.009788
0.563762 0.546498 0.010010
0.573643 0.546494 0.009887
0.573718 0.556362 0.009605
0.608381 0.581031 0.009082
0.608405 0.590895 0.009019
0.603460 0.585961 0.009062
0.613327 0.585965 0.009036
0.613347 0.595828 0.008984
0.526358 0.424077 0.026701
0.526846 0.433788 0.024552
0.521671 0.429005 0.025872
0.531561 0.428843 0.025384
0.531996 0.438582 0.023242
0.488482 0.463306 0.019501
0.488774 0.473009 0.017869
0.483706 0.468190 0.018673
0.493563 0.468118 0.018640
0.493826 0.477842 0.017090
0.528738 0.502188 0.013537
0.528855 0.512042 0.012626
0.523868 0.507131 0.013151
0.533727 0.507100 0.012974
0.533843 0.516956 0.012138
0.562619 0.384765 0.029221
0.563607 0.394258 0.027942
0.558206 0.389695 0.029260
0.568042 0.389300 0.027887
0.568956 0.398865 0.026534
0.605081 0.422480 0.018616
0.605574 0.432429 0.017338
0.600404 0.427517 0.018472
0.610287 0.427385 0.017500
0.610732 0.437363 0.016295
0.567314 0.462603 0.016650
0.567591 0.472451 0.015368
0.562539 0.467570 0.016312
0.572374 0.467485 0.015662
0.572637 0.477348 0.014510
0.647709 0.541560 0.009246
0.647771 0.551444 0.009127
0.642803 0.546500 0.009215
0.652682 0.546505 0.009150
0.652732 0.556384 0.009059
0.489733 0.541647 0.010794
0.489815 0.551482 0.010297
0.484849 0.546570 0.010537
0.494701 0.546558 0.010520
0.494781 0.556396 0.010086
0.411272 0.620453 0.008929
0.411276 0.630316 0.008904
0.406345 0.625386 0.008912
0.416205 0.625382 0.008914
0.416205 0.635248 0.008902
0.490141 0.699360 0.008898
0.490141 0.709219 0.008898
0.485212 0.704289 0.008898
0.495071 0.704289 0.008898
0.495071 0.714148 0.008898
0.332282 0.541675 0.009650
0.332329 0.551492 0.009428
0.327385 0.546579 0.009494
0.337230 0.546583 0.009570
0.337268 0.556410 0.009369
0.483362 0.386690 0.033570
0.484394 0.396077 0.032443
0.478957 0.391447 0.033001
0.488836 0.391302 0.033056
0.489808 0.400724 0.031798
0.409773 0.463909 0.017794
0.410033 0.473526 0.016396
0.404993 0.468737 0.016886
0.414823 0.468687 0.017260
0.415066 0.478326 0.015912
0.569008 0.620465 0.008922
0.569015 0.630328 0.008902
0.564083 0.625393 0.008910
0.573942 0.625399 0.008908
0.573944 0.635262 0.008900
0.711951 0.556398 0.008923
0.707025 0.561330 0.008918
0.716875 0.551465 0.008931
0.702097 0.566260 0.008916
0.697167 0.571190 0.008916
0.731643 0.536662 0.008960
0.726721 0.541597 0.008950
0.736565 0.531728 0.008971
0.721799 0.546531 0.008940
0.554226 0.714148 0.008898
0.549296 0.719078 0.008898
0.559155 0.709219 0.008898
0.544367 0.724007 0.008898
0.539437 0.728937 0.008898
0.573944 0.694430 0.008898
0.569015 0.699359 0.008898
0.578874 0.689500 0.008898
0.564085 0.704289 0.008898
0.302803 0.571191 0.009075
0.460563 0.728937 0.008898
0.381693 0.650056 0.008899
0.633099 0.635275 0.008898
0.628170 0.640205 0.008898
0.638029 0.630345 0.008898
0.623240 0.645134 0.008898
0.618311 0.650063 0.008898
0.652814 0.615556 0.008905
0.647886 0.620486 0.008902
0.657741 0.610626 0.008908
0.642958 0.625416 0.008900
0.672524 0.595837 0.008915
0.667596 0.600767 0.008914
0.677452 0.590908 0.008916
0.662669 0.605697 0.008911
0.692238 0.576119 0.008916
0.687309 0.581048 0.008917
0.682380 0.585978 0.008917
0.421127 0.689500 0.008898
0.514789 0.753585 0.008898
0.509860 0.758515 0.008898
0.519719 0.748655 0.008898
0.504930 0.763444 0.008898
0.500000 0.768374 0.008898
0.534507 0.733867 0.008898
0.529578 0.738796 0.008898
0.524648 0.743726 0.008898
0.342250 0.610620 0.008940
0.593663 0.674711 0.008898
0.588733 0.679640 0.008898
0.598592 0.669781 0.008898
0.583804 0.684570 0.008898
0.613381 0.654993 0.008898
0.608451 0.659922 0.008898
0.603522 0.664852 0.008898
0.278111 0.546601 0.009200
0.273163 0.541694 0.009241
0.283056 0.551511 0.009162
0.268212 0.536792 0.009287
0.263258 0.531892 0.009336
0.297871 0.566265 0.009088
0.292937 0.561342 0.009106
0.287998 0.556424 0.009131
0.435915 0.704289 0.008898
0.430986 0.699359 0.008898
0.440845 0.709219 0.008898
0.426056 0.694430 0.008898
0.455634 0.724007 0.008898
0.450704 0.719078 0.008898
0.445775 0.714148 0.008898
0.357044 0.625407 0.008905
0.352113 0.620478 0.008913
0.361975 0.630336 0.008899
0.347182 0.615549 0.008925
0.376764 0.645126 0.008899
0.371834 0.640196 0.008899
0.366905 0.635266 0.008899
0.396481 0.664847 0.008898
0.391551 0.659917 0.008899
0.401410 0.669778 0.008898
0.386622 0.654986 0.008899
0.416197 0.684569 0.008898
0.411268 0.679639 0.008898
0.406339 0.674708 0.008898
0.475352 0.743726 0.008898
0.470423 0.738796 0.008898
0.480282 0.748655 0.008898
0.465493 0.733867 0.008898
0.495071 0.763444 0.008898
0.490141 0.758515 0.008898
0.485212 0.753585 0.008898
0.317596 0.585975 0.009026
0.312665 0.581047 0.009043
0.322526 0.590904 0.009009
0.307734 0.576119 0.009060
0.337319 0.605691 0.008956
0.332388 0.600762 0.008973
0.327457 0.595833 0.008991
