0.597093 0.577984 0.038036
0.594691 0.589527 0.032775
0.591164 0.583040 0.035379
0.479130 0.433318 0.201556
0.477512 0.437477 0.188784
0.473757 0.434460 0.195368
0.554292 0.390869 0.322927
0.554453 0.401462 0.305145
0.550346 0.396100 0.313861
0.390343 0.461340 0.113383
0.388321 0.468875 0.103345
0.384695 0.464117 0.108601
0.505427 0.672137 0.011955
0.504094 0.685916 0.010926
0.499978 0.678721 0.011370
0.447745 0.553204 0.041674
0.445485 0.565711 0.035684
0.442024 0.558505 0.038732
0.539803 0.489616 0.104221
0.537847 0.497143 0.094314
0.534132 0.492506 0.099465
0.690314 0.513335 0.099386
0.688540 0.521395 0.089879
0.684750 0.516560 0.094599
0.625096 0.451891 0.196120
0.624663 0.457417 0.182498
0.620369 0.454373 0.189313
0.658340 0.428015 0.257163
0.659678 0.434817 0.241355
0.654661 0.431401 0.249125
0.617313 0.394086 0.322645
0.618749 0.404169 0.305295
0.613991 0.399087 0.314055
0.584382 0.469929 0.146321
0.582825 0.475777 0.134698
0.578930 0.472152 0.140678
0.552097 0.445336 0.197801
0.551040 0.449938 0.184704
0.546999 0.447030 0.191353
0.588944 0.427867 0.255936
0.589345 0.433835 0.240564
0.584850 0.430711 0.248210
0.644535 0.541961 0.064478
0.642197 0.551684 0.056938
0.638651 0.546030 0.060701
0.615199 0.501630 0.100822
0.613265 0.509453 0.091084
0.609537 0.504749 0.096047
0.658831 0.479029 0.143837
0.657576 0.485697 0.132073
0.653594 0.481735 0.138002
0.493940 0.516601 0.069413
0.491695 0.526541 0.061414
0.488151 0.520630 0.065567
0.464705 0.476059 0.108689
0.462743 0.483517 0.098640
0.459059 0.478821 0.103905
0.509556 0.458440 0.150375
0.507789 0.463887 0.138868
0.504010 0.460268 0.144894
0.419359 0.502319 0.073261
0.417286 0.512190 0.064933
0.413690 0.506240 0.069291
0.475438 0.612206 0.021477
0.473335 0.626025 0.018244
0.469760 0.618390 0.019812
0.361521 0.427796 0.158145
0.359435 0.433741 0.147022
0.355833 0.429716 0.152685
0.520112 0.421979 0.256086
0.519166 0.427048 0.241274
0.515296 0.424053 0.248787
0.489183 0.390330 0.320034
0.488668 0.398546 0.303706
0.484810 0.394394 0.311547
0.517227 0.338083 0.382751
0.518588 0.351860 0.371992
0.513398 0.345303 0.377585
0.591023 0.338102 0.383690
0.589601 0.352147 0.373210
0.586194 0.344806 0.378815
0.554463 0.291128 0.397307
0.554490 0.301130 0.396952
0.549552 0.296090 0.397197
0.435377 0.443830 0.154983
0.433416 0.449376 0.143535
0.429789 0.445572 0.149501
0.406574 0.416700 0.205304
0.404564 0.421036 0.192661
0.401019 0.417715 0.199104
0.449989 0.410144 0.258301
0.448242 0.414144 0.244119
0.444688 0.411140 0.251354
0.550167 0.621868 0.020977
0.548180 0.634869 0.017978
0.544438 0.627836 0.019433
0.521924 0.566451 0.039484
0.519510 0.578560 0.033925
0.516045 0.571690 0.036732
0.569053 0.529819 0.066234
0.566704 0.539699 0.058528
0.563182 0.533904 0.062474
0.732837 0.489411 0.141211
0.731865 0.496775 0.129891
0.727720 0.492312 0.135687
0.697478 0.456731 0.195298
0.697530 0.463468 0.181210
0.693020 0.459710 0.188318
0.600608 0.584380 0.035271
0.482894 0.436283 0.194870
0.558366 0.396495 0.314059
0.393968 0.465969 0.108043
0.509502 0.679344 0.011386
0.451215 0.560254 0.038466
0.543540 0.494101 0.098960
0.694140 0.518087 0.094550
0.629465 0.454956 0.189176
0.663473 0.431502 0.249301
0.621929 0.399377 0.313799
0.588314 0.473443 0.140261
0.556183 0.448234 0.191024
0.593522 0.431145 0.248192
0.648105 0.547498 0.060599
0.618955 0.506212 0.095736
0.662868 0.482932 0.137779
0.497503 0.522356 0.065140
0.468400 0.480603 0.103332
0.513360 0.461936 0.144282
0.422962 0.508105 0.068791
0.478993 0.619755 0.019768
0.365107 0.431727 0.152380
0.524017 0.425150 0.248482
0.493132 0.394652 0.312101
0.522398 0.344654 0.377960
0.594410 0.345397 0.378926
0.559386 0.296082 0.397206
0.439012 0.447513 0.148939
0.410113 0.419950 0.198756
0.453564 0.413199 0.251003
0.553868 0.628837 0.019394
0.525383 0.573190 0.036514
0.572598 0.535479 0.062170
0.737048 0.493872 0.135234
0.702072 0.460521 0.188019
0.695807 0.483832 0.142717
0.699911 0.488011 0.136679
0.694709 0.490898 0.131058
0.700869 0.480980 0.148605
0.715537 0.472351 0.167040
0.719930 0.476478 0.160335
0.715042 0.479371 0.154251
0.727839 0.519580 0.099253
0.731734 0.524368 0.094563
0.726180 0.527618 0.089967
0.733304 0.516475 0.104017
0.749422 0.507504 0.118634
0.753479 0.512118 0.113500
0.748112 0.515090 0.108696
0.559397 0.572398 0.038639
0.562884 0.578960 0.035782
0.556980 0.584227 0.033251
0.565320 0.567383 0.041481
0.583127 0.553136 0.050852
0.586617 0.559224 0.047392
0.580673 0.563964 0.044271
0.512619 0.617372 0.021210
0.516254 0.624632 0.019567
0.510559 0.630831 0.018108
0.518377 0.611347 0.022919
0.535843 0.593860 0.028772
0.539367 0.600871 0.026584
0.533538 0.606668 0.024654
0.543538 0.674594 0.012006
0.547768 0.681453 0.011448
0.542461 0.687830 0.010994
0.548935 0.668247 0.012698
0.565383 0.649569 0.015474
0.569384 0.656383 0.014433
0.563914 0.662565 0.013512
0.442788 0.425551 0.203588
0.446429 0.428628 0.196953
0.440990 0.429688 0.190946
0.448209 0.424607 0.209810
0.464376 0.421850 0.229357
0.468019 0.424670 0.222245
0.462650 0.425645 0.215690
0.398497 0.435856 0.156811
0.402094 0.439655 0.150897
0.396451 0.441589 0.145471
0.404128 0.434165 0.162405
0.420887 0.429877 0.179621
0.424504 0.433269 0.173385
0.418938 0.434663 0.167660
0.427456 0.468787 0.111111
0.431108 0.473382 0.105720
0.425458 0.476283 0.101022
0.433096 0.466165 0.115992
0.449966 0.459105 0.131165
0.453638 0.463169 0.125401
0.448017 0.465520 0.120343
0.554536 0.337326 0.383251
0.559079 0.344244 0.378453
0.554416 0.351198 0.372733
0.559321 0.330626 0.387311
0.574077 0.311997 0.395121
0.578750 0.317982 0.393291
0.573825 0.324165 0.390690
0.586109 0.392533 0.323332
0.590202 0.398229 0.314356
0.586529 0.403331 0.305533
0.590083 0.386889 0.332431
0.603013 0.368042 0.358811
0.605938 0.375356 0.350166
0.601820 0.381442 0.341415
0.521876 0.390166 0.322009
0.526004 0.395335 0.313246
0.521853 0.400074 0.304466
0.525796 0.384701 0.331177
0.537166 0.365238 0.358276
0.541704 0.372119 0.349885
0.537825 0.378646 0.340775
0.485299 0.417003 0.257270
0.489005 0.420051 0.249829
0.483860 0.421436 0.242756
0.490338 0.415186 0.264594
0.504765 0.407429 0.287742
0.508579 0.411360 0.279649
0.503862 0.414112 0.271906
0.515596 0.440056 0.199463
0.519508 0.442971 0.192688
0.514243 0.444381 0.186595
0.520780 0.438635 0.205829
0.535904 0.433895 0.226176
0.539916 0.436730 0.218884
0.534925 0.438410 0.212009
0.353266 0.453825 0.115542
0.356883 0.458494 0.110267
0.351216 0.461371 0.105607
0.358930 0.451179 0.120354
0.375897 0.443912 0.135360
0.379500 0.448123 0.129782
0.373848 0.450543 0.124758
0.467686 0.668869 0.011869
0.471562 0.676509 0.011295
0.466044 0.683300 0.010819
0.473228 0.662157 0.012605
0.489931 0.642459 0.015562
0.493694 0.649981 0.014454
0.488136 0.656514 0.013479
0.410999 0.546046 0.042803
0.414510 0.553233 0.039464
0.408848 0.558846 0.036499
0.416648 0.540864 0.046015
0.433686 0.526454 0.056235
0.437228 0.532908 0.052349
0.431527 0.537710 0.048975
0.502186 0.483038 0.106456
0.505916 0.487538 0.101126
0.500231 0.490491 0.096467
0.507845 0.480372 0.111316
0.524728 0.473067 0.126469
0.528509 0.477011 0.120734
0.522886 0.479475 0.115678
0.456573 0.509589 0.071235
0.460155 0.515367 0.066871
0.454412 0.519516 0.063086
0.462301 0.505742 0.075240
0.479449 0.495100 0.087970
0.483104 0.500237 0.083108
0.477375 0.503793 0.078876
0.484696 0.560057 0.040536
0.488142 0.566978 0.037447
0.482324 0.572409 0.034769
0.490521 0.554931 0.043512
0.508056 0.540495 0.053185
0.511538 0.546815 0.049504
0.505675 0.551620 0.046299
0.652793 0.507426 0.099872
0.656570 0.512095 0.094910
0.650918 0.515403 0.090219
0.658365 0.504306 0.104819
0.674779 0.495328 0.120367
0.678697 0.499676 0.114870
0.673243 0.502679 0.109705
0.606775 0.535960 0.065139
0.610324 0.541559 0.061179
0.604416 0.545780 0.057546
0.612641 0.531985 0.069005
0.630065 0.520797 0.081416
0.633717 0.525921 0.076953
0.627911 0.529648 0.072808
0.634922 0.583439 0.037645
0.638462 0.589743 0.034935
0.632535 0.594788 0.032456
0.640870 0.578584 0.040442
0.658752 0.564659 0.049786
0.662288 0.570557 0.046475
0.656323 0.575193 0.043351
0.588728 0.449380 0.196835
0.592970 0.452296 0.189965
0.587982 0.454333 0.183468
0.593544 0.447254 0.203664
0.607217 0.440149 0.225337
0.611742 0.443047 0.217821
0.607241 0.445556 0.210561
0.546904 0.464577 0.148114
0.550773 0.468036 0.142056
0.545249 0.470165 0.136569
0.552349 0.462628 0.153762
0.568395 0.457057 0.171340
0.572428 0.460109 0.164974
0.567086 0.462025 0.159085
0.577497 0.495803 0.102348
0.581249 0.500323 0.097161
0.575539 0.503459 0.092516
0.583156 0.492917 0.107234
0.599953 0.484736 0.122628
0.603794 0.488755 0.116974
0.598206 0.491526 0.111839
0.623441 0.428200 0.256016
0.628335 0.431401 0.248280
0.624404 0.434563 0.240491
0.627119 0.424713 0.263997
0.637321 0.413211 0.288704
0.642616 0.417162 0.280729
0.639266 0.420954 0.272465
0.661286 0.454050 0.196124
0.665783 0.457485 0.189020
0.661116 0.460208 0.182192
0.665758 0.451208 0.203288
0.678465 0.442093 0.225712
0.683319 0.445680 0.217932
0.679118 0.448784 0.210452
0.621723 0.474543 0.144802
0.625699 0.478202 0.138743
0.620306 0.480777 0.133113
0.626996 0.472068 0.150651
0.642305 0.464619 0.169105
0.646495 0.468041 0.162640
0.641427 0.470588 0.156438
0.682392 0.547801 0.064305
0.686005 0.553253 0.060474
0.680114 0.557383 0.056758
0.688226 0.543902 0.068273
0.705485 0.532873 0.080929
0.709225 0.537957 0.076662
0.703480 0.541612 0.072429
0.531443 0.523370 0.067670
0.534989 0.529079 0.063500
0.529134 0.533295 0.059829
0.537263 0.519438 0.071566
0.554625 0.508500 0.084009
0.558271 0.513611 0.079326
0.552476 0.517267 0.075183
0.438744 0.606259 0.021711
0.442248 0.613991 0.019930
0.436619 0.620352 0.018318
0.444402 0.600088 0.023602
0.461544 0.582117 0.030015
0.464981 0.589606 0.027608
0.459246 0.595598 0.025501
0.501183 0.725120 0.009466
0.505784 0.731068 0.009329
0.500636 0.736719 0.009209
0.506407 0.719142 0.009637
0.522227 0.700351 0.010325
0.526635 0.707024 0.010078
0.521387 0.713247 0.009846
0.382284 0.494804 0.075368
0.385920 0.500559 0.070810
0.380290 0.504590 0.066846
0.387926 0.491060 0.079516
0.404866 0.480654 0.092491
0.408497 0.485844 0.087496
0.402846 0.489314 0.083186
0.554602 0.425376 0.255817
0.558815 0.428702 0.248192
0.554278 0.431002 0.240654
0.558936 0.422555 0.263636
0.571048 0.411998 0.288237
0.575428 0.416450 0.279924
0.571510 0.420025 0.271735
0.472315 0.451412 0.152647
0.476036 0.454990 0.146589
0.470452 0.456865 0.141153
0.477856 0.449769 0.158215
0.494299 0.445420 0.175351
0.498115 0.448553 0.169011
0.492642 0.450022 0.163316
0.587978 0.625916 0.020810
0.591739 0.632629 0.019272
0.586077 0.638403 0.017887
0.593741 0.620289 0.022437
0.611264 0.603911 0.028045
0.614857 0.610518 0.025993
0.609011 0.615933 0.024135
0.678954 0.468194 0.168379
0.678274 0.474695 0.155568
0.674056 0.470925 0.162049
0.683237 0.471939 0.161754
0.690661 0.486684 0.136955
0.712021 0.501096 0.119602
0.710621 0.508637 0.109194
0.706678 0.504080 0.114397
0.716008 0.505612 0.114263
0.722324 0.522767 0.094552
0.545505 0.546986 0.051873
0.543076 0.557975 0.045150
0.539605 0.551633 0.048577
0.548983 0.553194 0.048306
0.553486 0.577551 0.035945
0.498499 0.588305 0.029358
0.496176 0.601490 0.025063
0.492685 0.594144 0.027199
0.501977 0.595564 0.027065
0.506894 0.623498 0.019618
0.527494 0.646352 0.015511
0.525863 0.659886 0.013494
0.521928 0.652697 0.014441
0.531382 0.653516 0.014437
0.538176 0.680980 0.011433
0.428547 0.413411 0.231076
0.426603 0.417203 0.217573
0.423091 0.414141 0.224480
0.432052 0.416428 0.224057
0.437353 0.426534 0.197480
0.384205 0.421347 0.181006
0.382110 0.426413 0.169098
0.378553 0.422776 0.175144
0.387760 0.424896 0.174863
0.392853 0.437684 0.151302
0.412922 0.451548 0.133465
0.410904 0.458063 0.122697
0.407281 0.453797 0.128298
0.416544 0.455697 0.127773
0.421811 0.471543 0.106318
0.535002 0.312049 0.395023
0.535321 0.324178 0.390514
0.530294 0.318042 0.393096
0.539992 0.317923 0.393121
0.549892 0.344184 0.378381
0.571266 0.365837 0.358856
0.570457 0.379610 0.341485
0.566636 0.372722 0.350371
0.574900 0.373060 0.350495
0.582267 0.397866 0.314356
0.503674 0.367431 0.356004
0.505098 0.379726 0.338904
0.500532 0.374272 0.347057
0.508532 0.373381 0.348127
0.517817 0.395165 0.313069
0.470590 0.403583 0.287529
0.469194 0.409078 0.272426
0.465562 0.405707 0.279958
0.474257 0.407109 0.279908
0.480172 0.418521 0.250097
0.500234 0.428632 0.227778
0.498814 0.432701 0.213893
0.495038 0.429857 0.220993
0.504025 0.431444 0.220524
0.510352 0.441425 0.193260
0.338798 0.436126 0.137021
0.336746 0.442857 0.126677
0.333126 0.438470 0.132025
0.342417 0.440422 0.131603
0.347597 0.456581 0.110814
0.452877 0.637554 0.015563
0.450899 0.652124 0.013399
0.447276 0.644155 0.014400
0.456491 0.645454 0.014420
0.462145 0.675654 0.011259
0.396763 0.518912 0.057917
0.394728 0.530232 0.050380
0.391145 0.523512 0.054284
0.400346 0.525433 0.053892
0.405356 0.551457 0.039688
0.487221 0.466335 0.128837
0.485331 0.472706 0.118010
0.481601 0.468577 0.123653
0.490961 0.470330 0.123092
0.496517 0.485836 0.101687
0.442074 0.487991 0.090154
0.440030 0.496678 0.080944
0.436397 0.491353 0.085773
0.445719 0.493157 0.085207
0.450844 0.513575 0.067335
0.470781 0.533632 0.054651
0.468497 0.544844 0.047590
0.465003 0.538283 0.051231
0.474285 0.540029 0.050877
0.478883 0.565341 0.037694
0.637450 0.489978 0.121243
0.635793 0.497059 0.110487
0.631952 0.492794 0.115933
0.641320 0.494157 0.115675
0.647174 0.510627 0.095055
0.592347 0.514764 0.082495
0.590178 0.523579 0.073786
0.586558 0.518338 0.078231
0.595994 0.519864 0.077916
0.600888 0.540057 0.061390
0.620879 0.558982 0.050152
0.618428 0.569650 0.043677
0.614931 0.563551 0.046905
0.624380 0.564976 0.046779
0.628987 0.588399 0.035006
0.571604 0.437781 0.225662
0.571125 0.442707 0.211122
0.566888 0.439813 0.218373
0.575893 0.440683 0.218247
0.583797 0.451407 0.190197
0.531297 0.451842 0.173039
0.529821 0.456556 0.160959
0.525939 0.453420 0.167230
0.535215 0.454883 0.166697
0.541415 0.466591 0.142560
0.562302 0.479147 0.124371
0.560505 0.485704 0.113582
0.556704 0.481622 0.119162
0.566122 0.483109 0.118684
0.571813 0.498794 0.097580
0.603885 0.413323 0.288324
0.605133 0.421389 0.271823
0.600343 0.417458 0.279978
0.608720 0.417517 0.280007
0.619618 0.431494 0.248182
0.642766 0.440866 0.225521
0.643160 0.446953 0.210498
0.638539 0.443787 0.217848
0.647475 0.444075 0.218024
0.656703 0.456803 0.189117
0.605498 0.461256 0.170038
0.604390 0.466641 0.157591
0.600336 0.463422 0.163928
0.609601 0.464390 0.163596
0.616375 0.477038 0.139083
0.667767 0.526800 0.080927
0.665671 0.535639 0.072374
0.662015 0.530422 0.076616
0.671454 0.531916 0.076563
0.676524 0.551821 0.060467
0.517001 0.501962 0.085888
0.514882 0.510680 0.076934
0.511255 0.505394 0.081596
0.520650 0.507084 0.081095
0.525607 0.527438 0.063883
0.424908 0.575573 0.030638
0.422613 0.589495 0.025837
0.419177 0.581742 0.028187
0.428345 0.583221 0.028116
0.433085 0.612588 0.019939
0.483668 0.698724 0.010254
0.482526 0.712147 0.009797
0.478238 0.705337 0.010000
0.487892 0.705735 0.010021
0.495987 0.730953 0.009323
0.367747 0.473227 0.094784
0.365725 0.481842 0.085412
0.362093 0.476515 0.090341
0.371376 0.478406 0.089772
0.376648 0.498674 0.071298
0.538165 0.409822 0.287655
0.537864 0.417431 0.271346
0.533853 0.413498 0.279371
0.542220 0.414092 0.279450
0.550123 0.427887 0.248174
0.457475 0.438039 0.177521
0.455672 0.442659 0.165530
0.451992 0.439337 0.171776
0.461178 0.441264 0.171197
0.466752 0.453166 0.147154
0.573455 0.598983 0.028338
0.571177 0.611370 0.024348
0.567585 0.604562 0.026309
0.577025 0.605733 0.026234
0.582259 0.631655 0.019300
0.576586 0.637515 0.017907
0.574901 0.650282 0.015469
0.570960 0.643493 0.016632
0.580465 0.644287 0.016620
0.584425 0.651037 0.015463
0.583034 0.663763 0.013525
0.578924 0.657040 0.014434
0.569045 0.623921 0.020885
0.572781 0.630726 0.019328
0.567100 0.636665 0.017928
0.574818 0.618146 0.022528
0.580628 0.612477 0.024289
0.584276 0.619202 0.022481
0.578509 0.624903 0.020846
0.561742 0.610241 0.024415
0.559598 0.622911 0.020929
0.555936 0.616005 0.022637
0.565367 0.617093 0.022580
0.563315 0.629800 0.019359
0.461168 0.455032 0.141738
0.459251 0.460947 0.130553
0.455572 0.457009 0.136406
0.464856 0.458848 0.135804
0.468554 0.462767 0.129959
0.466639 0.469155 0.119132
0.462941 0.464994 0.124794
0.453811 0.447686 0.153811
0.457488 0.451310 0.147744
0.451902 0.453172 0.142341
0.459359 0.446065 0.159347
0.464885 0.444555 0.164952
0.468597 0.447935 0.158769
0.463053 0.449566 0.153220
0.446479 0.440724 0.166113
0.444587 0.445776 0.154404
0.440940 0.442217 0.160520
0.450141 0.444160 0.159936
0.448242 0.449426 0.148344
0.545504 0.430116 0.240692
0.544816 0.434956 0.225983
0.540759 0.432105 0.233357
0.549607 0.433074 0.233250
0.553734 0.435958 0.225852
0.552997 0.440691 0.211489
0.548895 0.437816 0.218676
0.537384 0.423805 0.255780
0.541430 0.427042 0.248191
0.536731 0.429180 0.240787
0.541912 0.421128 0.263487
0.546305 0.418091 0.271419
0.550431 0.421846 0.263549
0.545999 0.424607 0.255773
0.529399 0.416730 0.271353
0.528756 0.422937 0.255879
0.524815 0.419548 0.263597
0.533373 0.420372 0.263492
0.532728 0.426139 0.248284
0.371015 0.502688 0.067300
0.369040 0.513172 0.059121
0.365381 0.506866 0.063369
0.374665 0.508785 0.062952
0.378305 0.515085 0.058736
0.376320 0.526438 0.051040
0.372688 0.519696 0.055008
0.363713 0.491017 0.076392
0.367363 0.496773 0.071781
0.361721 0.500758 0.067752
0.369362 0.487314 0.080587
0.375010 0.483727 0.084857
0.378647 0.489195 0.080053
0.373003 0.492924 0.075880
0.356432 0.479922 0.085971
0.354410 0.489068 0.076908
0.350766 0.483446 0.081668
0.360070 0.485398 0.081126
0.358063 0.494832 0.072266
0.490821 0.736646 0.009204
0.490433 0.747638 0.009039
0.485689 0.742209 0.009109
0.495518 0.742239 0.009113
0.500275 0.747616 0.009041
0.500083 0.757910 0.008954
0.495232 0.752865 0.008987
0.481647 0.724747 0.009449
0.486195 0.730819 0.009316
0.481011 0.736559 0.009198
0.486921 0.718678 0.009616
0.492226 0.712463 0.009812
0.496660 0.718921 0.009628
0.491412 0.724942 0.009459
0.472837 0.711808 0.009778
0.471890 0.724537 0.009437
0.467469 0.718134 0.009586
0.477191 0.718415 0.009603
0.476407 0.730672 0.009308
0.427394 0.619135 0.018287
0.425228 0.633794 0.015464
0.421649 0.625948 0.016763
0.430954 0.626935 0.016826
0.434518 0.634835 0.015523
0.432428 0.649681 0.013316
0.428820 0.641708 0.014316
0.420340 0.603682 0.021703
0.423853 0.611395 0.019910
0.418088 0.618167 0.018221
0.426076 0.597201 0.023687
0.431790 0.590909 0.025793
0.435257 0.598577 0.023662
0.429568 0.604883 0.021725
0.413413 0.588175 0.025849
0.411066 0.602645 0.021644
0.407611 0.594838 0.023632
0.416859 0.595958 0.023677
0.414558 0.610409 0.019845
0.519762 0.531645 0.060206
0.517403 0.542163 0.052828
0.513911 0.535996 0.056639
0.523270 0.537656 0.056270
0.526762 0.543793 0.052490
0.524352 0.554853 0.045689
0.520882 0.548451 0.049175
0.512680 0.520027 0.068521
0.516233 0.525768 0.064291
0.510399 0.529962 0.060603
0.518483 0.516124 0.072431
0.524273 0.512363 0.076459
0.527871 0.517795 0.071986
0.522058 0.521715 0.068084
0.505495 0.508976 0.077420
0.503307 0.518320 0.068967
0.499722 0.512714 0.073361
0.509101 0.514427 0.072894
0.506865 0.524069 0.064714
0.670626 0.555971 0.056766
0.668248 0.566039 0.049754
0.664700 0.560251 0.053205
0.674193 0.561647 0.053183
0.677750 0.567406 0.049744
0.675345 0.577858 0.043314
0.671794 0.571909 0.046455
0.663455 0.544890 0.064339
0.667048 0.550384 0.060487
0.661143 0.554552 0.056799
0.669305 0.540951 0.068275
0.675120 0.537127 0.072342
0.678765 0.542426 0.068259
0.672923 0.546347 0.064308
0.656222 0.534157 0.072434
0.653989 0.543432 0.064395
0.650394 0.538004 0.068387
0.659847 0.539479 0.068319
0.657573 0.548945 0.060532
0.610956 0.479566 0.133485
0.609344 0.486043 0.122225
0.605478 0.482129 0.128000
0.614850 0.483386 0.127605
0.618722 0.487345 0.121852
0.617017 0.494280 0.111082
0.613189 0.490093 0.116582
0.603085 0.472321 0.145547
0.607036 0.475878 0.139473
0.601592 0.478345 0.133886
0.608417 0.469979 0.151334
0.613674 0.467640 0.157234
0.617714 0.471023 0.150966
0.612412 0.473440 0.145159
0.595091 0.465578 0.157943
0.593741 0.471150 0.145929
0.589772 0.467743 0.152075
0.599102 0.468889 0.151704
0.597683 0.474683 0.139865
0.652011 0.459474 0.182273
0.651469 0.465473 0.168999
0.647212 0.462075 0.175599
0.656344 0.462866 0.175517
0.660629 0.466351 0.168862
0.659856 0.472596 0.156092
0.655683 0.468977 0.162498
0.643200 0.452915 0.196094
0.647630 0.456162 0.189130
0.642907 0.458773 0.182304
0.647726 0.450178 0.203268
0.652134 0.447342 0.210626
0.656736 0.450668 0.203327
0.652240 0.453462 0.196142
0.634184 0.446600 0.210381
0.634152 0.452396 0.196065
0.629702 0.449301 0.203140
0.638718 0.449728 0.203174
0.638554 0.455551 0.189123
0.615641 0.434599 0.240477
0.616107 0.440387 0.225272
0.611505 0.437485 0.232866
0.620329 0.437563 0.232829
0.624981 0.440523 0.225241
0.625210 0.446269 0.210358
0.620675 0.443298 0.217736
0.606164 0.428364 0.255935
0.610914 0.431556 0.248170
0.606870 0.434513 0.240494
0.609963 0.425004 0.263831
0.613615 0.421349 0.271871
0.618531 0.424879 0.263876
0.614803 0.428350 0.255964
0.596680 0.421255 0.271801
0.597541 0.428194 0.255930
0.592884 0.424721 0.263792
0.601410 0.424946 0.263801
0.602210 0.431435 0.248173
0.566105 0.501901 0.092934
0.564048 0.510094 0.083598
0.560376 0.505134 0.088409
0.569803 0.506712 0.087995
0.573477 0.511675 0.083207
0.571314 0.520464 0.074441
0.567694 0.515205 0.078941
0.558634 0.492745 0.103243
0.562381 0.497246 0.098019
0.556678 0.500330 0.093371
0.564292 0.489922 0.108121
0.569930 0.487203 0.113114
0.573724 0.491431 0.107668
0.568062 0.494283 0.102786
0.551089 0.484186 0.114068
0.549214 0.491188 0.103721
0.545455 0.486847 0.109088
0.554869 0.488393 0.108594
0.552957 0.495681 0.098479
0.535881 0.468676 0.137095
0.534112 0.474643 0.125900
0.530317 0.470831 0.131727
0.539693 0.472363 0.131180
0.543499 0.476173 0.125366
0.541684 0.482646 0.114578
0.537902 0.478580 0.120183
0.528227 0.461637 0.149171
0.532062 0.465100 0.143097
0.526517 0.467136 0.137658
0.533698 0.459792 0.154756
0.539122 0.458007 0.160437
0.543020 0.461236 0.154243
0.537563 0.463135 0.148623
0.520524 0.455030 0.161532
0.518890 0.460071 0.149762
0.515061 0.456699 0.155918
0.524379 0.458282 0.155317
0.522710 0.463549 0.143674
0.578758 0.453348 0.183742
0.577700 0.458212 0.170985
0.573620 0.455221 0.177461
0.582889 0.456296 0.177145
0.586989 0.459300 0.170654
0.585773 0.464453 0.158301
0.581750 0.461279 0.164604
0.570423 0.447526 0.197274
0.574600 0.450428 0.190450
0.569511 0.452283 0.184038
0.575361 0.445600 0.204017
0.580182 0.443581 0.210964
0.584463 0.446478 0.203831
0.579588 0.448498 0.197045
0.562054 0.441743 0.211295
0.561252 0.446471 0.197525
0.557119 0.443579 0.204443
0.566237 0.444633 0.204219
0.565386 0.449371 0.190725
0.623064 0.593465 0.032525
0.620731 0.605177 0.027984
0.617155 0.598636 0.030204
0.626624 0.599934 0.030138
0.630204 0.606461 0.027927
0.627957 0.618380 0.024039
0.624328 0.611769 0.025940
0.615992 0.580715 0.037818
0.619520 0.587057 0.035085
0.613598 0.592148 0.032600
0.621935 0.575827 0.040617
0.627884 0.571053 0.043568
0.631398 0.577208 0.040523
0.625453 0.582078 0.037726
0.608980 0.568240 0.043801
0.606539 0.579351 0.037921
0.603032 0.573051 0.040844
0.612479 0.574442 0.040723
0.610061 0.585719 0.035173
0.594981 0.544285 0.057758
0.592558 0.554613 0.050648
0.589059 0.548645 0.054244
0.598493 0.550131 0.054035
0.601993 0.556077 0.050463
0.599538 0.566823 0.043942
0.596049 0.560674 0.047212
0.587907 0.532930 0.065637
0.591454 0.538551 0.061627
0.585548 0.542783 0.057991
0.593773 0.528953 0.069503
0.599613 0.525100 0.073496
0.603207 0.530469 0.069239
0.597342 0.534449 0.065375
0.580744 0.522036 0.074100
0.578477 0.531389 0.065922
0.574909 0.525863 0.070104
0.584338 0.527422 0.069790
0.582023 0.537030 0.061884
0.641512 0.513917 0.090372
0.639489 0.522309 0.081237
0.635808 0.517304 0.085826
0.645224 0.518805 0.085659
0.648912 0.523813 0.081100
0.646781 0.532667 0.072519
0.643147 0.527432 0.076802
0.634009 0.504522 0.100260
0.637774 0.509155 0.095238
0.632099 0.512425 0.090569
0.639611 0.501453 0.105189
0.645167 0.498456 0.110256
0.648991 0.502880 0.104987
0.643405 0.505976 0.100044
0.626408 0.495666 0.110762
0.624607 0.503072 0.100520
0.620823 0.498605 0.105727
0.630221 0.500026 0.105436
0.628367 0.507680 0.095467
0.473085 0.570780 0.034991
0.470744 0.583723 0.029847
0.467304 0.576373 0.032430
0.476525 0.577990 0.032235
0.479968 0.585293 0.029682
0.477653 0.598637 0.025281
0.474189 0.591161 0.027470
0.466189 0.556682 0.041093
0.469643 0.563672 0.037946
0.463866 0.569120 0.035217
0.471973 0.551548 0.044114
0.477770 0.546571 0.047261
0.481240 0.553252 0.043810
0.475435 0.558383 0.040812
0.459237 0.543097 0.047925
0.456959 0.554959 0.041379
0.453483 0.548072 0.044739
0.462721 0.549822 0.044422
0.460421 0.561977 0.038203
0.445116 0.517708 0.063537
0.442945 0.528279 0.055826
0.439395 0.521998 0.059837
0.448674 0.523816 0.059405
0.452213 0.530089 0.055421
0.449989 0.541322 0.048272
0.446476 0.534722 0.051969
0.437947 0.505983 0.072230
0.441540 0.511766 0.067813
0.435829 0.515888 0.063996
0.443651 0.502158 0.076261
0.449353 0.498479 0.080399
0.452972 0.503958 0.075741
0.447257 0.507792 0.071727
0.430716 0.494867 0.081497
0.428647 0.504161 0.072743
0.425035 0.498526 0.077327
0.434338 0.500350 0.076790
0.432246 0.509945 0.068299
0.490838 0.488775 0.097013
0.488823 0.496837 0.087454
0.485148 0.491862 0.092440
0.494532 0.493589 0.091908
0.498209 0.498559 0.086934
0.496112 0.507261 0.077907
0.492478 0.501970 0.082606
0.483414 0.479595 0.107578
0.487130 0.484113 0.102240
0.481459 0.487041 0.097552
0.489063 0.476955 0.112465
0.494705 0.474442 0.117444
0.498447 0.478676 0.111897
0.492793 0.481328 0.107022
0.475975 0.470941 0.118564
0.474050 0.477836 0.108125
0.470343 0.473434 0.113575
0.479694 0.475206 0.113020
0.477757 0.482368 0.102784
0.399709 0.557120 0.036671
0.397440 0.570958 0.030887
0.394035 0.563092 0.033751
0.403167 0.564734 0.033639
0.406591 0.572478 0.030824
0.404199 0.586935 0.025830
0.400819 0.578935 0.028249
0.392682 0.542368 0.043338
0.396213 0.549659 0.039908
0.390580 0.555384 0.036834
0.398292 0.537140 0.046639
0.403912 0.532140 0.050024
0.407464 0.539014 0.046326
0.401836 0.544218 0.043071
0.385534 0.528331 0.050721
0.383517 0.540529 0.043585
0.379931 0.533387 0.047229
0.389119 0.535258 0.046945
0.387071 0.547859 0.040116
0.456594 0.682511 0.010778
0.454931 0.697110 0.010159
0.451014 0.689467 0.010409
0.460505 0.690177 0.010453
0.464490 0.697689 0.010196
0.463159 0.711446 0.009756
0.458974 0.704449 0.009947
0.448996 0.666857 0.011792
0.452757 0.674738 0.011217
0.447171 0.681665 0.010732
0.454579 0.660044 0.012545
0.460158 0.653321 0.013427
0.463887 0.661134 0.012578
0.458326 0.667896 0.011833
0.441675 0.650859 0.013366
0.439699 0.665754 0.011744
0.436053 0.657705 0.012459
0.445305 0.658889 0.012507
0.443398 0.673761 0.011169
0.341924 0.459441 0.106170
0.339868 0.467453 0.096514
0.336248 0.462412 0.101599
0.345544 0.464358 0.101024
0.349169 0.469405 0.095936
0.347128 0.477968 0.086533
0.343495 0.472638 0.091486
0.334692 0.449971 0.116589
0.338308 0.454649 0.111361
0.332632 0.457505 0.106730
0.340363 0.447332 0.121356
0.346033 0.444799 0.126213
0.349650 0.449263 0.120858
0.343980 0.451904 0.116066
0.327455 0.440915 0.127132
0.325404 0.448043 0.117104
0.321784 0.443467 0.122333
0.331076 0.445397 0.121848
0.329019 0.452719 0.111901
0.505051 0.442761 0.187189
0.503544 0.447143 0.174779
0.499699 0.444084 0.181224
0.508921 0.445763 0.180634
0.512794 0.448794 0.174176
0.511226 0.453428 0.162138
0.507388 0.450250 0.168420
0.497358 0.436832 0.200581
0.501194 0.439783 0.193839
0.495862 0.441059 0.187755
0.502629 0.435581 0.206909
0.507848 0.434289 0.213376
0.511706 0.437161 0.206358
0.506478 0.438490 0.200032
0.489779 0.431033 0.214352
0.488242 0.435100 0.201077
0.484472 0.432180 0.207880
0.493550 0.433913 0.207416
0.492040 0.438062 0.194372
0.474968 0.419792 0.243063
0.473355 0.423673 0.228955
0.469698 0.420881 0.236151
0.478638 0.422621 0.235796
0.482331 0.425401 0.228577
0.480736 0.429306 0.214788
0.477032 0.426473 0.221822
0.467674 0.413854 0.257730
0.471313 0.416878 0.250373
0.466062 0.418037 0.243392
0.472839 0.412343 0.264932
0.477928 0.410528 0.272311
0.481607 0.413829 0.264761
0.476498 0.415493 0.257488
0.460438 0.407470 0.272580
0.458835 0.412072 0.258001
0.455243 0.408933 0.265370
0.464048 0.410715 0.265132
0.462442 0.415106 0.250674
0.513615 0.399753 0.304383
0.513157 0.408133 0.287648
0.509274 0.403873 0.295931
0.517582 0.404378 0.295921
0.521521 0.408751 0.287572
0.520908 0.415958 0.271462
0.517028 0.412158 0.279481
0.505558 0.390199 0.321336
0.509621 0.395002 0.312870
0.505357 0.399398 0.304269
0.509486 0.385029 0.330379
0.513185 0.379216 0.339634
0.517623 0.384816 0.330836
0.513711 0.390160 0.321730
0.497085 0.380395 0.337872
0.497385 0.390274 0.320752
0.493293 0.385707 0.328814
0.501385 0.385338 0.329700
0.501404 0.394836 0.312558
0.578519 0.402934 0.305516
0.579214 0.412495 0.288287
0.574813 0.407680 0.296801
0.582898 0.408124 0.296831
0.587404 0.412889 0.288307
0.588261 0.420972 0.271790
0.583700 0.416910 0.279951
0.570264 0.391708 0.323252
0.574319 0.397438 0.314323
0.570517 0.402460 0.305460
0.574296 0.386089 0.332379
0.578526 0.379997 0.341574
0.582238 0.386494 0.332429
0.578209 0.392141 0.323314
0.562337 0.379240 0.341343
0.562291 0.391260 0.323112
0.558261 0.385284 0.332105
0.566291 0.385673 0.332274
0.566356 0.396967 0.314228
0.545429 0.351140 0.372641
0.545714 0.365248 0.358439
0.541179 0.358165 0.365963
0.549948 0.358210 0.366081
0.554244 0.365366 0.358580
0.554201 0.378939 0.341173
0.550041 0.372226 0.350059
0.535807 0.337360 0.383128
0.540702 0.344176 0.378308
0.536442 0.351174 0.372533
0.540295 0.330615 0.387229
0.544942 0.324123 0.390548
0.549806 0.330606 0.387270
0.545168 0.337306 0.383195
0.525729 0.324396 0.390446
0.526478 0.337594 0.382990
0.521355 0.331091 0.387016
0.530800 0.330750 0.387155
0.531526 0.344307 0.378186
0.416163 0.474438 0.101615
0.414150 0.482515 0.091907
0.410514 0.477474 0.097004
0.419805 0.479327 0.096416
0.423447 0.484359 0.091322
0.421414 0.493036 0.082055
0.417784 0.487701 0.086919
0.408890 0.465062 0.112272
0.412524 0.469687 0.106903
0.406878 0.472579 0.102198
0.414534 0.462440 0.117162
0.420173 0.459950 0.122146
0.423811 0.464311 0.116590
0.418169 0.466932 0.111700
0.401637 0.456179 0.123230
0.399615 0.463198 0.112833
0.395991 0.458694 0.118258
0.405261 0.460563 0.117717
0.403245 0.467823 0.107478
0.387203 0.439641 0.145887
0.385152 0.445824 0.134908
0.381550 0.441718 0.140571
0.390803 0.443646 0.140139
0.394408 0.447731 0.134443
0.392371 0.454303 0.123749
0.388759 0.450016 0.129299
0.380023 0.431849 0.157528
0.383610 0.435708 0.151683
0.377953 0.437687 0.146283
0.385680 0.430102 0.163115
0.391328 0.428488 0.168788
0.394907 0.432137 0.162774
0.389263 0.433856 0.157183
0.372885 0.424325 0.169378
0.370778 0.429830 0.157849
0.367206 0.425997 0.163712
0.376446 0.428057 0.163425
0.374361 0.433724 0.152041
0.431895 0.427572 0.191457
0.430035 0.431990 0.179176
0.426408 0.428679 0.185504
0.435528 0.430803 0.185027
0.439172 0.434062 0.178657
0.437301 0.438742 0.166685
0.433667 0.435340 0.172902
0.424689 0.421186 0.204528
0.428279 0.424364 0.197951
0.422793 0.425404 0.191898
0.430153 0.420288 0.210778
0.435598 0.419457 0.217137
0.439177 0.422496 0.210314
0.433739 0.423401 0.204087
0.417608 0.414923 0.217984
0.415634 0.418953 0.204934
0.412103 0.415772 0.211594
0.421130 0.418041 0.211203
0.419200 0.422163 0.198372
0.532847 0.687401 0.010977
0.531898 0.700681 0.010341
0.527538 0.693866 0.010623
0.537177 0.694249 0.010640
0.541581 0.700980 0.010356
0.540867 0.713635 0.009869
0.536344 0.707275 0.010091
0.524449 0.673440 0.011980
0.528601 0.680471 0.011417
0.523249 0.686940 0.010960
0.529881 0.667002 0.012679
0.535348 0.660616 0.013497
0.539400 0.667644 0.012688
0.533983 0.674036 0.011993
0.516397 0.659116 0.013491
0.514928 0.672809 0.011968
0.510898 0.665598 0.012662
0.520381 0.666320 0.012671
0.519044 0.679926 0.011401
0.501204 0.629725 0.018146
0.499280 0.643520 0.015552
0.495549 0.636049 0.016794
0.504900 0.637135 0.016769
0.508662 0.644510 0.015537
0.506951 0.658308 0.013489
0.503078 0.650944 0.014451
0.493964 0.614900 0.021346
0.497560 0.622310 0.019671
0.491879 0.628555 0.018182
0.499705 0.608829 0.023091
0.505483 0.602842 0.024953
0.509029 0.610111 0.023003
0.503277 0.616162 0.021278
0.486898 0.600089 0.025171
0.484685 0.613580 0.021413
0.481150 0.606106 0.023264
0.490411 0.607495 0.023178
0.488260 0.621063 0.019720
0.547590 0.582846 0.033400
0.545222 0.595181 0.028650
0.541709 0.588281 0.031009
0.551093 0.589633 0.030872
0.554616 0.596475 0.028537
0.552324 0.609078 0.024488
0.548756 0.602129 0.026485
0.540631 0.569468 0.039031
0.544104 0.576120 0.036121
0.538215 0.581439 0.033563
0.546540 0.564415 0.041898
0.552455 0.559505 0.044907
0.555923 0.565909 0.041682
0.550006 0.570944 0.038828
0.533708 0.556423 0.045411
0.531271 0.567970 0.039249
0.527814 0.561363 0.042378
0.537170 0.562900 0.042130
0.534736 0.574666 0.036310
0.716759 0.526042 0.089923
0.714925 0.534409 0.081006
0.711146 0.529409 0.085378
0.720577 0.530963 0.085445
0.724372 0.535948 0.081096
0.722417 0.544594 0.072631
0.718682 0.539472 0.076760
0.709063 0.516412 0.099300
0.712921 0.521188 0.094539
0.707348 0.524481 0.089884
0.714544 0.513272 0.104158
0.719974 0.510200 0.109096
0.723918 0.514858 0.104094
0.718445 0.517983 0.099280
0.701278 0.507107 0.109288
0.699687 0.514864 0.099329
0.695823 0.510187 0.104284
0.705181 0.511718 0.104213
0.703529 0.519630 0.094532
0.685435 0.489546 0.131314
0.684095 0.496719 0.120153
0.680139 0.492424 0.125783
0.689435 0.493797 0.125549
0.693406 0.498144 0.119954
0.691937 0.505603 0.109403
0.688028 0.501113 0.114692
0.677332 0.481362 0.143306
0.681404 0.485398 0.137235
0.676156 0.488233 0.131576
0.682446 0.478579 0.149220
0.687472 0.475793 0.155264
0.691660 0.479757 0.148915
0.686574 0.482576 0.143013
0.669065 0.473635 0.155857
0.668084 0.480184 0.143593
0.663989 0.476332 0.149788
0.673220 0.477441 0.149518
0.672139 0.484151 0.137517
0.606928 0.628060 0.020739
0.610712 0.634715 0.019215
0.605071 0.640328 0.017846
0.612681 0.622565 0.022353
0.618482 0.617141 0.024087
0.622156 0.623758 0.022310
0.616408 0.629195 0.020703
0.595572 0.639340 0.017867
0.601223 0.633649 0.019244
0.599485 0.646039 0.016594
0.597451 0.626968 0.020774
0.599545 0.614754 0.024183
0.605390 0.609292 0.026048
0.603208 0.621410 0.022395
0.588468 0.657756 0.014435
0.589973 0.645135 0.016608
0.593952 0.651848 0.015457
0.490902 0.455015 0.151553
0.494668 0.458552 0.145482
0.489085 0.460453 0.140042
0.496433 0.453340 0.157121
0.501930 0.451755 0.162743
0.505745 0.455048 0.156530
0.500223 0.456753 0.150979
0.479758 0.458672 0.140593
0.485343 0.456790 0.146042
0.483486 0.462452 0.134673
0.481598 0.453228 0.152098
0.483371 0.448234 0.163854
0.488855 0.446794 0.169562
0.487135 0.451576 0.157677
0.472261 0.466796 0.124211
0.474160 0.460661 0.135227
0.477877 0.464562 0.129392
0.571797 0.426817 0.255922
0.576188 0.430147 0.248223
0.571839 0.432621 0.240627
0.575915 0.423851 0.263770
0.579876 0.420557 0.271775
0.584388 0.424351 0.263786
0.580368 0.427403 0.255937
0.563059 0.431854 0.240640
0.567509 0.429474 0.248215
0.567324 0.434866 0.233134
0.563203 0.426132 0.255876
0.563123 0.419406 0.271646
0.567159 0.415897 0.279848
0.567437 0.423246 0.263720
0.557884 0.438848 0.218513
0.558460 0.433999 0.233185
0.562667 0.436914 0.225750
0.400821 0.498560 0.074322
0.404433 0.504348 0.069800
0.398793 0.508388 0.065902
0.406469 0.494808 0.078420
0.412124 0.491186 0.082618
0.415746 0.496679 0.077869
0.410084 0.500450 0.073788
0.389547 0.506485 0.066381
0.395181 0.502447 0.070311
0.393163 0.512597 0.062083
0.391557 0.496677 0.074851
0.393571 0.487448 0.083749
0.399218 0.483978 0.088074
0.397198 0.492928 0.078973
0.381930 0.521602 0.054656
0.383922 0.510690 0.062525
0.387542 0.516995 0.058336
0.520740 0.725405 0.009481
0.525386 0.731243 0.009339
0.520271 0.736826 0.009217
0.525920 0.719500 0.009655
0.531122 0.713452 0.009857
0.535687 0.719643 0.009664
0.530526 0.725515 0.009488
0.510452 0.736778 0.009213
0.515582 0.731163 0.009334
0.515183 0.742271 0.009119
0.510960 0.725275 0.009474
0.511659 0.713014 0.009835
0.516932 0.706746 0.010065
0.516161 0.719334 0.009646
0.505086 0.752794 0.008989
0.505350 0.742256 0.009116
0.510119 0.747587 0.009043
0.457038 0.609301 0.021602
0.460559 0.616971 0.019855
0.454924 0.623258 0.018293
0.462719 0.603182 0.023435
0.468436 0.597139 0.025391
0.471920 0.604668 0.023350
0.466223 0.610776 0.021541
0.445767 0.621791 0.018314
0.451389 0.615498 0.019895
0.449308 0.629653 0.016858
0.447883 0.607776 0.021663
0.450084 0.594018 0.025612
0.455801 0.588014 0.027747
0.453547 0.601652 0.023519
0.438088 0.642821 0.014371
0.440157 0.628212 0.016856
0.443700 0.636167 0.015552
0.550231 0.526624 0.066911
0.553775 0.532311 0.062796
0.547901 0.536530 0.059140
0.556070 0.522680 0.070795
0.561891 0.518873 0.074802
0.565485 0.524278 0.070440
0.559638 0.528229 0.066563
0.538512 0.534921 0.059474
0.544379 0.530703 0.063138
0.542017 0.540892 0.055598
0.540833 0.525005 0.067280
0.543068 0.515647 0.075585
0.548856 0.512002 0.079733
0.546662 0.521065 0.071170
0.530239 0.550052 0.048867
0.532639 0.539284 0.055924
0.536129 0.545399 0.052172
0.701343 0.550702 0.064381
0.704983 0.556098 0.060566
0.699103 0.560184 0.056815
0.707162 0.546849 0.068389
0.712945 0.543105 0.072520
0.716644 0.548311 0.068492
0.710830 0.552143 0.064463
0.689606 0.558788 0.056774
0.695491 0.554679 0.060507
0.693195 0.564406 0.053211
0.691865 0.549254 0.064329
0.694023 0.540114 0.072369
0.699777 0.536440 0.076590
0.697692 0.545376 0.068317
0.681307 0.573247 0.046457
0.683691 0.563032 0.053186
0.687260 0.568761 0.049757
0.640308 0.476773 0.144249
0.644311 0.480553 0.138212
0.638970 0.483226 0.132516
0.645519 0.474180 0.150188
0.650645 0.471584 0.156272
0.654757 0.475246 0.150003
0.649575 0.477896 0.144041
0.629643 0.481997 0.132791
0.635013 0.479375 0.138452
0.633559 0.485922 0.126952
0.631023 0.475655 0.144499
0.632190 0.469598 0.156644
0.637295 0.467120 0.162791
0.636267 0.473122 0.150393
0.622575 0.491439 0.116235
0.624210 0.484649 0.127255
0.628090 0.488657 0.121524
0.679403 0.455336 0.195802
0.683953 0.458938 0.188587
0.679340 0.461775 0.181779
0.683816 0.452377 0.202946
0.688103 0.449314 0.210263
0.692823 0.452998 0.202716
0.688449 0.456017 0.195566
0.670226 0.460979 0.182022
0.674870 0.458200 0.188829
0.674617 0.464546 0.175137
0.670342 0.454680 0.196003
0.670115 0.448270 0.210606
0.674353 0.445234 0.218080
0.674790 0.451782 0.203146
0.664869 0.469938 0.162308
0.665479 0.463691 0.175368
0.669792 0.467261 0.168652
0.640846 0.428012 0.256541
0.645870 0.431347 0.248852
0.642009 0.434586 0.240902
0.644449 0.424533 0.264658
0.647900 0.420905 0.272851
0.653148 0.424504 0.265008
0.649584 0.427991 0.256889
0.633193 0.434554 0.240635
0.637091 0.431349 0.248525
0.638008 0.437701 0.233058
0.632121 0.428082 0.256209
0.630655 0.421036 0.272119
0.634057 0.417192 0.280368
0.635766 0.424598 0.264277
0.629603 0.443532 0.217736
0.629157 0.437616 0.232879
0.633868 0.440679 0.225329
0.596360 0.498757 0.101543
0.600112 0.503293 0.096399
0.594409 0.506494 0.091752
0.602006 0.495790 0.106436
0.607617 0.492905 0.111446
0.611420 0.497194 0.106060
0.605784 0.500194 0.101167
0.584975 0.504992 0.092120
0.590683 0.501822 0.096769
0.588674 0.509806 0.087230
0.586932 0.497298 0.101932
0.588787 0.490120 0.112242
0.594387 0.487396 0.117374
0.592585 0.494368 0.106826
0.577125 0.516785 0.078574
0.579239 0.508273 0.087600
0.582912 0.513234 0.082837
0.565625 0.467335 0.147175
0.569537 0.470816 0.141116
0.564018 0.473037 0.135592
0.571057 0.465279 0.152875
0.576436 0.463265 0.158682
0.580422 0.466538 0.152463
0.575007 0.468654 0.146738
0.554626 0.471617 0.136069
0.560148 0.469444 0.141576
0.558469 0.475318 0.130168
0.556257 0.465976 0.147633
0.557749 0.460734 0.159510
0.563100 0.458884 0.165364
0.561695 0.463976 0.153308
0.547298 0.480113 0.119661
0.549074 0.473856 0.130662
0.552894 0.477674 0.124857
0.606949 0.450842 0.196454
0.611257 0.453782 0.189526
0.606362 0.456045 0.182965
0.611657 0.448467 0.203350
0.616235 0.445953 0.210440
0.620685 0.448890 0.203205
0.616034 0.451398 0.196268
0.597182 0.455234 0.183214
0.602122 0.453091 0.189745
0.601359 0.458212 0.176574
0.597848 0.450163 0.196643
0.598233 0.445016 0.210689
0.602793 0.442650 0.217918
0.602607 0.447922 0.203505
0.591054 0.462384 0.164259
0.592135 0.457293 0.176853
0.596253 0.460315 0.170343
0.653903 0.586128 0.037531
0.657459 0.592385 0.034844
0.651516 0.597430 0.032350
0.659864 0.581277 0.040346
0.665830 0.576535 0.043322
0.669380 0.582589 0.040329
0.663416 0.587435 0.037505
0.642016 0.596118 0.032394
0.647951 0.591080 0.034880
0.645588 0.602560 0.030025
0.644403 0.584794 0.037578
0.646826 0.573834 0.043400
0.652790 0.569189 0.046517
0.650358 0.579944 0.040384
0.633805 0.613044 0.025889
0.636101 0.601243 0.030078
0.639685 0.607763 0.027872
0.625649 0.538972 0.064751
0.629203 0.544546 0.060834
0.623296 0.548747 0.057195
0.631511 0.535008 0.068630
0.637345 0.531162 0.072645
0.640950 0.536513 0.068489
0.635089 0.540471 0.064599
0.613854 0.547267 0.057359
0.619762 0.543055 0.060994
0.617371 0.553076 0.053681
0.616212 0.537468 0.064931
0.618479 0.528133 0.073004
0.624288 0.524406 0.077142
0.622075 0.533498 0.068803
0.605487 0.562116 0.047050
0.607930 0.551607 0.053847
0.611434 0.557534 0.050298
0.671559 0.510341 0.099588
0.675360 0.515054 0.094678
0.669732 0.518371 0.089999
0.677101 0.507199 0.104507
0.682592 0.504127 0.109542
0.686464 0.508681 0.104383
0.680939 0.511827 0.099474
0.660325 0.516883 0.090101
0.665966 0.513567 0.094786
0.664058 0.521787 0.085440
0.662177 0.508877 0.099726
0.663888 0.501257 0.109886
0.669361 0.498269 0.115068
0.667735 0.505742 0.104657
0.652578 0.528932 0.076692
0.654640 0.520298 0.085536
0.658338 0.525305 0.081003
0.503275 0.563317 0.039998
0.506723 0.570154 0.036965
0.500872 0.575557 0.034338
0.509137 0.558210 0.042926
0.515006 0.553255 0.045986
0.518468 0.559803 0.042644
0.512590 0.564904 0.039734
0.491586 0.574002 0.034552
0.497422 0.568583 0.037205
0.495037 0.581113 0.031854
0.493976 0.561702 0.040265
0.496358 0.549961 0.046616
0.502206 0.545151 0.049842
0.499821 0.556583 0.043218
0.483422 0.592676 0.027333
0.485768 0.579571 0.032043
0.489220 0.586821 0.029519
0.475236 0.513122 0.070311
0.478808 0.518889 0.065996
0.473032 0.523059 0.062235
0.480990 0.509252 0.074295
0.486738 0.505534 0.078391
0.490351 0.510990 0.073828
0.484583 0.514867 0.069861
0.463717 0.521298 0.062652
0.469476 0.517135 0.066429
0.467259 0.527386 0.058578
0.465899 0.511364 0.070764
0.468024 0.502038 0.079363
0.473740 0.498491 0.083609
0.471640 0.507504 0.074763
0.455734 0.536519 0.051593
0.457961 0.525617 0.058982
0.461492 0.531874 0.055029
0.520993 0.486391 0.105303
0.524726 0.490882 0.099998
0.519036 0.493870 0.095360
0.526648 0.483682 0.110153
0.532285 0.481081 0.115112
0.536050 0.485280 0.109606
0.530397 0.488021 0.104747
0.509632 0.492189 0.095914
0.515321 0.489223 0.100558
0.513328 0.496997 0.090831
0.511588 0.484727 0.105879
0.513489 0.477828 0.116269
0.519118 0.475396 0.121318
0.517246 0.482044 0.110728
0.501863 0.503686 0.082103
0.503927 0.495299 0.091372
0.507602 0.500267 0.086411
0.429353 0.549650 0.042255
0.432844 0.556753 0.038988
0.427154 0.562271 0.036122
0.435045 0.544496 0.045386
0.440753 0.539522 0.048625
0.444258 0.546291 0.045064
0.438543 0.551431 0.041969
0.417998 0.560561 0.036317
0.423673 0.554997 0.039231
0.421461 0.568012 0.033373
0.420172 0.547857 0.042532
0.422312 0.535878 0.049324
0.427991 0.531078 0.052730
0.425842 0.542689 0.045703
0.410000 0.580317 0.028231
0.412310 0.566372 0.033514
0.415749 0.574012 0.030742
0.486499 0.670628 0.011922
0.490480 0.678041 0.011350
0.485021 0.684714 0.010883
0.492003 0.664006 0.012643
0.497528 0.657443 0.013486
0.501437 0.664835 0.012654
0.495949 0.671412 0.011941
0.475520 0.684033 0.010854
0.481007 0.677304 0.011326
0.479557 0.691451 0.010522
0.477078 0.669780 0.011898
0.478777 0.655517 0.013467
0.484343 0.648950 0.014453
0.482601 0.663115 0.012626
0.468599 0.704907 0.009976
0.470020 0.690838 0.010490
0.474070 0.698227 0.010227
0.371809 0.457614 0.114467
0.375425 0.462261 0.109156
0.369774 0.465163 0.104475
0.377459 0.454960 0.119314
0.383109 0.452426 0.124257
0.386723 0.456829 0.118789
0.381074 0.459482 0.113926
0.360500 0.463278 0.105043
0.366157 0.460388 0.109712
0.364121 0.468187 0.099878
0.362543 0.455729 0.115008
0.364588 0.448643 0.125257
0.370243 0.446220 0.130256
0.368197 0.453078 0.119836
0.352799 0.474592 0.090913
0.354838 0.466284 0.100453
0.358464 0.471330 0.095360
0.533834 0.442875 0.198485
0.537829 0.445764 0.191727
0.532631 0.447332 0.185521
0.538933 0.441268 0.204994
0.543956 0.439584 0.211718
0.548019 0.442454 0.204695
0.542960 0.444141 0.198113
0.523436 0.445905 0.186028
0.528667 0.444416 0.192170
0.527368 0.448857 0.179480
0.524714 0.441517 0.198937
0.525898 0.437144 0.212387
0.530944 0.435567 0.219172
0.529855 0.440001 0.205368
0.516663 0.451875 0.167813
0.518144 0.447356 0.180037
0.522046 0.450362 0.173584
0.502777 0.419714 0.256734
0.506561 0.422833 0.249161
0.501561 0.424452 0.242074
0.507645 0.417596 0.264095
0.512398 0.415093 0.271665
0.516239 0.418630 0.263809
0.511455 0.420909 0.256391
0.492727 0.422986 0.242436
0.497801 0.421491 0.249526
0.496467 0.425833 0.235086
0.494062 0.418406 0.257029
0.495276 0.413023 0.272098
0.500092 0.410457 0.279807
0.499018 0.416443 0.264379
0.486042 0.428196 0.221415
0.487564 0.424265 0.235453
0.491292 0.427051 0.228193
0.538165 0.390356 0.322498
0.542278 0.395784 0.313650
0.538242 0.400697 0.304753
0.542106 0.384787 0.331703
0.546031 0.378740 0.340985
0.550207 0.384987 0.331914
0.546253 0.390570 0.322717
0.530067 0.400380 0.304587
0.534162 0.395535 0.313442
0.534119 0.405252 0.296042
0.530036 0.390226 0.322260
0.529597 0.378689 0.340495
0.533351 0.372151 0.349655
0.533964 0.384691 0.331464
0.525453 0.412862 0.279378
0.525867 0.404829 0.295947
0.529860 0.409305 0.287573
0.601771 0.393270 0.323201
0.606055 0.398834 0.314224
0.602596 0.403894 0.305494
0.605495 0.387828 0.332141
0.609285 0.382196 0.341031
0.613090 0.388420 0.331762
0.609556 0.393663 0.322998
0.594552 0.403650 0.305526
0.598127 0.398547 0.314318
0.599144 0.408711 0.296835
0.593962 0.392899 0.323302
0.594218 0.380860 0.341586
0.598540 0.374503 0.350501
0.597831 0.387319 0.332353
0.592003 0.417250 0.279965
0.591006 0.408468 0.296840
0.595625 0.413168 0.288314
0.573274 0.337457 0.383413
0.577412 0.344493 0.378676
0.572389 0.351472 0.372955
0.578271 0.330760 0.387484
0.583182 0.324340 0.390804
0.587282 0.331062 0.387624
0.582419 0.337654 0.383544
0.563402 0.351314 0.372827
0.568286 0.344335 0.378543
0.567466 0.358516 0.366318
0.563910 0.337376 0.383310
0.564213 0.324132 0.390612
0.569157 0.317902 0.393201
0.568852 0.330654 0.387372
0.558345 0.372431 0.350217
0.558704 0.358334 0.366193
0.562756 0.365570 0.358715
0.446057 0.472448 0.109890
0.449731 0.477019 0.104503
0.444080 0.479922 0.099818
0.451693 0.469830 0.114762
0.457321 0.467347 0.119729
0.461011 0.471642 0.114156
0.455375 0.474261 0.109281
0.434764 0.478109 0.100422
0.440414 0.475206 0.105110
0.438421 0.482976 0.095229
0.436752 0.470624 0.110504
0.438728 0.463679 0.120961
0.444351 0.461326 0.126018
0.442389 0.468004 0.115378
0.427084 0.489537 0.086345
0.429107 0.481160 0.095824
0.432754 0.486183 0.090737
0.416949 0.439852 0.155980
0.420563 0.443603 0.150007
0.414940 0.445486 0.144572
0.422549 0.438217 0.161565
0.428124 0.436718 0.167207
0.431747 0.440234 0.161075
0.426167 0.441853 0.155512
0.405696 0.443536 0.145034
0.411330 0.441626 0.150467
0.409306 0.447498 0.139220
0.407726 0.437854 0.156411
0.409743 0.432608 0.168071
0.415331 0.431183 0.173810
0.413343 0.436189 0.162002
0.398019 0.451905 0.128806
0.400055 0.445571 0.139690
0.403665 0.449637 0.133964
0.460930 0.429582 0.202547
0.464632 0.432582 0.195884
0.459217 0.433705 0.189849
0.466320 0.428547 0.208810
0.471690 0.427515 0.215227
0.475393 0.430396 0.208337
0.470023 0.431483 0.202041
0.450095 0.431730 0.190401
0.455522 0.430639 0.196417
0.453779 0.434865 0.183923
0.451851 0.427608 0.203068
0.453618 0.423685 0.216172
0.459011 0.422774 0.222690
0.457258 0.426619 0.209305
0.442823 0.437365 0.172351
0.444647 0.432867 0.184484
0.448316 0.436079 0.178093
0.562695 0.675592 0.012034
0.566996 0.682295 0.011481
0.561734 0.688589 0.011028
0.568061 0.669337 0.012719
0.573471 0.663144 0.013519
0.577644 0.669860 0.012730
0.572299 0.676042 0.012048
0.552091 0.688225 0.011011
0.557375 0.681893 0.011464
0.556500 0.694923 0.010673
0.553109 0.675112 0.012020
0.554373 0.661956 0.013506
0.559855 0.655727 0.014432
0.558489 0.668812 0.012708
0.546065 0.707502 0.010104
0.546832 0.694600 0.010656
0.551275 0.701255 0.010371
0.531360 0.619681 0.021085
0.535026 0.626801 0.019474
0.529334 0.632920 0.018038
0.537124 0.613735 0.022768
0.542923 0.607887 0.024568
0.546521 0.614886 0.022700
0.540754 0.620791 0.021029
0.519937 0.631893 0.018072
0.525631 0.625732 0.019519
0.523682 0.639140 0.016721
0.521981 0.618541 0.021145
0.524170 0.605421 0.024746
0.529994 0.599586 0.026692
0.527742 0.612555 0.022841
0.512493 0.651842 0.014446
0.514281 0.638156 0.016744
0.518068 0.645450 0.015523
0.578221 0.575233 0.038304
0.581726 0.581698 0.035498
0.575811 0.586916 0.032986
0.584158 0.570251 0.041127
0.590102 0.565399 0.044098
0.593592 0.571654 0.040978
0.587653 0.576612 0.038163
0.566387 0.585585 0.033112
0.572298 0.580344 0.035632
0.569910 0.592263 0.030631
0.568800 0.573830 0.038464
0.571254 0.562503 0.044466
0.577190 0.557755 0.047591
0.574732 0.568831 0.041294
0.558162 0.603359 0.026393
0.560493 0.590962 0.030746
0.564027 0.597744 0.028433
0.746648 0.522842 0.099193
0.750571 0.527614 0.094602
0.745034 0.530817 0.090078
0.752100 0.519774 0.103850
0.757508 0.516767 0.108548
0.761508 0.521447 0.103769
0.756061 0.524494 0.099168
0.735605 0.529213 0.090016
0.741150 0.525986 0.094578
0.739450 0.534109 0.085607
0.737241 0.521203 0.099222
0.738723 0.513434 0.108840
0.744094 0.510449 0.113714
0.742699 0.518115 0.103935
0.728142 0.540992 0.076870
0.730012 0.532531 0.085518
0.733820 0.537499 0.081201
0.714270 0.486487 0.142092
0.718424 0.490814 0.136078
0.713249 0.493726 0.130555
0.719308 0.483596 0.147888
0.724277 0.480702 0.153784
0.728580 0.485017 0.147403
0.723535 0.487914 0.141694
0.703977 0.492290 0.130811
0.709160 0.489383 0.136398
0.708012 0.496653 0.125117
0.705033 0.485132 0.142418
0.705845 0.478121 0.154623
0.710734 0.475246 0.160770
0.710078 0.482253 0.148278
0.697354 0.502582 0.114534
0.698724 0.495207 0.125328
0.702713 0.499603 0.119774
0.697246 0.470170 0.167769
0.701569 0.474093 0.161121
0.696661 0.476933 0.154950
0.701983 0.467305 0.174247
0.706612 0.464380 0.180883
0.711098 0.468321 0.173890
0.706382 0.471227 0.167434
0.730687 0.504220 0.119174
0.734719 0.508802 0.113918
0.729342 0.511801 0.108975
0.735972 0.501290 0.124303
0.741210 0.498381 0.129488
0.745333 0.502926 0.123959
0.740048 0.505848 0.118914
0.564292 0.550105 0.051327
0.567776 0.556256 0.047813
0.561847 0.561015 0.044679
0.570211 0.545612 0.054729
0.576122 0.541255 0.058248
0.579630 0.547144 0.054474
0.573705 0.551633 0.051080
0.517134 0.591148 0.029047
0.520636 0.598278 0.026808
0.514817 0.604148 0.024846
0.522987 0.585504 0.031315
0.528855 0.580011 0.033737
0.532341 0.586904 0.031156
0.526481 0.592517 0.028904
0.546401 0.648041 0.015489
0.550346 0.655031 0.014432
0.544852 0.661305 0.013501
0.551992 0.641870 0.016662
0.557629 0.635786 0.017952
0.561467 0.642701 0.016646
0.555882 0.648825 0.015481
0.446432 0.417876 0.230215
0.450010 0.420777 0.223149
0.444600 0.421629 0.216659
0.451811 0.417062 0.236928
0.457152 0.416156 0.243746
0.460753 0.419031 0.236530
0.455400 0.419920 0.229780
0.402561 0.425638 0.180386
0.406148 0.429096 0.174196
0.400539 0.430552 0.168446
0.408137 0.424382 0.186304
0.413683 0.423227 0.192299
0.417277 0.426534 0.185924
0.411728 0.427760 0.180023
0.431435 0.455363 0.132380
0.435076 0.459467 0.126631
0.429447 0.461823 0.121567
0.437051 0.453264 0.137622
0.442653 0.451287 0.142946
0.446305 0.455148 0.137016
0.440695 0.457244 0.131779
0.554549 0.311996 0.395045
0.559427 0.317908 0.393163
0.554572 0.324123 0.390580
0.559429 0.306402 0.396300
0.564327 0.301115 0.396964
0.569249 0.306382 0.396326
0.564336 0.311986 0.395062
0.587798 0.366570 0.359061
0.590907 0.373890 0.350608
0.586455 0.380399 0.341619
0.592690 0.359628 0.366639
0.597477 0.352869 0.373240
0.600294 0.360452 0.366554
0.595577 0.367168 0.359035
0.520134 0.365783 0.357606
0.525001 0.372350 0.349318
0.521368 0.378876 0.340128
0.523683 0.358575 0.365485
0.527479 0.351394 0.372330
0.532414 0.358267 0.365785
0.528627 0.365404 0.358011
0.487793 0.405755 0.287706
0.491538 0.409458 0.279884
0.486627 0.411835 0.272220
0.492509 0.402657 0.295756
0.497045 0.399005 0.304044
0.500928 0.403300 0.295897
0.496314 0.406638 0.287768
0.518080 0.431490 0.226847
0.521974 0.434304 0.219554
0.516874 0.435772 0.212853
0.523064 0.429930 0.233834
0.527952 0.428165 0.240976
0.531913 0.431065 0.233544
0.526992 0.432745 0.226462
0.357374 0.440044 0.136230
0.360981 0.444301 0.130723
0.355318 0.446728 0.125742
0.363039 0.437828 0.141395
0.368700 0.435720 0.146664
0.372297 0.439780 0.140989
0.366641 0.441985 0.135804
0.471335 0.640139 0.015571
0.475024 0.647852 0.014447
0.469451 0.654453 0.013449
0.476949 0.633681 0.016831
0.482590 0.627321 0.018214
0.486232 0.634898 0.016814
0.480615 0.641334 0.015569
0.415201 0.522741 0.057062
0.418764 0.529226 0.053112
0.413107 0.534022 0.049673
0.420869 0.518311 0.060717
0.426551 0.514051 0.064461
0.430126 0.520166 0.060274
0.424438 0.524609 0.056646
0.505960 0.469775 0.127672
0.509726 0.473740 0.121918
0.504093 0.476148 0.116863
0.511566 0.467608 0.132919
0.517152 0.465538 0.138256
0.520941 0.469245 0.132312
0.515343 0.471442 0.127067
0.460739 0.491579 0.089018
0.464389 0.496733 0.084117
0.458684 0.500270 0.079868
0.466420 0.488357 0.093498
0.472093 0.485287 0.098087
0.475778 0.490118 0.092966
0.470088 0.493347 0.088485
0.489395 0.537101 0.053911
0.492884 0.543464 0.050183
0.487057 0.548278 0.046936
0.495218 0.532602 0.057405
0.501043 0.528259 0.061008
0.504560 0.534307 0.057021
0.498720 0.538807 0.053546
0.656128 0.492628 0.120800
0.660018 0.496887 0.115268
0.654529 0.499853 0.110064
0.661528 0.489776 0.126263
0.666867 0.486954 0.131839
0.670836 0.491086 0.126028
0.665456 0.493968 0.120591
0.611212 0.517778 0.081885
0.614859 0.522891 0.077364
0.609047 0.526617 0.073233
0.616964 0.514301 0.086279
0.622684 0.510936 0.090807
0.626388 0.515800 0.086034
0.620639 0.519286 0.081632
0.639790 0.561855 0.049919
0.643305 0.567803 0.046579
0.637349 0.572450 0.043473
0.645732 0.557431 0.053315
0.651662 0.553127 0.056856
0.655212 0.558847 0.053250
0.649262 0.563269 0.049840
0.589426 0.439211 0.225492
0.593837 0.442113 0.218021
0.589217 0.444354 0.210821
0.593839 0.436834 0.232972
0.598102 0.434250 0.240527
0.602670 0.437239 0.232914
0.598322 0.439749 0.225413
0.549817 0.454568 0.172120
0.553790 0.457604 0.165778
0.548429 0.459395 0.159959
0.555074 0.452870 0.178161
0.560266 0.451146 0.184358
0.564340 0.454079 0.177799
0.559096 0.455843 0.171717
0.581139 0.482014 0.123457
0.584972 0.486002 0.117788
0.579362 0.488678 0.112666
0.586698 0.479522 0.128811
0.592216 0.477083 0.134285
0.596095 0.480846 0.128401
0.590552 0.483395 0.123033
0.620495 0.413239 0.288341
0.625552 0.417270 0.280126
0.622108 0.421174 0.271928
0.623745 0.408871 0.296749
0.626881 0.404354 0.305208
0.632051 0.408964 0.296842
0.628866 0.413189 0.288446
0.660587 0.441390 0.225822
0.665379 0.444805 0.218170
0.661117 0.447783 0.210672
0.664633 0.438259 0.233580
0.668540 0.435006 0.241424
0.673539 0.438536 0.233554
0.669521 0.441729 0.225812
0.623931 0.462941 0.169451
0.628077 0.466204 0.162997
0.622938 0.468615 0.156908
0.628915 0.460546 0.175811
0.633792 0.458090 0.182364
0.638071 0.461305 0.175676
0.633126 0.463776 0.169245
0.686623 0.529818 0.080865
0.690334 0.534926 0.076549
0.684570 0.538620 0.072340
0.692308 0.526325 0.085308
0.697943 0.522931 0.089866
0.701725 0.527862 0.085328
0.696054 0.531343 0.080881
0.535804 0.505271 0.084898
0.539448 0.510382 0.080162
0.533668 0.514014 0.076010
0.541541 0.501938 0.089303
0.547258 0.498744 0.093831
0.550954 0.503543 0.088845
0.545210 0.506892 0.084441
0.443210 0.578812 0.030357
0.446643 0.586386 0.027888
0.440941 0.592426 0.025716
0.448930 0.573040 0.032834
0.454667 0.567432 0.035448
0.458107 0.574723 0.032630
0.452367 0.580478 0.030186
0.502917 0.699608 0.010294
0.507239 0.706441 0.010051
0.501936 0.712753 0.009824
0.508293 0.693014 0.010588
0.513664 0.686446 0.010943
0.517908 0.693456 0.010606
0.512565 0.699994 0.010310
0.386305 0.476947 0.093643
0.389938 0.482122 0.088643
0.384292 0.485591 0.084305
0.391952 0.473764 0.098165
0.397598 0.470723 0.102776
0.401232 0.475615 0.097588
0.395585 0.478796 0.093071
0.554662 0.410862 0.287962
0.558865 0.415281 0.279721
0.554721 0.418743 0.271530
0.558629 0.406618 0.296555
0.562498 0.401946 0.305327
0.566735 0.407165 0.296711
0.562866 0.411434 0.288120
0.475852 0.441812 0.176410
0.479610 0.444986 0.170092
0.474117 0.446412 0.164392
0.481284 0.440534 0.182289
0.486682 0.439290 0.188275
0.490486 0.442337 0.181770
0.485067 0.443636 0.175882
0.592346 0.601424 0.028179
0.595930 0.608087 0.026105
0.590084 0.613603 0.024234
0.598237 0.596071 0.030351
0.604140 0.590836 0.032683
0.607692 0.597349 0.030274
0.601802 0.602661 0.028109
0.688441 0.462602 0.181507
0.688105 0.469161 0.168083
0.683752 0.465425 0.174862
0.692872 0.466343 0.174565
0.692408 0.472994 0.161445
0.722543 0.495221 0.130252
0.721343 0.502635 0.119406
0.717309 0.498145 0.124890
0.726629 0.499692 0.124617
0.725355 0.507186 0.114104
0.557297 0.538123 0.058825
0.554892 0.548555 0.051591
0.551404 0.542483 0.055290
0.560801 0.544057 0.055001
0.558373 0.554736 0.048051
0.510180 0.577078 0.034127
0.507804 0.589747 0.029200
0.504331 0.582616 0.031669
0.513649 0.584079 0.031486
0.511295 0.596941 0.026933
0.538747 0.633912 0.018007
0.536939 0.647218 0.015499
0.533100 0.640089 0.016699
0.542537 0.640999 0.016679
0.540855 0.654292 0.014434
0.439346 0.411972 0.244511
0.437481 0.415693 0.230653
0.433965 0.412707 0.237754
0.442879 0.414957 0.237340
0.441023 0.418663 0.223614
0.395439 0.418824 0.192988
0.393386 0.423501 0.180713
0.389835 0.420032 0.186955
0.398989 0.422217 0.186647
0.396958 0.427003 0.174546
0.424179 0.447441 0.144079
0.422178 0.453463 0.132942
0.418556 0.449431 0.138728
0.427803 0.451358 0.138199
0.425808 0.457592 0.127219
0.544660 0.301137 0.396942
0.544771 0.312002 0.395028
0.539803 0.306422 0.396283
0.549615 0.306410 0.396289
0.549708 0.317908 0.393141
0.581212 0.351718 0.373094
0.579673 0.366155 0.358979
0.576182 0.358758 0.366458
0.584646 0.359097 0.366581
0.583023 0.373435 0.350584
0.509903 0.352681 0.371431
0.511776 0.366434 0.356986
0.506695 0.360113 0.364232
0.515055 0.359151 0.365012
0.516699 0.372747 0.348842
0.480235 0.397966 0.303319
0.479212 0.404747 0.287601
0.475492 0.401026 0.295312
0.484026 0.401917 0.295531
0.482921 0.408354 0.279894
0.510372 0.425812 0.241661
0.509163 0.430119 0.227307
0.505346 0.427314 0.234665
0.514210 0.428683 0.234222
0.513003 0.432932 0.220020
0.350149 0.431749 0.147346
0.348089 0.438091 0.136633
0.344471 0.433887 0.142126
0.353762 0.435863 0.141772
0.351704 0.442369 0.131170
0.464113 0.624671 0.018270
0.462089 0.638879 0.015569
0.458488 0.631056 0.016853
0.467701 0.632400 0.016844
0.465740 0.646685 0.014436
0.408034 0.510302 0.065413
0.405976 0.520840 0.057486
0.402391 0.514518 0.061623
0.411624 0.516430 0.061165
0.409549 0.527345 0.053499
0.498430 0.462191 0.139468
0.496582 0.468073 0.128264
0.492831 0.464210 0.134110
0.502194 0.465928 0.133526
0.500338 0.472051 0.122513
0.453406 0.481726 0.099221
0.451402 0.489790 0.089579
0.447744 0.484782 0.094637
0.457077 0.486577 0.094056
0.455050 0.494952 0.084652
0.482358 0.524807 0.061823
0.480082 0.535374 0.054279
0.476568 0.529140 0.058183
0.485887 0.530879 0.057792
0.483578 0.541757 0.050528
0.648279 0.484459 0.132286
0.646795 0.491301 0.121007
0.642895 0.487202 0.126695
0.652216 0.488484 0.126477
0.650673 0.495519 0.115461
0.603839 0.507974 0.091403
0.601782 0.516272 0.082175
0.598109 0.511311 0.086887
0.607541 0.512804 0.086564
0.605427 0.521376 0.077623
0.632743 0.550221 0.057054
0.630331 0.560424 0.050026
0.626817 0.554539 0.053536
0.636271 0.555992 0.053413
0.633838 0.566396 0.046669
0.580596 0.433288 0.240599
0.580524 0.438551 0.225574
0.576179 0.435633 0.233084
0.585011 0.436295 0.233027
0.584873 0.441454 0.218129
0.541829 0.448671 0.185085
0.540553 0.453239 0.172555
0.536595 0.450269 0.178985
0.545829 0.451600 0.178552
0.544497 0.456271 0.166220
0.573422 0.474425 0.135135
0.571719 0.480595 0.123905
0.567875 0.476752 0.129696
0.577290 0.478155 0.129243
0.575548 0.484571 0.118226
0.610666 0.404061 0.305431
0.612180 0.413338 0.288343
0.607317 0.408849 0.296823
0.615520 0.408869 0.296790
0.617123 0.417414 0.280044
0.650835 0.434671 0.241174
0.651669 0.441098 0.225717
0.646868 0.437829 0.233306
0.655741 0.438015 0.233498
0.656420 0.444412 0.218151
0.615523 0.456755 0.182712
0.614725 0.462116 0.169727
0.610563 0.459044 0.176295
0.619748 0.459796 0.176020
0.618847 0.465297 0.163267
0.679137 0.519876 0.089924
0.677195 0.528305 0.080880
0.673476 0.523286 0.085365
0.682891 0.524800 0.085320
0.680893 0.533418 0.076541
0.528441 0.495524 0.094822
0.526401 0.503632 0.085379
0.522730 0.498673 0.090296
0.532134 0.500320 0.089786
0.530048 0.508745 0.080616
0.436315 0.563986 0.035911
0.434061 0.577169 0.030510
0.430615 0.569666 0.033214
0.439768 0.571343 0.033033
0.437498 0.584771 0.028016
0.494546 0.685342 0.010907
0.493284 0.699185 0.010276
0.489115 0.692017 0.010548
0.498694 0.692537 0.010570
0.497559 0.706104 0.010038
0.379046 0.467025 0.103909
0.377026 0.475096 0.094212
0.373397 0.470062 0.099305
0.382674 0.471917 0.098736
0.380657 0.480270 0.089208
0.546371 0.401051 0.304946
0.546432 0.410331 0.287796
0.542331 0.405672 0.296193
0.550500 0.406120 0.296375
0.550556 0.414677 0.279579
0.468356 0.435619 0.189306
0.466653 0.439949 0.176955
0.462929 0.436807 0.183360
0.472098 0.438694 0.182814
0.470384 0.443145 0.170633
0.585248 0.588223 0.032875
0.582898 0.600201 0.028254
0.579344 0.593535 0.030527
0.588787 0.594801 0.030435
0.586474 0.606902 0.026167
0.737604 0.542512 0.077008
0.731890 0.546084 0.072764
0.743273 0.539050 0.081330
0.726128 0.549768 0.068614
0.720326 0.553568 0.064570
0.759997 0.529254 0.094638
0.754468 0.532428 0.090156
0.765480 0.526160 0.099153
0.748894 0.535691 0.085716
0.555794 0.707706 0.010117
0.550619 0.713796 0.009880
0.560981 0.701507 0.010386
0.545459 0.719769 0.009673
0.540316 0.725610 0.009495
0.576629 0.682694 0.011497
0.571389 0.688925 0.011046
0.581909 0.676529 0.012062
0.566179 0.695216 0.010690
0.345093 0.487078 0.077426
0.462138 0.724312 0.009423
0.401751 0.601759 0.021548
0.643288 0.614341 0.025840
0.637436 0.619653 0.023990
0.649180 0.609058 0.027829
0.631636 0.624988 0.022266
0.625892 0.630373 0.020665
0.666980 0.593659 0.034830
0.661030 0.598705 0.032326
0.672941 0.588713 0.037500
0.655095 0.603841 0.029992
0.690829 0.574566 0.046482
0.684871 0.579160 0.043328
0.696776 0.570100 0.049794
0.678906 0.583878 0.040334
0.714486 0.557501 0.060656
0.708611 0.561569 0.056884
0.702707 0.565768 0.053262
0.430368 0.664762 0.011683
0.514938 0.752742 0.008990
0.509940 0.757813 0.008954
0.519962 0.747571 0.009045
0.504974 0.762805 0.008938
0.500038 0.767734 0.008940
0.535193 0.731311 0.009345
0.530092 0.736869 0.009221
0.525016 0.742286 0.009121
0.374320 0.538707 0.043802
0.598016 0.658532 0.014434
0.592599 0.664441 0.013531
0.603483 0.652716 0.015449
0.587232 0.670443 0.012740
0.620203 0.635829 0.019185
0.614574 0.641369 0.017823
0.609001 0.646996 0.016579
0.326951 0.460477 0.102162
0.323338 0.455581 0.107281
0.330567 0.465502 0.097087
0.319725 0.450803 0.112433
0.316107 0.446133 0.117610
0.341450 0.481455 0.082213
0.337815 0.475982 0.087100
0.334187 0.470667 0.092062
0.441549 0.688705 0.010360
0.437776 0.680764 0.010678
0.445392 0.696492 0.010116
0.434055 0.672767 0.011113
0.457756 0.717837 0.009567
0.453493 0.711062 0.009731
0.449366 0.703959 0.009914
0.384908 0.561451 0.033846
0.381443 0.553658 0.036973
0.388298 0.569444 0.030932
0.377909 0.546077 0.040296
0.398340 0.593824 0.023554
0.394974 0.585761 0.025783
0.391641 0.577583 0.028245
0.412250 0.625244 0.016668
0.408705 0.617440 0.018120
0.415830 0.633071 0.015377
0.405206 0.609619 0.019743
0.426707 0.656778 0.012393
0.423064 0.648833 0.013244
0.419437 0.640932 0.014238
0.475862 0.742164 0.009104
0.471202 0.736458 0.009191
0.480591 0.747646 0.009036
0.466624 0.730514 0.009297
0.495112 0.762942 0.008938
0.490224 0.758014 0.008953
0.485380 0.752924 0.008985
0.356070 0.504911 0.063784
0.352407 0.498785 0.068204
0.359736 0.511239 0.059497
0.348747 0.492846 0.072754
0.370697 0.531533 0.047484
0.367054 0.524556 0.051336
0.363398 0.517788 0.055345
