0.578874 0.610627 0.008898
0.578874 0.620486 0.008898
0.573944 0.615557 0.008898
0.420250 0.453733 0.008953
0.420559 0.463298 0.008933
0.415512 0.458493 0.008940
0.492149 0.379116 0.009613
0.493362 0.388243 0.009481
0.487832 0.383723 0.009546
0.342252 0.531755 0.008898
0.342252 0.541613 0.008898
0.337323 0.536684 0.008898
0.500000 0.689501 0.008898
0.500000 0.699360 0.008898
0.495071 0.694430 0.008898
0.421126 0.610627 0.008898
0.421126 0.620486 0.008898
0.416197 0.615557 0.008898
0.499989 0.531764 0.008898
0.499995 0.541618 0.008898
0.495062 0.536691 0.008898
0.657748 0.531753 0.008898
0.657747 0.541612 0.008898
0.652818 0.536683 0.008898
0.578133 0.453085 0.008936
0.578404 0.462871 0.008922
0.573316 0.458010 0.008931
0.616657 0.413515 0.008972
0.617111 0.423315 0.008945
0.611858 0.418456 0.008964
0.572518 0.376474 0.009391
0.573650 0.385796 0.009283
0.568002 0.381370 0.009358
0.539375 0.492356 0.008901
0.539408 0.502196 0.008899
0.534469 0.497273 0.008899
0.498872 0.453673 0.008978
0.499267 0.463260 0.008949
0.494146 0.458477 0.008964
0.536127 0.415279 0.009139
0.536867 0.424717 0.009075
0.531524 0.420085 0.009112
0.618311 0.571190 0.008898
0.618311 0.581049 0.008898
0.613381 0.576120 0.008898
0.578870 0.531755 0.008898
0.578872 0.541613 0.008898
0.573941 0.536684 0.008898
0.618298 0.492317 0.008898
0.618310 0.502176 0.008898
0.613378 0.497247 0.008898
0.460563 0.571190 0.008898
0.460563 0.581049 0.008898
0.455634 0.576120 0.008898
0.421119 0.531764 0.008898
0.421123 0.541618 0.008898
0.416192 0.536690 0.008898
0.460486 0.492397 0.008902
0.460525 0.502221 0.008899
0.455587 0.497301 0.008900
0.381689 0.571190 0.008898
0.381690 0.581049 0.008898
0.376760 0.576120 0.008898
0.460563 0.650064 0.008898
0.460563 0.659923 0.008898
0.455634 0.654993 0.008898
0.302813 0.492320 0.008898
0.302816 0.502175 0.008898
0.297886 0.497246 0.008898
0.457049 0.416204 0.009166
0.457811 0.425522 0.009099
0.452561 0.420865 0.009125
0.414036 0.379201 0.009529
0.415285 0.388359 0.009395
0.409871 0.383722 0.009447
0.448212 0.342372 0.010123
0.449128 0.351755 0.010018
0.443737 0.347076 0.010070
0.527332 0.341656 0.010074
0.528260 0.350960 0.009969
0.522757 0.346493 0.010040
0.486001 0.303773 0.010314
0.486097 0.313583 0.010302
0.481096 0.308691 0.010311
0.381658 0.492360 0.008899
0.381677 0.502197 0.008898
0.376746 0.497270 0.008898
0.341965 0.453210 0.008912
0.342070 0.462949 0.008907
0.337115 0.458049 0.008908
0.379597 0.415531 0.009034
0.380143 0.424943 0.008988
0.375066 0.420132 0.009001
0.539437 0.650064 0.008898
0.539437 0.659923 0.008898
0.534508 0.654993 0.008898
0.500000 0.610627 0.008898
0.500000 0.620486 0.008898
0.495071 0.615556 0.008898
0.539437 0.571190 0.008898
0.539437 0.581049 0.008898
0.534507 0.576120 0.008898
0.697183 0.492316 0.008898
0.697184 0.502176 0.008898
0.692254 0.497246 0.008898
0.657599 0.452854 0.008902
0.657654 0.462723 0.008901
0.652676 0.457789 0.008902
0.583804 0.615557 0.008898
0.425315 0.458519 0.008945
0.497712 0.383618 0.009543
0.347182 0.536684 0.008898
0.504930 0.694430 0.008898
0.426056 0.615557 0.008898
0.504922 0.536690 0.008898
0.662677 0.536683 0.008898
0.583236 0.457945 0.008926
0.621943 0.418373 0.008951
0.578202 0.380891 0.009312
0.544333 0.497269 0.008899
0.504017 0.458439 0.008962
0.541505 0.419886 0.009097
0.623240 0.576120 0.008898
0.583801 0.536684 0.008898
0.623239 0.497246 0.008898
0.465493 0.576120 0.008898
0.426050 0.536691 0.008898
0.465444 0.497301 0.008900
0.386619 0.576120 0.008898
0.465493 0.654993 0.008898
0.307745 0.497246 0.008898
0.462335 0.420846 0.009135
0.419495 0.383818 0.009471
0.453556 0.347076 0.010075
0.532802 0.346125 0.010006
0.490955 0.308690 0.010311
0.386601 0.497275 0.008898
0.346925 0.458105 0.008911
0.384712 0.420319 0.009016
0.544367 0.654993 0.008898
0.504930 0.615556 0.008898
0.544367 0.576120 0.008898
0.702114 0.497246 0.008898
0.662578 0.457789 0.008901
0.657743 0.492316 0.008898
0.662677 0.497246 0.008898
0.657747 0.502176 0.008898
0.662668 0.487385 0.008898
0.677444 0.472590 0.008898
0.682384 0.477523 0.008898
0.677457 0.482454 0.008898
0.697184 0.531753 0.008898
0.702114 0.536683 0.008898
0.697184 0.541612 0.008898
0.702114 0.526824 0.008898
0.716902 0.512035 0.008898
0.721832 0.516964 0.008898
0.716902 0.521894 0.008898
0.539437 0.610627 0.008898
0.544367 0.615556 0.008898
0.539437 0.620486 0.008898
0.544367 0.605697 0.008898
0.559155 0.590909 0.008898
0.564085 0.595838 0.008898
0.559156 0.600768 0.008898
0.500000 0.650064 0.008898
0.504930 0.654993 0.008898
0.500000 0.659923 0.008898
0.504930 0.645134 0.008898
0.519719 0.630345 0.008898
0.524649 0.635275 0.008898
0.519719 0.640204 0.008898
0.539437 0.689500 0.008898
0.544367 0.694430 0.008898
0.539437 0.699360 0.008898
0.544367 0.684571 0.008898
0.559156 0.669782 0.008898
0.564085 0.674711 0.008898
0.559156 0.679641 0.008898
0.381103 0.453526 0.008930
0.386112 0.458365 0.008926
0.381313 0.463158 0.008918
0.385863 0.448771 0.008940
0.399974 0.434648 0.008983
0.405040 0.439416 0.008976
0.400351 0.444119 0.008960
0.342241 0.492332 0.008898
0.347177 0.497255 0.008898
0.342250 0.502181 0.008898
0.347154 0.487422 0.008899
0.361818 0.472775 0.008905
0.366784 0.477666 0.008904
0.361902 0.482541 0.008901
0.381686 0.531759 0.008898
0.386616 0.536688 0.008898
0.381688 0.541615 0.008898
0.386614 0.526832 0.008898
0.401395 0.512056 0.008898
0.406326 0.516983 0.008898
0.401399 0.521908 0.008898
0.487587 0.342324 0.010130
0.492941 0.346997 0.010081
0.488479 0.351675 0.010027
0.492146 0.337596 0.010172
0.506144 0.323186 0.010261
0.511336 0.327897 0.010227
0.506653 0.332744 0.010202
0.531978 0.378299 0.009557
0.537624 0.382689 0.009476
0.533190 0.387431 0.009428
0.536360 0.373582 0.009612
0.549586 0.359246 0.009761
0.555289 0.363549 0.009669
0.550857 0.368383 0.009624
0.452862 0.379333 0.009596
0.458369 0.383899 0.009533
0.454079 0.388493 0.009464
0.457100 0.374758 0.009672
0.469865 0.360998 0.009901
0.475397 0.365569 0.009833
0.471139 0.370153 0.009756
0.418195 0.416092 0.009104
0.423402 0.420787 0.009081
0.418883 0.425424 0.009045
0.422632 0.411480 0.009150
0.435730 0.397678 0.009320
0.441090 0.402305 0.009277
0.436715 0.406917 0.009221
0.459471 0.453781 0.008975
0.464590 0.458545 0.008962
0.459852 0.463333 0.008947
0.464160 0.449024 0.008993
0.478095 0.434818 0.009057
0.483314 0.439502 0.009036
0.478664 0.444249 0.009015
0.302816 0.531753 0.008898
0.307746 0.536683 0.008898
0.302816 0.541612 0.008898
0.307746 0.526823 0.008898
0.322534 0.512036 0.008898
0.327463 0.516966 0.008898
0.322534 0.521895 0.008898
0.460563 0.689500 0.008898
0.465493 0.694430 0.008898
0.460563 0.699360 0.008898
0.465493 0.684571 0.008898
0.480282 0.669782 0.008898
0.485212 0.674712 0.008898
0.480282 0.679641 0.008898
0.381690 0.610627 0.008898
0.386619 0.615556 0.008898
0.381690 0.620486 0.008898
0.386619 0.605697 0.008898
0.401408 0.590909 0.008898
0.406338 0.595838 0.008898
0.401408 0.600768 0.008898
0.460552 0.531766 0.008898
0.465485 0.536693 0.008898
0.460558 0.541619 0.008898
0.465478 0.526841 0.008898
0.480253 0.512066 0.008899
0.485188 0.516989 0.008899
0.480262 0.521915 0.008899
0.421126 0.571190 0.008898
0.426056 0.576120 0.008898
0.421126 0.581049 0.008898
0.426056 0.566260 0.008898
0.440843 0.551474 0.008898
0.445774 0.556402 0.008898
0.440845 0.561331 0.008898
0.460563 0.610627 0.008898
0.465493 0.615556 0.008898
0.460563 0.620486 0.008898
0.465493 0.605697 0.008898
0.480282 0.590908 0.008898
0.485212 0.595838 0.008898
0.480282 0.600767 0.008898
0.618310 0.531753 0.008898
0.623240 0.536683 0.008898
0.618310 0.541612 0.008898
0.623240 0.526824 0.008898
0.638029 0.512035 0.008898
0.642959 0.516964 0.008898
0.638029 0.521894 0.008898
0.578874 0.571190 0.008898
0.583803 0.576120 0.008898
0.578874 0.581049 0.008898
0.583803 0.566260 0.008898
0.598592 0.551472 0.008898
0.603522 0.556401 0.008898
0.598592 0.561331 0.008898
0.618311 0.610627 0.008898
0.623240 0.615556 0.008898
0.618311 0.620486 0.008898
0.623240 0.605697 0.008898
0.638029 0.590909 0.008898
0.642958 0.595838 0.008898
0.638029 0.600768 0.008898
0.538436 0.453430 0.008964
0.543575 0.458225 0.008949
0.538792 0.463096 0.008940
0.543189 0.448567 0.008975
0.557414 0.433915 0.009004
0.562640 0.438664 0.008983
0.557879 0.443574 0.008976
0.499921 0.492383 0.008902
0.504882 0.497288 0.008900
0.499961 0.502212 0.008899
0.504800 0.487487 0.008905
0.519314 0.472860 0.008925
0.524365 0.477708 0.008916
0.519524 0.482588 0.008910
0.539429 0.531759 0.008898
0.544361 0.536687 0.008898
0.539433 0.541615 0.008898
0.544356 0.526831 0.008898
0.559141 0.512044 0.008898
0.564074 0.516971 0.008898
0.559146 0.521900 0.008898
0.576286 0.414231 0.009051
0.581643 0.418927 0.009016
0.576909 0.423861 0.009005
0.580975 0.409307 0.009067
0.594981 0.394530 0.009123
0.600477 0.399198 0.009075
0.595783 0.404131 0.009058
0.617876 0.452877 0.008913
0.622924 0.457799 0.008909
0.618039 0.462738 0.008908
0.622758 0.447934 0.008914
0.637471 0.433113 0.008916
0.642543 0.438048 0.008911
0.637624 0.442985 0.008911
0.578840 0.492331 0.008899
0.583791 0.497254 0.008898
0.578863 0.502183 0.008898
0.583741 0.487407 0.008901
0.598389 0.472626 0.008906
0.603393 0.477541 0.008903
0.598505 0.482471 0.008902
0.657747 0.571190 0.008898
0.662677 0.576120 0.008898
0.657747 0.581049 0.008898
0.662677 0.566260 0.008898
0.677466 0.551472 0.008898
0.682395 0.556401 0.008898
0.677466 0.561331 0.008898
0.500000 0.571190 0.008898
0.504930 0.576119 0.008898
0.500000 0.581049 0.008898
0.504930 0.566260 0.008898
0.519717 0.551473 0.008898
0.524647 0.556402 0.008898
0.519718 0.561331 0.008898
0.421126 0.650064 0.008898
0.426056 0.654993 0.008898
0.421126 0.659923 0.008898
0.426056 0.645134 0.008898
0.440845 0.630345 0.008898
0.445775 0.635275 0.008898
0.440845 0.640204 0.008898
0.500000 0.728937 0.008898
0.504930 0.733867 0.008898
0.500000 0.738796 0.008898
0.504930 0.724008 0.008898
0.519719 0.709219 0.008898
0.524648 0.714148 0.008898
0.519719 0.719078 0.008898
0.342253 0.571190 0.008898
0.347182 0.576119 0.008898
0.342253 0.581049 0.008898
0.347182 0.566260 0.008898
0.361971 0.551472 0.008898
0.366901 0.556401 0.008898
0.361971 0.561331 0.008898
0.496364 0.415939 0.009178
0.501718 0.420547 0.009140
0.497147 0.425283 0.009109
0.500880 0.411227 0.009217
0.514311 0.397113 0.009349
0.519804 0.401625 0.009291
0.515310 0.406353 0.009249
0.421071 0.492385 0.008900
0.426021 0.497293 0.008899
0.421101 0.502212 0.008898
0.425954 0.487499 0.008903
0.440467 0.472949 0.008922
0.445496 0.477787 0.008916
0.440661 0.482637 0.008909
0.578874 0.650064 0.008898
0.583804 0.654993 0.008898
0.578874 0.659923 0.008898
0.583804 0.645134 0.008898
0.598592 0.630345 0.008898
0.603522 0.635275 0.008898
0.598592 0.640204 0.008898
0.637936 0.472590 0.008901
0.637991 0.482454 0.008899
0.633028 0.477522 0.008900
0.642904 0.477522 0.008900
0.652817 0.497246 0.008898
0.677466 0.512035 0.008898
0.677466 0.521894 0.008898
0.672536 0.516964 0.008898
0.682395 0.516964 0.008898
0.692255 0.536683 0.008898
0.519719 0.590908 0.008898
0.519719 0.600767 0.008898
0.514789 0.595838 0.008898
0.524648 0.595838 0.008898
0.534508 0.615556 0.008898
0.480282 0.630345 0.008898
0.480282 0.640204 0.008898
0.475352 0.635275 0.008898
0.485212 0.635275 0.008898
0.495071 0.654993 0.008898
0.519719 0.669782 0.008898
0.519719 0.679641 0.008898
0.514789 0.674712 0.008898
0.524648 0.674712 0.008898
0.534508 0.694430 0.008898
0.361130 0.434105 0.008942
0.361354 0.443714 0.008930
0.356380 0.438837 0.008932
0.366109 0.438976 0.008940
0.376316 0.458305 0.008922
0.322472 0.472671 0.008901
0.322508 0.482488 0.008899
0.317568 0.477571 0.008900
0.327416 0.477585 0.008900
0.337319 0.497252 0.008898
0.361966 0.512044 0.008898
0.361968 0.521900 0.008898
0.357038 0.516971 0.008898
0.366896 0.516973 0.008898
0.376758 0.536687 0.008898
0.466680 0.323288 0.010267
0.467181 0.332880 0.010209
0.461980 0.328099 0.010240
0.471831 0.328095 0.010241
0.483079 0.347029 0.010081
0.509366 0.360699 0.009892
0.510652 0.369782 0.009746
0.505017 0.365340 0.009827
0.514969 0.365149 0.009813
0.527584 0.383008 0.009503
0.430680 0.361014 0.009873
0.432020 0.370186 0.009721
0.426457 0.365600 0.009793
0.436204 0.365623 0.009805
0.448607 0.383913 0.009522
0.397174 0.397299 0.009231
0.398094 0.406559 0.009141
0.392857 0.401837 0.009172
0.402454 0.401999 0.009195
0.413714 0.420711 0.009064
0.438909 0.434875 0.009031
0.439413 0.444292 0.008996
0.434289 0.439564 0.009007
0.444056 0.439582 0.009017
0.454757 0.458551 0.008959
0.283098 0.512035 0.008898
0.283098 0.521894 0.008898
0.278168 0.516964 0.008898
0.288027 0.516964 0.008898
0.297887 0.536683 0.008898
0.440845 0.669782 0.008898
0.440845 0.679641 0.008898
0.435915 0.674711 0.008898
0.445775 0.674711 0.008898
0.455634 0.694430 0.008898
0.361971 0.590908 0.008898
0.361971 0.600767 0.008898
0.357042 0.595838 0.008898
0.366901 0.595838 0.008898
0.376760 0.615556 0.008898
0.440821 0.512066 0.008899
0.440829 0.521915 0.008898
0.435897 0.516989 0.008898
0.445754 0.516990 0.008899
0.455626 0.536692 0.008898
0.401407 0.551473 0.008898
0.401408 0.561331 0.008898
0.396478 0.556402 0.008898
0.406337 0.556402 0.008898
0.416197 0.576120 0.008898
0.440845 0.590909 0.008898
0.440845 0.600768 0.008898
0.435915 0.595838 0.008898
0.445775 0.595838 0.008898
0.455634 0.615556 0.008898
0.598589 0.512037 0.008898
0.598590 0.521895 0.008898
0.593659 0.516967 0.008898
0.603520 0.516966 0.008898
0.613381 0.536683 0.008898
0.559154 0.551472 0.008898
0.559155 0.561331 0.008898
0.554225 0.556401 0.008898
0.564085 0.556401 0.008898
0.573944 0.576120 0.008898
0.598592 0.590909 0.008898
0.598592 0.600768 0.008898
0.593663 0.595838 0.008898
0.603522 0.595838 0.008898
0.613381 0.615556 0.008898
0.517620 0.434488 0.009046
0.518171 0.443999 0.009007
0.512953 0.439284 0.009028
0.522862 0.439186 0.009022
0.533675 0.458287 0.008953
0.479852 0.472939 0.008927
0.480072 0.482634 0.008911
0.475045 0.477782 0.008918
0.484902 0.477773 0.008919
0.495021 0.497293 0.008900
0.519694 0.512055 0.008899
0.519702 0.521907 0.008898
0.514768 0.516982 0.008899
0.524628 0.516980 0.008899
0.534501 0.536687 0.008898
0.554403 0.395987 0.009261
0.555343 0.405349 0.009172
0.549852 0.400826 0.009229
0.559933 0.400480 0.009199
0.571586 0.419156 0.009037
0.597412 0.433307 0.008949
0.597733 0.443127 0.008935
0.592585 0.438263 0.008946
0.602573 0.438174 0.008937
0.613001 0.457819 0.008912
0.558834 0.472742 0.008917
0.559007 0.482527 0.008906
0.553990 0.477643 0.008912
0.563870 0.477618 0.008910
0.573926 0.497257 0.008898
0.638029 0.551472 0.008898
0.638029 0.561331 0.008898
0.633099 0.556401 0.008898
0.642959 0.556401 0.008898
0.652818 0.576120 0.008898
0.480280 0.551474 0.008898
0.480282 0.561331 0.008898
0.475351 0.556402 0.008898
0.485211 0.556402 0.008898
0.495071 0.576119 0.008898
0.401408 0.630345 0.008898
0.401408 0.640204 0.008898
0.396479 0.635275 0.008898
0.406338 0.635275 0.008898
0.416197 0.654993 0.008898
0.480282 0.709219 0.008898
0.480282 0.719078 0.008898
0.475352 0.714148 0.008898
0.485212 0.714148 0.008898
0.495071 0.733867 0.008898
0.322535 0.551472 0.008898
0.322535 0.561331 0.008898
0.317605 0.556401 0.008898
0.327464 0.556401 0.008898
0.337323 0.576119 0.008898
0.474762 0.397606 0.009364
0.475758 0.406840 0.009263
0.470366 0.402248 0.009309
0.480189 0.402179 0.009313
0.491829 0.420656 0.009143
0.401137 0.472891 0.008913
0.401281 0.482602 0.008904
0.396297 0.477731 0.008907
0.406136 0.477747 0.008909
0.416167 0.497289 0.008899
0.559156 0.630345 0.008898
0.559156 0.640204 0.008898
0.554226 0.635275 0.008898
0.564085 0.635275 0.008898
0.573944 0.654993 0.008898
0.569015 0.659923 0.008898
0.569015 0.669782 0.008898
0.564085 0.664852 0.008898
0.573944 0.664852 0.008898
0.578874 0.669782 0.008898
0.578874 0.679641 0.008898
0.573944 0.674711 0.008898
0.559156 0.650064 0.008898
0.564085 0.654993 0.008898
0.559156 0.659923 0.008898
0.564085 0.645134 0.008898
0.569015 0.640204 0.008898
0.573944 0.645134 0.008898
0.569015 0.650064 0.008898
0.549297 0.640204 0.008898
0.549297 0.650064 0.008898
0.544367 0.645134 0.008898
0.554226 0.645134 0.008898
0.554226 0.654993 0.008898
0.411245 0.502209 0.008898
0.411251 0.512058 0.008898
0.406320 0.507132 0.008898
0.416177 0.507135 0.008898
0.421108 0.512061 0.008898
0.421114 0.521912 0.008898
0.416183 0.516985 0.008898
0.401365 0.492373 0.008899
0.406312 0.497284 0.008898
0.401390 0.502205 0.008898
0.406255 0.487484 0.008902
0.411126 0.482613 0.008905
0.416105 0.487492 0.008902
0.411218 0.492380 0.008900
0.391436 0.482589 0.008903
0.391512 0.492367 0.008899
0.386556 0.487466 0.008901
0.396406 0.487476 0.008901
0.396457 0.497280 0.008898
0.487273 0.425375 0.009111
0.487945 0.434760 0.009058
0.482695 0.430096 0.009082
0.492557 0.430022 0.009082
0.497818 0.434685 0.009056
0.498389 0.444149 0.009014
0.493176 0.439444 0.009035
0.476646 0.416119 0.009179
0.481969 0.420742 0.009143
0.477425 0.425445 0.009110
0.481133 0.411437 0.009220
0.485599 0.406758 0.009265
0.490991 0.411344 0.009220
0.486490 0.416041 0.009180
0.465950 0.406896 0.009258
0.466833 0.416173 0.009174
0.461511 0.411548 0.009210
0.471306 0.411504 0.009217
0.472137 0.420805 0.009141
0.332394 0.581049 0.008898
0.332394 0.590908 0.008898
0.327464 0.585979 0.008898
0.337323 0.585979 0.008898
0.342253 0.590908 0.008898
0.342253 0.600767 0.008898
0.337323 0.595838 0.008898
0.322535 0.571190 0.008898
0.327464 0.576119 0.008898
0.322535 0.581049 0.008898
0.327464 0.566260 0.008898
0.332394 0.561331 0.008898
0.337323 0.566260 0.008898
0.332394 0.571190 0.008898
0.312675 0.561331 0.008898
0.312675 0.571190 0.008898
0.307746 0.566260 0.008898
0.317605 0.566260 0.008898
0.317605 0.576120 0.008898
0.490141 0.738796 0.008898
0.490141 0.748655 0.008898
0.485212 0.743726 0.008898
0.495071 0.743726 0.008898
0.500000 0.748655 0.008898
0.500000 0.758515 0.008898
0.495071 0.753585 0.008898
0.480282 0.728937 0.008898
0.485212 0.733867 0.008898
0.480282 0.738796 0.008898
0.485212 0.724008 0.008898
0.490141 0.719078 0.008898
0.495071 0.724008 0.008898
0.490141 0.728937 0.008898
0.470423 0.719078 0.008898
0.470423 0.728937 0.008898
0.465493 0.724008 0.008898
0.475352 0.724008 0.008898
0.475352 0.733867 0.008898
0.411267 0.659923 0.008898
0.411267 0.669782 0.008898
0.406338 0.664852 0.008898
0.416197 0.664852 0.008898
0.421126 0.669782 0.008898
0.421126 0.679641 0.008898
0.416197 0.674711 0.008898
0.401408 0.650064 0.008898
0.406338 0.654993 0.008898
0.401408 0.659923 0.008898
0.406338 0.645134 0.008898
0.411267 0.640204 0.008898
0.416197 0.645134 0.008898
0.411267 0.650064 0.008898
0.391549 0.640204 0.008898
0.391549 0.650064 0.008898
0.386620 0.645134 0.008898
0.396479 0.645134 0.008898
0.396479 0.654993 0.008898
0.490141 0.581049 0.008898
0.490141 0.590908 0.008898
0.485212 0.585979 0.008898
0.495071 0.585979 0.008898
0.500000 0.590908 0.008898
0.500000 0.600767 0.008898
0.495071 0.595838 0.008898
0.480282 0.571190 0.008898
0.485212 0.576119 0.008898
0.480282 0.581049 0.008898
0.485212 0.566260 0.008898
0.490141 0.561331 0.008898
0.495071 0.566260 0.008898
0.490141 0.571190 0.008898
0.470422 0.561331 0.008898
0.470423 0.571190 0.008898
0.465493 0.566260 0.008898
0.475352 0.566260 0.008898
0.475352 0.576120 0.008898
0.647888 0.581049 0.008898
0.647888 0.590909 0.008898
0.642958 0.585979 0.008898
0.652818 0.585979 0.008898
0.657747 0.590909 0.008898
0.657747 0.600768 0.008898
0.652818 0.595838 0.008898
0.638029 0.571190 0.008898
0.642959 0.576120 0.008898
0.638029 0.581049 0.008898
0.642959 0.566260 0.008898
0.647888 0.561331 0.008898
0.652818 0.566260 0.008898
0.647888 0.571190 0.008898
0.628170 0.561331 0.008898
0.628170 0.571190 0.008898
0.623240 0.566260 0.008898
0.633099 0.566260 0.008898
0.633099 0.576120 0.008898
0.568999 0.502186 0.008898
0.569003 0.512042 0.008898
0.564070 0.507115 0.008898
0.573933 0.507113 0.008898
0.578866 0.512040 0.008898
0.578868 0.521897 0.008898
0.573936 0.516969 0.008898
0.559106 0.492343 0.008900
0.564061 0.497260 0.008899
0.559135 0.502189 0.008899
0.564001 0.487426 0.008902
0.568882 0.482510 0.008905
0.573871 0.487415 0.008901
0.568974 0.492337 0.008900
0.549133 0.482543 0.008907
0.549240 0.492350 0.008900
0.544262 0.487447 0.008904
0.554131 0.487437 0.008903
0.554197 0.497264 0.008899
0.608130 0.462758 0.008910
0.608276 0.472609 0.008905
0.603260 0.467693 0.008908
0.613157 0.467675 0.008906
0.618163 0.472598 0.008903
0.618250 0.482458 0.008900
0.613272 0.477531 0.008902
0.598003 0.452953 0.008923
0.603079 0.457850 0.008916
0.598221 0.462787 0.008914
0.602850 0.448010 0.008925
0.607703 0.443062 0.008927
0.612804 0.447964 0.008919
0.607939 0.452908 0.008918
0.587765 0.443211 0.008944
0.588067 0.453012 0.008929
0.582948 0.448152 0.008940
0.592898 0.448073 0.008932
0.593158 0.457892 0.008920
0.566873 0.424082 0.009024
0.567404 0.433735 0.008989
0.562149 0.429003 0.009014
0.572163 0.428798 0.008996
0.577403 0.433566 0.008974
0.577800 0.443316 0.008953
0.572618 0.438509 0.008970
0.556159 0.414791 0.009100
0.561537 0.419416 0.009059
0.556850 0.424314 0.009044
0.560798 0.409908 0.009121
0.565427 0.405010 0.009143
0.570880 0.409591 0.009093
0.566214 0.414506 0.009076
0.545290 0.405652 0.009198
0.546130 0.415049 0.009121
0.540715 0.410469 0.009167
0.550743 0.410204 0.009146
0.551509 0.419663 0.009080
0.529573 0.541616 0.008898
0.529576 0.551473 0.008898
0.524645 0.546544 0.008898
0.534504 0.546544 0.008898
0.539435 0.551473 0.008898
0.539437 0.561331 0.008898
0.534507 0.556402 0.008898
0.519709 0.531761 0.008898
0.524641 0.536688 0.008898
0.519713 0.541617 0.008898
0.524635 0.526833 0.008898
0.529562 0.521906 0.008898
0.534496 0.526832 0.008898
0.529568 0.531760 0.008898
0.509842 0.521909 0.008899
0.509849 0.531763 0.008898
0.504915 0.526837 0.008898
0.514775 0.526835 0.008898
0.514781 0.536689 0.008898
0.490101 0.502216 0.008899
0.490112 0.512064 0.008899
0.485177 0.507141 0.008899
0.495037 0.507138 0.008899
0.499972 0.512061 0.008899
0.499981 0.521912 0.008899
0.495047 0.516987 0.008899
0.480201 0.492394 0.008902
0.485161 0.497297 0.008900
0.480241 0.502219 0.008899
0.485077 0.487503 0.008906
0.489931 0.482625 0.008911
0.494938 0.487496 0.008906
0.490060 0.492389 0.008902
0.470215 0.482639 0.008911
0.470343 0.492396 0.008902
0.465362 0.487510 0.008906
0.475219 0.487508 0.008906
0.475302 0.497300 0.008900
0.528902 0.463143 0.008943
0.529189 0.472834 0.008923
0.524116 0.468000 0.008934
0.533997 0.467964 0.008931
0.539067 0.472805 0.008921
0.539261 0.482559 0.008908
0.534237 0.477688 0.008915
0.518637 0.453566 0.008973
0.523782 0.458343 0.008957
0.519019 0.463186 0.008946
0.523364 0.448738 0.008987
0.528080 0.443909 0.009001
0.533271 0.448657 0.008981
0.528533 0.453501 0.008969
0.508274 0.444079 0.009011
0.508750 0.453623 0.008976
0.503581 0.448875 0.008994
0.513468 0.448811 0.008991
0.513896 0.458394 0.008960
0.608451 0.620486 0.008898
0.608451 0.630345 0.008898
0.603522 0.625416 0.008898
0.613381 0.625416 0.008898
0.618311 0.630345 0.008898
0.618311 0.640204 0.008898
0.613381 0.635275 0.008898
0.598592 0.610627 0.008898
0.603522 0.615556 0.008898
0.598592 0.620486 0.008898
0.603522 0.605697 0.008898
0.608451 0.600768 0.008898
0.613381 0.605697 0.008898
0.608451 0.610627 0.008898
0.588733 0.600768 0.008898
0.588733 0.610627 0.008898
0.583804 0.605697 0.008898
0.593663 0.605697 0.008898
0.593663 0.615556 0.008898
0.569015 0.581049 0.008898
0.569015 0.590909 0.008898
0.564085 0.585979 0.008898
0.573944 0.585979 0.008898
0.578874 0.590909 0.008898
0.578874 0.600768 0.008898
0.573944 0.595838 0.008898
0.559155 0.571190 0.008898
0.564085 0.576120 0.008898
0.559155 0.581049 0.008898
0.564085 0.566260 0.008898
0.569014 0.561331 0.008898
0.573944 0.566260 0.008898
0.569015 0.571190 0.008898
0.549296 0.561331 0.008898
0.549296 0.571190 0.008898
0.544367 0.566260 0.008898
0.554226 0.566260 0.008898
0.554226 0.576120 0.008898
0.608451 0.541613 0.008898
0.608451 0.551472 0.008898
0.603521 0.546542 0.008898
0.613381 0.546542 0.008898
0.618311 0.551472 0.008898
0.618311 0.561331 0.008898
0.613381 0.556401 0.008898
0.598591 0.531754 0.008898
0.603521 0.536683 0.008898
0.598591 0.541613 0.008898
0.603521 0.526824 0.008898
0.608450 0.521895 0.008898
0.613380 0.526824 0.008898
0.608451 0.531753 0.008898
0.588729 0.521896 0.008898
0.588731 0.531754 0.008898
0.583800 0.526826 0.008898
0.593660 0.526825 0.008898
0.593661 0.536683 0.008898
0.450704 0.620486 0.008898
0.450704 0.630345 0.008898
0.445775 0.625416 0.008898
0.455634 0.625416 0.008898
0.460563 0.630345 0.008898
0.460563 0.640204 0.008898
0.455634 0.635275 0.008898
0.440845 0.610627 0.008898
0.445775 0.615556 0.008898
0.440845 0.620486 0.008898
0.445775 0.605697 0.008898
0.450704 0.600768 0.008898
0.455634 0.605697 0.008898
0.450704 0.610627 0.008898
0.430986 0.600768 0.008898
0.430986 0.610627 0.008898
0.426056 0.605697 0.008898
0.435915 0.605697 0.008898
0.435915 0.615556 0.008898
0.411267 0.581049 0.008898
0.411267 0.590909 0.008898
0.406338 0.585979 0.008898
0.416197 0.585979 0.008898
0.421126 0.590909 0.008898
0.421126 0.600768 0.008898
0.416197 0.595838 0.008898
0.401408 0.571190 0.008898
0.406338 0.576120 0.008898
0.401408 0.581049 0.008898
0.406338 0.566260 0.008898
0.411267 0.561331 0.008898
0.416197 0.566260 0.008898
0.411267 0.571190 0.008898
0.391549 0.561331 0.008898
0.391549 0.571190 0.008898
0.386619 0.566260 0.008898
0.396478 0.566260 0.008898
0.396478 0.576120 0.008898
0.450699 0.541619 0.008898
0.450702 0.551474 0.008898
0.445771 0.546546 0.008898
0.455630 0.546546 0.008898
0.460561 0.551474 0.008898
0.460563 0.561331 0.008898
0.455633 0.556402 0.008898
0.440835 0.531766 0.008898
0.445767 0.536692 0.008898
0.440840 0.541619 0.008898
0.445761 0.526840 0.008898
0.450687 0.521916 0.008899
0.455619 0.526841 0.008898
0.450694 0.531766 0.008898
0.430971 0.521913 0.008898
0.430977 0.531765 0.008898
0.426045 0.526838 0.008898
0.435903 0.526839 0.008898
0.435909 0.536692 0.008898
0.371831 0.620486 0.008898
0.371831 0.630345 0.008898
0.366901 0.625416 0.008898
0.376760 0.625416 0.008898
0.381690 0.630345 0.008898
0.381690 0.640204 0.008898
0.376760 0.635275 0.008898
0.361971 0.610627 0.008898
0.366901 0.615556 0.008898
0.361971 0.620486 0.008898
0.366901 0.605697 0.008898
0.371830 0.600768 0.008898
0.376760 0.605697 0.008898
0.371831 0.610627 0.008898
0.352112 0.600767 0.008898
0.352112 0.610627 0.008898
0.347182 0.605697 0.008898
0.357042 0.605697 0.008898
0.357042 0.615556 0.008898
0.450704 0.699359 0.008898
0.450704 0.709219 0.008898
0.445775 0.704289 0.008898
0.455634 0.704289 0.008898
0.460563 0.709219 0.008898
0.460563 0.719078 0.008898
0.455634 0.714148 0.008898
0.440845 0.689500 0.008898
0.445775 0.694430 0.008898
0.440845 0.699359 0.008898
0.445775 0.684571 0.008898
0.450704 0.679641 0.008898
0.455634 0.684571 0.008898
0.450704 0.689500 0.008898
0.430986 0.679641 0.008898
0.430986 0.689500 0.008898
0.426056 0.684571 0.008898
0.435915 0.684571 0.008898
0.435915 0.694430 0.008898
0.292957 0.541612 0.008898
0.292957 0.551472 0.008898
0.288027 0.546542 0.008898
0.297887 0.546542 0.008898
0.302816 0.551472 0.008898
0.302816 0.561331 0.008898
0.297887 0.556401 0.008898
0.283098 0.531753 0.008898
0.288027 0.536683 0.008898
0.283098 0.541612 0.008898
0.288027 0.526823 0.008898
0.292957 0.521894 0.008898
0.297886 0.526823 0.008898
0.292957 0.531753 0.008898
0.273238 0.521894 0.008898
0.273239 0.531753 0.008898
0.268309 0.526823 0.008898
0.278168 0.526823 0.008898
0.278168 0.536683 0.008898
0.450019 0.463334 0.008945
0.450306 0.472953 0.008924
0.445255 0.468134 0.008933
0.455091 0.468136 0.008935
0.460150 0.472953 0.008926
0.460361 0.482641 0.008911
0.455342 0.477789 0.008917
0.439841 0.453776 0.008966
0.444934 0.458548 0.008955
0.440193 0.463329 0.008941
0.444534 0.449031 0.008983
0.449201 0.444301 0.009003
0.454340 0.449033 0.008989
0.449650 0.453783 0.008971
0.429640 0.444270 0.008986
0.430043 0.453759 0.008959
0.424960 0.448992 0.008968
0.434742 0.449017 0.008976
0.435121 0.458538 0.008950
0.409186 0.425342 0.009030
0.409699 0.434734 0.008994
0.404607 0.429987 0.009003
0.414317 0.430073 0.009016
0.419430 0.434801 0.009006
0.419873 0.444234 0.008977
0.414785 0.439482 0.008986
0.398869 0.415871 0.009069
0.404036 0.420608 0.009048
0.399496 0.425235 0.009016
0.403318 0.411279 0.009112
0.407720 0.406698 0.009162
0.412967 0.411395 0.009131
0.408526 0.415996 0.009086
0.388490 0.406387 0.009119
0.389226 0.415716 0.009051
0.384071 0.410950 0.009073
0.393686 0.411131 0.009093
0.394369 0.420478 0.009032
0.444334 0.388497 0.009452
0.445441 0.397697 0.009336
0.440043 0.393086 0.009384
0.449770 0.393093 0.009398
0.455183 0.397691 0.009349
0.456173 0.406927 0.009249
0.450817 0.402310 0.009291
0.433382 0.379316 0.009569
0.438873 0.383905 0.009508
0.434620 0.388478 0.009436
0.437580 0.374759 0.009650
0.441765 0.370204 0.009733
0.447328 0.374768 0.009663
0.443108 0.379335 0.009584
0.422303 0.370152 0.009705
0.423684 0.379276 0.009552
0.418176 0.374679 0.009615
0.427857 0.374732 0.009635
0.429168 0.383875 0.009492
0.523175 0.387712 0.009450
0.524282 0.396896 0.009335
0.518751 0.392412 0.009399
0.528743 0.392166 0.009381
0.534287 0.396637 0.009315
0.535267 0.405920 0.009219
0.529788 0.401397 0.009275
0.511978 0.378831 0.009598
0.517586 0.383269 0.009523
0.513199 0.387940 0.009466
0.516310 0.374192 0.009662
0.520629 0.369548 0.009728
0.526312 0.373922 0.009641
0.521956 0.378597 0.009581
0.500722 0.369941 0.009756
0.502043 0.379003 0.009609
0.496444 0.374524 0.009683
0.506355 0.374392 0.009676
0.507628 0.383472 0.009536
0.478621 0.351709 0.010027
0.479705 0.360961 0.009903
0.474216 0.356365 0.009967
0.484066 0.356329 0.009968
0.489564 0.360911 0.009904
0.490836 0.370034 0.009759
0.485245 0.365517 0.009834
0.467881 0.342361 0.010128
0.473227 0.347052 0.010080
0.468777 0.351734 0.010025
0.472430 0.337629 0.010172
0.477033 0.332872 0.010210
0.482284 0.337615 0.010172
0.477729 0.342346 0.010129
0.457335 0.332883 0.010207
0.458042 0.342370 0.010126
0.452745 0.337641 0.010168
0.462584 0.337638 0.010170
0.463386 0.347068 0.010078
0.371829 0.541615 0.008898
0.371830 0.551472 0.008898
0.366900 0.546543 0.008898
0.376759 0.546544 0.008898
0.381689 0.551473 0.008898
0.381689 0.561331 0.008898
0.376760 0.556402 0.008898
0.361969 0.531757 0.008898
0.366899 0.536686 0.008898
0.361970 0.541614 0.008898
0.366898 0.526829 0.008898
0.371826 0.521902 0.008898
0.376756 0.526831 0.008898
0.371828 0.531758 0.008898
0.352110 0.521898 0.008898
0.352111 0.531756 0.008898
0.347181 0.526826 0.008898
0.357039 0.526827 0.008898
0.357040 0.536685 0.008898
0.332392 0.502179 0.008898
0.332392 0.512037 0.008898
0.327463 0.507107 0.008898
0.337321 0.507109 0.008898
0.342250 0.512039 0.008898
0.342251 0.521897 0.008898
0.337322 0.516967 0.008898
0.322528 0.492324 0.008898
0.327462 0.497249 0.008898
0.322533 0.502177 0.008898
0.327448 0.487407 0.008899
0.332359 0.482498 0.008899
0.337301 0.487414 0.008899
0.332385 0.492328 0.008898
0.312655 0.482480 0.008899
0.312671 0.492321 0.008898
0.307736 0.487397 0.008898
0.317592 0.487401 0.008898
0.317603 0.497247 0.008898
0.371505 0.463106 0.008915
0.371647 0.472809 0.008907
0.366672 0.467930 0.008910
0.376491 0.467973 0.008912
0.381476 0.472840 0.008909
0.381592 0.482574 0.008902
0.376621 0.477690 0.008905
0.361544 0.453363 0.008920
0.366523 0.458237 0.008918
0.361698 0.463050 0.008912
0.366335 0.448585 0.008928
0.371098 0.443836 0.008937
0.376097 0.448685 0.008934
0.371322 0.453449 0.008925
0.351601 0.443600 0.008924
0.351759 0.453282 0.008916
0.346795 0.448393 0.008918
0.356570 0.448484 0.008922
0.356727 0.458167 0.008914
0.529578 0.699360 0.008898
0.529578 0.709219 0.008898
0.524648 0.704289 0.008898
0.534508 0.704289 0.008898
0.539437 0.709219 0.008898
0.539437 0.719078 0.008898
0.534507 0.714148 0.008898
0.519719 0.689500 0.008898
0.524648 0.694430 0.008898
0.519719 0.699360 0.008898
0.524648 0.684571 0.008898
0.529578 0.679641 0.008898
0.534508 0.684571 0.008898
0.529578 0.689500 0.008898
0.509860 0.679641 0.008898
0.509860 0.689501 0.008898
0.504930 0.684571 0.008898
0.514789 0.684571 0.008898
0.514789 0.694430 0.008898
0.490141 0.659923 0.008898
0.490141 0.669782 0.008898
0.485212 0.664852 0.008898
0.495071 0.664852 0.008898
0.500000 0.669782 0.008898
0.500000 0.679641 0.008898
0.495071 0.674712 0.008898
0.480282 0.650064 0.008898
0.485212 0.654993 0.008898
0.480282 0.659923 0.008898
0.485212 0.645134 0.008898
0.490141 0.640204 0.008898
0.495071 0.645134 0.008898
0.490141 0.650064 0.008898
0.470423 0.640204 0.008898
0.470423 0.650064 0.008898
0.465493 0.645134 0.008898
0.475352 0.645134 0.008898
0.475352 0.654993 0.008898
0.529578 0.620486 0.008898
0.529578 0.630345 0.008898
0.524648 0.625416 0.008898
0.534508 0.625416 0.008898
0.539437 0.630345 0.008898
0.539437 0.640204 0.008898
0.534508 0.635275 0.008898
0.519719 0.610627 0.008898
0.524648 0.615556 0.008898
0.519719 0.620486 0.008898
0.524648 0.605697 0.008898
0.529578 0.600768 0.008898
0.534508 0.605697 0.008898
0.529578 0.610627 0.008898
0.509860 0.600767 0.008898
0.509860 0.610627 0.008898
0.504930 0.605697 0.008898
0.514789 0.605697 0.008898
0.514789 0.615556 0.008898
0.687325 0.541612 0.008898
0.687325 0.551472 0.008898
0.682395 0.546542 0.008898
0.692255 0.546542 0.008898
0.697184 0.551472 0.008898
0.697184 0.561331 0.008898
0.692255 0.556401 0.008898
0.677466 0.531753 0.008898
0.682395 0.536683 0.008898
0.677466 0.541612 0.008898
0.682395 0.526824 0.008898
0.687325 0.521894 0.008898
0.692255 0.526824 0.008898
0.687325 0.531753 0.008898
0.667607 0.521894 0.008898
0.667607 0.531753 0.008898
0.662677 0.526823 0.008898
0.672536 0.526824 0.008898
0.672536 0.536683 0.008898
0.647888 0.502176 0.008898
0.647888 0.512035 0.008898
0.642959 0.507105 0.008898
0.652818 0.507105 0.008898
0.657747 0.512035 0.008898
0.657747 0.521894 0.008898
0.652818 0.516964 0.008898
0.638022 0.492316 0.008898
0.642958 0.497246 0.008898
0.638029 0.502176 0.008898
0.642942 0.487385 0.008898
0.647860 0.482454 0.008899
0.652805 0.487385 0.008898
0.647883 0.492316 0.008898
0.628121 0.482455 0.008899
0.628160 0.492316 0.008898
0.623212 0.487386 0.008899
0.633077 0.487385 0.008899
0.633099 0.497246 0.008898
0.598592 0.650064 0.008898
0.603522 0.654993 0.008898
0.598592 0.659923 0.008898
0.603522 0.645134 0.008898
0.608451 0.640204 0.008898
0.613381 0.645134 0.008898
0.608451 0.650064 0.008898
0.588733 0.659923 0.008898
0.593663 0.654993 0.008898
0.593663 0.664852 0.008898
0.588733 0.650064 0.008898
0.588733 0.640204 0.008898
0.593663 0.635275 0.008898
0.593663 0.645134 0.008898
0.583804 0.674711 0.008898
0.583804 0.664852 0.008898
0.588733 0.669782 0.008898
0.440776 0.492394 0.008901
0.445731 0.497300 0.008900
0.440812 0.502219 0.008899
0.445655 0.487509 0.008905
0.450510 0.482641 0.008910
0.455507 0.487511 0.008905
0.450630 0.492397 0.008902
0.430956 0.502216 0.008899
0.435876 0.497297 0.008899
0.435888 0.507141 0.008899
0.430923 0.492390 0.008901
0.430816 0.482631 0.008908
0.435653 0.477781 0.008914
0.435804 0.487505 0.008904
0.426040 0.516987 0.008898
0.426032 0.507138 0.008899
0.430964 0.512064 0.008898
0.516196 0.415661 0.009165
0.521566 0.420262 0.009124
0.516966 0.425039 0.009097
0.520743 0.410907 0.009199
0.525274 0.406153 0.009236
0.530716 0.410703 0.009185
0.526149 0.415483 0.009153
0.507047 0.425171 0.009104
0.511631 0.420416 0.009133
0.512348 0.429817 0.009073
0.506268 0.415813 0.009173
0.505376 0.406519 0.009258
0.509853 0.401814 0.009303
0.510798 0.411082 0.009210
0.503057 0.439371 0.009033
0.502443 0.429928 0.009079
0.507711 0.434594 0.009052
0.361971 0.571190 0.008898
0.366901 0.576120 0.008898
0.361971 0.581049 0.008898
0.366901 0.566260 0.008898
0.371830 0.561331 0.008898
0.376760 0.566260 0.008898
0.371830 0.571190 0.008898
0.352112 0.581049 0.008898
0.357042 0.576119 0.008898
0.357042 0.585979 0.008898
0.352112 0.571190 0.008898
0.352112 0.561331 0.008898
0.357041 0.556401 0.008898
0.357042 0.566260 0.008898
0.347182 0.595838 0.008898
0.347182 0.585979 0.008898
0.352112 0.590908 0.008898
0.519719 0.728937 0.008898
0.524648 0.733867 0.008898
0.519719 0.738796 0.008898
0.524648 0.724008 0.008898
0.529578 0.719078 0.008898
0.534507 0.724008 0.008898
0.529578 0.728937 0.008898
0.509860 0.738796 0.008898
0.514789 0.733867 0.008898
0.514789 0.743726 0.008898
0.509860 0.728937 0.008898
0.509860 0.719078 0.008898
0.514789 0.714148 0.008898
0.514789 0.724008 0.008898
0.504930 0.753585 0.008898
0.504930 0.743726 0.008898
0.509860 0.748655 0.008898
0.440845 0.650064 0.008898
0.445775 0.654993 0.008898
0.440845 0.659923 0.008898
0.445775 0.645134 0.008898
0.450704 0.640204 0.008898
0.455634 0.645134 0.008898
0.450704 0.650064 0.008898
0.430986 0.659923 0.008898
0.435915 0.654993 0.008898
0.435915 0.664852 0.008898
0.430986 0.650064 0.008898
0.430986 0.640204 0.008898
0.435915 0.635275 0.008898
0.435915 0.645134 0.008898
0.426056 0.674711 0.008898
0.426056 0.664852 0.008898
0.430986 0.669782 0.008898
0.519719 0.571190 0.008898
0.524648 0.576120 0.008898
0.519719 0.581049 0.008898
0.524648 0.566260 0.008898
0.529578 0.561331 0.008898
0.534507 0.566260 0.008898
0.529578 0.571190 0.008898
0.509860 0.581049 0.008898
0.514789 0.576119 0.008898
0.514789 0.585979 0.008898
0.509860 0.571190 0.008898
0.509859 0.561331 0.008898
0.514788 0.556402 0.008898
0.514789 0.566260 0.008898
0.504930 0.595838 0.008898
0.504930 0.585979 0.008898
0.509860 0.590908 0.008898
0.677466 0.571190 0.008898
0.682395 0.576120 0.008898
0.677466 0.581049 0.008898
0.682395 0.566260 0.008898
0.687325 0.561331 0.008898
0.692255 0.566260 0.008898
0.687325 0.571190 0.008898
0.667606 0.581049 0.008898
0.672536 0.576120 0.008898
0.672536 0.585979 0.008898
0.667606 0.571190 0.008898
0.667607 0.561331 0.008898
0.672536 0.556401 0.008898
0.672536 0.566260 0.008898
0.662677 0.595838 0.008898
0.662677 0.585979 0.008898
0.667606 0.590909 0.008898
0.598571 0.492322 0.008899
0.603516 0.497249 0.008898
0.598588 0.502178 0.008898
0.603478 0.487393 0.008900
0.608378 0.482463 0.008901
0.613346 0.487389 0.008899
0.608435 0.492319 0.008898
0.588726 0.502181 0.008898
0.593654 0.497251 0.008898
0.593658 0.507108 0.008898
0.588706 0.492326 0.008899
0.588632 0.482482 0.008902
0.593513 0.477555 0.008904
0.593610 0.487399 0.008900
0.583798 0.516968 0.008898
0.583796 0.507110 0.008898
0.588728 0.512038 0.008898
0.637753 0.452856 0.008907
0.642766 0.457789 0.008904
0.637856 0.462724 0.008903
0.642665 0.447920 0.008907
0.647585 0.442983 0.008907
0.652602 0.447918 0.008904
0.647681 0.452854 0.008904
0.627948 0.462727 0.008905
0.632847 0.457791 0.008906
0.632951 0.467658 0.008903
0.627815 0.452860 0.008910
0.627650 0.442992 0.008915
0.632554 0.438051 0.008916
0.632714 0.447922 0.008910
0.623151 0.477525 0.008901
0.623055 0.467663 0.008904
0.628050 0.472592 0.008902
0.596455 0.413795 0.009007
0.601780 0.418576 0.008979
0.596998 0.423521 0.008971
0.601193 0.408858 0.009020
0.605923 0.403922 0.009034
0.611317 0.408696 0.009000
0.606552 0.413635 0.008989
0.586951 0.423674 0.008987
0.591708 0.418733 0.008996
0.592207 0.428469 0.008965
0.586366 0.413994 0.009028
0.585653 0.404383 0.009084
0.590321 0.399457 0.009103
0.591079 0.409062 0.009042
0.582600 0.438374 0.008957
0.582182 0.428618 0.008980
0.587405 0.433423 0.008961
0.559149 0.531757 0.008898
0.564081 0.536685 0.008898
0.559152 0.541614 0.008898
0.564078 0.526828 0.008898
0.569007 0.521899 0.008898
0.573939 0.526827 0.008898
0.569010 0.531756 0.008898
0.549292 0.541615 0.008898
0.554221 0.536686 0.008898
0.554224 0.546543 0.008898
0.549289 0.531758 0.008898
0.549284 0.521902 0.008898
0.554212 0.516973 0.008898
0.554217 0.526829 0.008898
0.544366 0.556402 0.008898
0.544364 0.546544 0.008898
0.549295 0.551472 0.008898
0.519646 0.492370 0.008901
0.524606 0.497278 0.008899
0.519684 0.502203 0.008899
0.524528 0.487467 0.008905
0.529392 0.482574 0.008909
0.534395 0.487457 0.008904
0.529510 0.492363 0.008901
0.509822 0.502208 0.008899
0.514744 0.497283 0.008900
0.514758 0.507131 0.008899
0.509783 0.492376 0.008902
0.509657 0.482602 0.008911
0.514495 0.477727 0.008917
0.514663 0.487477 0.008905
0.504907 0.516985 0.008899
0.504897 0.507134 0.008899
0.509833 0.512058 0.008899
0.558270 0.453264 0.008951
0.563396 0.458085 0.008938
0.558588 0.462987 0.008932
0.563054 0.448360 0.008958
0.567836 0.443440 0.008964
0.573000 0.448248 0.008949
0.568200 0.453171 0.008944
0.548687 0.463044 0.008936
0.553482 0.458158 0.008944
0.553773 0.467883 0.008925
0.548349 0.453351 0.008958
0.547934 0.443696 0.008985
0.552675 0.438814 0.008995
0.553116 0.448468 0.008967
0.544112 0.477666 0.008913
0.543883 0.467925 0.008929
0.548949 0.472775 0.008919
0.638029 0.610627 0.008898
0.642958 0.615556 0.008898
0.638029 0.620486 0.008898
0.642958 0.605697 0.008898
0.647888 0.600768 0.008898
0.652818 0.605697 0.008898
0.647888 0.610627 0.008898
0.628170 0.620486 0.008898
0.633099 0.615556 0.008898
0.633099 0.625416 0.008898
0.628170 0.610627 0.008898
0.628170 0.600768 0.008898
0.633099 0.595838 0.008898
0.633099 0.605697 0.008898
0.623240 0.635275 0.008898
0.623240 0.625416 0.008898
0.628170 0.630345 0.008898
0.598592 0.571190 0.008898
0.603522 0.576120 0.008898
0.598592 0.581049 0.008898
0.603522 0.566260 0.008898
0.608451 0.561331 0.008898
0.613381 0.566260 0.008898
0.608451 0.571190 0.008898
0.588733 0.581049 0.008898
0.593663 0.576120 0.008898
0.593663 0.585979 0.008898
0.588733 0.571190 0.008898
0.588733 0.561331 0.008898
0.593662 0.556401 0.008898
0.593663 0.566260 0.008898
0.583803 0.595838 0.008898
0.583803 0.585979 0.008898
0.588733 0.590909 0.008898
0.638029 0.531753 0.008898
0.642959 0.536683 0.008898
0.638029 0.541612 0.008898
0.642959 0.526823 0.008898
0.647888 0.521894 0.008898
0.652818 0.526823 0.008898
0.647888 0.531753 0.008898
0.628170 0.541612 0.008898
0.633099 0.536683 0.008898
0.633099 0.546542 0.008898
0.628170 0.531753 0.008898
0.628170 0.521894 0.008898
0.633099 0.516964 0.008898
0.633099 0.526823 0.008898
0.623240 0.556401 0.008898
0.623240 0.546542 0.008898
0.628170 0.551472 0.008898
0.480282 0.610627 0.008898
0.485212 0.615556 0.008898
0.480282 0.620486 0.008898
0.485212 0.605697 0.008898
0.490141 0.600767 0.008898
0.495071 0.605697 0.008898
0.490141 0.610627 0.008898
0.470423 0.620486 0.008898
0.475352 0.615556 0.008898
0.475352 0.625416 0.008898
0.470423 0.610627 0.008898
0.470423 0.600768 0.008898
0.475352 0.595838 0.008898
0.475352 0.605697 0.008898
0.465493 0.635275 0.008898
0.465493 0.625416 0.008898
0.470423 0.630345 0.008898
0.440845 0.571190 0.008898
0.445775 0.576120 0.008898
0.440845 0.581049 0.008898
0.445775 0.566260 0.008898
0.450704 0.561331 0.008898
0.455634 0.566260 0.008898
0.450704 0.571190 0.008898
0.430986 0.581049 0.008898
0.435915 0.576120 0.008898
0.435915 0.585979 0.008898
0.430986 0.571190 0.008898
0.430986 0.561331 0.008898
0.435915 0.556402 0.008898
0.435915 0.566260 0.008898
0.426056 0.595838 0.008898
0.426056 0.585979 0.008898
0.430986 0.590909 0.008898
0.480270 0.531766 0.008898
0.485203 0.536692 0.008898
0.480276 0.541619 0.008898
0.485196 0.526840 0.008898
0.490122 0.521913 0.008899
0.495056 0.526838 0.008898
0.490129 0.531765 0.008898
0.470417 0.541619 0.008898
0.475344 0.536692 0.008898
0.475348 0.546546 0.008898
0.470411 0.531766 0.008898
0.470403 0.521916 0.008899
0.475328 0.516991 0.008899
0.475337 0.526840 0.008898
0.465492 0.556402 0.008898
0.465489 0.546546 0.008898
0.470420 0.551474 0.008898
0.401408 0.610627 0.008898
0.406338 0.615556 0.008898
0.401408 0.620486 0.008898
0.406338 0.605697 0.008898
0.411267 0.600768 0.008898
0.416197 0.605697 0.008898
0.411267 0.610627 0.008898
0.391549 0.620486 0.008898
0.396479 0.615556 0.008898
0.396479 0.625416 0.008898
0.391549 0.610627 0.008898
0.391549 0.600768 0.008898
0.396478 0.595838 0.008898
0.396478 0.605697 0.008898
0.386619 0.635275 0.008898
0.386619 0.625416 0.008898
0.391549 0.630345 0.008898
0.480282 0.689500 0.008898
0.485212 0.694430 0.008898
0.480282 0.699360 0.008898
0.485212 0.684571 0.008898
0.490141 0.679641 0.008898
0.495071 0.684571 0.008898
0.490141 0.689501 0.008898
0.470423 0.699360 0.008898
0.475352 0.694430 0.008898
0.475352 0.704289 0.008898
0.470423 0.689500 0.008898
0.470423 0.679641 0.008898
0.475352 0.674712 0.008898
0.475352 0.684571 0.008898
0.465493 0.714148 0.008898
0.465493 0.704289 0.008898
0.470423 0.709219 0.008898
0.322534 0.531753 0.008898
0.327464 0.536683 0.008898
0.322534 0.541613 0.008898
0.327464 0.526824 0.008898
0.332393 0.521895 0.008898
0.337322 0.526825 0.008898
0.332393 0.531754 0.008898
0.312675 0.541612 0.008898
0.317605 0.536683 0.008898
0.317605 0.546542 0.008898
0.312675 0.531753 0.008898
0.312675 0.521894 0.008898
0.317604 0.516965 0.008898
0.317605 0.526824 0.008898
0.307746 0.556401 0.008898
0.307746 0.546542 0.008898
0.312675 0.551472 0.008898
0.479148 0.453747 0.008979
0.484284 0.458508 0.008964
0.479544 0.463310 0.008950
0.483842 0.448973 0.008997
0.488518 0.444206 0.009015
0.493705 0.448929 0.008996
0.489004 0.453715 0.008979
0.469694 0.463325 0.008949
0.474432 0.458531 0.008963
0.474782 0.468123 0.008938
0.469303 0.453769 0.008978
0.468827 0.444279 0.009013
0.473471 0.439544 0.009034
0.473994 0.449004 0.008996
0.465191 0.477787 0.008918
0.464934 0.468132 0.008937
0.469998 0.472949 0.008927
0.437573 0.416196 0.009140
0.442816 0.420861 0.009113
0.438304 0.425516 0.009076
0.442014 0.411563 0.009186
0.446428 0.406934 0.009237
0.451747 0.411567 0.009200
0.447296 0.416212 0.009155
0.428588 0.425482 0.009061
0.433099 0.420835 0.009098
0.433756 0.430177 0.009044
0.427877 0.416158 0.009122
0.427030 0.406875 0.009202
0.431395 0.402274 0.009259
0.432312 0.411534 0.009169
0.424535 0.439532 0.008996
0.424033 0.430136 0.009030
0.429165 0.434847 0.009018
0.472450 0.379266 0.009610
0.477982 0.383804 0.009545
0.473659 0.388415 0.009479
0.476721 0.374679 0.009683
0.480976 0.370102 0.009759
0.486570 0.374612 0.009684
0.482286 0.379202 0.009613
0.463854 0.388466 0.009474
0.468161 0.383862 0.009540
0.469317 0.393035 0.009417
0.462642 0.379310 0.009605
0.461325 0.370187 0.009751
0.465568 0.365605 0.009829
0.466898 0.374728 0.009679
0.460575 0.402292 0.009302
0.459528 0.393076 0.009410
0.464956 0.397660 0.009358
0.552157 0.377506 0.009487
0.557832 0.381868 0.009404
0.553341 0.386706 0.009366
0.556598 0.372683 0.009531
0.561033 0.367834 0.009573
0.566793 0.372124 0.009479
0.562315 0.377007 0.009442
0.543245 0.387096 0.009400
0.547707 0.382309 0.009444
0.548840 0.391527 0.009328
0.542045 0.377936 0.009526
0.540731 0.368851 0.009667
0.545130 0.364078 0.009718
0.546455 0.373170 0.009575
0.539804 0.401131 0.009254
0.538773 0.391871 0.009357
0.544327 0.396334 0.009291
0.507362 0.342181 0.010120
0.512766 0.346760 0.010063
0.508267 0.351499 0.010017
0.511953 0.337388 0.010156
0.516598 0.332545 0.010185
0.521930 0.337131 0.010134
0.517321 0.341971 0.010102
0.498352 0.351624 0.010026
0.502828 0.346926 0.010077
0.503826 0.356192 0.009963
0.497455 0.342289 0.010128
0.496756 0.332837 0.010209
0.501421 0.328036 0.010238
0.502026 0.337541 0.010169
0.495115 0.365451 0.009833
0.493932 0.356282 0.009968
0.499442 0.360840 0.009901
0.401403 0.531762 0.008898
0.406333 0.536689 0.008898
0.401405 0.541617 0.008898
0.406330 0.526835 0.008898
0.411257 0.521910 0.008898
0.416188 0.526837 0.008898
0.411261 0.531763 0.008898
0.391547 0.541616 0.008898
0.396475 0.536689 0.008898
0.396477 0.546544 0.008898
0.391544 0.531760 0.008898
0.391542 0.521906 0.008898
0.396468 0.516980 0.008898
0.396472 0.526834 0.008898
0.386619 0.556402 0.008898
0.386618 0.546544 0.008898
0.391548 0.551473 0.008898
0.361951 0.492345 0.008898
0.366890 0.497265 0.008898
0.361964 0.502188 0.008898
0.366856 0.487444 0.008900
0.371747 0.482558 0.008902
0.376706 0.487455 0.008900
0.371805 0.492353 0.008899
0.352107 0.502184 0.008898
0.357033 0.497260 0.008898
0.357036 0.507114 0.008898
0.352096 0.492338 0.008898
0.352056 0.482524 0.008900
0.356945 0.477641 0.008902
0.357006 0.487432 0.008899
0.347180 0.516968 0.008898
0.347179 0.507111 0.008898
0.352108 0.512041 0.008898
0.400671 0.453650 0.008941
0.405710 0.458458 0.008935
0.400933 0.463241 0.008925
0.405405 0.448906 0.008954
0.410110 0.444184 0.008968
0.415181 0.448955 0.008961
0.410459 0.453697 0.008947
0.391122 0.463203 0.008921
0.395910 0.458416 0.008930
0.396132 0.468044 0.008917
0.390886 0.453593 0.008935
0.390596 0.444040 0.008952
0.395300 0.439333 0.008966
0.395632 0.448845 0.008947
0.386459 0.477712 0.008906
0.386311 0.468011 0.008914
0.391306 0.472868 0.008911
0.559156 0.689500 0.008898
0.564085 0.694430 0.008898
0.559156 0.699359 0.008898
0.564085 0.684571 0.008898
0.569015 0.679641 0.008898
0.573944 0.684571 0.008898
0.569015 0.689500 0.008898
0.549296 0.699359 0.008898
0.554226 0.694430 0.008898
0.554226 0.704289 0.008898
0.549296 0.689500 0.008898
0.549296 0.679641 0.008898
0.554226 0.674711 0.008898
0.554226 0.684571 0.008898
0.544367 0.714148 0.008898
0.544367 0.704289 0.008898
0.549296 0.709219 0.008898
0.519719 0.650064 0.008898
0.524649 0.654993 0.008898
0.519719 0.659923 0.008898
0.524649 0.645134 0.008898
0.529578 0.640204 0.008898
0.534508 0.645134 0.008898
0.529578 0.650064 0.008898
0.509860 0.659923 0.008898
0.514789 0.654993 0.008898
0.514789 0.664852 0.008898
0.509860 0.650064 0.008898
0.509860 0.640204 0.008898
0.514789 0.635275 0.008898
0.514789 0.645134 0.008898
0.504930 0.674712 0.008898
0.504930 0.664852 0.008898
0.509860 0.669782 0.008898
0.559156 0.610627 0.008898
0.564085 0.615556 0.008898
0.559156 0.620486 0.008898
0.564085 0.605697 0.008898
0.569015 0.600768 0.008898
0.573944 0.605697 0.008898
0.569015 0.610627 0.008898
0.549296 0.620486 0.008898
0.554226 0.615556 0.008898
0.554226 0.625416 0.008898
0.549296 0.610627 0.008898
0.549296 0.600768 0.008898
0.554226 0.595838 0.008898
0.554226 0.605697 0.008898
0.544367 0.635275 0.008898
0.544367 0.625416 0.008898
0.549296 0.630345 0.008898
0.716902 0.531753 0.008898
0.721832 0.536683 0.008898
0.716902 0.541612 0.008898
0.721832 0.526824 0.008898
0.726762 0.521894 0.008898
0.731691 0.526823 0.008898
0.726762 0.531753 0.008898
0.707043 0.541612 0.008898
0.711973 0.536683 0.008898
0.711973 0.546542 0.008898
0.707043 0.531753 0.008898
0.707043 0.521894 0.008898
0.711973 0.516964 0.008898
0.711973 0.526824 0.008898
0.702114 0.556401 0.008898
0.702114 0.546542 0.008898
0.707043 0.551472 0.008898
0.677464 0.492316 0.008898
0.682395 0.497246 0.008898
0.677466 0.502176 0.008898
0.682392 0.487385 0.008898
0.687320 0.482454 0.008898
0.692253 0.487385 0.008898
0.687324 0.492316 0.008898
0.667607 0.502176 0.008898
0.672536 0.497246 0.008898
0.672536 0.507105 0.008898
0.667604 0.492316 0.008898
0.667593 0.482454 0.008898
0.672518 0.477522 0.008898
0.672530 0.487385 0.008898
0.662677 0.516964 0.008898
0.662677 0.507105 0.008898
0.667607 0.512035 0.008898
0.657697 0.472589 0.008899
0.662649 0.477522 0.008899
0.657727 0.482454 0.008898
0.662619 0.467656 0.008899
0.667543 0.462723 0.008900
0.672498 0.467657 0.008899
0.667572 0.472589 0.008899
0.697184 0.512035 0.008898
0.702114 0.516964 0.008898
0.697184 0.521894 0.008898
0.702114 0.507105 0.008898
0.707043 0.502176 0.008898
0.711973 0.507105 0.008898
0.707043 0.512035 0.008898
0.539437 0.590908 0.008898
0.544367 0.595838 0.008898
0.539437 0.600768 0.008898
0.544367 0.585979 0.008898
0.549296 0.581049 0.008898
0.554226 0.585979 0.008898
0.549296 0.590908 0.008898
0.500000 0.630345 0.008898
0.504930 0.635275 0.008898
0.500000 0.640204 0.008898
0.504930 0.625415 0.008898
0.509860 0.620486 0.008898
0.514789 0.625415 0.008898
0.509860 0.630345 0.008898
0.539437 0.669782 0.008898
0.544367 0.674712 0.008898
0.539437 0.679641 0.008898
0.544367 0.664852 0.008898
0.549297 0.659923 0.008898
0.554226 0.664852 0.008898
0.549296 0.669782 0.008898
0.380541 0.434416 0.008961
0.385565 0.439232 0.008957
0.380845 0.443946 0.008944
0.385206 0.429747 0.008979
0.389815 0.425102 0.009002
0.394903 0.429878 0.008991
0.390255 0.434542 0.008972
0.342152 0.472716 0.008903
0.347104 0.477620 0.008902
0.342209 0.482510 0.008900
0.347028 0.467847 0.008906
0.351887 0.462997 0.008909
0.356852 0.467886 0.008907
0.351987 0.472744 0.008904
0.381681 0.512050 0.008898
0.386611 0.516978 0.008898
0.381684 0.521904 0.008898
0.386608 0.507125 0.008898
0.391534 0.502201 0.008898
0.396464 0.507128 0.008898
0.391538 0.512053 0.008898
0.486392 0.323279 0.010267
0.491547 0.328078 0.010241
0.486890 0.332859 0.010210
0.491149 0.318444 0.010288
0.495958 0.313576 0.010302
0.501019 0.318411 0.010285
0.496255 0.323266 0.010267
0.529369 0.360152 0.009845
0.535025 0.364520 0.009759
0.530656 0.369238 0.009701
0.533826 0.355375 0.009892
0.538337 0.350542 0.009931
0.543934 0.354913 0.009849
0.539451 0.359745 0.009808
0.450237 0.361032 0.009891
0.455760 0.365626 0.009823
0.451534 0.370204 0.009744
0.454562 0.356404 0.009960
0.458946 0.351749 0.010022
0.464382 0.356390 0.009964
0.460042 0.361021 0.009897
0.416395 0.397559 0.009279
0.421724 0.402217 0.009239
0.417365 0.406803 0.009182
0.420678 0.392997 0.009346
0.424934 0.388436 0.009417
0.430347 0.393055 0.009366
0.426049 0.397635 0.009300
0.458459 0.434880 0.009049
0.463647 0.439572 0.009031
0.459006 0.444297 0.009009
0.463046 0.430186 0.009075
0.467605 0.425494 0.009106
0.472859 0.430151 0.009080
0.468266 0.434858 0.009054
0.302816 0.512035 0.008898
0.307746 0.516964 0.008898
0.302816 0.521894 0.008898
0.307745 0.507105 0.008898
0.312675 0.502176 0.008898
0.317604 0.507106 0.008898
0.312675 0.512035 0.008898
0.460563 0.669782 0.008898
0.465493 0.674712 0.008898
0.460563 0.679641 0.008898
0.465493 0.664852 0.008898
0.470423 0.659923 0.008898
0.475352 0.664852 0.008898
0.470423 0.669782 0.008898
0.381690 0.590908 0.008898
0.386619 0.595838 0.008898
0.381690 0.600768 0.008898
0.386619 0.585979 0.008898
0.391549 0.581049 0.008898
0.396478 0.585979 0.008898
0.391549 0.590908 0.008898
0.460536 0.512067 0.008899
0.465470 0.516991 0.008899
0.460545 0.521916 0.008899
0.465460 0.507144 0.008899
0.470383 0.502221 0.008899
0.475318 0.507143 0.008899
0.470394 0.512067 0.008899
0.421125 0.551473 0.008898
0.426055 0.556402 0.008898
0.421126 0.561331 0.008898
0.426053 0.546546 0.008898
0.430981 0.541618 0.008898
0.435912 0.546546 0.008898
0.430984 0.551474 0.008898
0.460563 0.590908 0.008898
0.465493 0.595838 0.008898
0.460563 0.600768 0.008898
0.465493 0.585979 0.008898
0.470423 0.581049 0.008898
0.475352 0.585979 0.008898
0.470423 0.590908 0.008898
0.618310 0.512035 0.008898
0.623240 0.516964 0.008898
0.618310 0.521894 0.008898
0.623240 0.507105 0.008898
0.628170 0.502176 0.008898
0.633100 0.507105 0.008898
0.628170 0.512035 0.008898
0.578873 0.551472 0.008898
0.583803 0.556401 0.008898
0.578874 0.561331 0.008898
0.583802 0.546542 0.008898
0.588732 0.541613 0.008898
0.593662 0.546542 0.008898
0.588732 0.551472 0.008898
0.618311 0.590908 0.008898
0.623240 0.595838 0.008898
0.618311 0.600768 0.008898
0.623240 0.585979 0.008898
0.628170 0.581049 0.008898
0.633099 0.585979 0.008898
0.628170 0.590908 0.008898
0.537484 0.434232 0.009029
0.542723 0.438951 0.009006
0.538001 0.443808 0.008994
0.542173 0.429381 0.009044
0.546848 0.424525 0.009061
0.552152 0.429201 0.009030
0.547441 0.434081 0.009018
0.499575 0.472907 0.008927
0.504628 0.477745 0.008918
0.499793 0.482614 0.008911
0.504367 0.468062 0.008937
0.509140 0.463225 0.008948
0.514239 0.468032 0.008935
0.509443 0.472885 0.008926
0.539416 0.512049 0.008899
0.544351 0.516975 0.008898
0.539423 0.521904 0.008898
0.544344 0.507121 0.008899
0.549271 0.502192 0.008899
0.554206 0.507118 0.008898
0.549278 0.512047 0.008898
0.574655 0.395197 0.009190
0.580178 0.399760 0.009133
0.575535 0.404676 0.009112
0.579253 0.390287 0.009215
0.583841 0.385373 0.009241
0.589435 0.389921 0.009178
0.584811 0.394842 0.009155
0.617436 0.433156 0.008929
0.622558 0.438069 0.008921
0.617675 0.443017 0.008921
0.622309 0.428206 0.008931
0.627175 0.423265 0.008934
0.632352 0.428181 0.008923
0.627453 0.433122 0.008922
0.578611 0.472675 0.008911
0.583633 0.477573 0.008906
0.578757 0.482495 0.008904
0.583464 0.467752 0.008914
0.588312 0.462824 0.008918
0.593362 0.467719 0.008911
0.588500 0.472648 0.008909
0.657747 0.551472 0.008898
0.662677 0.556401 0.008898
0.657747 0.561331 0.008898
0.662677 0.546542 0.008898
0.667607 0.541612 0.008898
0.672536 0.546542 0.008898
0.667607 0.551472 0.008898
0.499998 0.551473 0.008898
0.504929 0.556402 0.008898
0.500000 0.561331 0.008898
0.504926 0.546545 0.008898
0.509854 0.541617 0.008898
0.514786 0.546545 0.008898
0.509858 0.551473 0.008898
0.421126 0.630345 0.008898
0.426056 0.635275 0.008898
0.421126 0.640204 0.008898
0.426056 0.625416 0.008898
0.430986 0.620486 0.008898
0.435915 0.625416 0.008898
0.430986 0.630345 0.008898
0.500000 0.709219 0.008898
0.504930 0.714148 0.008898
0.500000 0.719078 0.008898
0.504930 0.704289 0.008898
0.509860 0.699360 0.008898
0.514789 0.704289 0.008898
0.509860 0.709219 0.008898
0.342253 0.551472 0.008898
0.347182 0.556401 0.008898
0.342253 0.561331 0.008898
0.347182 0.546542 0.008898
0.352111 0.541614 0.008898
0.357041 0.546543 0.008898
0.352112 0.551472 0.008898
0.494470 0.397421 0.009365
0.499932 0.401967 0.009310
0.495471 0.406652 0.009264
0.498876 0.392765 0.009419
0.503261 0.388116 0.009476
0.508795 0.392612 0.009411
0.504373 0.397287 0.009359
0.420800 0.472928 0.008917
0.425814 0.477773 0.008912
0.420971 0.482623 0.008906
0.425600 0.468113 0.008926
0.430374 0.463316 0.008937
0.435425 0.468126 0.008930
0.430632 0.472940 0.008920
0.578874 0.630345 0.008898
0.583804 0.635275 0.008898
0.578874 0.640204 0.008898
0.583804 0.625416 0.008898
0.588733 0.620486 0.008898
0.593663 0.625416 0.008898
0.588733 0.630345 0.008898
0.647759 0.462723 0.008902
0.647818 0.472589 0.008900
0.642846 0.467657 0.008901
0.652735 0.467656 0.008900
0.652778 0.477522 0.008899
0.687325 0.502176 0.008898
0.687325 0.512035 0.008898
0.682395 0.507105 0.008898
0.692255 0.507105 0.008898
0.692255 0.516964 0.008898
0.529578 0.581049 0.008898
0.529578 0.590908 0.008898
0.524648 0.585979 0.008898
0.534507 0.585979 0.008898
0.534508 0.595838 0.008898
0.490141 0.620486 0.008898
0.490141 0.630345 0.008898
0.485212 0.625415 0.008898
0.495071 0.625415 0.008898
0.495071 0.635275 0.008898
0.529578 0.659923 0.008898
0.529578 0.669782 0.008898
0.524649 0.664852 0.008898
0.534508 0.664852 0.008898
0.534508 0.674712 0.008898
0.370479 0.424758 0.008975
0.370834 0.434269 0.008952
0.365834 0.429413 0.008956
0.375517 0.429592 0.008967
0.375834 0.439113 0.008948
0.332248 0.462908 0.008905
0.332313 0.472692 0.008902
0.327366 0.467783 0.008902
0.337199 0.467813 0.008904
0.337261 0.477601 0.008901
0.371821 0.502192 0.008898
0.371824 0.512047 0.008898
0.366894 0.507118 0.008898
0.376751 0.507121 0.008898
0.376754 0.516976 0.008898
0.476238 0.313584 0.010302
0.476534 0.323285 0.010267
0.471433 0.318449 0.010287
0.481290 0.318447 0.010288
0.481687 0.328088 0.010241
0.518236 0.351278 0.009998
0.519341 0.360470 0.009873
0.513772 0.356013 0.009949
0.523772 0.355741 0.009925
0.524971 0.364876 0.009790
0.439322 0.351751 0.010012
0.440450 0.361029 0.009883
0.434969 0.356398 0.009946
0.444758 0.356406 0.009954
0.445972 0.365632 0.009815
0.405677 0.388244 0.009369
0.406769 0.397447 0.009256
0.401446 0.392768 0.009297
0.411045 0.392901 0.009323
0.412077 0.402126 0.009218
0.448045 0.425529 0.009089
0.448673 0.434886 0.009041
0.443495 0.430199 0.009057
0.453259 0.430202 0.009068
0.453842 0.439584 0.009025
0.292957 0.502175 0.008898
0.292957 0.512035 0.008898
0.288027 0.507105 0.008898
0.297886 0.507105 0.008898
0.297886 0.516964 0.008898
0.450704 0.659923 0.008898
0.450704 0.669782 0.008898
0.445775 0.664852 0.008898
0.455634 0.664852 0.008898
0.455634 0.674712 0.008898
0.371830 0.581049 0.008898
0.371830 0.590908 0.008898
0.366901 0.585979 0.008898
0.376760 0.585979 0.008898
0.376760 0.595838 0.008898
0.450668 0.502220 0.008899
0.450678 0.512067 0.008899
0.445745 0.507143 0.008899
0.455602 0.507144 0.008899
0.455611 0.516991 0.008899
0.411264 0.541617 0.008898
0.411266 0.551473 0.008898
0.406336 0.546545 0.008898
0.416195 0.546545 0.008898
0.416196 0.556402 0.008898
0.450704 0.581049 0.008898
0.450704 0.590908 0.008898
0.445775 0.585979 0.008898
0.455634 0.585979 0.008898
0.455634 0.595838 0.008898
0.608449 0.502177 0.008898
0.608450 0.512036 0.008898
0.603519 0.507107 0.008898
0.613380 0.507106 0.008898
0.613380 0.516965 0.008898
0.569012 0.541614 0.008898
0.569014 0.551472 0.008898
0.564083 0.546543 0.008898
0.573943 0.546543 0.008898
0.573944 0.556401 0.008898
0.608451 0.581049 0.008898
0.608451 0.590908 0.008898
0.603522 0.585979 0.008898
0.613381 0.585979 0.008898
0.613381 0.595838 0.008898
0.526906 0.424888 0.009088
0.527544 0.434367 0.009039
0.522272 0.429689 0.009066
0.532213 0.429544 0.009056
0.532786 0.439075 0.009015
0.489402 0.463288 0.008950
0.489711 0.472925 0.008927
0.484637 0.468108 0.008938
0.494499 0.468088 0.008938
0.494763 0.477761 0.008918
0.529546 0.502199 0.008899
0.529555 0.512052 0.008899
0.524620 0.507127 0.008899
0.534482 0.507124 0.008899
0.534489 0.516977 0.008898
0.563477 0.386260 0.009326
0.564515 0.395595 0.009227
0.558944 0.391133 0.009294
0.569088 0.390697 0.009254
0.570047 0.400105 0.009166
0.607052 0.423401 0.008957
0.607422 0.433217 0.008938
0.602237 0.428351 0.008952
0.612271 0.428263 0.008940
0.612564 0.438110 0.008928
0.568495 0.462927 0.008927
0.568722 0.472707 0.008914
0.563668 0.467838 0.008922
0.573566 0.467792 0.008918
0.573751 0.477594 0.008908
0.647888 0.541612 0.008898
0.647888 0.551472 0.008898
0.642959 0.546542 0.008898
0.652818 0.546542 0.008898
0.652818 0.556401 0.008898
0.490135 0.541618 0.008898
0.490139 0.551474 0.008898
0.485208 0.546546 0.008898
0.495067 0.546546 0.008898
0.495070 0.556402 0.008898
0.411267 0.620486 0.008898
0.411267 0.630345 0.008898
0.406338 0.625416 0.008898
0.416197 0.625416 0.008898
0.416197 0.635275 0.008898
0.490141 0.699360 0.008898
0.490141 0.709219 0.008898
0.485212 0.704289 0.008898
0.495071 0.704289 0.008898
0.495071 0.714148 0.008898
0.332393 0.541613 0.008898
0.332394 0.551472 0.008898
0.327464 0.546542 0.008898
0.337323 0.546542 0.008898
0.337323 0.556401 0.008898
0.483495 0.388341 0.009482
0.484600 0.397526 0.009366
0.479138 0.392969 0.009421
0.488991 0.392880 0.009422
0.490044 0.402086 0.009313
0.410746 0.463273 0.008929
0.410968 0.472911 0.008915
0.405954 0.468072 0.008920
0.415776 0.468095 0.008923
0.415975 0.477761 0.008910
0.569015 0.620486 0.008898
0.569015 0.630345 0.008898
0.564085 0.625416 0.008898
0.573944 0.625416 0.008898
0.573944 0.635275 0.008898
0.711973 0.556401 0.008898
0.707043 0.561331 0.008898
0.716902 0.551472 0.008898
0.702114 0.566260 0.008898
0.697184 0.571190 0.008898
0.731691 0.536683 0.008898
0.726762 0.541612 0.008898
0.736621 0.531753 0.008898
0.721832 0.546542 0.008898
0.554226 0.714148 0.008898
0.549296 0.719078 0.008898
0.559155 0.709219 0.008898
0.544367 0.724007 0.008898
0.539437 0.728937 0.008898
0.573944 0.694430 0.008898
0.569015 0.699359 0.008898
0.578874 0.689500 0.008898
0.564085 0.704289 0.008898
0.302816 0.571190 0.008898
0.460563 0.728937 0.008898
0.381690 0.650064 0.008898
0.633099 0.635275 0.008898
0.628170 0.640204 0.008898
0.638029 0.630345 0.008898
0.623240 0.645134 0.008898
0.618311 0.650064 0.008898
0.652818 0.615557 0.008898
0.647888 0.620486 0.008898
0.657747 0.610627 0.008898
0.642958 0.625416 0.008898
0.672536 0.595838 0.008898
0.667606 0.600768 0.008898
0.677466 0.590909 0.008898
0.662677 0.605697 0.008898
0.692254 0.576120 0.008898
0.687325 0.581049 0.008898
0.682395 0.585979 0.008898
0.421126 0.689500 0.008898
0.514789 0.753585 0.008898
0.509860 0.758515 0.008898
0.519719 0.748655 0.008898
0.504930 0.763444 0.008898
0.500000 0.768374 0.008898
0.534507 0.733867 0.008898
0.529578 0.738796 0.008898
0.524648 0.743726 0.008898
0.342253 0.610627 0.008898
0.593663 0.674711 0.008898
0.588733 0.679641 0.008898
0.598592 0.669782 0.008898
0.583804 0.684571 0.008898
0.613381 0.654993 0.008898
0.608451 0.659923 0.008898
0.603522 0.664852 0.008898
0.278168 0.546542 0.008898
0.273239 0.541612 0.008898
0.283098 0.551472 0.008898
0.268309 0.536683 0.008898
0.263379 0.531753 0.008898
0.297887 0.566260 0.008898
0.292957 0.561331 0.008898
0.288027 0.556401 0.008898
0.435915 0.704289 0.008898
0.430986 0.699359 0.008898
0.440845 0.709219 0.008898
0.426056 0.694430 0.008898
0.455634 0.724007 0.008898
0.450704 0.719078 0.008898
0.445775 0.714148 0.008898
0.357042 0.625415 0.008898
0.352112 0.620486 0.008898
0.361971 0.630345 0.008898
0.347183 0.615556 0.008898
0.376760 0.645134 0.008898
0.371831 0.640204 0.008898
0.366901 0.635275 0.008898
0.396479 0.664852 0.008898
0.391549 0.659923 0.008898
0.401408 0.669782 0.008898
0.386620 0.654993 0.008898
0.416197 0.684571 0.008898
0.411267 0.679641 0.008898
0.406338 0.674711 0.008898
0.475352 0.743726 0.008898
0.470423 0.738796 0.008898
0.480282 0.748655 0.008898
0.465493 0.733867 0.008898
0.495071 0.763444 0.008898
0.490141 0.758515 0.008898
0.485212 0.753585 0.008898
0.317605 0.585979 0.008898
0.312675 0.581049 0.008898
0.322535 0.590908 0.008898
0.307746 0.576120 0.008898
0.337323 0.605697 0.008898
0.332394 0.600767 0.008898
0.327464 0.595838 0.008898
