0.588830 0.591672 0.025833
0.587289 0.602918 0.022280
0.583226 0.596840 0.024126
0.465551 0.435370 0.167454
0.464157 0.440876 0.155782
0.460178 0.437379 0.161614
0.543739 0.387662 0.280782
0.543940 0.397656 0.263942
0.539283 0.392739 0.272301
0.376909 0.476419 0.088250
0.375034 0.484955 0.080085
0.371271 0.479751 0.084323
0.502183 0.680084 0.010357
0.501615 0.692115 0.009834
0.497019 0.685901 0.010072
0.436476 0.572273 0.031329
0.434684 0.584454 0.026969
0.430885 0.577506 0.029247
0.526977 0.501855 0.079544
0.525100 0.510737 0.071213
0.521340 0.505591 0.075660
0.678689 0.518704 0.067582
0.677161 0.527733 0.060426
0.673137 0.522687 0.064278
0.614063 0.449535 0.155415
0.613037 0.456306 0.143355
0.608935 0.452663 0.150006
0.653226 0.423747 0.202103
0.653110 0.430687 0.188259
0.648533 0.427073 0.196072
0.615668 0.390017 0.272453
0.615991 0.399715 0.255297
0.611431 0.394904 0.264729
0.571626 0.474472 0.114660
0.569963 0.481991 0.104380
0.566120 0.477689 0.109931
0.540013 0.444349 0.164194
0.538748 0.450432 0.151973
0.534760 0.446898 0.158378
0.580020 0.422651 0.215056
0.579583 0.429082 0.200875
0.575276 0.425723 0.208479
0.633932 0.552760 0.043506
0.632272 0.562940 0.038038
0.628290 0.557363 0.040928
0.602510 0.510855 0.073467
0.600792 0.519889 0.065603
0.596909 0.514824 0.069838
0.646675 0.481212 0.105923
0.645210 0.489209 0.096299
0.641241 0.484746 0.101594
0.481683 0.534148 0.051866
0.479739 0.544634 0.045601
0.476004 0.538580 0.048929
0.451939 0.490113 0.084597
0.450005 0.498849 0.076153
0.446293 0.493605 0.080584
0.496859 0.465317 0.121098
0.495074 0.472458 0.110719
0.491298 0.468142 0.116167
0.406727 0.520632 0.055990
0.404786 0.531020 0.049502
0.401088 0.524830 0.052938
0.467721 0.627516 0.016635
0.466448 0.640047 0.014512
0.462303 0.633239 0.015587
0.346219 0.439052 0.124425
0.344521 0.446126 0.115283
0.340630 0.441634 0.119815
0.506798 0.418437 0.219051
0.506133 0.424115 0.205435
0.501881 0.420971 0.212224
0.470335 0.388500 0.274967
0.470552 0.396498 0.259757
0.465894 0.392636 0.266504
0.503847 0.334534 0.339416
0.504514 0.348575 0.328635
0.499418 0.341866 0.334143
0.581334 0.333778 0.339574
0.581031 0.348033 0.328853
0.576507 0.340732 0.334869
0.542157 0.287879 0.353801
0.542191 0.297853 0.353490
0.537237 0.292831 0.353722
0.421817 0.453097 0.124138
0.420057 0.460057 0.114191
0.416243 0.455684 0.119224
0.390310 0.422063 0.166093
0.388866 0.427555 0.155183
0.384884 0.423818 0.160442
0.432361 0.410127 0.215611
0.431515 0.414846 0.203199
0.427276 0.411684 0.209074
0.544519 0.634636 0.015376
0.543408 0.646441 0.013543
0.539112 0.640188 0.014485
0.512089 0.583579 0.028425
0.510417 0.595262 0.024494
0.506474 0.588803 0.026553
0.557382 0.544738 0.047488
0.555557 0.555108 0.041601
0.551705 0.549315 0.044735
0.722655 0.489022 0.095810
0.721327 0.497267 0.087406
0.717207 0.492564 0.092158
0.689055 0.454068 0.142606
0.688109 0.461514 0.131359
0.683872 0.457403 0.137787
0.592876 0.597702 0.023849
0.469553 0.438779 0.161511
0.548422 0.392985 0.272148
0.380675 0.481519 0.083916
0.506743 0.686320 0.010033
0.440263 0.579112 0.028909
0.530742 0.506887 0.074956
0.682720 0.523692 0.063616
0.618210 0.453142 0.148618
0.657890 0.427407 0.194134
0.620216 0.395185 0.262740
0.575497 0.478670 0.108989
0.544035 0.447826 0.157636
0.584386 0.426102 0.207318
0.637914 0.558260 0.040499
0.606399 0.515834 0.069097
0.650674 0.485614 0.100497
0.485419 0.540095 0.048412
0.455656 0.495236 0.080042
0.500659 0.469520 0.115538
0.410423 0.526697 0.052445
0.471834 0.634295 0.015458
0.350115 0.443458 0.119802
0.511108 0.421683 0.212159
0.475053 0.392634 0.267995
0.508935 0.341181 0.334700
0.585802 0.340941 0.334405
0.547091 0.292826 0.353726
0.425649 0.457356 0.119006
0.394311 0.425702 0.160742
0.436648 0.413284 0.209685
0.548774 0.640877 0.014343
0.516015 0.589959 0.026224
0.561234 0.550441 0.044231
0.726799 0.493703 0.090926
0.693332 0.458154 0.136024
0.684517 0.484819 0.100981
0.688585 0.489373 0.095781
0.683127 0.492981 0.091902
0.689925 0.481296 0.105038
0.705997 0.470917 0.117530
0.710178 0.475333 0.111783
0.704814 0.478794 0.107711
0.717095 0.522878 0.064797
0.721182 0.527835 0.061058
0.715627 0.531780 0.058045
0.722632 0.519052 0.067943
0.739196 0.507940 0.077540
0.743322 0.512742 0.073440
0.737799 0.516424 0.070310
0.550340 0.587957 0.027071
0.554333 0.594136 0.024985
0.548741 0.599401 0.023339
0.555963 0.582829 0.028977
0.572907 0.567868 0.035383
0.576848 0.573765 0.032753
0.571201 0.578755 0.030638
0.505989 0.631448 0.016012
0.510186 0.637929 0.014909
0.504801 0.643608 0.014044
0.511445 0.625831 0.017050
0.527998 0.609203 0.020656
0.532062 0.615629 0.019145
0.526544 0.621154 0.017969
0.541076 0.681778 0.010150
0.545706 0.687781 0.009856
0.540624 0.693428 0.009691
0.546224 0.676126 0.010470
0.561864 0.659314 0.011865
0.566335 0.665355 0.011236
0.561129 0.670930 0.010784
0.427976 0.429318 0.167240
0.431994 0.432794 0.161621
0.426576 0.434699 0.155971
0.433345 0.427572 0.173118
0.449273 0.422534 0.191621
0.453390 0.425636 0.185529
0.448085 0.427382 0.179321
0.384089 0.446222 0.124457
0.387956 0.450537 0.119589
0.382362 0.453212 0.114887
0.389654 0.443751 0.129380
0.406229 0.436976 0.144899
0.410163 0.440881 0.139676
0.404642 0.443132 0.134469
0.414470 0.483407 0.086613
0.418199 0.488538 0.082140
0.412552 0.492054 0.078257
0.420111 0.480100 0.090735
0.437001 0.470739 0.103832
0.440751 0.475413 0.098892
0.435121 0.478553 0.094521
0.542576 0.333675 0.340105
0.547495 0.340612 0.335330
0.542782 0.347701 0.329687
0.547368 0.326989 0.344074
0.562022 0.308555 0.351620
0.566999 0.314355 0.349741
0.562064 0.320533 0.347272
0.580217 0.388807 0.278521
0.584719 0.394227 0.269241
0.580246 0.399008 0.261326
0.584747 0.383191 0.286978
0.598481 0.363657 0.312290
0.602625 0.371086 0.302762
0.598152 0.377463 0.294342
0.506925 0.387565 0.279710
0.511734 0.392479 0.271638
0.507276 0.397018 0.263291
0.511262 0.382074 0.288635
0.524205 0.362178 0.315387
0.529217 0.369147 0.307186
0.524859 0.375809 0.298238
0.469757 0.415183 0.217997
0.474073 0.418307 0.211644
0.469006 0.420298 0.204957
0.474693 0.412920 0.224914
0.488991 0.404435 0.246872
0.493527 0.408118 0.239855
0.488789 0.411085 0.232528
0.502904 0.440390 0.166540
0.506903 0.443819 0.160233
0.501563 0.446163 0.154550
0.508175 0.438112 0.172500
0.523709 0.431116 0.191397
0.527819 0.434314 0.184466
0.522659 0.436730 0.178144
0.339179 0.469277 0.089696
0.342983 0.474356 0.085494
0.337328 0.477702 0.081739
0.344822 0.466106 0.093625
0.361703 0.457075 0.106080
0.365529 0.461767 0.101562
0.359902 0.464792 0.097375
0.463487 0.677797 0.010516
0.467943 0.684361 0.010168
0.462769 0.690303 0.009937
0.468707 0.671880 0.010922
0.484504 0.654331 0.012631
0.488838 0.660884 0.011909
0.483578 0.666709 0.011354
0.399114 0.565356 0.032734
0.402850 0.572451 0.030208
0.397273 0.577927 0.028121
0.404696 0.560211 0.035048
0.421523 0.545618 0.042557
0.425239 0.552153 0.039529
0.419621 0.557023 0.037053
0.489429 0.496311 0.082315
0.493161 0.501396 0.077708
0.487505 0.505116 0.073872
0.495074 0.492799 0.086409
0.511956 0.482756 0.099367
0.515709 0.487376 0.094204
0.510087 0.490763 0.089907
0.444133 0.527737 0.053942
0.447835 0.533769 0.050439
0.442171 0.538216 0.047558
0.449798 0.523488 0.057049
0.466796 0.511272 0.067128
0.470511 0.516837 0.063091
0.464842 0.520934 0.059745
0.474122 0.578369 0.029872
0.477973 0.584984 0.027559
0.472380 0.590307 0.025727
0.479746 0.573236 0.031963
0.496705 0.558396 0.038911
0.500507 0.564626 0.036045
0.494851 0.569580 0.033754
0.640498 0.514776 0.070480
0.644458 0.519756 0.066308
0.638879 0.523846 0.062941
0.646055 0.510825 0.074066
0.662642 0.499355 0.085254
0.666641 0.504093 0.080552
0.661116 0.507908 0.076886
0.595571 0.548948 0.045409
0.599488 0.554543 0.042282
0.593826 0.559233 0.039746
0.601226 0.544411 0.048159
0.618131 0.531261 0.057082
0.622064 0.536549 0.053435
0.616434 0.540934 0.050482
0.627471 0.595092 0.024664
0.631555 0.601065 0.022765
0.625971 0.606252 0.021269
0.633081 0.590002 0.026413
0.649961 0.575082 0.032339
0.654009 0.580801 0.029912
0.648385 0.585778 0.027956
0.577058 0.447507 0.160578
0.581132 0.451007 0.153827
0.575899 0.453870 0.148321
0.582199 0.444687 0.166366
0.597267 0.435981 0.184437
0.601502 0.439276 0.176926
0.596499 0.442282 0.170981
0.534224 0.470294 0.118192
0.538040 0.474477 0.112539
0.532488 0.477612 0.107798
0.539713 0.467325 0.123139
0.555970 0.458700 0.138560
0.559911 0.462496 0.132413
0.554496 0.465421 0.127305
0.564656 0.506673 0.076587
0.568483 0.511667 0.072078
0.562849 0.515633 0.068443
0.570274 0.502883 0.080477
0.587050 0.491879 0.092784
0.590903 0.496478 0.087690
0.585319 0.500184 0.083635
0.616379 0.423131 0.209201
0.620840 0.426544 0.201272
0.616114 0.429850 0.195127
0.620965 0.419627 0.215562
0.634289 0.408568 0.235389
0.639040 0.412532 0.226804
0.634601 0.416141 0.220262
0.651326 0.451486 0.149570
0.655567 0.455355 0.142849
0.650373 0.458636 0.137836
0.656436 0.448242 0.154823
0.671557 0.438515 0.171000
0.675999 0.442297 0.163592
0.670947 0.445564 0.158289
0.609097 0.477924 0.110404
0.613024 0.482191 0.104806
0.607535 0.485688 0.100402
0.614516 0.474549 0.114999
0.630528 0.464579 0.129290
0.634593 0.468593 0.123195
0.629260 0.471950 0.118474
0.672463 0.556311 0.041742
0.676497 0.561723 0.038819
0.670881 0.566354 0.036432
0.678074 0.551844 0.044345
0.694854 0.538942 0.052687
0.698908 0.544106 0.049338
0.693317 0.548383 0.046577
0.519425 0.539837 0.049656
0.523212 0.545664 0.046284
0.517531 0.550279 0.043566
0.525100 0.535397 0.052600
0.542093 0.522586 0.062160
0.545898 0.528006 0.058231
0.540235 0.532296 0.055067
0.429802 0.622715 0.017210
0.433839 0.629737 0.015955
0.428439 0.635604 0.014918
0.435259 0.616934 0.018447
0.451796 0.599881 0.022673
0.455705 0.606857 0.020946
0.450189 0.612534 0.019570
0.500484 0.726875 0.009179
0.505283 0.732351 0.009110
0.500267 0.737641 0.009058
0.505528 0.721402 0.009250
0.520714 0.704544 0.009512
0.525440 0.710415 0.009397
0.520389 0.716009 0.009314
0.369343 0.513068 0.057938
0.373080 0.519076 0.054377
0.367457 0.523282 0.051364
0.374980 0.509061 0.061136
0.391899 0.497537 0.071349
0.395616 0.503128 0.067338
0.389977 0.506988 0.063940
0.543540 0.420669 0.218283
0.547864 0.424114 0.210951
0.542958 0.426830 0.204223
0.548311 0.417635 0.225244
0.562212 0.407149 0.246979
0.566720 0.411341 0.238819
0.562118 0.414875 0.231669
0.459376 0.459506 0.122983
0.463183 0.463732 0.117626
0.457591 0.466530 0.112758
0.464923 0.456907 0.128056
0.481406 0.449564 0.143923
0.485307 0.453350 0.138142
0.479818 0.455839 0.132867
0.583213 0.637355 0.014748
0.587511 0.643440 0.013773
0.582162 0.648856 0.013028
0.588648 0.631968 0.015657
0.605168 0.615937 0.018854
0.609313 0.622061 0.017505
0.603802 0.627385 0.016460
0.668116 0.467466 0.123755
0.666895 0.475103 0.113367
0.662799 0.470858 0.119214
0.672244 0.471673 0.117768
0.679083 0.488383 0.096976
0.700773 0.503436 0.081386
0.699332 0.511998 0.073560
0.695271 0.507162 0.077859
0.704846 0.508231 0.076976
0.711549 0.526776 0.061691
0.534677 0.563516 0.037084
0.532896 0.574550 0.032130
0.529013 0.568410 0.034747
0.538547 0.569573 0.034332
0.544731 0.593157 0.025284
0.489728 0.604988 0.021658
0.488198 0.617285 0.018776
0.484182 0.610559 0.020269
0.493720 0.611678 0.020042
0.500566 0.637109 0.015051
0.523101 0.657075 0.012264
0.522279 0.669049 0.011088
0.517828 0.662778 0.011673
0.527513 0.663347 0.011590
0.535956 0.687446 0.009903
0.411692 0.415906 0.189987
0.410464 0.420703 0.178167
0.406398 0.417335 0.183816
0.415787 0.419196 0.184249
0.422581 0.431116 0.161485
0.368439 0.429707 0.144230
0.366834 0.436016 0.134183
0.362910 0.431887 0.139079
0.372375 0.433740 0.139244
0.378508 0.448798 0.119664
0.399429 0.464006 0.105182
0.397583 0.471757 0.096135
0.393806 0.466968 0.100759
0.403213 0.468692 0.100460
0.408827 0.486805 0.082615
0.522618 0.308674 0.351592
0.522836 0.320645 0.347206
0.517816 0.314590 0.349711
0.527618 0.314468 0.349745
0.537847 0.340596 0.335310
0.561939 0.362395 0.315395
0.561951 0.376286 0.298039
0.557251 0.369423 0.307132
0.566597 0.369628 0.306761
0.575713 0.393965 0.270307
0.487002 0.364708 0.311832
0.487936 0.377367 0.294864
0.482970 0.371820 0.302585
0.492029 0.370805 0.304268
0.502537 0.392500 0.271075
0.452011 0.402056 0.243217
0.451649 0.407724 0.229858
0.447211 0.404441 0.236022
0.456502 0.405430 0.236933
0.464742 0.417236 0.211229
0.486672 0.427460 0.192326
0.485527 0.432624 0.179513
0.481462 0.429442 0.185876
0.490771 0.430567 0.185815
0.497590 0.442657 0.160717
0.323833 0.449857 0.106811
0.322065 0.457568 0.098471
0.318221 0.452750 0.102723
0.327690 0.454593 0.102497
0.333527 0.472524 0.085867
0.446229 0.650685 0.012939
0.445180 0.663505 0.011559
0.440922 0.656595 0.012226
0.450461 0.657574 0.012171
0.458284 0.683748 0.010193
0.384246 0.538018 0.044343
0.382375 0.549492 0.038649
0.378655 0.542686 0.041648
0.387956 0.544663 0.041230
0.393540 0.570676 0.030514
0.474481 0.477054 0.101934
0.472589 0.484953 0.092481
0.468853 0.480184 0.097413
0.478225 0.481706 0.096869
0.483777 0.499912 0.078337
0.429335 0.504641 0.069306
0.427378 0.514230 0.061883
0.423679 0.508508 0.065796
0.433037 0.510245 0.065262
0.438470 0.532065 0.050944
0.458993 0.552422 0.040743
0.457099 0.563733 0.035405
0.453343 0.557231 0.038226
0.462742 0.558812 0.037794
0.468515 0.583598 0.027895
0.624760 0.495622 0.088998
0.623133 0.504082 0.080192
0.619222 0.499344 0.084968
0.628679 0.500288 0.084087
0.634926 0.518792 0.066982
0.580026 0.527181 0.059587
0.578241 0.536885 0.052722
0.574376 0.531455 0.056387
0.583895 0.532516 0.055776
0.589909 0.553560 0.042756
0.611349 0.571645 0.033806
0.609714 0.582413 0.029258
0.605707 0.576553 0.031645
0.615346 0.577441 0.031289
0.621874 0.600233 0.023033
0.560554 0.434016 0.188974
0.559621 0.439979 0.175444
0.555498 0.436632 0.182554
0.564710 0.437318 0.181677
0.571861 0.450306 0.154908
0.518751 0.454605 0.141727
0.517209 0.461090 0.130520
0.513335 0.457217 0.136420
0.522653 0.458379 0.135712
0.528700 0.473321 0.113338
0.549430 0.487664 0.096260
0.547620 0.495814 0.086897
0.543832 0.491107 0.091909
0.553227 0.492267 0.091107
0.559028 0.510534 0.072808
0.598323 0.408256 0.242438
0.598351 0.416066 0.227060
0.593839 0.412208 0.235367
0.602868 0.412301 0.233881
0.611723 0.426531 0.202941
0.634067 0.436836 0.178238
0.633439 0.443591 0.165078
0.629138 0.440040 0.172356
0.638422 0.440380 0.170796
0.646180 0.454741 0.144385
0.593233 0.461969 0.134379
0.591859 0.468977 0.123263
0.587898 0.465060 0.129332
0.597226 0.465801 0.128164
0.603638 0.481341 0.105887
0.656407 0.535097 0.054823
0.654803 0.544690 0.048473
0.650806 0.539393 0.051846
0.660410 0.540329 0.051327
0.666845 0.560866 0.039235
0.504376 0.517294 0.064736
0.502454 0.526989 0.057467
0.498708 0.521368 0.061338
0.508126 0.522797 0.060718
0.513744 0.544355 0.046815
0.414172 0.594064 0.023642
0.412452 0.607247 0.020285
0.408601 0.599936 0.021988
0.418004 0.601319 0.021805
0.424362 0.628586 0.016058
0.481630 0.703443 0.009598
0.481188 0.715240 0.009371
0.476512 0.709251 0.009485
0.486284 0.709532 0.009471
0.495449 0.732270 0.009116
0.354332 0.490242 0.073202
0.352443 0.499530 0.065827
0.348676 0.493897 0.069693
0.358096 0.495769 0.069243
0.363710 0.517149 0.054824
0.525730 0.405670 0.248162
0.525585 0.413046 0.233184
0.521104 0.409304 0.240562
0.530266 0.409649 0.240563
0.538693 0.423516 0.211431
0.443889 0.443674 0.144874
0.442298 0.449817 0.134097
0.438408 0.445902 0.139529
0.447800 0.447479 0.139343
0.453807 0.462189 0.118022
0.566503 0.612741 0.019728
0.565104 0.624388 0.017200
0.560961 0.618171 0.018511
0.570620 0.618943 0.018305
0.577820 0.642781 0.013915
0.572465 0.648249 0.013157
0.571575 0.659811 0.011761
0.567145 0.653765 0.012474
0.576850 0.654312 0.012358
0.581290 0.660340 0.011657
0.580593 0.671789 0.010622
0.576058 0.665820 0.011144
0.563849 0.636027 0.015061
0.568130 0.642157 0.014057
0.562770 0.647673 0.013287
0.569293 0.630552 0.015998
0.574772 0.625115 0.017012
0.578968 0.631249 0.015827
0.573529 0.636680 0.014904
0.555446 0.623636 0.017389
0.554179 0.635348 0.015219
0.549964 0.629120 0.016344
0.559622 0.629854 0.016171
0.558447 0.641533 0.014201
0.448218 0.464957 0.113174
0.446373 0.472366 0.103387
0.442615 0.467805 0.108441
0.451987 0.469406 0.108009
0.455741 0.473961 0.102919
0.453853 0.481819 0.093525
0.450118 0.477036 0.098412
0.440613 0.456369 0.123658
0.444429 0.460608 0.118394
0.438840 0.463350 0.113561
0.446161 0.453833 0.128697
0.451685 0.451383 0.133847
0.455543 0.455390 0.128391
0.449997 0.457956 0.123337
0.432902 0.448211 0.134293
0.431221 0.454750 0.123929
0.427371 0.450607 0.129162
0.436771 0.452238 0.128960
0.435044 0.458997 0.118727
0.533770 0.426192 0.204672
0.532929 0.431872 0.190958
0.528773 0.428713 0.197991
0.537978 0.429404 0.197556
0.542142 0.432608 0.190423
0.541145 0.438419 0.176991
0.537049 0.435108 0.183936
0.525201 0.419598 0.218875
0.529513 0.422930 0.211771
0.524573 0.425546 0.205007
0.530008 0.416647 0.225888
0.534743 0.413459 0.233063
0.539167 0.417125 0.225646
0.534377 0.420129 0.218645
0.516408 0.412630 0.233188
0.516008 0.419043 0.219007
0.511640 0.415667 0.226028
0.520832 0.416171 0.226007
0.520318 0.422329 0.212006
0.358079 0.521323 0.051789
0.356222 0.532063 0.045567
0.352450 0.525613 0.048827
0.361839 0.527603 0.048430
0.365592 0.534060 0.045180
0.363745 0.545541 0.039387
0.359987 0.538708 0.042417
0.350549 0.509226 0.058826
0.354315 0.515204 0.055255
0.348674 0.519343 0.052196
0.356202 0.505285 0.062057
0.361853 0.501415 0.065372
0.365601 0.507182 0.061603
0.359957 0.511157 0.058389
0.343013 0.497626 0.066271
0.341119 0.507273 0.059250
0.337344 0.501429 0.062930
0.346783 0.503367 0.062500
0.344897 0.513237 0.055671
0.490427 0.737591 0.009062
0.490272 0.748022 0.008981
0.485417 0.742845 0.009018
0.495263 0.742862 0.009015
0.500125 0.747991 0.008980
0.500051 0.757989 0.008941
0.495151 0.753065 0.008956
0.480842 0.726603 0.009195
0.485619 0.732173 0.009122
0.480589 0.737527 0.009066
0.485905 0.721071 0.009272
0.490979 0.715466 0.009359
0.495714 0.721246 0.009262
0.490661 0.726747 0.009187
0.471403 0.714996 0.009381
0.471028 0.726445 0.009200
0.466305 0.720670 0.009288
0.476102 0.720879 0.009281
0.475791 0.732062 0.009127
0.418928 0.634573 0.014992
0.417643 0.647705 0.013107
0.413489 0.640697 0.014017
0.423043 0.641591 0.013968
0.427202 0.648594 0.013064
0.426078 0.661654 0.011633
0.421841 0.654689 0.012313
0.410853 0.620442 0.017427
0.414862 0.627531 0.016144
0.409385 0.633656 0.015050
0.416364 0.614442 0.018734
0.421882 0.608536 0.020129
0.425816 0.615659 0.018599
0.420335 0.621541 0.017328
0.403025 0.605984 0.020424
0.401361 0.619412 0.017508
0.397448 0.612153 0.018949
0.406907 0.613275 0.018851
0.405341 0.626569 0.016211
0.508061 0.548951 0.044076
0.506174 0.559761 0.038445
0.502380 0.553630 0.041442
0.511850 0.554979 0.040952
0.515660 0.561063 0.037982
0.513840 0.572172 0.032926
0.509993 0.565944 0.035604
0.500530 0.537093 0.050773
0.504289 0.542988 0.047352
0.498606 0.547562 0.044591
0.506208 0.532702 0.053760
0.511882 0.528395 0.056863
0.515649 0.534078 0.053177
0.509971 0.538495 0.050213
0.493036 0.525537 0.058060
0.491100 0.535643 0.051325
0.487361 0.529798 0.054905
0.496779 0.531272 0.054339
0.494847 0.541565 0.047886
0.661222 0.565513 0.036831
0.659635 0.575898 0.031977
0.655593 0.570254 0.034531
0.665260 0.571081 0.034151
0.669311 0.576702 0.031617
0.667762 0.587344 0.027313
0.663691 0.581596 0.029570
0.653184 0.554546 0.042619
0.657197 0.560002 0.039655
0.651566 0.564665 0.037232
0.658807 0.550038 0.045254
0.664421 0.545612 0.047987
0.668439 0.550942 0.044796
0.662822 0.555430 0.042178
0.645191 0.543771 0.048964
0.643551 0.553659 0.043062
0.639566 0.548229 0.046183
0.649182 0.549135 0.045719
0.647551 0.559135 0.040077
0.598138 0.484806 0.101445
0.596468 0.492828 0.091835
0.592607 0.488319 0.097076
0.602014 0.489231 0.096074
0.605891 0.493763 0.090877
0.604211 0.502149 0.081892
0.600336 0.497440 0.086770
0.590360 0.476278 0.112635
0.594256 0.480488 0.106971
0.588744 0.483910 0.102472
0.595803 0.472992 0.117328
0.601201 0.469731 0.122087
0.605156 0.473771 0.116164
0.599728 0.477110 0.111530
0.582517 0.468167 0.124362
0.580992 0.475399 0.113673
0.577093 0.471302 0.119471
0.586447 0.472171 0.118432
0.584876 0.479601 0.108007
0.641001 0.458009 0.139270
0.639888 0.465254 0.128002
0.635784 0.461289 0.134235
0.645148 0.461935 0.132884
0.649272 0.465957 0.126666
0.648034 0.473473 0.116036
0.643971 0.469317 0.121935
0.632632 0.450437 0.152557
0.636829 0.454176 0.145825
0.631657 0.457420 0.140641
0.637713 0.447221 0.157998
0.642753 0.444001 0.163537
0.647054 0.447702 0.156465
0.641960 0.450937 0.151104
0.624164 0.443227 0.166586
0.623334 0.449971 0.153990
0.619140 0.446391 0.160940
0.628410 0.446788 0.159475
0.627507 0.453647 0.147225
0.606990 0.429818 0.196756
0.606444 0.436207 0.182973
0.602168 0.432964 0.190597
0.611316 0.433070 0.189039
0.615613 0.436364 0.181410
0.614925 0.442904 0.168085
0.610691 0.439508 0.175433
0.598209 0.423137 0.212411
0.602618 0.426526 0.204542
0.597854 0.429703 0.198268
0.602842 0.419710 0.218905
0.607400 0.416087 0.225507
0.611903 0.419667 0.217279
0.607303 0.423180 0.210873
0.589297 0.415915 0.228467
0.589112 0.422952 0.213810
0.584692 0.419389 0.221708
0.593767 0.419612 0.220380
0.593501 0.426379 0.206001
0.553392 0.514470 0.069142
0.551556 0.523800 0.061517
0.547746 0.518487 0.065592
0.557206 0.519676 0.064922
0.561032 0.524971 0.060874
0.559208 0.534679 0.053888
0.555375 0.529199 0.057615
0.545790 0.504345 0.078084
0.549586 0.509359 0.073530
0.543948 0.513267 0.069836
0.551414 0.500622 0.082038
0.557029 0.496971 0.086106
0.560838 0.501772 0.081265
0.555216 0.505530 0.077340
0.538223 0.494617 0.087671
0.536377 0.503119 0.078818
0.532605 0.498198 0.083548
0.542003 0.499430 0.082799
0.540158 0.508143 0.074246
0.523140 0.476409 0.108576
0.521318 0.484057 0.098620
0.517557 0.479553 0.103914
0.526912 0.480803 0.103153
0.530681 0.485302 0.097856
0.528839 0.493379 0.088431
0.525078 0.488666 0.093457
0.515555 0.467928 0.119725
0.519359 0.472116 0.114104
0.513791 0.475150 0.109329
0.521062 0.465063 0.124703
0.526531 0.462248 0.129783
0.530388 0.466218 0.123942
0.524891 0.469139 0.118975
0.507879 0.459865 0.131218
0.506211 0.466651 0.120441
0.502386 0.462561 0.126115
0.511729 0.463844 0.125432
0.510013 0.470847 0.114843
0.566611 0.453096 0.149351
0.565284 0.459603 0.137616
0.561313 0.455890 0.143903
0.570616 0.456731 0.142918
0.574602 0.460451 0.136608
0.573174 0.467304 0.125396
0.569238 0.463406 0.131446
0.558542 0.446047 0.162574
0.562587 0.449537 0.155903
0.557321 0.452262 0.150302
0.563722 0.443371 0.168467
0.568847 0.440671 0.174499
0.572963 0.444066 0.167467
0.567802 0.446810 0.161623
0.550385 0.439225 0.176274
0.549278 0.445225 0.163430
0.545223 0.441795 0.170156
0.554475 0.442613 0.169364
0.553311 0.448710 0.156812
0.616290 0.605422 0.021519
0.614848 0.616752 0.018638
0.610721 0.610657 0.020126
0.620401 0.611482 0.019893
0.624534 0.617578 0.018423
0.623175 0.629008 0.016094
0.618998 0.622877 0.017307
0.608134 0.593405 0.025243
0.612200 0.599396 0.023303
0.606616 0.604591 0.021771
0.613745 0.588314 0.027027
0.619366 0.583281 0.028926
0.623409 0.589165 0.026718
0.617798 0.594254 0.024952
0.600073 0.581527 0.029595
0.598477 0.592545 0.025536
0.594445 0.586569 0.027657
0.604091 0.587449 0.027340
0.602535 0.598553 0.023574
0.584241 0.558251 0.040199
0.582503 0.568847 0.034978
0.578573 0.563022 0.037741
0.588163 0.564002 0.037311
0.592108 0.569802 0.034580
0.590439 0.580624 0.029937
0.586457 0.574715 0.032377
0.576452 0.546917 0.046436
0.580339 0.552556 0.043242
0.574666 0.557246 0.040659
0.582118 0.542384 0.049236
0.587775 0.537926 0.052142
0.591667 0.543406 0.048690
0.586007 0.547944 0.045919
0.568717 0.535805 0.053303
0.566908 0.545851 0.046959
0.563052 0.540233 0.050339
0.572578 0.541331 0.049784
0.570780 0.551522 0.043732
0.629342 0.522877 0.063579
0.627681 0.532241 0.056498
0.623743 0.527032 0.060279
0.633287 0.528007 0.059668
0.637243 0.533203 0.055932
0.635593 0.542844 0.049455
0.631632 0.537513 0.052892
0.621484 0.512836 0.071939
0.625407 0.517819 0.067669
0.619815 0.521894 0.064236
0.627054 0.508906 0.075604
0.632609 0.505038 0.079365
0.636548 0.509869 0.074831
0.630985 0.513811 0.071201
0.613668 0.503120 0.081034
0.611993 0.511851 0.072695
0.608097 0.506955 0.077200
0.617571 0.507935 0.076394
0.615899 0.516832 0.068374
0.462925 0.588925 0.026036
0.461246 0.601241 0.022419
0.457352 0.594352 0.024294
0.466805 0.595725 0.024013
0.470718 0.602547 0.022166
0.469149 0.615023 0.019176
0.465175 0.608147 0.020721
0.455261 0.575430 0.030597
0.459078 0.582157 0.028232
0.453491 0.587490 0.026346
0.460878 0.570302 0.032739
0.466510 0.565272 0.034994
0.470303 0.571795 0.032351
0.464682 0.576926 0.030234
0.447705 0.562142 0.035817
0.445859 0.573882 0.030962
0.442083 0.567154 0.033518
0.451471 0.568756 0.033127
0.449661 0.580663 0.028569
0.432811 0.536481 0.048049
0.430870 0.547399 0.042105
0.427161 0.540995 0.045254
0.436516 0.542755 0.044781
0.440231 0.549132 0.041648
0.438329 0.560490 0.036232
0.434592 0.553901 0.039096
0.425417 0.524258 0.054976
0.429113 0.530315 0.051449
0.423460 0.534703 0.048537
0.431075 0.520069 0.058105
0.436736 0.515965 0.061350
0.440434 0.521799 0.057577
0.434772 0.526017 0.054461
0.418025 0.512465 0.062409
0.416069 0.522463 0.055486
0.412373 0.516509 0.059143
0.421722 0.518307 0.058627
0.419764 0.528525 0.051949
0.478120 0.503604 0.074479
0.476179 0.512835 0.066562
0.472459 0.507390 0.070742
0.481844 0.508928 0.070156
0.485570 0.514360 0.065975
0.483628 0.524042 0.058637
0.479901 0.518387 0.062525
0.470675 0.493285 0.083515
0.474398 0.498390 0.078934
0.468742 0.502056 0.075057
0.476321 0.489831 0.087651
0.481962 0.486466 0.091905
0.485696 0.491335 0.087050
0.480050 0.494818 0.082933
0.463219 0.483402 0.093012
0.461304 0.491716 0.084062
0.457581 0.486712 0.088739
0.466949 0.488290 0.088210
0.465024 0.496831 0.079500
0.387966 0.576195 0.028388
0.386094 0.589546 0.024241
0.382380 0.581952 0.026356
0.391692 0.583613 0.026132
0.395437 0.591074 0.024053
0.393605 0.604740 0.020548
0.389828 0.597167 0.022310
0.380528 0.561610 0.033407
0.384248 0.568849 0.030816
0.378675 0.574420 0.028648
0.386093 0.556440 0.035787
0.391668 0.551449 0.038252
0.395387 0.558352 0.035418
0.389814 0.563507 0.033072
0.373072 0.547522 0.039030
0.371235 0.559697 0.033725
0.367495 0.552544 0.036487
0.376802 0.554497 0.036148
0.374964 0.566991 0.031108
0.453096 0.689734 0.009954
0.452422 0.702298 0.009635
0.447909 0.695778 0.009783
0.457600 0.696291 0.009772
0.462146 0.702714 0.009626
0.461625 0.714729 0.009389
0.456996 0.708611 0.009505
0.444251 0.676328 0.010573
0.448644 0.683082 0.010214
0.443440 0.689117 0.009967
0.449491 0.670339 0.011001
0.454747 0.664394 0.011514
0.459089 0.671139 0.010964
0.453859 0.677090 0.010546
0.435634 0.662555 0.011601
0.434663 0.675510 0.010595
0.430352 0.668597 0.011061
0.439915 0.669481 0.011034
0.439023 0.682363 0.010232
0.327868 0.475844 0.082133
0.325994 0.484611 0.074495
0.322203 0.479241 0.078485
0.331664 0.481121 0.078074
0.335454 0.486506 0.074072
0.333565 0.495702 0.066705
0.329781 0.490098 0.070564
0.320254 0.465603 0.090379
0.324066 0.470674 0.086237
0.318407 0.473982 0.082525
0.325896 0.462465 0.094241
0.331532 0.459404 0.098203
0.335361 0.464296 0.093934
0.329716 0.467448 0.090037
0.312602 0.455721 0.098745
0.310793 0.463756 0.090722
0.306972 0.458773 0.094866
0.316434 0.460621 0.094550
0.314604 0.468823 0.086606
0.492233 0.444932 0.155012
0.490763 0.450915 0.143512
0.486838 0.447230 0.149416
0.496182 0.448524 0.148980
0.500106 0.452207 0.143000
0.498537 0.458577 0.131856
0.494662 0.454696 0.137657
0.484261 0.438009 0.167210
0.488260 0.441429 0.161090
0.482888 0.443637 0.155363
0.489569 0.435889 0.173201
0.494837 0.433761 0.179334
0.498882 0.437036 0.172909
0.493591 0.439234 0.166935
0.476198 0.431413 0.179570
0.474915 0.436716 0.167370
0.470892 0.433385 0.173436
0.480240 0.434669 0.173369
0.478913 0.440132 0.161348
0.459652 0.419117 0.204588
0.458656 0.423898 0.191888
0.454493 0.420866 0.198053
0.463863 0.422144 0.198370
0.468022 0.425162 0.192110
0.466846 0.430142 0.179543
0.462770 0.426982 0.185704
0.451074 0.412933 0.216888
0.455387 0.416050 0.210758
0.450281 0.417822 0.204174
0.456056 0.410952 0.223672
0.460964 0.408747 0.230632
0.465385 0.411999 0.224322
0.460423 0.414122 0.217464
0.442333 0.406547 0.229051
0.441718 0.411602 0.216272
0.437381 0.408428 0.222261
0.446720 0.409765 0.222984
0.446021 0.414735 0.210244
0.498092 0.396927 0.262732
0.498183 0.404807 0.247414
0.493580 0.400893 0.254669
0.502762 0.401117 0.255220
0.507375 0.405120 0.247789
0.507214 0.412179 0.233092
0.502729 0.408565 0.240219
0.488588 0.387944 0.277935
0.493367 0.392539 0.270311
0.488924 0.396817 0.261971
0.492865 0.382687 0.286904
0.497055 0.376731 0.296179
0.502031 0.382329 0.287903
0.497732 0.387728 0.278956
0.478871 0.378194 0.293097
0.479455 0.388215 0.276587
0.474664 0.383721 0.283830
0.483753 0.383157 0.285551
0.484215 0.392587 0.269288
0.571221 0.398713 0.262326
0.571264 0.407539 0.246131
0.566728 0.403095 0.254558
0.575766 0.403437 0.253628
0.580296 0.407859 0.245081
0.580243 0.415655 0.229714
0.575767 0.411715 0.237850
0.562053 0.388231 0.280134
0.566655 0.393657 0.271167
0.562161 0.398364 0.263113
0.566586 0.382666 0.288698
0.571186 0.376531 0.297470
0.575716 0.382934 0.287946
0.571167 0.388535 0.279437
0.552684 0.376043 0.298362
0.552899 0.387916 0.280570
0.548195 0.382124 0.289476
0.557400 0.382382 0.289210
0.557553 0.393317 0.271786
0.533197 0.347701 0.329630
0.533643 0.362103 0.315586
0.528647 0.354921 0.323008
0.538161 0.354895 0.323120
0.543070 0.362132 0.315649
0.543423 0.375865 0.298493
0.538572 0.369150 0.307317
0.523161 0.333765 0.339970
0.528194 0.340629 0.335231
0.523610 0.347787 0.329482
0.527859 0.327019 0.344012
0.532622 0.320581 0.347251
0.537613 0.326990 0.344058
0.532867 0.333685 0.340063
0.513074 0.320870 0.347111
0.513476 0.334024 0.339765
0.508410 0.327522 0.343708
0.518117 0.327169 0.343906
0.518548 0.340798 0.335046
0.403183 0.490295 0.078738
0.401259 0.499350 0.070857
0.397540 0.493872 0.074983
0.406905 0.495658 0.074496
0.410618 0.501141 0.070352
0.408674 0.510669 0.062927
0.404970 0.504949 0.066834
0.395707 0.479924 0.087468
0.399451 0.485051 0.083065
0.393811 0.488517 0.079200
0.401345 0.476659 0.091564
0.406980 0.473486 0.095786
0.410731 0.478389 0.091166
0.405092 0.481675 0.087054
0.388178 0.470026 0.096464
0.386314 0.478172 0.087866
0.382546 0.473177 0.092296
0.391950 0.474918 0.091938
0.390068 0.483284 0.083498
0.372916 0.451471 0.115005
0.371148 0.458828 0.105874
0.367314 0.454231 0.110478
0.376759 0.455976 0.110315
0.380584 0.460564 0.105657
0.378762 0.468293 0.096778
0.374963 0.463512 0.101306
0.365173 0.442684 0.124474
0.369053 0.447040 0.119725
0.363461 0.449711 0.115111
0.370743 0.440206 0.129314
0.376297 0.437832 0.134285
0.380202 0.441990 0.129356
0.374635 0.444465 0.124473
0.357362 0.434173 0.134060
0.355701 0.440880 0.124459
0.351797 0.436563 0.129174
0.361275 0.438397 0.129254
0.359590 0.445260 0.119771
0.417157 0.432983 0.155844
0.415660 0.438732 0.145000
0.411706 0.434931 0.150313
0.421132 0.436674 0.150431
0.425081 0.440436 0.145033
0.423494 0.446562 0.134421
0.419590 0.442606 0.139701
0.409143 0.425789 0.166729
0.413159 0.429355 0.161270
0.407730 0.431203 0.155649
0.414519 0.424121 0.172568
0.419870 0.422528 0.178548
0.423935 0.425898 0.172880
0.418561 0.427593 0.167015
0.401067 0.418829 0.177774
0.399726 0.423947 0.166422
0.395705 0.420402 0.171868
0.405110 0.422283 0.172228
0.403736 0.427544 0.161018
0.530863 0.693127 0.009729
0.530499 0.704771 0.009487
0.525788 0.698831 0.009613
0.535560 0.699095 0.009582
0.540288 0.704981 0.009460
0.540011 0.716278 0.009279
0.535240 0.710590 0.009376
0.521616 0.680974 0.010258
0.526212 0.687091 0.009948
0.521108 0.692808 0.009766
0.526783 0.675252 0.010599
0.531979 0.669556 0.011015
0.536500 0.675701 0.010536
0.531342 0.681386 0.010205
0.512586 0.668517 0.011158
0.511895 0.680541 0.010308
0.507370 0.674287 0.010719
0.517073 0.674782 0.010660
0.516475 0.686716 0.009991
0.495178 0.642810 0.014167
0.494127 0.655090 0.012544
0.489825 0.648550 0.013360
0.499448 0.649331 0.013255
0.503772 0.655788 0.012453
0.502901 0.667961 0.011226
0.498486 0.661561 0.011834
0.486809 0.629601 0.016330
0.490966 0.636231 0.015190
0.485579 0.641951 0.014285
0.492266 0.623950 0.017412
0.497756 0.618330 0.018573
0.501845 0.624919 0.017232
0.496388 0.630555 0.016172
0.478662 0.616183 0.018977
0.477254 0.628588 0.016484
0.473175 0.621833 0.017766
0.482709 0.622921 0.017590
0.481388 0.635294 0.015325
0.539137 0.598431 0.023618
0.537604 0.610147 0.020418
0.533559 0.603779 0.022075
0.543164 0.604738 0.021816
0.547223 0.611051 0.020184
0.545799 0.622845 0.017580
0.541682 0.616515 0.018930
0.531183 0.585857 0.027732
0.535143 0.592135 0.025590
0.529549 0.597417 0.023903
0.536808 0.580725 0.029680
0.542447 0.575669 0.031745
0.546378 0.581799 0.029324
0.540753 0.586929 0.027397
0.523359 0.573383 0.032524
0.521628 0.584741 0.028074
0.517718 0.578439 0.030415
0.527255 0.579605 0.030043
0.525572 0.591068 0.025903
0.705993 0.530752 0.058630
0.704490 0.539914 0.052177
0.700428 0.534807 0.055625
0.710063 0.535806 0.055083
0.714134 0.540891 0.051671
0.712615 0.550226 0.045670
0.708554 0.545054 0.048862
0.697863 0.520759 0.066174
0.701926 0.525736 0.062324
0.696370 0.529737 0.059218
0.703399 0.516882 0.069439
0.708924 0.513072 0.072748
0.713008 0.517956 0.068691
0.707471 0.521810 0.065486
0.689756 0.510945 0.074379
0.688269 0.519725 0.066872
0.684228 0.514791 0.070951
0.693806 0.515828 0.070190
0.692317 0.524708 0.062964
0.673624 0.491992 0.093021
0.672151 0.500335 0.084282
0.668142 0.495648 0.089110
0.677647 0.496633 0.088068
0.681676 0.501343 0.083311
0.680195 0.509912 0.075208
0.676170 0.505091 0.079649
0.665563 0.482951 0.103502
0.669597 0.487427 0.098166
0.664137 0.491036 0.094135
0.670971 0.479439 0.107711
0.676350 0.475966 0.111977
0.680439 0.480348 0.106381
0.675032 0.483866 0.102247
0.657454 0.474275 0.114734
0.656110 0.482069 0.104739
0.652079 0.477724 0.110304
0.661516 0.478567 0.109027
0.660128 0.486507 0.099347
0.602589 0.638801 0.014439
0.606901 0.644872 0.013493
0.601563 0.650189 0.012774
0.608016 0.633488 0.015320
0.613488 0.628184 0.016277
0.617705 0.634292 0.015152
0.612280 0.639576 0.014285
0.591861 0.649502 0.012901
0.597205 0.644138 0.013633
0.596265 0.655535 0.012128
0.592900 0.638062 0.014593
0.594122 0.626609 0.016643
0.599632 0.621263 0.017703
0.598330 0.632714 0.015488
0.585782 0.666331 0.011052
0.586557 0.654901 0.012242
0.591005 0.660914 0.011554
0.478128 0.462501 0.122179
0.481931 0.466717 0.116722
0.476337 0.469577 0.111855
0.483670 0.459834 0.127247
0.489183 0.457235 0.132406
0.493033 0.461223 0.126723
0.487497 0.463934 0.121678
0.466964 0.468070 0.112324
0.472558 0.465244 0.117203
0.470728 0.472510 0.107089
0.468753 0.461020 0.122602
0.470445 0.454390 0.133239
0.475941 0.451946 0.138531
0.474299 0.458392 0.127686
0.459484 0.478626 0.097918
0.461356 0.470973 0.107558
0.465110 0.475523 0.102440
0.561827 0.421777 0.217043
0.566162 0.425253 0.209480
0.561309 0.428082 0.202876
0.566545 0.418649 0.223862
0.571188 0.415304 0.230786
0.575621 0.419063 0.222872
0.570930 0.422255 0.216137
0.552142 0.427478 0.203631
0.557026 0.424713 0.210306
0.556369 0.430763 0.196305
0.552693 0.421238 0.217757
0.553012 0.414392 0.232334
0.557643 0.410907 0.239574
0.557445 0.418166 0.224656
0.546275 0.435885 0.183305
0.547176 0.430092 0.197002
0.551354 0.433337 0.189767
0.388054 0.516866 0.056988
0.391759 0.522924 0.053428
0.386141 0.527172 0.050459
0.393686 0.512816 0.060158
0.399325 0.508842 0.063437
0.403028 0.514680 0.059653
0.397389 0.518764 0.056492
0.376809 0.525228 0.050922
0.382429 0.520997 0.053912
0.380531 0.531538 0.047576
0.378708 0.514966 0.057472
0.380619 0.505133 0.064431
0.386258 0.501290 0.067834
0.384340 0.510937 0.060655
0.369336 0.540703 0.042044
0.371197 0.529575 0.048013
0.374930 0.536041 0.044772
0.520136 0.727073 0.009160
0.524954 0.732470 0.009095
0.519951 0.737708 0.009048
0.525163 0.721649 0.009225
0.530199 0.716151 0.009297
0.534985 0.721749 0.009211
0.529965 0.727149 0.009149
0.510109 0.737678 0.009053
0.515117 0.732417 0.009102
0.514960 0.742868 0.009008
0.510308 0.726984 0.009170
0.510582 0.715848 0.009330
0.515645 0.710224 0.009418
0.515344 0.721535 0.009238
0.505008 0.752993 0.008955
0.505111 0.742866 0.009012
0.509978 0.747957 0.008977
0.448723 0.625202 0.016931
0.452793 0.632123 0.015713
0.447407 0.637907 0.014725
0.454173 0.619488 0.018110
0.459658 0.613806 0.019374
0.463663 0.620688 0.017939
0.458211 0.626385 0.016784
0.437920 0.636749 0.014826
0.443306 0.630951 0.015836
0.442050 0.643740 0.013823
0.439256 0.623962 0.017075
0.440742 0.611211 0.019766
0.446257 0.605514 0.021170
0.444706 0.618235 0.018280
0.431399 0.655583 0.012276
0.432558 0.642618 0.013902
0.436717 0.649623 0.013006
0.538373 0.542376 0.048560
0.542192 0.548143 0.045245
0.536513 0.552785 0.042569
0.544046 0.537903 0.051460
0.549713 0.533510 0.054476
0.553542 0.539090 0.050898
0.547869 0.543579 0.048022
0.527013 0.551555 0.043064
0.532695 0.546926 0.045761
0.530834 0.557508 0.039996
0.528892 0.541130 0.049105
0.530770 0.531040 0.055662
0.536435 0.526770 0.058849
0.534566 0.536671 0.052028
0.519495 0.567201 0.035171
0.521335 0.556267 0.040470
0.525161 0.562313 0.037529
0.691759 0.558062 0.040885
0.695812 0.563419 0.037999
0.690206 0.568012 0.035642
0.697364 0.553641 0.043461
0.702963 0.549304 0.046122
0.707018 0.554532 0.043028
0.701415 0.558928 0.040464
0.680542 0.567187 0.036035
0.686152 0.562575 0.038407
0.684599 0.572704 0.033395
0.682108 0.557189 0.041311
0.683677 0.547460 0.047039
0.689271 0.543159 0.049822
0.687717 0.552744 0.043900
0.673375 0.582377 0.029230
0.674928 0.571898 0.033772
0.678989 0.577494 0.031258
0.627863 0.479559 0.108167
0.631823 0.483892 0.102662
0.626351 0.487446 0.098342
0.633268 0.476116 0.112679
0.638638 0.472703 0.117271
0.642664 0.476909 0.111514
0.637261 0.480381 0.107053
0.616939 0.486567 0.099368
0.622419 0.483041 0.103731
0.620849 0.491045 0.094094
0.618476 0.478741 0.109283
0.619896 0.471204 0.119676
0.625233 0.467883 0.124439
0.623887 0.475330 0.113838
0.609775 0.498394 0.085862
0.611428 0.490140 0.095079
0.615321 0.494694 0.089931
0.670159 0.452719 0.146193
0.674423 0.456690 0.139517
0.669209 0.460011 0.134690
0.675296 0.449432 0.151251
0.680392 0.446144 0.156389
0.684744 0.450066 0.149394
0.679602 0.453377 0.144418
0.659778 0.459309 0.136304
0.664985 0.456010 0.141213
0.663961 0.463346 0.129936
0.660727 0.452087 0.147927
0.661512 0.445003 0.160143
0.666553 0.441763 0.165534
0.665855 0.448825 0.153070
0.653374 0.470072 0.120614
0.654541 0.462623 0.131456
0.658683 0.466698 0.125247
0.634675 0.423266 0.205781
0.639241 0.426812 0.197878
0.634496 0.430113 0.191813
0.639269 0.419835 0.212058
0.643790 0.416349 0.218419
0.648524 0.420073 0.210193
0.643917 0.423466 0.204002
0.625278 0.429945 0.193478
0.630009 0.426637 0.199588
0.629688 0.433365 0.185804
0.625496 0.423154 0.207500
0.625481 0.416026 0.222041
0.629924 0.412336 0.228650
0.630084 0.419684 0.213825
0.619896 0.439750 0.173900
0.620479 0.433186 0.187428
0.624818 0.436572 0.179831
0.583568 0.508829 0.075050
0.587426 0.513804 0.070595
0.581803 0.517828 0.067032
0.589173 0.504971 0.078859
0.594763 0.501174 0.082764
0.598632 0.505967 0.078022
0.593036 0.509850 0.074257
0.572321 0.516753 0.067740
0.577950 0.512756 0.071341
0.576168 0.521926 0.063575
0.574108 0.507774 0.075823
0.575880 0.499157 0.084476
0.581473 0.495490 0.088581
0.579721 0.503947 0.079677
0.564868 0.530349 0.057000
0.566680 0.520823 0.064250
0.570522 0.526099 0.060230
0.552906 0.472472 0.116507
0.556751 0.476662 0.110837
0.551205 0.479887 0.106152
0.558388 0.469407 0.121398
0.563833 0.466388 0.126377
0.567737 0.470379 0.120458
0.562262 0.473495 0.115605
0.541841 0.478770 0.106990
0.547391 0.475591 0.111706
0.545636 0.483165 0.101557
0.543561 0.471404 0.117369
0.545168 0.464408 0.128181
0.550588 0.461536 0.133320
0.549045 0.468388 0.122291
0.534450 0.489907 0.092692
0.536268 0.482004 0.102368
0.540049 0.486503 0.097069
0.595565 0.448677 0.158191
0.599672 0.452190 0.151376
0.594472 0.455219 0.146009
0.600670 0.445677 0.163829
0.605714 0.442621 0.169573
0.609898 0.446029 0.162398
0.604815 0.449127 0.156835
0.585185 0.454578 0.147211
0.590402 0.451639 0.152653
0.589219 0.458230 0.140728
0.586311 0.448132 0.159438
0.587281 0.441832 0.172272
0.592304 0.438931 0.178302
0.591434 0.445229 0.165154
0.578569 0.464261 0.130421
0.579918 0.457512 0.141863
0.583918 0.461240 0.135533
0.646846 0.596726 0.024096
0.650945 0.602676 0.022234
0.645357 0.607894 0.020772
0.652456 0.591617 0.025808
0.658072 0.586570 0.027634
0.662151 0.592390 0.025507
0.656545 0.597504 0.023813
0.635658 0.607083 0.021019
0.641245 0.601887 0.022499
0.639782 0.613145 0.019429
0.637153 0.595920 0.024380
0.638699 0.584967 0.028277
0.644329 0.579989 0.030254
0.642764 0.590823 0.026111
0.628687 0.623712 0.017108
0.630088 0.612312 0.019661
0.634225 0.618417 0.018208
0.614729 0.550895 0.044432
0.618678 0.556445 0.041367
0.613028 0.561130 0.038872
0.620373 0.546360 0.047142
0.626008 0.541899 0.049961
0.629964 0.547305 0.046655
0.624324 0.551837 0.043963
0.603421 0.560193 0.039304
0.609078 0.555504 0.041819
0.607374 0.565895 0.036478
0.605145 0.549932 0.044914
0.606871 0.539949 0.051019
0.612507 0.535567 0.053994
0.610794 0.545395 0.047643
0.596078 0.575644 0.032008
0.597764 0.564959 0.036890
0.601723 0.570734 0.034189
0.659567 0.516710 0.069029
0.663565 0.521697 0.064950
0.657996 0.525769 0.061676
0.665114 0.512771 0.072502
0.670649 0.508899 0.076044
0.674664 0.513771 0.071723
0.669122 0.517698 0.068301
0.648431 0.524805 0.062311
0.654005 0.520720 0.065631
0.652414 0.529920 0.058484
0.650025 0.515738 0.069760
0.651598 0.506940 0.077729
0.657127 0.503118 0.081459
0.655577 0.511789 0.073288
0.641211 0.538459 0.052366
0.642844 0.528967 0.059075
0.646818 0.534150 0.055379
0.493065 0.581088 0.029147
0.496952 0.587589 0.026888
0.491355 0.592900 0.025110
0.498693 0.575954 0.031186
0.504336 0.570907 0.033338
0.508196 0.577226 0.030797
0.502566 0.582365 0.028784
0.481856 0.591631 0.025418
0.487452 0.586315 0.027224
0.485774 0.598302 0.023451
0.483583 0.579756 0.029509
0.485385 0.568197 0.034169
0.491039 0.563251 0.036486
0.489210 0.574622 0.031575
0.474667 0.609381 0.020495
0.476278 0.597041 0.023732
0.480212 0.603796 0.021912
0.462885 0.531028 0.052917
0.466602 0.537020 0.049439
0.460928 0.541519 0.046586
0.468558 0.526724 0.055999
0.474230 0.522509 0.059199
0.477954 0.528282 0.055458
0.472278 0.532609 0.052397
0.451544 0.539894 0.047070
0.457212 0.535417 0.049941
0.455261 0.546113 0.043837
0.453504 0.529406 0.053428
0.455464 0.519321 0.060278
0.461130 0.515249 0.063640
0.459173 0.525126 0.056527
0.443959 0.555599 0.038659
0.445882 0.544466 0.044306
0.449605 0.550807 0.041193
0.508197 0.499183 0.080970
0.511943 0.504245 0.076358
0.506292 0.508023 0.072576
0.513835 0.495604 0.085013
0.519463 0.492100 0.089176
0.523217 0.496926 0.084286
0.517585 0.500546 0.080261
0.496896 0.506588 0.073238
0.502550 0.502842 0.077046
0.500633 0.511890 0.068912
0.498811 0.497767 0.081660
0.500712 0.489373 0.090616
0.506340 0.486027 0.094935
0.504454 0.494225 0.085726
0.489300 0.519897 0.061941
0.491235 0.510428 0.069547
0.494969 0.515847 0.065366
0.417761 0.568907 0.032045
0.421522 0.575863 0.029576
0.415944 0.581260 0.027564
0.423357 0.563779 0.034295
0.428967 0.558780 0.036646
0.432712 0.565491 0.033910
0.427110 0.570611 0.031691
0.406600 0.579614 0.027846
0.412177 0.574179 0.029895
0.410372 0.586823 0.025657
0.408430 0.567156 0.032392
0.410290 0.555216 0.037455
0.415899 0.550355 0.039958
0.414019 0.562020 0.034674
0.399209 0.598554 0.022156
0.401023 0.585235 0.025899
0.404797 0.592578 0.023854
0.482798 0.679047 0.010444
0.487311 0.685437 0.010108
0.482162 0.691299 0.009892
0.488001 0.673193 0.010829
0.493230 0.667363 0.011292
0.497678 0.673765 0.010775
0.492482 0.679591 0.010402
0.472458 0.690823 0.009916
0.477618 0.684924 0.010140
0.477024 0.697193 0.009741
0.473133 0.678449 0.010482
0.473947 0.665997 0.011411
0.479212 0.660146 0.011981
0.478344 0.672565 0.010877
0.466749 0.708944 0.009496
0.467305 0.696762 0.009758
0.471882 0.703095 0.009613
0.358068 0.472882 0.088990
0.361854 0.477970 0.084722
0.356209 0.481363 0.080928
0.363705 0.469675 0.092977
0.369337 0.466550 0.097081
0.373130 0.471432 0.092641
0.367494 0.474659 0.088624
0.346776 0.479540 0.081339
0.352425 0.476172 0.085112
0.350558 0.484835 0.077237
0.348630 0.471088 0.089348
0.350457 0.463014 0.097661
0.356084 0.460004 0.101810
0.354270 0.467899 0.093306
0.339238 0.492007 0.070133
0.341119 0.482986 0.077661
0.344902 0.488383 0.073642
0.521480 0.442491 0.165486
0.525485 0.445934 0.159049
0.520177 0.448425 0.153369
0.526715 0.440053 0.171461
0.531905 0.437592 0.177607
0.535970 0.440938 0.170850
0.530749 0.443442 0.164873
0.510878 0.447329 0.153992
0.516200 0.444912 0.159668
0.514827 0.450923 0.147821
0.512200 0.441476 0.166046
0.513401 0.435812 0.178619
0.518581 0.433479 0.184923
0.517452 0.439116 0.172010
0.504005 0.455986 0.137077
0.505512 0.449756 0.148441
0.509436 0.453440 0.142395
0.488330 0.416998 0.218794
0.492636 0.420176 0.212168
0.487620 0.422386 0.205449
0.493208 0.414472 0.225755
0.498007 0.411673 0.232885
0.502431 0.415107 0.225955
0.497573 0.417762 0.218993
0.478331 0.421384 0.205253
0.483371 0.419289 0.211968
0.482527 0.424423 0.198813
0.479062 0.416137 0.218450
0.479546 0.410406 0.232010
0.484314 0.407591 0.239323
0.483968 0.413744 0.225404
0.472130 0.428244 0.185828
0.473211 0.423322 0.198633
0.477363 0.426347 0.192264
0.525361 0.387440 0.280626
0.530120 0.392581 0.272257
0.525647 0.397235 0.263946
0.529761 0.381889 0.289446
0.534150 0.375785 0.298452
0.538990 0.381958 0.289553
0.534562 0.387506 0.280796
0.516467 0.397112 0.263693
0.520934 0.392500 0.272035
0.521131 0.401500 0.255870
0.516145 0.387464 0.280262
0.515560 0.375968 0.297803
0.519857 0.369278 0.306865
0.520515 0.381928 0.289146
0.511923 0.408952 0.240445
0.511951 0.401310 0.255611
0.516561 0.405399 0.248035
0.598093 0.389338 0.276021
0.602579 0.394689 0.266469
0.598194 0.399445 0.258731
0.602497 0.383869 0.284276
0.606866 0.378044 0.292664
0.611220 0.384350 0.282458
0.606925 0.389652 0.274390
0.589236 0.399250 0.260127
0.593672 0.394463 0.267967
0.593775 0.403916 0.251188
0.589193 0.389064 0.277388
0.589306 0.377059 0.295658
0.593893 0.370469 0.304239
0.593673 0.383487 0.285772
0.584805 0.412008 0.236695
0.584781 0.403710 0.252501
0.589314 0.408100 0.243845
0.562056 0.333699 0.340067
0.566890 0.340679 0.335170
0.561998 0.347824 0.329576
0.566985 0.326958 0.343996
0.571920 0.320476 0.347149
0.576706 0.326950 0.343790
0.571822 0.333692 0.339886
0.552370 0.347754 0.329671
0.557174 0.340649 0.335304
0.557189 0.355041 0.323055
0.552290 0.333691 0.340106
0.552214 0.320565 0.347282
0.557104 0.314417 0.349782
0.557153 0.326987 0.344072
0.547906 0.369247 0.307297
0.547665 0.354943 0.323131
0.552492 0.362239 0.315588
0.433212 0.486805 0.085650
0.436931 0.491939 0.081122
0.431282 0.495500 0.077237
0.438853 0.483456 0.089779
0.444489 0.480200 0.094032
0.448217 0.485101 0.089263
0.442577 0.488473 0.085130
0.421918 0.493789 0.077756
0.427567 0.490250 0.081642
0.425630 0.499156 0.073474
0.423844 0.485117 0.086144
0.425748 0.476885 0.094979
0.431378 0.473765 0.099345
0.429485 0.481788 0.090272
0.414324 0.506743 0.066320
0.416268 0.497419 0.073993
0.419976 0.502904 0.069835
0.402973 0.449689 0.124367
0.406825 0.453981 0.119382
0.401230 0.456655 0.114602
0.408534 0.447225 0.129363
0.414074 0.444867 0.134478
0.417959 0.448936 0.129297
0.412402 0.451409 0.124283
0.391801 0.454937 0.114755
0.397395 0.452262 0.119497
0.395625 0.459425 0.109949
0.393535 0.447962 0.124423
0.395202 0.441385 0.134431
0.400727 0.439127 0.139604
0.399099 0.445493 0.129384
0.384389 0.465244 0.101039
0.386197 0.457705 0.110140
0.390011 0.462288 0.105429
0.446783 0.432497 0.167462
0.450793 0.435920 0.161672
0.445385 0.437913 0.155993
0.452141 0.430639 0.173381
0.457473 0.428804 0.179455
0.461524 0.432047 0.173433
0.456172 0.433969 0.167481
0.435986 0.436339 0.156019
0.441398 0.434392 0.161679
0.439951 0.439963 0.150434
0.437385 0.430948 0.167387
0.438687 0.425867 0.179135
0.443999 0.424193 0.185305
0.442748 0.429148 0.173280
0.429005 0.444280 0.139652
0.430547 0.438351 0.150471
0.434491 0.442082 0.144989
0.560562 0.682494 0.010034
0.565224 0.688392 0.009756
0.560162 0.693976 0.009608
0.565695 0.676907 0.010333
0.570860 0.671343 0.010703
0.575439 0.677287 0.010262
0.570315 0.682823 0.009974
0.550390 0.693711 0.009651
0.555462 0.688097 0.009807
0.555120 0.699577 0.009515
0.550815 0.682146 0.010093
0.551404 0.670497 0.010863
0.556617 0.664892 0.011328
0.555956 0.676528 0.010403
0.545044 0.710750 0.009353
0.545338 0.699344 0.009549
0.550080 0.705177 0.009432
0.525232 0.633110 0.015693
0.529460 0.639468 0.014627
0.524084 0.645086 0.013795
0.530682 0.627547 0.016694
0.536166 0.622018 0.017773
0.540317 0.628352 0.016518
0.534869 0.633890 0.015534
0.514437 0.644362 0.013920
0.519817 0.638714 0.014768
0.518742 0.650745 0.013039
0.515605 0.632296 0.015852
0.516935 0.620253 0.018167
0.522454 0.614705 0.019363
0.521057 0.626706 0.016871
0.508152 0.662185 0.011755
0.509090 0.650054 0.013148
0.513432 0.656445 0.012359
0.569560 0.589881 0.026439
0.573584 0.595967 0.024406
0.567991 0.601218 0.022798
0.575183 0.584756 0.028304
0.580815 0.579701 0.030285
0.584810 0.585671 0.027978
0.579190 0.590785 0.026134
0.558358 0.600331 0.023066
0.563952 0.595072 0.024692
0.562414 0.606534 0.021314
0.559941 0.588941 0.026751
0.561600 0.577771 0.030999
0.567248 0.572785 0.033136
0.565565 0.583814 0.028637
0.551315 0.617362 0.018719
0.552782 0.605657 0.021562
0.556856 0.611915 0.019954
0.736371 0.525061 0.063431
0.740470 0.529985 0.059809
0.734913 0.533874 0.056890
0.741912 0.521285 0.066458
0.747445 0.517569 0.069504
0.751563 0.522417 0.065723
0.746020 0.526169 0.062755
0.725267 0.532823 0.057464
0.730823 0.528906 0.060430
0.729350 0.537839 0.054007
0.726729 0.523964 0.064112
0.728162 0.515291 0.071121
0.733682 0.511589 0.074322
0.732267 0.520163 0.067199
0.718201 0.546011 0.048387
0.719704 0.536817 0.054541
0.723779 0.541882 0.051169
0.703538 0.486837 0.098427
0.707642 0.491461 0.093378
0.702184 0.495055 0.089664
0.708951 0.483315 0.102317
0.714346 0.479827 0.106246
0.718504 0.484392 0.100920
0.713082 0.487908 0.097131
0.692646 0.494002 0.090783
0.698104 0.490399 0.094581
0.696708 0.498692 0.085985
0.694018 0.485809 0.099708
0.695309 0.477810 0.109147
0.700667 0.474352 0.113311
0.699429 0.482284 0.103684
0.685712 0.506115 0.078751
0.687169 0.497648 0.087025
0.691217 0.502377 0.082345
0.687024 0.469109 0.120687
0.691176 0.473417 0.114815
0.685821 0.476867 0.110570
0.692318 0.465711 0.125136
0.697579 0.462325 0.129650
0.701798 0.466580 0.123485
0.696502 0.469991 0.119119
0.719948 0.505640 0.079465
0.724055 0.510449 0.075206
0.718535 0.514171 0.071934
0.725446 0.502007 0.082859
0.730934 0.498418 0.086269
0.735066 0.503164 0.081812
0.729565 0.506783 0.078501
0.553759 0.565784 0.036218
0.557665 0.571760 0.033527
0.552015 0.576744 0.031368
0.559429 0.560954 0.038621
0.565104 0.556200 0.041127
0.568994 0.562011 0.038177
0.563325 0.566849 0.035797
0.508829 0.607195 0.021149
0.512861 0.613743 0.019586
0.507338 0.619315 0.018369
0.514394 0.601736 0.022610
0.519975 0.596361 0.024195
0.523970 0.602778 0.022339
0.518406 0.608220 0.020900
0.542465 0.658249 0.012068
0.546907 0.664403 0.011417
0.541688 0.670039 0.010940
0.547756 0.652644 0.012705
0.553083 0.647072 0.013416
0.557446 0.653219 0.012590
0.552159 0.658796 0.011967
0.430478 0.419471 0.190920
0.434598 0.422647 0.185023
0.429281 0.424255 0.178879
0.435718 0.417964 0.197275
0.440901 0.416399 0.203714
0.445110 0.419475 0.197691
0.439879 0.421060 0.191302
0.387346 0.433402 0.144612
0.391283 0.437357 0.139507
0.385753 0.439620 0.134368
0.392836 0.431346 0.149960
0.398300 0.429395 0.155428
0.402274 0.433150 0.150150
0.396791 0.435200 0.144768
0.418234 0.467418 0.104598
0.421998 0.472096 0.099758
0.416367 0.475196 0.095401
0.423850 0.464524 0.109190
0.429454 0.461717 0.113903
0.433237 0.466177 0.108839
0.427622 0.469090 0.104237
0.542285 0.308617 0.351609
0.547255 0.314440 0.349775
0.542414 0.320569 0.347276
0.547158 0.303088 0.352835
0.552051 0.297841 0.353497
0.557032 0.303058 0.352846
0.552131 0.308605 0.351616
0.580638 0.362748 0.314371
0.584976 0.370083 0.305342
0.580315 0.376771 0.296683
0.585411 0.355523 0.321749
0.590128 0.348382 0.328183
0.594340 0.356001 0.320828
0.589679 0.363080 0.313498
0.505379 0.362884 0.314301
0.510504 0.369575 0.306304
0.506276 0.376272 0.297129
0.509645 0.355461 0.322260
0.514037 0.348057 0.329164
0.519134 0.355089 0.322743
0.514775 0.362425 0.314972
0.470534 0.403468 0.245246
0.475066 0.406979 0.238628
0.470267 0.409633 0.231366
0.475185 0.400288 0.252959
0.479745 0.396681 0.260964
0.484396 0.400618 0.253916
0.479777 0.403991 0.246137
0.505228 0.429437 0.192063
0.509329 0.432581 0.185315
0.504128 0.434822 0.179027
0.510329 0.427214 0.198613
0.515361 0.424861 0.205259
0.519558 0.427992 0.198337
0.514476 0.430310 0.191765
0.342783 0.453510 0.106462
0.346628 0.458220 0.102048
0.340999 0.461219 0.097936
0.348394 0.450679 0.110770
0.353996 0.447929 0.115205
0.357859 0.452466 0.110630
0.352248 0.455302 0.106277
0.465322 0.652629 0.012793
0.469606 0.659348 0.012048
0.464337 0.665225 0.011464
0.470647 0.646808 0.013556
0.476002 0.641030 0.014401
0.480225 0.647710 0.013460
0.474901 0.653510 0.012714
0.402864 0.541913 0.043452
0.406573 0.548509 0.040383
0.400972 0.553358 0.037855
0.408484 0.537340 0.046190
0.414118 0.532883 0.049021
0.417817 0.539191 0.045724
0.412188 0.543790 0.043006
0.493222 0.479992 0.100758
0.496969 0.484628 0.095629
0.491337 0.487939 0.091284
0.498836 0.476875 0.105352
0.504436 0.473830 0.110051
0.508199 0.478241 0.104653
0.502590 0.481397 0.100086
0.448055 0.508034 0.068218
0.451759 0.513624 0.064176
0.446097 0.517667 0.060811
0.453713 0.504205 0.071847
0.459369 0.500470 0.075608
0.463083 0.505816 0.071303
0.457422 0.509671 0.067674
0.477817 0.555510 0.039834
0.481589 0.561823 0.036924
0.475939 0.566761 0.034582
0.483487 0.550769 0.042414
0.489165 0.546122 0.045099
0.492926 0.552225 0.041931
0.487253 0.556978 0.039374
0.643670 0.497468 0.087159
0.647628 0.502165 0.082352
0.642095 0.505987 0.078551
0.649176 0.493763 0.091171
0.654664 0.490111 0.095238
0.658650 0.494693 0.090152
0.653148 0.498401 0.086222
0.599061 0.529255 0.058303
0.602961 0.534567 0.054571
0.597318 0.538947 0.051572
0.604686 0.525038 0.061553
0.610299 0.520898 0.064911
0.614210 0.526042 0.060907
0.608591 0.530266 0.057684
0.630631 0.573405 0.033061
0.634655 0.579161 0.030593
0.629028 0.584132 0.028599
0.636270 0.568571 0.035294
0.641911 0.563812 0.037635
0.645929 0.569418 0.034914
0.640290 0.574254 0.032699
0.578913 0.435173 0.186974
0.583106 0.438478 0.179552
0.578065 0.441291 0.173442
0.583853 0.432369 0.193311
0.588716 0.429449 0.199645
0.593010 0.432727 0.192022
0.588089 0.435628 0.185773
0.537358 0.456745 0.140258
0.541273 0.460529 0.134171
0.535848 0.463349 0.129007
0.542714 0.454047 0.145659
0.548033 0.451373 0.151176
0.552011 0.454994 0.144816
0.546661 0.457747 0.139440
0.568224 0.489860 0.094572
0.572049 0.494460 0.089444
0.566450 0.498086 0.085299
0.573799 0.486392 0.098962
0.579353 0.482974 0.103446
0.583202 0.487377 0.098039
0.577635 0.490892 0.093692
0.616277 0.408292 0.239102
0.620875 0.412247 0.230456
0.616423 0.416015 0.223797
0.620605 0.404181 0.246141
0.624855 0.399954 0.253332
0.629554 0.404395 0.244219
0.625254 0.408369 0.237265
0.652716 0.437561 0.174855
0.657131 0.441248 0.167408
0.652111 0.444474 0.161901
0.657638 0.434331 0.180561
0.662503 0.431078 0.186288
0.667060 0.434776 0.178574
0.662116 0.438021 0.172979
0.611860 0.463269 0.131855
0.615888 0.467182 0.125682
0.610543 0.470465 0.120880
0.617122 0.460059 0.136878
0.622337 0.456853 0.142000
0.626442 0.460666 0.135558
0.621187 0.463918 0.130573
0.675613 0.537009 0.053736
0.679643 0.542213 0.050314
0.674046 0.546536 0.047509
0.681192 0.532830 0.056738
0.686759 0.528730 0.059817
0.690805 0.533815 0.056176
0.685229 0.537973 0.053206
0.523213 0.520034 0.063448
0.526986 0.525492 0.059469
0.521320 0.529741 0.056260
0.528869 0.515985 0.066926
0.534516 0.512022 0.070526
0.538300 0.517256 0.066259
0.532646 0.521331 0.062803
0.432958 0.597007 0.023178
0.436829 0.604118 0.021394
0.431312 0.609858 0.019956
0.438511 0.591444 0.024861
0.444078 0.586001 0.026657
0.447921 0.592926 0.024577
0.442367 0.598468 0.022927
0.501157 0.704043 0.009559
0.505852 0.710016 0.009437
0.500779 0.715668 0.009345
0.506258 0.698252 0.009671
0.511359 0.692472 0.009801
0.516020 0.698550 0.009643
0.510934 0.704302 0.009536
0.373144 0.493907 0.072297
0.376887 0.499457 0.068314
0.371245 0.503279 0.064908
0.378787 0.490277 0.075917
0.384428 0.486736 0.079649
0.388169 0.492073 0.075457
0.382528 0.495721 0.071829
0.544008 0.406307 0.247966
0.548532 0.410440 0.240099
0.543884 0.413901 0.232790
0.548550 0.402305 0.255706
0.553059 0.397988 0.263645
0.557657 0.402707 0.255257
0.553120 0.406720 0.247586
0.462662 0.446707 0.144490
0.466566 0.450495 0.138842
0.461067 0.452905 0.133560
0.468110 0.444466 0.149989
0.473529 0.442278 0.155607
0.477480 0.445874 0.149745
0.472038 0.448155 0.144237
0.585823 0.614331 0.019287
0.589957 0.620478 0.017903
0.584445 0.625853 0.016827
0.591379 0.609016 0.020595
0.596948 0.603757 0.022024
0.601046 0.609836 0.020359
0.595493 0.615131 0.019070
0.678652 0.460744 0.133040
0.677563 0.468268 0.122233
0.673401 0.464097 0.128363
0.682851 0.464884 0.126762
0.681702 0.472525 0.116301
0.711743 0.496143 0.088541
0.710349 0.504524 0.080428
0.706264 0.499764 0.084950
0.715843 0.500871 0.083907
0.714441 0.509326 0.076093
0.546027 0.553969 0.042081
0.544210 0.564673 0.036647
0.540349 0.558703 0.039530
0.549881 0.559852 0.039072
0.548097 0.570689 0.033925
0.500874 0.594111 0.024801
0.499267 0.606121 0.021404
0.495292 0.599506 0.023169
0.504833 0.600650 0.022888
0.503280 0.612739 0.019813
0.533740 0.645778 0.013670
0.532779 0.657676 0.012167
0.528404 0.651408 0.012929
0.538076 0.652041 0.012818
0.537206 0.663888 0.011505
0.422134 0.413135 0.202628
0.421078 0.417746 0.190471
0.416938 0.414525 0.196262
0.426323 0.416317 0.196796
0.425191 0.420984 0.184670
0.379428 0.425675 0.154914
0.377895 0.431571 0.144433
0.373946 0.427637 0.149509
0.383393 0.429510 0.149746
0.381832 0.435564 0.139386
0.410650 0.458368 0.114423
0.408836 0.465722 0.104913
0.405044 0.461141 0.109739
0.414452 0.462845 0.109491
0.412610 0.470405 0.100130
0.532338 0.297858 0.353485
0.532447 0.308626 0.351597
0.527463 0.303108 0.352827
0.537309 0.303096 0.352829
0.537436 0.314447 0.349765
0.571620 0.347891 0.329305
0.571368 0.362553 0.314988
0.566738 0.355154 0.322825
0.576200 0.355281 0.322395
0.575871 0.369832 0.306165
0.495154 0.349449 0.327803
0.496098 0.363617 0.313300
0.491030 0.357133 0.320358
0.500234 0.356102 0.321508
0.501202 0.370070 0.305467
0.461355 0.396219 0.258419
0.461274 0.402834 0.244251
0.456726 0.399335 0.250671
0.465958 0.399877 0.251849
0.465791 0.406270 0.237811
0.496887 0.423294 0.205510
0.495961 0.428489 0.192260
0.491814 0.425438 0.198877
0.501082 0.426367 0.198805
0.500060 0.431611 0.185625
0.335036 0.444300 0.115348
0.333307 0.451695 0.106636
0.329437 0.447041 0.111016
0.338918 0.448872 0.110896
0.337161 0.456419 0.102274
0.456916 0.639007 0.014620
0.455765 0.651687 0.012868
0.451559 0.644822 0.013737
0.461092 0.645845 0.013649
0.460023 0.658491 0.012112
0.395460 0.529115 0.049981
0.393551 0.539988 0.043898
0.389846 0.533504 0.047118
0.399161 0.535445 0.046655
0.397258 0.546612 0.040807
0.485708 0.471040 0.111321
0.483852 0.478544 0.101374
0.480100 0.474008 0.106572
0.489470 0.475463 0.105993
0.487596 0.483188 0.096274
0.440643 0.497189 0.076699
0.438695 0.506353 0.068766
0.434990 0.500868 0.072941
0.444351 0.502554 0.072395
0.442396 0.511953 0.064720
0.470327 0.543100 0.046096
0.468397 0.553990 0.040290
0.464656 0.547713 0.043367
0.474064 0.549265 0.042893
0.472157 0.560343 0.037360
0.635773 0.488326 0.097323
0.634208 0.496545 0.088076
0.630278 0.491950 0.093119
0.639720 0.492853 0.092152
0.638147 0.501226 0.083220
0.591294 0.518867 0.066315
0.589539 0.528228 0.058941
0.585665 0.522986 0.062899
0.595172 0.524019 0.062217
0.593423 0.533550 0.055166
0.622644 0.562047 0.038450
0.620985 0.572536 0.033430
0.616995 0.566809 0.036074
0.626627 0.567701 0.035680
0.624996 0.578311 0.030938
0.570452 0.428623 0.201953
0.569739 0.434633 0.188041
0.565543 0.431373 0.195455
0.574700 0.431914 0.194454
0.573911 0.437938 0.180675
0.529464 0.449453 0.152699
0.528057 0.455702 0.141016
0.524128 0.452020 0.147150
0.533422 0.453055 0.146435
0.531963 0.459477 0.134967
0.560579 0.480961 0.105283
0.558822 0.488783 0.095429
0.555014 0.484284 0.100720
0.564402 0.485359 0.099855
0.562632 0.493385 0.090286
0.607121 0.399594 0.257132
0.607319 0.408310 0.240864
0.602750 0.404051 0.249693
0.611696 0.404105 0.248005
0.611878 0.412272 0.232231
0.643772 0.430358 0.190095
0.643365 0.437161 0.176602
0.638948 0.433611 0.184158
0.648265 0.433934 0.182425
0.647752 0.440780 0.169163
0.603755 0.455779 0.144707
0.602547 0.462632 0.133137
0.598519 0.458881 0.139503
0.607816 0.459467 0.138196
0.606553 0.466491 0.126926
0.667573 0.526746 0.061046
0.666006 0.536050 0.054275
0.661997 0.530881 0.057892
0.671588 0.531852 0.057310
0.670022 0.541269 0.050816
0.515693 0.509409 0.071896
0.513791 0.518692 0.064092
0.510038 0.513308 0.068255
0.519450 0.514673 0.067591
0.517551 0.524170 0.060093
0.425306 0.582872 0.027272
0.423560 0.595538 0.023417
0.419737 0.588384 0.025404
0.429118 0.589923 0.025138
0.427414 0.602711 0.021608
0.491881 0.691730 0.009865
0.491388 0.703759 0.009580
0.486756 0.697583 0.009721
0.496501 0.697935 0.009697
0.496064 0.709787 0.009455
0.365628 0.483167 0.080510
0.363746 0.492084 0.072754
0.359982 0.486665 0.076806
0.369392 0.488478 0.076366
0.367500 0.497621 0.068784
0.534806 0.397409 0.264035
0.534880 0.405964 0.248148
0.530293 0.401711 0.255988
0.539433 0.401973 0.255943
0.539409 0.410019 0.240419
0.454775 0.439424 0.155909
0.453278 0.445216 0.144702
0.449345 0.441519 0.150331
0.458731 0.443018 0.150180
0.457186 0.449010 0.139110
0.577637 0.602073 0.022537
0.576160 0.613536 0.019506
0.572062 0.607372 0.021070
0.581717 0.608196 0.020831
0.580286 0.619706 0.018103
0.727849 0.546973 0.047923
0.722263 0.551156 0.045225
0.733427 0.542877 0.050679
0.716671 0.555427 0.042594
0.711073 0.559789 0.040043
0.750123 0.531074 0.059194
0.744564 0.534932 0.056323
0.755675 0.527286 0.062086
0.738999 0.538864 0.053482
0.554850 0.710896 0.009329
0.549826 0.716392 0.009260
0.559877 0.705360 0.009403
0.544808 0.721836 0.009196
0.539796 0.727213 0.009138
0.574990 0.688689 0.009704
0.569938 0.694226 0.009565
0.580071 0.683183 0.009913
0.564907 0.699794 0.009479
0.331667 0.505300 0.059661
0.461218 0.726275 0.009205
0.391860 0.618446 0.017569
0.638380 0.624564 0.016910
0.632867 0.629860 0.015911
0.643925 0.619246 0.017995
0.627396 0.635128 0.014984
0.621975 0.640387 0.014132
0.660650 0.603432 0.021972
0.655063 0.608666 0.020527
0.666247 0.598252 0.023532
0.649486 0.613941 0.019201
0.683061 0.583138 0.028892
0.677454 0.588096 0.026993
0.688667 0.578270 0.030901
0.671848 0.593137 0.025206
0.705475 0.564254 0.037593
0.699874 0.568824 0.035251
0.694272 0.573497 0.033021
0.425060 0.674749 0.010611
0.514865 0.752937 0.008953
0.509910 0.757892 0.008940
0.519831 0.747936 0.008975
0.504968 0.762821 0.008936
0.500038 0.767734 0.008940
0.534791 0.732514 0.009086
0.529795 0.737734 0.009042
0.524808 0.742872 0.009004
0.361913 0.557777 0.034016
0.595507 0.666890 0.010962
0.590328 0.672282 0.010542
0.600722 0.661535 0.011453
0.585183 0.677713 0.010192
0.616599 0.645647 0.013353
0.611266 0.650920 0.012648
0.605974 0.656213 0.012015
0.312738 0.477375 0.078888
0.308942 0.472130 0.082913
0.316529 0.482723 0.074911
0.305140 0.466980 0.086977
0.301328 0.461919 0.091070
0.327884 0.499470 0.063350
0.324101 0.493761 0.067132
0.320316 0.488181 0.070989
0.438233 0.695221 0.009790
0.433801 0.688454 0.009977
0.442710 0.701849 0.009642
0.429411 0.681624 0.010244
0.456513 0.720447 0.009293
0.451855 0.714445 0.009395
0.447252 0.708251 0.009511
0.373081 0.580261 0.026568
0.369384 0.572626 0.028890
0.376769 0.587988 0.024419
0.365664 0.565123 0.031376
0.387990 0.611069 0.019031
0.384194 0.603508 0.020656
0.380464 0.595767 0.022451
0.403895 0.639931 0.014050
0.399814 0.632848 0.015089
0.408038 0.646959 0.013135
0.395802 0.625694 0.016259
0.420747 0.667840 0.011080
0.416470 0.660907 0.011654
0.412232 0.653948 0.012338
0.475572 0.742815 0.009019
0.470753 0.737452 0.009068
0.480420 0.748037 0.008982
0.465967 0.731941 0.009130
0.495106 0.762956 0.008936
0.490191 0.758093 0.008941
0.485294 0.753127 0.008956
0.343032 0.523601 0.049207
0.339244 0.517341 0.052587
0.346819 0.530047 0.045934
0.335455 0.511248 0.056072
0.358149 0.550581 0.036800
0.354378 0.543547 0.039721
0.350602 0.536697 0.042769
