0.590007 0.589032 0.028067
0.588375 0.600374 0.024200
0.584375 0.594225 0.026183
0.467701 0.433077 0.176574
0.466246 0.438478 0.164213
0.462311 0.435041 0.170362
0.546970 0.388783 0.304118
0.546613 0.397827 0.284057
0.542338 0.393334 0.293954
0.379070 0.473457 0.092905
0.377218 0.481894 0.084341
0.373448 0.476758 0.088760
0.502765 0.678733 0.010649
0.502067 0.691061 0.010038
0.497553 0.684681 0.010311
0.438362 0.568970 0.033221
0.436507 0.581237 0.028554
0.432767 0.574231 0.030975
0.528787 0.498860 0.084557
0.526908 0.507664 0.075810
0.523166 0.502537 0.080451
0.679991 0.516485 0.073437
0.678466 0.525438 0.065833
0.674457 0.520406 0.069867
0.615187 0.447754 0.165128
0.614268 0.454428 0.152351
0.610145 0.450810 0.159309
0.653334 0.422733 0.216061
0.653436 0.429463 0.201054
0.648804 0.425937 0.209390
0.616362 0.391199 0.294826
0.616450 0.400008 0.274827
0.612134 0.395625 0.285706
0.573231 0.472075 0.121639
0.571602 0.479481 0.110863
0.567761 0.475210 0.116637
0.541691 0.442170 0.173475
0.540441 0.448163 0.160543
0.536478 0.444656 0.167279
0.581196 0.421409 0.228607
0.580785 0.427576 0.213113
0.576534 0.424320 0.221325
0.635268 0.550156 0.047378
0.633554 0.560336 0.041522
0.629615 0.554734 0.044575
0.604068 0.508239 0.078776
0.602344 0.517199 0.070481
0.598481 0.512143 0.074904
0.647967 0.479212 0.113450
0.646559 0.487095 0.103299
0.642583 0.482664 0.108813
0.483570 0.530816 0.055214
0.481592 0.541302 0.048582
0.477893 0.535232 0.052084
0.453967 0.486960 0.089468
0.452040 0.495611 0.080607
0.448336 0.490410 0.085236
0.498750 0.462625 0.127861
0.496972 0.469656 0.116987
0.493207 0.465386 0.122672
0.408871 0.517265 0.059189
0.406928 0.527628 0.052337
0.403248 0.521457 0.055943
0.469024 0.624923 0.017506
0.467630 0.637671 0.015181
0.463577 0.630722 0.016345
0.348303 0.436818 0.130528
0.346621 0.443749 0.120956
0.342718 0.439357 0.125665
0.509231 0.416916 0.232456
0.508368 0.422330 0.217479
0.504265 0.419304 0.224901
0.475059 0.389080 0.296946
0.474669 0.396301 0.278918
0.470353 0.392766 0.286842
0.509573 0.337665 0.374419
0.510119 0.351709 0.361865
0.505134 0.345025 0.368326
0.586474 0.337046 0.374625
0.585665 0.351370 0.362146
0.581550 0.344022 0.369189
0.547924 0.290778 0.390390
0.547957 0.300755 0.390070
0.543004 0.295731 0.390306
0.423899 0.450463 0.130718
0.422134 0.457303 0.120284
0.418327 0.453007 0.125539
0.392556 0.420146 0.174665
0.391048 0.425499 0.163143
0.387089 0.421863 0.168654
0.435369 0.408715 0.228354
0.434246 0.413205 0.214739
0.430143 0.410179 0.221125
0.545429 0.632411 0.016391
0.544203 0.644429 0.014349
0.539984 0.638050 0.015381
0.513582 0.580571 0.030447
0.511821 0.592366 0.026209
0.507948 0.585824 0.028410
0.558975 0.541733 0.051009
0.557099 0.552113 0.044750
0.553292 0.546287 0.048055
0.723662 0.487390 0.103948
0.722401 0.495524 0.095025
0.718264 0.490853 0.099999
0.689706 0.452649 0.153038
0.688921 0.460008 0.141062
0.684631 0.455922 0.147806
0.593992 0.595127 0.025941
0.471650 0.436425 0.170294
0.551221 0.393623 0.293800
0.382841 0.478485 0.088389
0.507244 0.685132 0.010283
0.442094 0.575862 0.030653
0.532537 0.503870 0.079771
0.684012 0.521456 0.069285
0.619360 0.451339 0.158006
0.658058 0.426289 0.207519
0.620611 0.395877 0.283531
0.577102 0.476241 0.115739
0.545687 0.445624 0.166566
0.585499 0.424741 0.220192
0.639210 0.555677 0.044205
0.607940 0.513204 0.074215
0.651978 0.483582 0.107796
0.487271 0.536775 0.051584
0.457676 0.492039 0.084713
0.502537 0.466784 0.122055
0.412552 0.523308 0.055470
0.473048 0.631834 0.016232
0.352210 0.441123 0.125722
0.513373 0.420030 0.224857
0.479408 0.392837 0.288668
0.514583 0.344346 0.368974
0.590579 0.344314 0.368649
0.552857 0.295726 0.390311
0.427720 0.454646 0.125356
0.396526 0.423684 0.169045
0.439503 0.411729 0.221863
0.549609 0.638770 0.015261
0.517442 0.587027 0.028099
0.562786 0.547464 0.047579
0.727828 0.492039 0.098833
0.694043 0.456712 0.146123
0.685657 0.483006 0.108826
0.689742 0.487526 0.103395
0.684332 0.491056 0.099215
0.691007 0.479561 0.113202
0.706864 0.469402 0.126712
0.711088 0.473792 0.120685
0.705794 0.477179 0.116278
0.718284 0.520834 0.070996
0.722365 0.525770 0.067078
0.716827 0.529656 0.063801
0.723797 0.517074 0.074410
0.740268 0.506179 0.084818
0.744403 0.510950 0.080526
0.738911 0.514559 0.077129
0.551661 0.585137 0.029182
0.555590 0.591390 0.026952
0.549970 0.596691 0.025141
0.557307 0.579988 0.031263
0.574312 0.565007 0.038229
0.578199 0.570953 0.035438
0.572530 0.575949 0.033134
0.507074 0.629061 0.016947
0.511187 0.635673 0.015747
0.505765 0.641445 0.014775
0.512564 0.623366 0.018108
0.529212 0.606542 0.022126
0.533201 0.613072 0.020490
0.527650 0.618662 0.019176
0.541533 0.680524 0.010496
0.546099 0.686669 0.010156
0.540975 0.692450 0.009938
0.546722 0.674745 0.010884
0.562484 0.657573 0.012531
0.566889 0.663739 0.011831
0.561643 0.669434 0.011293
0.430223 0.427169 0.176144
0.434197 0.430559 0.170221
0.428754 0.432428 0.164222
0.435634 0.425464 0.182418
0.451746 0.420599 0.202313
0.455763 0.423594 0.195788
0.450403 0.425278 0.189117
0.386197 0.443755 0.130840
0.390062 0.447979 0.125765
0.384471 0.450613 0.120805
0.391766 0.441325 0.136038
0.408375 0.434674 0.152440
0.412290 0.438491 0.146971
0.406759 0.440701 0.141470
0.416576 0.480312 0.091394
0.420302 0.485384 0.086727
0.414671 0.488866 0.082627
0.422202 0.477044 0.095738
0.439050 0.467818 0.109523
0.442794 0.472427 0.104374
0.437180 0.475521 0.099774
0.548105 0.336829 0.375198
0.552859 0.343823 0.369687
0.548006 0.350906 0.363082
0.552971 0.330078 0.379717
0.567764 0.311481 0.388104
0.572693 0.317325 0.386059
0.567707 0.323559 0.383316
0.582290 0.390042 0.301602
0.586357 0.394968 0.290619
0.581825 0.399305 0.281243
0.587006 0.384975 0.311775
0.601509 0.366829 0.342327
0.604936 0.373900 0.330824
0.600245 0.379791 0.320700
0.511048 0.388473 0.302759
0.515456 0.392927 0.293093
0.510817 0.397014 0.283174
0.515615 0.383546 0.313531
0.529216 0.365042 0.345981
0.533839 0.371695 0.336002
0.529244 0.377887 0.325147
0.472601 0.413651 0.231200
0.476744 0.416638 0.224198
0.471591 0.418515 0.216857
0.477653 0.411530 0.238929
0.492370 0.403693 0.263964
0.496629 0.407130 0.255901
0.491768 0.409875 0.247547
0.504850 0.438099 0.175744
0.508803 0.441490 0.169078
0.503479 0.443779 0.163050
0.510111 0.435886 0.182095
0.525614 0.429155 0.202370
0.529645 0.432277 0.194965
0.524505 0.434603 0.188180
0.341372 0.466508 0.094183
0.345190 0.471506 0.089812
0.339558 0.474824 0.085847
0.346994 0.463371 0.098326
0.363828 0.454451 0.111455
0.367664 0.459052 0.106757
0.362052 0.462040 0.102343
0.464244 0.676266 0.010760
0.468598 0.683016 0.010373
0.463366 0.689098 0.010098
0.469514 0.670221 0.011225
0.485441 0.652322 0.013158
0.489684 0.659038 0.012368
0.484380 0.664981 0.011737
0.401201 0.562016 0.034549
0.404891 0.569139 0.031875
0.399317 0.574653 0.029621
0.406774 0.556847 0.037036
0.423579 0.542211 0.045080
0.427260 0.548757 0.041890
0.421647 0.553641 0.039236
0.491356 0.493198 0.087255
0.495076 0.498251 0.082446
0.489434 0.501920 0.078396
0.496985 0.489743 0.091568
0.513807 0.479894 0.105202
0.517552 0.484475 0.099829
0.511950 0.487796 0.095304
0.446157 0.524343 0.057219
0.449833 0.530370 0.053541
0.444175 0.534809 0.050469
0.451813 0.520110 0.060523
0.468779 0.507975 0.071214
0.472476 0.513520 0.066988
0.466816 0.517589 0.063439
0.475809 0.575186 0.031828
0.479596 0.581870 0.029368
0.473988 0.587228 0.027376
0.481443 0.570030 0.034089
0.498428 0.555159 0.041571
0.502178 0.561435 0.038539
0.496512 0.566398 0.036069
0.641925 0.512364 0.076035
0.645870 0.517331 0.071674
0.640304 0.521360 0.068052
0.647462 0.508481 0.079885
0.663962 0.497229 0.091904
0.667961 0.501940 0.086995
0.662466 0.505683 0.083051
0.597029 0.546150 0.049074
0.600904 0.551769 0.045778
0.595229 0.556441 0.043033
0.602691 0.541643 0.052041
0.619601 0.528617 0.061646
0.623504 0.533908 0.057821
0.617873 0.538251 0.054637
0.628528 0.592609 0.027070
0.632555 0.598637 0.025029
0.626938 0.603850 0.023350
0.634168 0.587505 0.029013
0.651126 0.572579 0.035566
0.655127 0.578331 0.032986
0.649475 0.583309 0.030817
0.578449 0.445524 0.170013
0.582524 0.449005 0.162923
0.577356 0.451793 0.157045
0.583516 0.442778 0.176216
0.598319 0.434353 0.195709
0.602562 0.437588 0.187762
0.597654 0.440505 0.181340
0.535975 0.467717 0.125026
0.539785 0.471864 0.119138
0.534260 0.474924 0.114141
0.541435 0.464821 0.130247
0.557583 0.456420 0.146563
0.561519 0.460188 0.140141
0.556144 0.463036 0.134732
0.566342 0.503853 0.081719
0.570152 0.508833 0.077014
0.564530 0.512738 0.073153
0.571942 0.500133 0.085843
0.588648 0.489356 0.098892
0.592495 0.493927 0.093593
0.586935 0.497557 0.089286
0.616973 0.422017 0.222911
0.621443 0.425317 0.214365
0.616843 0.428493 0.207593
0.621424 0.418672 0.230020
0.634300 0.408220 0.252476
0.639037 0.411963 0.242947
0.634764 0.415383 0.235557
0.652197 0.449902 0.159664
0.656481 0.453747 0.152616
0.651381 0.456956 0.147202
0.657198 0.446725 0.165353
0.671932 0.437196 0.182953
0.676446 0.440945 0.175132
0.671526 0.444151 0.169358
0.610551 0.475724 0.117617
0.614483 0.479959 0.111794
0.609034 0.483374 0.107105
0.615921 0.472429 0.122517
0.631750 0.462698 0.137811
0.635835 0.466683 0.131454
0.630566 0.469960 0.126393
0.673696 0.553883 0.045889
0.677697 0.559307 0.042806
0.672065 0.563916 0.040182
0.679316 0.549448 0.048734
0.696099 0.536671 0.057829
0.700133 0.541829 0.054314
0.694542 0.546064 0.051298
0.521164 0.536647 0.053076
0.524911 0.542496 0.049529
0.519225 0.547097 0.046618
0.526840 0.532233 0.056219
0.543823 0.519536 0.066403
0.547599 0.524958 0.062289
0.541938 0.529209 0.058916
0.431359 0.619913 0.018014
0.435308 0.627053 0.016663
0.429883 0.632992 0.015520
0.436835 0.614070 0.019372
0.453426 0.596851 0.024004
0.457259 0.603922 0.022151
0.451722 0.609657 0.020640
0.500614 0.726573 0.009235
0.505377 0.732129 0.009152
0.500336 0.737481 0.009088
0.505692 0.721014 0.009325
0.520998 0.703825 0.009668
0.525666 0.709829 0.009528
0.520577 0.715532 0.009417
0.371595 0.509809 0.061043
0.375327 0.515781 0.057313
0.369726 0.519991 0.054108
0.377210 0.505807 0.064441
0.394070 0.494323 0.075269
0.397786 0.499866 0.071075
0.392165 0.503712 0.067471
0.545388 0.419254 0.231796
0.549583 0.422578 0.223749
0.544708 0.425148 0.216363
0.550142 0.416401 0.239580
0.564017 0.406678 0.264377
0.568296 0.410610 0.255071
0.563726 0.413894 0.246915
0.461382 0.456784 0.129681
0.465174 0.460952 0.124082
0.459594 0.463697 0.118960
0.466922 0.454238 0.135026
0.483386 0.447056 0.151771
0.487258 0.450794 0.145701
0.481779 0.453226 0.140136
0.583993 0.635232 0.015864
0.588222 0.641416 0.014792
0.582835 0.646920 0.013929
0.589466 0.629775 0.016906
0.606095 0.613578 0.020552
0.610175 0.619779 0.019081
0.604628 0.625156 0.017884
0.669147 0.465776 0.132627
0.668028 0.473308 0.121625
0.663906 0.469093 0.127732
0.673308 0.469953 0.126367
0.680275 0.486491 0.104512
0.701960 0.501494 0.088354
0.700554 0.509957 0.080046
0.696494 0.505147 0.084542
0.706037 0.506261 0.083743
0.712757 0.524670 0.067622
0.536234 0.560457 0.039822
0.534380 0.571551 0.034520
0.530555 0.565354 0.037298
0.540048 0.566565 0.036905
0.546027 0.590365 0.027225
0.491137 0.602136 0.023054
0.489501 0.614603 0.019911
0.485566 0.607764 0.021523
0.495050 0.608932 0.021312
0.501616 0.634805 0.015872
0.523854 0.655242 0.012852
0.522912 0.667480 0.011526
0.518541 0.661060 0.012175
0.528187 0.661659 0.012108
0.536371 0.686322 0.010190
0.414215 0.414182 0.200304
0.412829 0.418809 0.187642
0.408833 0.415553 0.193644
0.418225 0.417354 0.194180
0.424794 0.428931 0.170021
0.370560 0.427636 0.151459
0.368938 0.433801 0.140908
0.365013 0.429777 0.146008
0.374491 0.431565 0.146260
0.380616 0.446290 0.125782
0.401534 0.461197 0.110748
0.399703 0.468828 0.101273
0.395922 0.464117 0.106089
0.405318 0.465805 0.105827
0.410949 0.483675 0.087177
0.528379 0.311599 0.388071
0.528560 0.323659 0.383242
0.523568 0.317552 0.386018
0.533360 0.317430 0.386056
0.543285 0.343793 0.369666
0.566258 0.365392 0.345991
0.565396 0.378534 0.324939
0.561246 0.372088 0.335939
0.570357 0.372327 0.335517
0.577656 0.394693 0.291780
0.492595 0.367367 0.341657
0.493031 0.379163 0.321031
0.488427 0.374036 0.330371
0.497320 0.373122 0.332450
0.506447 0.392895 0.292405
0.455748 0.401246 0.259598
0.454950 0.406523 0.244391
0.450739 0.403426 0.251344
0.459984 0.404405 0.252443
0.467479 0.415581 0.223708
0.488934 0.425449 0.203229
0.487667 0.430443 0.189488
0.483689 0.427342 0.196281
0.492931 0.428466 0.196247
0.499547 0.440311 0.169556
0.325955 0.447456 0.111958
0.324226 0.455030 0.103239
0.320362 0.450308 0.107651
0.329831 0.452095 0.107480
0.335742 0.469724 0.090143
0.447407 0.648435 0.013404
0.446210 0.661538 0.011884
0.442062 0.654448 0.012609
0.451535 0.655495 0.012570
0.458987 0.682351 0.010386
0.386454 0.534655 0.046783
0.384577 0.546139 0.040747
0.380881 0.539336 0.043904
0.390143 0.541293 0.043510
0.395635 0.567365 0.032157
0.476442 0.474113 0.107709
0.474561 0.481906 0.097815
0.470832 0.477186 0.102956
0.480179 0.478716 0.102430
0.485720 0.496746 0.083060
0.431422 0.501345 0.073317
0.429468 0.510877 0.065501
0.425781 0.505187 0.069598
0.435113 0.506913 0.069085
0.440502 0.528660 0.054028
0.460887 0.549060 0.043336
0.458944 0.560413 0.037657
0.455235 0.553875 0.040638
0.464590 0.555480 0.040223
0.470189 0.580445 0.029687
0.626221 0.493297 0.095350
0.624617 0.501656 0.086072
0.620714 0.496942 0.091048
0.630136 0.497937 0.090234
0.636370 0.516316 0.072279
0.581624 0.524332 0.063959
0.579808 0.533998 0.056694
0.575976 0.528558 0.060538
0.585463 0.529672 0.059967
0.591357 0.550737 0.046209
0.612623 0.568973 0.036812
0.610912 0.579788 0.031909
0.606959 0.573880 0.034448
0.616568 0.574811 0.034138
0.622901 0.597770 0.025250
0.562030 0.432202 0.200061
0.561120 0.438002 0.185598
0.557034 0.434707 0.193141
0.566146 0.435441 0.192298
0.573318 0.448251 0.163952
0.520558 0.452172 0.149617
0.519022 0.458554 0.137836
0.515166 0.454719 0.144008
0.524440 0.455910 0.143318
0.530479 0.470671 0.119909
0.551158 0.484946 0.102202
0.549363 0.492992 0.092395
0.545584 0.488315 0.097612
0.554948 0.489518 0.096842
0.560728 0.507650 0.077710
0.599164 0.407885 0.259675
0.599164 0.415223 0.242271
0.594754 0.411567 0.251543
0.603581 0.411679 0.250046
0.612443 0.425274 0.215965
0.634760 0.435373 0.189848
0.634292 0.442002 0.175783
0.629952 0.438485 0.183451
0.639157 0.438870 0.181990
0.647151 0.453085 0.154059
0.594649 0.459891 0.142583
0.593338 0.466791 0.130885
0.589369 0.462903 0.137208
0.598653 0.463694 0.136104
0.605134 0.479060 0.112808
0.657757 0.532650 0.059644
0.656125 0.542202 0.052876
0.652158 0.536900 0.056421
0.661734 0.537882 0.055973
0.668067 0.558410 0.043145
0.506237 0.514088 0.068889
0.504296 0.523741 0.061228
0.500577 0.518123 0.065285
0.509961 0.519585 0.064682
0.515481 0.541144 0.050039
0.416034 0.590911 0.024899
0.414223 0.604234 0.021277
0.410448 0.596844 0.023096
0.419795 0.598240 0.022938
0.425893 0.625858 0.016747
0.482001 0.702641 0.009723
0.481434 0.714712 0.009453
0.476828 0.708583 0.009583
0.486578 0.708886 0.009576
0.495550 0.732042 0.009157
0.356571 0.487183 0.077003
0.354713 0.496400 0.069248
0.350939 0.490821 0.073288
0.360342 0.492651 0.072869
0.365984 0.513890 0.057734
0.528434 0.405046 0.265544
0.527967 0.411914 0.248392
0.523726 0.408387 0.256778
0.532702 0.408764 0.256820
0.540559 0.421942 0.224208
0.445986 0.441211 0.152615
0.444364 0.447240 0.141271
0.440498 0.443396 0.146964
0.449870 0.444947 0.146811
0.455822 0.459416 0.124457
0.567558 0.610245 0.021295
0.566054 0.622047 0.018501
0.561982 0.615732 0.019928
0.571606 0.616538 0.019750
0.578560 0.640738 0.014906
0.573166 0.646298 0.014032
0.572169 0.658079 0.012449
0.567806 0.651914 0.013241
0.577484 0.652474 0.013148
0.581859 0.658618 0.012369
0.581063 0.670303 0.011172
0.576588 0.664210 0.011760
0.564690 0.633859 0.016123
0.568900 0.640096 0.015023
0.563500 0.645706 0.014137
0.570172 0.628308 0.017190
0.575690 0.622803 0.018341
0.579816 0.629031 0.017046
0.574339 0.634535 0.015992
0.556431 0.621261 0.018664
0.555053 0.633154 0.016256
0.550912 0.626817 0.017485
0.560535 0.627582 0.017336
0.559248 0.639451 0.015141
0.450242 0.462133 0.119353
0.448402 0.469429 0.109102
0.444651 0.464932 0.114373
0.454002 0.466521 0.113964
0.457749 0.471016 0.108656
0.455871 0.478765 0.098822
0.452142 0.474039 0.103915
0.442663 0.453678 0.130305
0.446465 0.457850 0.124804
0.440884 0.460544 0.119715
0.448207 0.451188 0.135618
0.453730 0.448785 0.141051
0.457567 0.452729 0.135339
0.452026 0.455246 0.130011
0.434987 0.445663 0.141432
0.433288 0.452085 0.130545
0.429453 0.448017 0.136017
0.438837 0.449617 0.135850
0.437099 0.456259 0.125110
0.535650 0.424475 0.216787
0.534733 0.429940 0.201958
0.530666 0.426867 0.209508
0.539756 0.427590 0.209100
0.543840 0.430710 0.201451
0.542822 0.436355 0.187081
0.538781 0.433102 0.194462
0.527358 0.418118 0.232338
0.531518 0.421324 0.224522
0.526577 0.423800 0.217096
0.532186 0.415341 0.240186
0.536947 0.412360 0.248302
0.541176 0.415853 0.239969
0.536384 0.418679 0.232136
0.518958 0.411471 0.248356
0.518308 0.417539 0.232440
0.514127 0.414310 0.240259
0.523170 0.414837 0.240272
0.522457 0.420697 0.224730
0.360376 0.518068 0.054505
0.358534 0.528792 0.047930
0.354769 0.522366 0.051352
0.364130 0.524319 0.050983
0.367873 0.530753 0.047571
0.366031 0.542237 0.041433
0.362289 0.535418 0.044621
0.352848 0.506045 0.061875
0.356615 0.511983 0.058136
0.350998 0.516126 0.054884
0.358476 0.502108 0.065305
0.364104 0.498244 0.068823
0.367854 0.503965 0.064880
0.362233 0.507937 0.061467
0.345302 0.494538 0.069662
0.343441 0.504130 0.062269
0.339660 0.498331 0.066119
0.349078 0.500229 0.065718
0.347221 0.510055 0.058523
0.490501 0.737427 0.009090
0.490302 0.747954 0.008993
0.485468 0.742734 0.009036
0.495311 0.742753 0.009034
0.500154 0.747925 0.008992
0.500057 0.757975 0.008943
0.495167 0.753030 0.008962
0.480991 0.726283 0.009244
0.485726 0.731938 0.009160
0.480668 0.737358 0.009092
0.486093 0.720661 0.009339
0.491209 0.714953 0.009446
0.495889 0.720848 0.009333
0.490800 0.726437 0.009240
0.471667 0.714448 0.009457
0.471188 0.726115 0.009246
0.466521 0.720231 0.009345
0.476303 0.720455 0.009343
0.475906 0.731821 0.009162
0.420424 0.631933 0.015573
0.419000 0.645302 0.013517
0.414935 0.638169 0.014497
0.424451 0.639070 0.014470
0.428515 0.646214 0.013494
0.427237 0.659555 0.011925
0.423103 0.652429 0.012661
0.412515 0.617601 0.018185
0.416442 0.624786 0.016810
0.410917 0.631020 0.015607
0.418057 0.611515 0.019617
0.423598 0.605539 0.021144
0.427454 0.612755 0.019505
0.421949 0.618709 0.018110
0.404848 0.602968 0.021389
0.403062 0.616582 0.018238
0.399235 0.609232 0.019778
0.408650 0.610343 0.019708
0.406957 0.623833 0.016851
0.509795 0.545726 0.047108
0.507854 0.556567 0.041120
0.504109 0.550397 0.044286
0.513538 0.551787 0.043814
0.517299 0.557913 0.040677
0.515410 0.569079 0.035275
0.511620 0.562797 0.038114
0.502343 0.533825 0.054155
0.506064 0.539737 0.050557
0.500379 0.544297 0.047605
0.508019 0.529459 0.057339
0.513690 0.525182 0.060642
0.517424 0.530873 0.056775
0.511747 0.535265 0.053612
0.494912 0.522256 0.061804
0.492950 0.532340 0.054690
0.489243 0.526489 0.058450
0.498626 0.527994 0.057900
0.496661 0.538277 0.051075
0.662429 0.563036 0.040508
0.660777 0.573433 0.035271
0.656780 0.567760 0.037981
0.666425 0.568626 0.037670
0.670433 0.574274 0.034981
0.668810 0.584947 0.030304
0.664788 0.579163 0.032711
0.654466 0.552033 0.046619
0.658442 0.557505 0.043492
0.652795 0.562147 0.040841
0.660098 0.547558 0.049490
0.665717 0.543168 0.052463
0.669705 0.548504 0.049107
0.664079 0.552960 0.046249
0.646541 0.541237 0.053299
0.644859 0.551102 0.046995
0.640910 0.545657 0.050283
0.650499 0.546610 0.049884
0.648821 0.556596 0.043847
0.599673 0.482444 0.108085
0.598033 0.490354 0.097997
0.594175 0.485876 0.103445
0.603548 0.486837 0.102502
0.607423 0.491338 0.097098
0.605762 0.499622 0.087649
0.601895 0.494938 0.092728
0.591890 0.473980 0.119719
0.595789 0.478159 0.113829
0.590314 0.481499 0.109054
0.597289 0.470775 0.124707
0.602637 0.467594 0.129774
0.606602 0.471603 0.123610
0.601219 0.474861 0.118676
0.584038 0.465931 0.131925
0.582560 0.473052 0.120701
0.578658 0.468985 0.126735
0.587973 0.469905 0.125751
0.586446 0.477222 0.114808
0.642063 0.456280 0.148543
0.641059 0.463423 0.136614
0.636930 0.459484 0.143124
0.646242 0.460180 0.141866
0.650394 0.464175 0.135368
0.649251 0.471584 0.124129
0.645166 0.467457 0.130283
0.633628 0.448756 0.162457
0.637859 0.452472 0.155404
0.632775 0.455641 0.149818
0.638606 0.445611 0.168340
0.643533 0.442460 0.174342
0.647880 0.446140 0.166904
0.642893 0.449305 0.161103
0.625091 0.441589 0.177194
0.624395 0.448239 0.163793
0.620170 0.444680 0.171088
0.629372 0.445127 0.169717
0.628597 0.451892 0.156705
0.607828 0.428428 0.209148
0.607402 0.434620 0.194318
0.603117 0.431451 0.202408
0.612164 0.431594 0.200925
0.616481 0.434817 0.192836
0.615926 0.441219 0.178602
0.611668 0.437863 0.186348
0.599077 0.421967 0.226017
0.603462 0.425237 0.217503
0.598807 0.428278 0.210597
0.603597 0.418705 0.233279
0.608038 0.415266 0.240733
0.612506 0.418688 0.231693
0.608030 0.422040 0.224526
0.590296 0.415044 0.243675
0.590130 0.421747 0.227383
0.585780 0.418322 0.236043
0.594683 0.418578 0.234728
0.594475 0.425055 0.218912
0.555104 0.511525 0.073820
0.553252 0.520796 0.065788
0.549468 0.515487 0.070050
0.558896 0.516724 0.069411
0.562695 0.522017 0.065175
0.560842 0.531689 0.057793
0.557043 0.526199 0.061702
0.547539 0.501431 0.083151
0.551318 0.506427 0.078402
0.545692 0.510276 0.074485
0.553146 0.497775 0.087335
0.558740 0.494195 0.091637
0.562538 0.498973 0.086595
0.556934 0.502662 0.082438
0.539997 0.491753 0.093139
0.538157 0.500163 0.083857
0.534398 0.495267 0.088787
0.543765 0.496538 0.088066
0.541922 0.505167 0.079088
0.524945 0.473688 0.114893
0.523139 0.481226 0.104476
0.519385 0.476760 0.109986
0.528709 0.478043 0.109249
0.532471 0.482504 0.103737
0.530643 0.490478 0.093872
0.526892 0.485798 0.099104
0.517378 0.465285 0.126513
0.521171 0.469433 0.120652
0.515627 0.472398 0.115625
0.522860 0.462490 0.131760
0.528303 0.459743 0.137120
0.532148 0.463677 0.131022
0.526679 0.466527 0.125783
0.509731 0.457303 0.138520
0.508069 0.463981 0.127213
0.504258 0.459934 0.133141
0.513564 0.461242 0.132471
0.511858 0.468136 0.121373
0.568126 0.450967 0.158028
0.566848 0.457373 0.145659
0.562880 0.453686 0.152234
0.572129 0.454579 0.151292
0.576116 0.458272 0.144696
0.574738 0.465018 0.132907
0.570801 0.461149 0.139216
0.560077 0.443958 0.171921
0.564109 0.447429 0.164904
0.558896 0.450081 0.158939
0.565197 0.441358 0.178224
0.570256 0.438744 0.184692
0.574358 0.442105 0.177266
0.569265 0.444773 0.171010
0.551974 0.437202 0.186394
0.550885 0.443089 0.172742
0.546859 0.439688 0.179843
0.556031 0.440550 0.179083
0.554898 0.446552 0.165775
0.617285 0.602987 0.023556
0.615747 0.614424 0.020375
0.611682 0.608257 0.021989
0.621334 0.609114 0.021798
0.625405 0.615279 0.020200
0.623944 0.626829 0.017590
0.619832 0.620623 0.018920
0.609248 0.590846 0.027556
0.613255 0.596898 0.025476
0.607639 0.602121 0.023766
0.614887 0.585739 0.029529
0.620535 0.580696 0.031624
0.624522 0.586629 0.029268
0.618883 0.591734 0.027310
0.601301 0.578858 0.032202
0.599622 0.589947 0.027808
0.595649 0.583911 0.030074
0.605263 0.584834 0.029798
0.603620 0.596018 0.025706
0.585677 0.555409 0.043445
0.583873 0.566035 0.037859
0.579994 0.560167 0.040784
0.589551 0.561197 0.040392
0.593444 0.567038 0.037498
0.591700 0.577911 0.032504
0.587774 0.571951 0.035098
0.577977 0.544016 0.050021
0.581820 0.549682 0.046656
0.576136 0.554354 0.043869
0.583649 0.539513 0.053032
0.589310 0.535092 0.056155
0.593165 0.540587 0.052527
0.587498 0.545095 0.049542
0.570318 0.532867 0.057240
0.568467 0.542898 0.050510
0.564650 0.537259 0.054066
0.574142 0.538409 0.053544
0.572296 0.548597 0.047111
0.630798 0.520341 0.068626
0.629121 0.529647 0.061120
0.625208 0.524439 0.065081
0.634721 0.525465 0.064532
0.638652 0.530660 0.060615
0.636972 0.540262 0.053726
0.633042 0.534923 0.057336
0.622976 0.510322 0.077364
0.626883 0.515291 0.072903
0.621303 0.519306 0.069223
0.628527 0.506459 0.081286
0.634058 0.502663 0.085312
0.637988 0.507474 0.080580
0.632445 0.511348 0.076689
0.615185 0.500643 0.086850
0.613518 0.509285 0.078060
0.609636 0.504407 0.082759
0.619078 0.505438 0.082012
0.617407 0.514253 0.073548
0.464586 0.585807 0.027669
0.462819 0.598253 0.023766
0.458998 0.591275 0.025774
0.468395 0.592688 0.025508
0.472234 0.599602 0.023529
0.470563 0.612241 0.020279
0.466671 0.605257 0.021942
0.457047 0.572179 0.032522
0.460804 0.578968 0.030008
0.455206 0.584335 0.027963
0.462671 0.567028 0.034833
0.468309 0.561981 0.037262
0.472048 0.568554 0.034461
0.466418 0.573708 0.032175
0.449596 0.558799 0.038052
0.447695 0.570604 0.032870
0.443972 0.563829 0.035579
0.453312 0.565454 0.035205
0.451439 0.577441 0.030330
0.434851 0.533070 0.050943
0.432886 0.543995 0.044646
0.429209 0.537583 0.047961
0.438526 0.539347 0.047505
0.442206 0.545737 0.044207
0.440265 0.557128 0.038451
0.436571 0.550513 0.041474
0.427503 0.520867 0.058215
0.431178 0.526910 0.054514
0.425535 0.531293 0.051412
0.433149 0.516691 0.061542
0.438798 0.512605 0.064987
0.442479 0.518418 0.061032
0.436827 0.522621 0.057719
0.420140 0.509124 0.066006
0.418185 0.519081 0.058705
0.414502 0.513153 0.062540
0.423824 0.514937 0.062044
0.421861 0.525126 0.054995
0.480078 0.500389 0.078987
0.478133 0.509553 0.070665
0.474430 0.504132 0.075037
0.483786 0.505686 0.074469
0.487494 0.511098 0.070095
0.485538 0.520735 0.062365
0.481835 0.515089 0.066439
0.472655 0.490141 0.088423
0.476368 0.495207 0.083641
0.470726 0.498827 0.079548
0.478285 0.486739 0.092779
0.483909 0.483431 0.097256
0.487634 0.488258 0.092195
0.482004 0.491686 0.087857
0.465215 0.480348 0.098328
0.463309 0.488564 0.088952
0.459593 0.483607 0.093831
0.468938 0.485188 0.093321
0.467019 0.493638 0.084189
0.390066 0.572922 0.029862
0.388126 0.586383 0.025418
0.384481 0.578729 0.027664
0.393734 0.580386 0.027469
0.397411 0.587907 0.025259
0.395477 0.601732 0.021483
0.391783 0.594077 0.023362
0.382715 0.558287 0.035173
0.386397 0.565544 0.032434
0.380833 0.571154 0.030095
0.388265 0.553092 0.037730
0.393827 0.548080 0.040373
0.397513 0.554992 0.037384
0.391951 0.560173 0.034863
0.375316 0.544191 0.041103
0.373471 0.556392 0.035464
0.369759 0.549236 0.038378
0.379021 0.551166 0.038066
0.377166 0.563699 0.032699
0.453738 0.688479 0.010104
0.452885 0.701398 0.009734
0.448483 0.694675 0.009898
0.458133 0.695234 0.009898
0.462576 0.701851 0.009733
0.461909 0.714161 0.009459
0.457361 0.707890 0.009589
0.445120 0.674676 0.010789
0.449399 0.681629 0.010394
0.444131 0.687808 0.010105
0.450412 0.668559 0.011275
0.455715 0.662494 0.011854
0.459951 0.669422 0.011252
0.454670 0.675502 0.010776
0.436731 0.660518 0.011910
0.435593 0.673790 0.010796
0.431400 0.666680 0.011304
0.440898 0.667634 0.011293
0.439833 0.680848 0.010397
0.330109 0.473015 0.086202
0.328277 0.481686 0.078192
0.324470 0.476386 0.082349
0.333919 0.478218 0.081976
0.337723 0.483535 0.077804
0.335873 0.492656 0.070064
0.332077 0.487109 0.074093
0.322459 0.462938 0.094776
0.326289 0.467924 0.090471
0.320656 0.471202 0.086553
0.328077 0.459834 0.098847
0.333691 0.456811 0.103022
0.337538 0.461612 0.098588
0.331915 0.464729 0.094479
0.314764 0.453239 0.103461
0.313002 0.461144 0.095073
0.309158 0.456253 0.099373
0.318618 0.458045 0.099108
0.316834 0.466125 0.090797
0.494199 0.442532 0.163505
0.492703 0.448417 0.151372
0.488811 0.444776 0.157579
0.498111 0.446082 0.157153
0.502004 0.449725 0.150867
0.500427 0.455992 0.139148
0.496576 0.452154 0.145227
0.486321 0.435699 0.176391
0.490268 0.439071 0.169918
0.484899 0.441229 0.163842
0.491636 0.433640 0.182775
0.496912 0.431583 0.189327
0.500885 0.434795 0.182495
0.495597 0.436930 0.176131
0.478395 0.429237 0.189515
0.477023 0.434409 0.176525
0.473063 0.431145 0.182954
0.482362 0.432420 0.182921
0.480969 0.437772 0.170158
0.462293 0.417356 0.216415
0.461092 0.421929 0.202649
0.457045 0.419012 0.209288
0.466370 0.420261 0.209676
0.470410 0.423170 0.202931
0.469091 0.427980 0.189447
0.465103 0.424911 0.196022
0.454030 0.411442 0.229888
0.458177 0.414419 0.223149
0.452964 0.416091 0.215918
0.459151 0.409585 0.237465
0.464212 0.407532 0.245316
0.468421 0.410616 0.238234
0.463330 0.412606 0.230573
0.445670 0.405370 0.243418
0.444708 0.410146 0.229151
0.440546 0.407122 0.235771
0.449857 0.408424 0.236643
0.448850 0.413137 0.222535
0.501809 0.396880 0.282502
0.501418 0.404091 0.264603
0.497121 0.400468 0.273029
0.506143 0.400727 0.273683
0.510447 0.404431 0.265051
0.509920 0.410998 0.248217
0.505685 0.407597 0.256329
0.493051 0.388712 0.300598
0.497447 0.392877 0.291485
0.492798 0.396723 0.281590
0.497569 0.384012 0.311422
0.501989 0.378618 0.322643
0.506568 0.383733 0.312639
0.502035 0.388570 0.301842
0.484121 0.379871 0.318848
0.484059 0.388892 0.298943
0.479659 0.384830 0.307628
0.488611 0.384384 0.309758
0.488444 0.392861 0.290244
0.573084 0.398989 0.282317
0.572819 0.407102 0.263490
0.568549 0.402972 0.273192
0.577321 0.403342 0.272206
0.581606 0.407451 0.262397
0.581437 0.414753 0.244930
0.577115 0.411020 0.254072
0.564738 0.389426 0.303392
0.568896 0.394363 0.292720
0.564306 0.398611 0.283166
0.569486 0.384414 0.313707
0.574353 0.378808 0.324299
0.578309 0.384704 0.312865
0.573554 0.389755 0.302618
0.556386 0.378254 0.325311
0.555865 0.389077 0.303883
0.551643 0.383802 0.314590
0.560581 0.384099 0.314284
0.560080 0.393992 0.293400
0.538522 0.350886 0.363020
0.538494 0.365001 0.346217
0.533831 0.358006 0.355156
0.543214 0.358006 0.355283
0.547752 0.365063 0.346288
0.547368 0.378035 0.325464
0.542996 0.371739 0.336159
0.528790 0.336902 0.375051
0.533704 0.343813 0.369581
0.529032 0.350955 0.362852
0.533529 0.330096 0.379650
0.538326 0.323596 0.383290
0.543250 0.330072 0.379700
0.538447 0.336830 0.375154
0.518817 0.323883 0.383133
0.519154 0.337156 0.374819
0.514144 0.330596 0.379308
0.523819 0.330243 0.379533
0.524129 0.343971 0.369372
0.405320 0.487132 0.083084
0.403411 0.496109 0.074802
0.399694 0.490681 0.079115
0.409040 0.492441 0.078652
0.412749 0.497876 0.074320
0.410814 0.507344 0.066503
0.407118 0.501664 0.070594
0.397844 0.476886 0.092193
0.401589 0.481947 0.087600
0.395965 0.485383 0.083519
0.403466 0.473657 0.096510
0.409086 0.470525 0.100957
0.412838 0.475358 0.096142
0.407214 0.478606 0.091808
0.390307 0.467134 0.101566
0.388463 0.475169 0.092558
0.384690 0.470248 0.097172
0.394084 0.471950 0.096851
0.392221 0.480213 0.088003
0.375026 0.448923 0.120867
0.373272 0.456150 0.111302
0.369430 0.451644 0.116091
0.378874 0.453337 0.115984
0.382704 0.457837 0.111136
0.380901 0.465443 0.101838
0.377095 0.460746 0.106550
0.367273 0.440328 0.130724
0.371159 0.444586 0.125780
0.365569 0.447219 0.120911
0.372848 0.437890 0.135836
0.378410 0.435556 0.141089
0.382313 0.439617 0.135949
0.376741 0.442051 0.130793
0.359453 0.432022 0.140701
0.357794 0.438585 0.130636
0.353883 0.434371 0.135541
0.363371 0.436142 0.135699
0.361690 0.442865 0.125759
0.419343 0.430761 0.164033
0.417801 0.436383 0.152601
0.413870 0.432669 0.158171
0.423289 0.434366 0.158351
0.427212 0.438045 0.152687
0.425593 0.444049 0.141520
0.421709 0.440174 0.147049
0.411400 0.423749 0.175481
0.415378 0.427221 0.169736
0.409920 0.429032 0.163769
0.416825 0.422122 0.181712
0.422234 0.420575 0.188116
0.426235 0.423843 0.182106
0.420816 0.425497 0.175847
0.403427 0.416998 0.187150
0.401981 0.421966 0.175088
0.398001 0.418526 0.180826
0.407414 0.420344 0.181283
0.405956 0.425467 0.169406
0.531236 0.692136 0.009965
0.530764 0.704064 0.009651
0.526117 0.697976 0.009805
0.535869 0.698253 0.009784
0.540538 0.704282 0.009633
0.540178 0.715812 0.009394
0.535453 0.710011 0.009514
0.522130 0.679682 0.010575
0.526653 0.685950 0.010222
0.521505 0.691801 0.009990
0.527340 0.673834 0.010981
0.532577 0.668014 0.011470
0.537026 0.674304 0.010933
0.531826 0.680116 0.010536
0.513256 0.666917 0.011582
0.512441 0.679222 0.010613
0.507997 0.672809 0.011073
0.517663 0.673337 0.011028
0.516944 0.685554 0.010253
0.496192 0.640598 0.014882
0.495014 0.653132 0.013085
0.490801 0.646436 0.013977
0.500373 0.647267 0.013888
0.504611 0.653877 0.013009
0.503612 0.666323 0.011636
0.499283 0.659763 0.012306
0.487998 0.627113 0.017233
0.492068 0.633877 0.015996
0.486645 0.639686 0.014986
0.493486 0.621387 0.018436
0.499007 0.615697 0.019725
0.503014 0.622406 0.018271
0.497523 0.628118 0.017091
0.480020 0.613450 0.020096
0.478499 0.626048 0.017371
0.474506 0.619168 0.018757
0.483983 0.620307 0.018598
0.482545 0.632887 0.016116
0.540407 0.595675 0.025395
0.538774 0.607531 0.021909
0.534802 0.601067 0.023695
0.544364 0.602070 0.023459
0.548353 0.608476 0.021699
0.546822 0.620434 0.018831
0.542778 0.613999 0.020298
0.532586 0.582943 0.029794
0.536481 0.589297 0.027507
0.530862 0.594615 0.025658
0.538233 0.577789 0.031915
0.543891 0.572718 0.034159
0.547761 0.578911 0.031584
0.542115 0.584062 0.029483
0.524887 0.570337 0.034893
0.523076 0.581780 0.030115
0.519229 0.575409 0.032608
0.528722 0.576622 0.032257
0.526953 0.588184 0.027798
0.707217 0.528587 0.064296
0.705711 0.537684 0.057410
0.701665 0.532587 0.061028
0.711276 0.533626 0.060576
0.715333 0.538700 0.056996
0.713799 0.547983 0.050574
0.709756 0.542816 0.053929
0.699107 0.518629 0.072197
0.703161 0.523587 0.068166
0.697621 0.527530 0.064794
0.704619 0.514817 0.075735
0.710117 0.511075 0.079320
0.714200 0.515935 0.075073
0.708687 0.519723 0.071597
0.691009 0.508859 0.080781
0.689541 0.517551 0.072810
0.685508 0.512637 0.077077
0.695056 0.513719 0.076399
0.693580 0.522516 0.068718
0.674863 0.490021 0.100255
0.673438 0.498256 0.091009
0.669424 0.493599 0.096049
0.678895 0.494631 0.095085
0.682929 0.499311 0.090117
0.681480 0.507780 0.081528
0.677457 0.502985 0.086170
0.666777 0.481046 0.111190
0.670826 0.485490 0.105623
0.665412 0.489019 0.101291
0.672128 0.477613 0.115718
0.677444 0.474216 0.120314
0.681558 0.478567 0.114467
0.676209 0.482008 0.110014
0.658629 0.472434 0.122909
0.657362 0.480117 0.112347
0.653315 0.475804 0.118150
0.662712 0.476695 0.116954
0.661393 0.484523 0.106725
0.603310 0.636720 0.015615
0.607557 0.642883 0.014570
0.602182 0.648283 0.013730
0.608776 0.631341 0.016633
0.614285 0.625981 0.017736
0.618436 0.632167 0.016499
0.612974 0.637513 0.015493
0.592507 0.647581 0.013828
0.597888 0.642131 0.014680
0.596847 0.653721 0.012970
0.593650 0.635960 0.015738
0.594977 0.624354 0.018034
0.600524 0.618952 0.019244
0.599118 0.630544 0.016769
0.586289 0.664727 0.011692
0.587164 0.653075 0.013058
0.591550 0.659202 0.012291
0.480081 0.459781 0.128915
0.483869 0.463946 0.123213
0.478291 0.466747 0.118095
0.485610 0.457172 0.134252
0.491110 0.454633 0.139689
0.494940 0.458576 0.133740
0.489419 0.461224 0.128429
0.468943 0.465234 0.118546
0.474524 0.462466 0.123679
0.472698 0.469621 0.113084
0.470734 0.458295 0.129321
0.472438 0.451774 0.140491
0.477927 0.449384 0.146075
0.476270 0.455723 0.134675
0.461486 0.475625 0.103442
0.463350 0.468083 0.113534
0.467095 0.472577 0.108196
0.563340 0.420447 0.230576
0.567574 0.423805 0.222307
0.562785 0.426484 0.215059
0.568000 0.417501 0.238195
0.572586 0.414365 0.246016
0.576888 0.417958 0.237203
0.572271 0.420971 0.229675
0.553757 0.425835 0.215793
0.558592 0.423219 0.223119
0.557904 0.429029 0.207901
0.554376 0.419864 0.231282
0.554827 0.413369 0.247592
0.559448 0.410136 0.255851
0.559090 0.416974 0.238994
0.547910 0.433917 0.193860
0.548834 0.428315 0.208572
0.552942 0.431479 0.200823
0.390254 0.513543 0.060143
0.393949 0.519572 0.056411
0.388348 0.523821 0.053251
0.395868 0.509501 0.063511
0.401490 0.505539 0.066991
0.405184 0.511342 0.063028
0.399561 0.515417 0.059669
0.379047 0.521904 0.053691
0.384648 0.517671 0.056872
0.382757 0.528191 0.050180
0.380934 0.511673 0.060603
0.382829 0.501888 0.067938
0.388449 0.498058 0.071546
0.386547 0.507650 0.063985
0.371601 0.537380 0.044275
0.373456 0.526257 0.050592
0.377175 0.532704 0.047189
0.520251 0.726783 0.009222
0.525037 0.732255 0.009143
0.520013 0.737553 0.009081
0.525308 0.721275 0.009308
0.530376 0.715681 0.009406
0.535121 0.721378 0.009299
0.530073 0.726862 0.009215
0.510174 0.737521 0.009085
0.515206 0.732198 0.009148
0.515002 0.742763 0.009030
0.510431 0.726688 0.009229
0.510783 0.715362 0.009427
0.515885 0.709627 0.009542
0.515498 0.721155 0.009317
0.505023 0.752958 0.008962
0.505156 0.742759 0.009033
0.510005 0.747892 0.008990
0.450149 0.622503 0.017769
0.454130 0.629551 0.016455
0.448716 0.635412 0.015361
0.455624 0.616722 0.019069
0.461131 0.610976 0.020460
0.465052 0.617973 0.018914
0.459574 0.623739 0.017639
0.439297 0.634194 0.015446
0.444708 0.628323 0.016561
0.443329 0.641330 0.014361
0.440747 0.621211 0.017896
0.442337 0.608289 0.020819
0.447870 0.602535 0.022359
0.446218 0.615419 0.019222
0.432608 0.653365 0.012642
0.433907 0.640143 0.014424
0.437963 0.647305 0.013455
0.540038 0.539274 0.052027
0.543816 0.545066 0.048538
0.538129 0.549692 0.045666
0.545714 0.534829 0.055130
0.551382 0.530469 0.058352
0.555175 0.536064 0.054595
0.549499 0.540525 0.051515
0.528668 0.548416 0.046137
0.534356 0.543803 0.049029
0.532442 0.554406 0.042900
0.530594 0.537982 0.052547
0.532508 0.527908 0.059485
0.538170 0.523676 0.062880
0.536269 0.533551 0.055671
0.521080 0.564099 0.037701
0.522982 0.553119 0.043352
0.526758 0.559208 0.040244
0.692951 0.555710 0.045197
0.696974 0.561076 0.042152
0.691352 0.565647 0.039552
0.698564 0.551322 0.048021
0.704167 0.547023 0.050934
0.708198 0.552250 0.047679
0.702588 0.556613 0.044864
0.681706 0.564786 0.039864
0.687332 0.560196 0.042475
0.685725 0.570323 0.037067
0.683320 0.554799 0.045538
0.684924 0.545100 0.051674
0.690519 0.540842 0.054708
0.688937 0.550387 0.048372
0.674452 0.579979 0.032442
0.676073 0.569481 0.037365
0.680092 0.575102 0.034697
0.629236 0.477459 0.115530
0.633205 0.481760 0.109801
0.627776 0.485233 0.105186
0.634588 0.474097 0.120357
0.639898 0.470764 0.125277
0.643941 0.474939 0.119277
0.638593 0.478331 0.114498
0.618401 0.484303 0.106140
0.623839 0.480859 0.110792
0.622312 0.488750 0.100654
0.619889 0.476590 0.116569
0.621246 0.469165 0.127513
0.626522 0.465923 0.132609
0.625250 0.473260 0.121433
0.611301 0.495942 0.091879
0.612927 0.487795 0.101571
0.616818 0.492319 0.096216
0.670914 0.451221 0.156462
0.675232 0.455168 0.149454
0.670115 0.458420 0.144230
0.675937 0.447998 0.161952
0.680910 0.444769 0.167540
0.685330 0.448670 0.160176
0.680304 0.451919 0.154769
0.660734 0.457674 0.145758
0.665845 0.454445 0.151066
0.664956 0.461684 0.139093
0.661539 0.450547 0.158110
0.662155 0.443550 0.171129
0.667067 0.440375 0.176994
0.666555 0.447350 0.163687
0.654524 0.468260 0.129049
0.655584 0.460915 0.140527
0.659759 0.464962 0.134036
0.635018 0.422212 0.219616
0.639619 0.425651 0.211123
0.635018 0.428829 0.204444
0.639455 0.418931 0.226610
0.643807 0.415605 0.233737
0.648581 0.419183 0.224790
0.644141 0.422436 0.217901
0.625902 0.428623 0.206023
0.630498 0.425443 0.212756
0.630343 0.431965 0.197860
0.625963 0.422069 0.221270
0.625796 0.415246 0.237313
0.630089 0.411755 0.244802
0.630405 0.418755 0.228329
0.620791 0.438149 0.184902
0.621230 0.431747 0.199396
0.625597 0.435066 0.191346
0.585190 0.506112 0.080261
0.589030 0.511072 0.075613
0.583419 0.515036 0.071817
0.590778 0.502322 0.084312
0.596346 0.498598 0.088466
0.600204 0.503369 0.083527
0.594626 0.507184 0.079515
0.573969 0.513909 0.072484
0.579587 0.509974 0.076316
0.577792 0.519077 0.068132
0.575762 0.505006 0.080992
0.577529 0.496481 0.090083
0.583098 0.492889 0.094435
0.581357 0.501248 0.085084
0.566502 0.527400 0.061118
0.568337 0.517922 0.068770
0.572153 0.523198 0.064564
0.554585 0.469977 0.123406
0.558427 0.474134 0.117503
0.552911 0.477280 0.112557
0.560032 0.466990 0.128575
0.565438 0.464050 0.133844
0.569342 0.468012 0.127675
0.563904 0.471047 0.122541
0.543580 0.476121 0.113362
0.549101 0.473018 0.118337
0.547370 0.480481 0.107711
0.545276 0.468866 0.124234
0.546858 0.461979 0.135574
0.552242 0.459182 0.141011
0.550729 0.465926 0.129431
0.536233 0.487074 0.098365
0.538034 0.479280 0.108491
0.541809 0.483744 0.102979
0.596818 0.446798 0.167746
0.600941 0.450289 0.160601
0.595813 0.453244 0.154852
0.601839 0.443869 0.173810
0.606790 0.440889 0.180006
0.610997 0.444269 0.172459
0.606003 0.447297 0.166465
0.586584 0.452553 0.155991
0.591732 0.449687 0.161809
0.590626 0.456179 0.149212
0.587632 0.446201 0.168928
0.588517 0.440006 0.182566
0.593452 0.437198 0.189069
0.592676 0.443371 0.175065
0.580086 0.462054 0.138241
0.581378 0.455411 0.150287
0.585383 0.459112 0.143675
0.647853 0.594313 0.026607
0.651896 0.600315 0.024604
0.646273 0.605556 0.022950
0.653495 0.589191 0.028522
0.659141 0.584138 0.030558
0.663169 0.589999 0.028283
0.657530 0.595124 0.026383
0.636599 0.604714 0.023147
0.642220 0.599492 0.024814
0.640662 0.610838 0.021423
0.638184 0.593473 0.026836
0.639814 0.582461 0.031079
0.645470 0.577482 0.033265
0.643826 0.588362 0.028766
0.629494 0.621484 0.018761
0.630994 0.609975 0.021609
0.635069 0.616146 0.020027
0.616124 0.548196 0.048192
0.620032 0.553769 0.044961
0.614368 0.558434 0.042250
0.621777 0.543692 0.051125
0.627417 0.539266 0.054172
0.631337 0.544685 0.050695
0.625689 0.549186 0.047777
0.604792 0.557449 0.042634
0.610462 0.552779 0.045362
0.608698 0.563185 0.039644
0.606572 0.547184 0.048625
0.608341 0.537217 0.055123
0.613979 0.532876 0.058326
0.612228 0.542677 0.051574
0.597361 0.572926 0.034768
0.599119 0.562202 0.040012
0.603028 0.568017 0.037149
0.660931 0.514396 0.074728
0.664916 0.519369 0.070461
0.659360 0.523382 0.066928
0.666457 0.510524 0.078469
0.671966 0.506721 0.082285
0.675975 0.511571 0.077768
0.670455 0.515433 0.074077
0.649825 0.522370 0.067491
0.655386 0.518344 0.071068
0.653788 0.527477 0.063482
0.651420 0.513376 0.075386
0.652980 0.504666 0.083819
0.658481 0.500917 0.087826
0.656952 0.509494 0.079180
0.642592 0.535918 0.056873
0.644247 0.526475 0.064004
0.648197 0.531656 0.060129
0.494652 0.577989 0.031135
0.498475 0.584563 0.028728
0.492858 0.589909 0.026791
0.500295 0.572832 0.033343
0.505951 0.567770 0.035669
0.509752 0.574150 0.032971
0.504106 0.579311 0.030788
0.483411 0.588596 0.027083
0.489024 0.583243 0.029048
0.487258 0.595353 0.024978
0.485220 0.576613 0.031482
0.487092 0.564975 0.036468
0.492755 0.560019 0.038964
0.490859 0.571457 0.033716
0.476106 0.606538 0.021733
0.477815 0.594048 0.025243
0.481674 0.600897 0.023292
0.464842 0.527654 0.056230
0.468528 0.533649 0.052576
0.462858 0.538139 0.049533
0.470508 0.523369 0.059510
0.476172 0.519179 0.062909
0.479870 0.524947 0.058986
0.474200 0.529253 0.055728
0.453511 0.536498 0.049999
0.459175 0.532029 0.053060
0.457194 0.542730 0.046596
0.455494 0.526019 0.056724
0.457469 0.515965 0.063953
0.463125 0.511919 0.067518
0.461155 0.521757 0.060020
0.445895 0.552225 0.041054
0.447854 0.541067 0.047048
0.451539 0.547425 0.043769
0.510067 0.496121 0.085941
0.513799 0.501156 0.081129
0.508162 0.504881 0.077132
0.515688 0.492603 0.090205
0.521297 0.489163 0.094593
0.525041 0.493958 0.089500
0.519426 0.497516 0.085252
0.498796 0.503417 0.077778
0.504436 0.499723 0.081800
0.502515 0.508698 0.073256
0.500710 0.494677 0.086615
0.502604 0.486378 0.095997
0.508212 0.483097 0.100540
0.506336 0.491195 0.090901
0.491202 0.516622 0.065872
0.493148 0.507209 0.073876
0.496861 0.512611 0.069502
0.419748 0.565573 0.033902
0.423457 0.572570 0.031285
0.417877 0.578002 0.029111
0.425341 0.560422 0.036323
0.430949 0.555405 0.038847
0.434648 0.562147 0.035955
0.429046 0.567290 0.033567
0.408588 0.576344 0.029371
0.414165 0.570874 0.031585
0.412299 0.583607 0.027045
0.410466 0.563816 0.034229
0.412361 0.551832 0.039619
0.417962 0.546957 0.042300
0.416050 0.558656 0.036682
0.401109 0.595458 0.023237
0.403007 0.582011 0.027263
0.406715 0.589414 0.025087
0.483461 0.677616 0.010713
0.487882 0.684180 0.010336
0.482680 0.690178 0.010076
0.488711 0.671635 0.011158
0.493984 0.665682 0.011689
0.498344 0.672250 0.011117
0.493102 0.678203 0.010683
0.473014 0.689663 0.010089
0.478230 0.683626 0.010357
0.477484 0.696215 0.009887
0.473841 0.676970 0.010739
0.474800 0.664216 0.011781
0.480109 0.658248 0.012425
0.479101 0.670959 0.011194
0.467089 0.708251 0.009587
0.467800 0.695747 0.009895
0.472282 0.702264 0.009730
0.360247 0.470013 0.093563
0.364043 0.475023 0.089120
0.358418 0.478390 0.085113
0.365866 0.466837 0.097770
0.371482 0.463747 0.102097
0.375284 0.468546 0.097477
0.369665 0.471741 0.093239
0.348996 0.476615 0.085485
0.354623 0.473273 0.089471
0.352789 0.481839 0.081212
0.350816 0.468268 0.093878
0.352611 0.460314 0.102580
0.358222 0.457341 0.106953
0.356437 0.465112 0.098053
0.341517 0.488975 0.073695
0.343362 0.480036 0.081599
0.347156 0.485368 0.077409
0.523296 0.440245 0.174717
0.527264 0.443658 0.167925
0.521984 0.446088 0.161891
0.528506 0.437874 0.181092
0.533668 0.435493 0.187668
0.537685 0.438793 0.180507
0.532498 0.441226 0.174127
0.512740 0.444966 0.162499
0.518041 0.442607 0.168526
0.516658 0.448525 0.156011
0.514082 0.439205 0.175260
0.515327 0.433661 0.188636
0.520497 0.431417 0.195398
0.519316 0.436911 0.181620
0.505878 0.453464 0.144654
0.507393 0.447334 0.156619
0.511289 0.450980 0.150270
0.490999 0.415458 0.232133
0.495130 0.418502 0.224820
0.490055 0.420587 0.217449
0.495964 0.413087 0.239912
0.500858 0.410475 0.247964
0.505059 0.413734 0.240151
0.500131 0.416228 0.232371
0.480847 0.419589 0.217210
0.485960 0.417614 0.224579
0.484908 0.422514 0.210222
0.481827 0.414598 0.231731
0.482635 0.409187 0.246941
0.487542 0.406586 0.255277
0.486835 0.412353 0.239501
0.474415 0.426154 0.196196
0.475660 0.421422 0.209998
0.479693 0.424341 0.203132
0.529072 0.388464 0.303892
0.533414 0.393130 0.293877
0.528786 0.397319 0.283998
0.533694 0.383475 0.314531
0.538322 0.377911 0.325410
0.542688 0.383593 0.314671
0.538042 0.388580 0.304116
0.519815 0.397152 0.283671
0.524451 0.393000 0.293587
0.524139 0.401183 0.274491
0.520071 0.388432 0.303438
0.520145 0.377991 0.324616
0.524663 0.371782 0.335614
0.524666 0.383460 0.314158
0.514718 0.408006 0.256611
0.515152 0.400955 0.274160
0.519455 0.404740 0.265363
0.599494 0.390573 0.298820
0.603593 0.395427 0.287600
0.599205 0.399758 0.278474
0.604013 0.385643 0.308692
0.608526 0.380361 0.318731
0.612336 0.386093 0.306603
0.607974 0.390868 0.296996
0.590530 0.399559 0.279962
0.595000 0.395208 0.289231
0.594806 0.403854 0.269645
0.590936 0.390305 0.300344
0.591796 0.379380 0.322229
0.596649 0.373265 0.332588
0.595571 0.385273 0.310404
0.585933 0.411342 0.252891
0.586071 0.403635 0.271020
0.590386 0.407714 0.261121
0.567479 0.336875 0.375159
0.572094 0.343925 0.369519
0.567008 0.351073 0.362957
0.572515 0.330063 0.379642
0.577507 0.323522 0.383196
0.582112 0.330100 0.379426
0.577158 0.336892 0.374972
0.557489 0.350980 0.363061
0.562461 0.343876 0.369657
0.561965 0.358207 0.355203
0.557767 0.336855 0.375199
0.557877 0.323587 0.383324
0.562814 0.317383 0.386098
0.562722 0.330082 0.379715
0.552122 0.371874 0.336135
0.552582 0.358081 0.355293
0.556997 0.365204 0.346214
0.435282 0.483671 0.090479
0.438995 0.488752 0.085754
0.433361 0.492277 0.081652
0.440908 0.480364 0.094830
0.446528 0.477154 0.099308
0.450251 0.481999 0.094335
0.444626 0.485326 0.089980
0.424018 0.490581 0.082149
0.429651 0.487078 0.086252
0.427724 0.495900 0.077675
0.425932 0.482000 0.090951
0.427824 0.473872 0.100207
0.433440 0.470797 0.104802
0.431558 0.478711 0.095300
0.416449 0.503437 0.070101
0.418384 0.494181 0.078172
0.422086 0.499622 0.073825
0.405075 0.447130 0.130861
0.408919 0.451339 0.125655
0.403329 0.453970 0.120617
0.410639 0.444708 0.136132
0.416184 0.442393 0.141531
0.420054 0.446381 0.136112
0.414495 0.448810 0.130822
0.393906 0.452293 0.120724
0.399497 0.449659 0.125724
0.397730 0.456697 0.115715
0.395642 0.445446 0.130864
0.397321 0.439001 0.141372
0.402858 0.436784 0.146840
0.401209 0.443019 0.136100
0.386514 0.462433 0.106328
0.388308 0.455019 0.115860
0.392124 0.459517 0.110953
0.448995 0.430257 0.176490
0.452955 0.433606 0.170378
0.447529 0.435561 0.164347
0.454386 0.428445 0.182806
0.459758 0.426666 0.189309
0.463736 0.429825 0.182909
0.458356 0.431697 0.176559
0.438150 0.434024 0.164325
0.443583 0.432113 0.170336
0.442080 0.437572 0.158455
0.439617 0.428750 0.176357
0.441028 0.423806 0.188863
0.446401 0.422190 0.195497
0.445019 0.426993 0.182647
0.431111 0.441808 0.147046
0.432693 0.435998 0.158444
0.436608 0.439652 0.152690
0.560974 0.681257 0.010413
0.565578 0.687290 0.010086
0.560477 0.693010 0.009882
0.566147 0.675541 0.010782
0.571352 0.669852 0.011232
0.575870 0.675923 0.010731
0.570709 0.681588 0.010369
0.550722 0.692741 0.009910
0.555834 0.686992 0.010122
0.555396 0.698749 0.009739
0.551249 0.680904 0.010455
0.551943 0.668991 0.011353
0.557196 0.663266 0.011902
0.556430 0.675157 0.010834
0.545245 0.710176 0.009499
0.545630 0.698511 0.009762
0.550317 0.704483 0.009615
0.526224 0.630812 0.016665
0.530372 0.637294 0.015502
0.524957 0.643008 0.014561
0.531710 0.625169 0.017791
0.537229 0.619568 0.019001
0.541304 0.626013 0.017636
0.535819 0.631630 0.016527
0.515355 0.642244 0.014668
0.520772 0.636502 0.015624
0.519577 0.648768 0.013704
0.516642 0.629955 0.016805
0.518087 0.617716 0.019354
0.523638 0.612103 0.020687
0.522130 0.624287 0.017948
0.508905 0.660429 0.012241
0.509968 0.648036 0.013796
0.514226 0.654576 0.012931
0.570805 0.587154 0.028605
0.574767 0.593310 0.026430
0.569145 0.598594 0.024654
0.576453 0.582009 0.030649
0.582109 0.576942 0.032814
0.586046 0.582969 0.030357
0.580400 0.588102 0.028332
0.559549 0.597664 0.024894
0.565170 0.592371 0.026686
0.563538 0.603951 0.023009
0.561223 0.586168 0.028889
0.562966 0.574917 0.033466
0.568634 0.569924 0.035789
0.566872 0.581020 0.030951
0.552372 0.614886 0.020111
0.553943 0.603033 0.023231
0.557947 0.609382 0.021494
0.737509 0.523102 0.069803
0.741605 0.528003 0.066007
0.736066 0.531831 0.062827
0.743026 0.519393 0.073094
0.748532 0.515748 0.076404
0.752654 0.520567 0.072444
0.747135 0.524251 0.069215
0.726443 0.530740 0.063310
0.731982 0.526883 0.066539
0.730516 0.535739 0.059683
0.727892 0.521963 0.070397
0.729299 0.513383 0.077858
0.734789 0.509753 0.081329
0.733406 0.518229 0.073750
0.719383 0.543811 0.053546
0.720893 0.534677 0.060125
0.724955 0.539730 0.056587
0.704607 0.485114 0.106427
0.708730 0.489704 0.101148
0.703320 0.493221 0.097135
0.709962 0.481670 0.110630
0.715293 0.478258 0.114880
0.719484 0.482793 0.109299
0.714118 0.486231 0.105203
0.693816 0.492123 0.098174
0.699226 0.488598 0.102274
0.697888 0.496781 0.093161
0.695121 0.484041 0.107631
0.696326 0.476150 0.117640
0.701611 0.472766 0.122144
0.700474 0.480594 0.111925
0.686967 0.504055 0.085351
0.688382 0.495692 0.094121
0.692437 0.500390 0.089231
0.687970 0.467507 0.129720
0.692159 0.471787 0.123572
0.686876 0.475163 0.118985
0.693178 0.464179 0.134535
0.698346 0.460860 0.139430
0.702618 0.465090 0.132961
0.697407 0.468432 0.128229
0.721074 0.503789 0.086592
0.725188 0.508568 0.082135
0.719699 0.512219 0.078588
0.726534 0.500232 0.090266
0.731981 0.496722 0.093957
0.736127 0.501435 0.089291
0.730663 0.504977 0.085705
0.555237 0.562823 0.039006
0.559088 0.568849 0.036151
0.553419 0.573840 0.033808
0.560922 0.557998 0.041602
0.566609 0.553256 0.044305
0.570450 0.559106 0.041187
0.564766 0.563937 0.038613
0.510136 0.604441 0.022579
0.514091 0.611094 0.020890
0.508538 0.616731 0.019538
0.515727 0.598931 0.024189
0.521333 0.593513 0.025929
0.525257 0.600020 0.023938
0.519666 0.605513 0.022349
0.543145 0.656473 0.012693
0.547515 0.662762 0.011971
0.542255 0.668518 0.011412
0.548477 0.650759 0.013427
0.553844 0.645085 0.014243
0.558136 0.651354 0.013334
0.552808 0.657040 0.012612
0.432994 0.417632 0.201443
0.437020 0.420692 0.195136
0.431637 0.422246 0.188531
0.438327 0.416193 0.208337
0.443614 0.414709 0.215363
0.447696 0.417658 0.208845
0.442379 0.419168 0.201915
0.389488 0.431207 0.152010
0.393413 0.435066 0.146676
0.387871 0.437288 0.141244
0.394999 0.429192 0.157674
0.400489 0.427279 0.163472
0.404440 0.430940 0.157939
0.398937 0.432950 0.152242
0.420315 0.464544 0.110233
0.424076 0.469151 0.105188
0.418460 0.472207 0.100602
0.425920 0.461695 0.115067
0.431515 0.458934 0.120029
0.435291 0.463323 0.114745
0.429687 0.466190 0.109902
0.548037 0.311543 0.388091
0.552976 0.317405 0.386089
0.548097 0.323587 0.383317
0.552921 0.305993 0.389399
0.557816 0.300741 0.390077
0.562793 0.305962 0.389411
0.557878 0.311530 0.388099
0.584457 0.365820 0.344823
0.588123 0.372849 0.333889
0.583164 0.379073 0.323407
0.589514 0.358817 0.353708
0.594430 0.351803 0.361346
0.598053 0.359370 0.352594
0.593139 0.366202 0.343787
0.510681 0.365667 0.344678
0.515483 0.372027 0.334934
0.511044 0.378232 0.323796
0.515071 0.358493 0.354277
0.519553 0.351209 0.362485
0.524443 0.358149 0.354846
0.519936 0.365251 0.345486
0.474135 0.402680 0.262038
0.478400 0.405961 0.254459
0.473445 0.408412 0.246184
0.478982 0.399791 0.270990
0.483752 0.396536 0.280379
0.488078 0.400158 0.272134
0.483278 0.403224 0.263096
0.507324 0.427438 0.202999
0.511332 0.430500 0.195772
0.506131 0.432655 0.189031
0.512437 0.425324 0.210085
0.517484 0.423093 0.217324
0.521562 0.426121 0.209830
0.516479 0.428327 0.202718
0.344909 0.450995 0.111724
0.348768 0.455612 0.107138
0.343156 0.458572 0.102806
0.350507 0.448205 0.116265
0.356101 0.445494 0.120941
0.359974 0.449935 0.116185
0.354374 0.452732 0.111596
0.466372 0.650506 0.013290
0.470558 0.657394 0.012478
0.465245 0.663387 0.011820
0.471735 0.644584 0.014143
0.477125 0.638711 0.015085
0.481255 0.645542 0.014062
0.475894 0.651447 0.013226
0.404997 0.538517 0.045935
0.408677 0.545114 0.042705
0.403088 0.549979 0.039997
0.410605 0.533938 0.048858
0.416227 0.529479 0.051876
0.419902 0.535781 0.048411
0.414283 0.540385 0.045509
0.495131 0.477080 0.106564
0.498869 0.481673 0.101221
0.493257 0.484921 0.096650
0.500725 0.474028 0.111391
0.506303 0.471051 0.116331
0.510058 0.475419 0.110706
0.504470 0.478508 0.105906
0.450093 0.504725 0.072267
0.453782 0.510288 0.068037
0.448131 0.514306 0.064468
0.455738 0.500930 0.076107
0.461380 0.497234 0.080081
0.465081 0.502546 0.075581
0.459433 0.506366 0.071742
0.479626 0.552201 0.042460
0.483350 0.558552 0.039386
0.477692 0.563502 0.036866
0.485299 0.547461 0.045225
0.490979 0.542821 0.048097
0.494697 0.548952 0.044758
0.489019 0.553703 0.042017
0.645060 0.495245 0.093658
0.649016 0.499915 0.088644
0.643511 0.503663 0.084568
0.650529 0.491618 0.097956
0.655976 0.488046 0.102316
0.659968 0.492597 0.097014
0.654502 0.496228 0.092796
0.600594 0.526508 0.062763
0.604464 0.531825 0.058852
0.598820 0.536164 0.055628
0.606214 0.522343 0.066245
0.611819 0.518259 0.069841
0.615706 0.523398 0.065652
0.610093 0.527570 0.062194
0.631847 0.570820 0.036169
0.635822 0.576614 0.033547
0.630169 0.581588 0.031348
0.637507 0.565995 0.038617
0.643166 0.561251 0.041178
0.647140 0.566884 0.038298
0.641479 0.571711 0.035865
0.580169 0.433456 0.198135
0.584346 0.436699 0.190261
0.579386 0.439415 0.183681
0.585021 0.430773 0.205008
0.589791 0.427985 0.211922
0.594065 0.431174 0.203771
0.589240 0.433957 0.196985
0.539069 0.454380 0.148195
0.542971 0.458132 0.141829
0.537579 0.460880 0.136369
0.544389 0.451751 0.153919
0.549668 0.449146 0.159777
0.553633 0.452742 0.153109
0.548323 0.455422 0.147408
0.569888 0.487238 0.100587
0.573707 0.491809 0.095253
0.568130 0.495359 0.090866
0.575435 0.483850 0.105229
0.580957 0.480513 0.109975
0.584804 0.484884 0.104354
0.579267 0.488320 0.099750
0.616685 0.407935 0.256278
0.621215 0.411651 0.246615
0.616896 0.415214 0.239046
0.620904 0.404116 0.264395
0.625048 0.400229 0.272724
0.629625 0.404324 0.262383
0.625460 0.408014 0.254400
0.653242 0.436178 0.186648
0.657715 0.439823 0.178785
0.652821 0.442979 0.172799
0.658024 0.433036 0.192879
0.662737 0.429875 0.199155
0.667363 0.433507 0.190967
0.662565 0.436672 0.184854
0.613180 0.461289 0.140205
0.617224 0.465173 0.133769
0.611937 0.468376 0.128639
0.618373 0.458155 0.145585
0.623513 0.455025 0.151083
0.627642 0.458811 0.144353
0.622459 0.461987 0.139005
0.676908 0.534653 0.058709
0.680915 0.539854 0.055117
0.675317 0.544135 0.052063
0.682481 0.530525 0.061967
0.688037 0.526480 0.065306
0.692067 0.531553 0.061490
0.686499 0.535661 0.058262
0.525009 0.516900 0.067640
0.528755 0.522356 0.063476
0.523093 0.526567 0.060061
0.530656 0.512898 0.071331
0.536293 0.508988 0.075147
0.540055 0.514211 0.070690
0.534409 0.518237 0.067020
0.434705 0.593902 0.024476
0.438502 0.601099 0.022566
0.432969 0.606893 0.020991
0.440269 0.588295 0.026308
0.445846 0.582813 0.028258
0.449623 0.589811 0.026040
0.444055 0.595399 0.024241
0.501480 0.703289 0.009699
0.506109 0.709406 0.009555
0.500993 0.715170 0.009438
0.506632 0.697361 0.009844
0.511782 0.691443 0.010014
0.516370 0.697679 0.009825
0.511236 0.703568 0.009684
0.375352 0.490762 0.076162
0.379097 0.496259 0.072000
0.373475 0.500069 0.068388
0.380975 0.487152 0.079993
0.386598 0.483635 0.083938
0.390341 0.488913 0.079562
0.384718 0.492540 0.075724
0.546288 0.405758 0.265403
0.550558 0.409630 0.256389
0.545898 0.412838 0.248047
0.550887 0.402109 0.274413
0.555475 0.398199 0.283743
0.559741 0.402549 0.273936
0.555168 0.406210 0.265014
0.464709 0.444204 0.152295
0.468584 0.447935 0.146365
0.463088 0.450295 0.140790
0.470160 0.442010 0.158113
0.475582 0.439871 0.164066
0.479493 0.443415 0.157892
0.474053 0.445645 0.152066
0.586812 0.611907 0.020915
0.590879 0.618137 0.019409
0.585330 0.623570 0.018186
0.592401 0.606547 0.022383
0.598002 0.601251 0.023981
0.602037 0.607402 0.022184
0.596450 0.612740 0.020732
0.679510 0.459196 0.142662
0.678550 0.466622 0.131186
0.674349 0.462479 0.137603
0.683755 0.463309 0.136083
0.682725 0.470850 0.124980
0.712846 0.494354 0.096089
0.711504 0.502627 0.087478
0.707411 0.497898 0.092206
0.716959 0.499050 0.091241
0.715602 0.507401 0.082942
0.547606 0.550924 0.045203
0.545727 0.561663 0.039409
0.541918 0.555648 0.042458
0.551411 0.556845 0.042025
0.549559 0.567730 0.036524
0.502328 0.591168 0.026499
0.500624 0.603318 0.022816
0.496724 0.596605 0.024713
0.506215 0.597797 0.024448
0.504559 0.610042 0.021100
0.534573 0.643735 0.014455
0.533494 0.655874 0.012773
0.529197 0.649466 0.013612
0.538831 0.650130 0.013519
0.537846 0.662226 0.012040
0.424873 0.411548 0.214050
0.423601 0.415963 0.200895
0.419562 0.412865 0.207110
0.428944 0.414601 0.207754
0.427625 0.419084 0.194696
0.381600 0.423681 0.162784
0.380029 0.429437 0.151750
0.376090 0.425605 0.157052
0.385549 0.427415 0.157378
0.383958 0.433328 0.146482
0.412738 0.455646 0.120480
0.410930 0.462879 0.110515
0.407140 0.458375 0.115546
0.416536 0.460046 0.115334
0.414703 0.467487 0.105530
0.538106 0.300760 0.390064
0.538204 0.311551 0.388078
0.533230 0.306013 0.389390
0.543074 0.306001 0.389393
0.543167 0.317410 0.386078
0.576491 0.351169 0.362664
0.575472 0.365583 0.345536
0.571362 0.358347 0.354951
0.580607 0.358515 0.354466
0.579353 0.372564 0.334841
0.500851 0.352566 0.360880
0.501534 0.366347 0.343464
0.496695 0.360094 0.351989
0.505771 0.359102 0.353381
0.506340 0.372462 0.333917
0.465559 0.395973 0.277290
0.464953 0.402030 0.260847
0.460689 0.398779 0.268229
0.469849 0.399348 0.269656
0.469209 0.405245 0.253492
0.499227 0.421499 0.217537
0.498144 0.426481 0.203185
0.494114 0.423529 0.210318
0.503290 0.424464 0.210263
0.502145 0.429517 0.196071
0.337131 0.441982 0.120955
0.335432 0.449236 0.111841
0.331545 0.444681 0.116389
0.341029 0.446455 0.116331
0.339302 0.453865 0.107311
0.458160 0.636572 0.015273
0.456877 0.649502 0.013349
0.452772 0.642476 0.014292
0.462240 0.643561 0.014220
0.461034 0.656476 0.012526
0.397636 0.525741 0.052796
0.395722 0.536606 0.046360
0.392038 0.530133 0.049744
0.401318 0.532056 0.049302
0.399404 0.543227 0.043108
0.487634 0.468221 0.117576
0.485787 0.475615 0.107165
0.482044 0.471127 0.112583
0.491387 0.472597 0.112019
0.489524 0.480213 0.101851
0.442701 0.493955 0.081135
0.440758 0.503047 0.072796
0.437063 0.497600 0.077162
0.446400 0.499280 0.076636
0.444447 0.508616 0.068561
0.472218 0.539741 0.049061
0.470248 0.550652 0.042900
0.466549 0.544349 0.046144
0.475917 0.545927 0.045687
0.473962 0.557039 0.039806
0.637160 0.486163 0.104244
0.635634 0.494272 0.094500
0.631705 0.489705 0.099752
0.641109 0.490658 0.098860
0.639569 0.498925 0.089438
0.592878 0.516126 0.071144
0.591104 0.525430 0.063355
0.587258 0.520189 0.067496
0.596733 0.521273 0.066860
0.594958 0.530757 0.059399
0.623954 0.559397 0.041879
0.622229 0.569908 0.036485
0.618288 0.564145 0.039289
0.627892 0.565082 0.038947
0.626189 0.575723 0.033838
0.571789 0.427072 0.214160
0.571103 0.432868 0.199161
0.566953 0.429686 0.207078
0.575987 0.430273 0.206110
0.575247 0.436110 0.191336
0.531215 0.447148 0.161243
0.529817 0.453300 0.148926
0.525909 0.449652 0.155358
0.535150 0.450720 0.154666
0.533706 0.457042 0.142596
0.562252 0.478401 0.111725
0.560518 0.486111 0.101405
0.556715 0.481644 0.106908
0.566071 0.482767 0.106081
0.564322 0.490684 0.096056
0.607852 0.399902 0.276776
0.607938 0.407949 0.258070
0.603528 0.403995 0.268087
0.612230 0.404048 0.266336
0.612400 0.411664 0.248394
0.644194 0.429107 0.202812
0.643973 0.435740 0.188307
0.639510 0.432251 0.196306
0.648737 0.432609 0.194661
0.648411 0.439315 0.180452
0.605040 0.453853 0.153623
0.603915 0.460603 0.141410
0.599874 0.456880 0.148053
0.609120 0.457515 0.146821
0.607934 0.464433 0.134936
0.668908 0.524405 0.066374
0.667328 0.533650 0.059170
0.663341 0.528486 0.062964
0.672904 0.529503 0.062458
0.671320 0.538867 0.055539
0.517532 0.506299 0.076471
0.515619 0.515521 0.068264
0.511889 0.510149 0.072617
0.521269 0.511548 0.071973
0.519354 0.520995 0.064077
0.427184 0.579631 0.028839
0.425365 0.592404 0.024696
0.421609 0.585182 0.026814
0.430933 0.586744 0.026568
0.429148 0.599656 0.022761
0.492364 0.690644 0.010059
0.491734 0.702983 0.009712
0.487185 0.696638 0.009876
0.496901 0.697018 0.009862
0.496339 0.709160 0.009567
0.367825 0.480149 0.084732
0.365970 0.488981 0.076587
0.362199 0.483625 0.080815
0.371595 0.485394 0.080410
0.369728 0.494461 0.072440
0.537720 0.397538 0.284133
0.537379 0.405376 0.265569
0.533092 0.401434 0.274663
0.542008 0.401736 0.274648
0.541646 0.409170 0.256703
0.456894 0.437044 0.164305
0.455353 0.442728 0.152478
0.451452 0.439098 0.158392
0.460812 0.440575 0.158276
0.459231 0.446459 0.146608
0.578756 0.599490 0.024424
0.577181 0.611077 0.021102
0.573150 0.604829 0.022794
0.582771 0.605690 0.022586
0.581239 0.617334 0.019578
0.729011 0.544809 0.053177
0.723428 0.548948 0.050223
0.734583 0.540762 0.056191
0.717833 0.553180 0.047338
0.712230 0.557508 0.044535
0.751236 0.529131 0.065482
0.745695 0.532928 0.062353
0.756767 0.525409 0.068634
0.740144 0.536803 0.059253
0.555040 0.710325 0.009484
0.549984 0.715929 0.009382
0.560102 0.704668 0.009595
0.544936 0.721468 0.009290
0.539898 0.726929 0.009208
0.575328 0.687587 0.010050
0.570239 0.693260 0.009852
0.580446 0.681949 0.010327
0.565169 0.698967 0.009716
0.334013 0.502195 0.062649
0.461390 0.725932 0.009247
0.393594 0.615646 0.018269
0.639161 0.622361 0.018604
0.633609 0.627704 0.017444
0.644743 0.617002 0.019859
0.628101 0.633024 0.016366
0.622642 0.638343 0.015372
0.661579 0.601103 0.024400
0.655956 0.606360 0.022759
0.667212 0.595906 0.026165
0.650343 0.611663 0.021244
0.684121 0.580774 0.032180
0.678484 0.585733 0.030056
0.689753 0.575912 0.034419
0.672847 0.590779 0.028051
0.706620 0.561946 0.041836
0.701004 0.566493 0.039248
0.695382 0.571150 0.036776
0.426044 0.672974 0.010796
0.514879 0.752902 0.008960
0.509916 0.757878 0.008943
0.519856 0.747871 0.008989
0.504969 0.762819 0.008936
0.500038 0.767734 0.008940
0.534870 0.732301 0.009137
0.529853 0.737581 0.009077
0.524848 0.742768 0.009027
0.364196 0.554497 0.035726
0.595992 0.665294 0.011625
0.590776 0.670800 0.011114
0.601243 0.659832 0.012215
0.585594 0.676352 0.010681
0.617229 0.643674 0.014461
0.611860 0.649028 0.013632
0.606531 0.654412 0.012884
0.315015 0.474569 0.082712
0.311200 0.469401 0.086898
0.318824 0.479844 0.078571
0.307376 0.464334 0.091122
0.303540 0.459362 0.095372
0.330221 0.496413 0.066507
0.326427 0.490757 0.070458
0.322628 0.485237 0.074483
0.438852 0.694067 0.009894
0.434544 0.687084 0.010101
0.443209 0.700907 0.009731
0.430277 0.680045 0.010395
0.456745 0.719991 0.009346
0.452160 0.713853 0.009459
0.447645 0.707499 0.009587
0.375242 0.577047 0.027845
0.371600 0.569371 0.030306
0.378859 0.584834 0.025564
0.367918 0.561849 0.032937
0.389817 0.608172 0.019826
0.386113 0.600518 0.021558
0.382473 0.592690 0.023470
0.405360 0.637432 0.014506
0.401366 0.630246 0.015619
0.409416 0.644574 0.013523
0.397445 0.622992 0.016871
0.421840 0.665886 0.011305
0.417664 0.658791 0.011927
0.413521 0.651689 0.012665
0.475627 0.742701 0.009036
0.470837 0.737278 0.009092
0.480452 0.747968 0.008993
0.466090 0.731692 0.009163
0.495107 0.762954 0.008936
0.490198 0.758079 0.008944
0.485311 0.753091 0.008962
0.345378 0.520394 0.051703
0.341593 0.514163 0.055246
0.349159 0.526816 0.048268
0.337805 0.508104 0.058895
0.360453 0.547305 0.038662
0.356697 0.540280 0.041738
0.352933 0.533445 0.044944
