0.595755 0.578724 0.037351
0.593611 0.590231 0.032244
0.589943 0.583827 0.034778
0.477167 0.432749 0.201529
0.475467 0.437071 0.188522
0.471765 0.434023 0.195198
0.555213 0.391182 0.324776
0.554669 0.401410 0.306658
0.550887 0.396242 0.315617
0.388586 0.462509 0.112279
0.386642 0.470100 0.102351
0.382974 0.465320 0.107543
0.505341 0.672362 0.011937
0.504058 0.686064 0.010919
0.499918 0.678906 0.011359
0.446402 0.554746 0.041299
0.444297 0.567132 0.035395
0.440766 0.559974 0.038411
0.537157 0.490522 0.102663
0.535263 0.498270 0.092840
0.531553 0.493562 0.097978
0.687182 0.511427 0.096369
0.685599 0.519704 0.087194
0.681690 0.514885 0.091803
0.621778 0.449923 0.193342
0.621232 0.455529 0.179727
0.617009 0.452475 0.186712
0.656339 0.427108 0.251963
0.657243 0.433410 0.236258
0.652404 0.430214 0.244283
0.618273 0.394759 0.321609
0.618839 0.404486 0.303624
0.614565 0.399582 0.312967
0.581220 0.469285 0.144322
0.579699 0.475437 0.132670
0.575828 0.471721 0.138729
0.549481 0.443950 0.197266
0.548323 0.448758 0.183911
0.544380 0.445778 0.190771
0.587138 0.426631 0.255218
0.587083 0.432330 0.239617
0.582841 0.429330 0.247562
0.642202 0.541761 0.062891
0.640144 0.551608 0.055592
0.636439 0.546000 0.059249
0.612061 0.501486 0.098622
0.610268 0.509539 0.089061
0.606483 0.504813 0.093975
0.655239 0.477145 0.140290
0.654025 0.484024 0.128766
0.650023 0.480046 0.134678
0.491900 0.518291 0.068473
0.489777 0.528277 0.060594
0.486196 0.522350 0.064705
0.462702 0.477220 0.107556
0.460770 0.484841 0.097564
0.457103 0.480065 0.102811
0.507174 0.458509 0.149295
0.505414 0.464246 0.137647
0.501675 0.460513 0.143767
0.417790 0.503765 0.072570
0.415798 0.513642 0.064350
0.412185 0.507664 0.068664
0.474801 0.613134 0.021349
0.472859 0.626758 0.018160
0.469196 0.619230 0.019711
0.359234 0.428904 0.156292
0.357260 0.434904 0.145322
0.353572 0.430887 0.150854
0.518819 0.420950 0.257181
0.517563 0.425891 0.242091
0.513867 0.422994 0.249758
0.489399 0.390479 0.321486
0.488462 0.398495 0.305006
0.484781 0.394466 0.312800
0.519273 0.338081 0.385179
0.520465 0.352003 0.374457
0.515329 0.345355 0.380022
0.593552 0.338023 0.385907
0.592135 0.352327 0.375313
0.588700 0.344869 0.381050
0.556717 0.291177 0.399464
0.556745 0.301173 0.399129
0.551802 0.296136 0.399364
0.433396 0.444377 0.153945
0.431473 0.450096 0.142428
0.427827 0.446232 0.148395
0.404354 0.417103 0.204011
0.402339 0.421514 0.191330
0.398750 0.418212 0.197676
0.448658 0.409980 0.258418
0.446692 0.413939 0.244120
0.443210 0.411015 0.251299
0.549625 0.622593 0.020794
0.547800 0.635427 0.017855
0.543973 0.628501 0.019285
0.520464 0.567952 0.038928
0.518287 0.579938 0.033492
0.514704 0.573154 0.036249
0.566680 0.530997 0.064949
0.564537 0.540949 0.057409
0.560916 0.535182 0.061291
0.729645 0.485969 0.135655
0.728669 0.493389 0.124916
0.724479 0.489009 0.130531
0.694483 0.454153 0.188996
0.694317 0.460741 0.175365
0.689854 0.457089 0.182474
0.599419 0.585041 0.034662
0.480865 0.435732 0.194745
0.558968 0.396665 0.315643
0.392251 0.467165 0.106999
0.509445 0.679522 0.011374
0.449938 0.561754 0.038126
0.540884 0.495083 0.097407
0.691120 0.516161 0.091646
0.626063 0.452971 0.186224
0.661286 0.430358 0.243812
0.622407 0.399938 0.312120
0.585125 0.472889 0.138168
0.553453 0.446901 0.190271
0.591441 0.429766 0.247150
0.645927 0.547258 0.059118
0.615869 0.506092 0.093583
0.659292 0.481058 0.134244
0.495494 0.524071 0.064239
0.466379 0.481849 0.102206
0.510935 0.462122 0.143088
0.421407 0.509586 0.068144
0.478449 0.620579 0.019661
0.362909 0.432828 0.150661
0.522536 0.424006 0.249412
0.493172 0.394707 0.313576
0.524410 0.344717 0.380431
0.596988 0.345399 0.381042
0.561645 0.296129 0.399372
0.437046 0.448124 0.147883
0.407925 0.420329 0.197552
0.452147 0.412946 0.251178
0.553418 0.629456 0.019242
0.524045 0.574610 0.036012
0.570318 0.536635 0.060948
0.733889 0.490332 0.129873
0.699016 0.457804 0.181717
0.692324 0.481221 0.138164
0.696460 0.485362 0.132213
0.691245 0.488421 0.126920
0.697430 0.478227 0.143694
0.712355 0.469301 0.160894
0.716728 0.473332 0.154296
0.711746 0.476318 0.148645
0.724933 0.516632 0.095748
0.728950 0.521385 0.091213
0.723457 0.524876 0.086879
0.730360 0.513295 0.100230
0.746448 0.503692 0.113886
0.750591 0.508230 0.108953
0.745228 0.511414 0.104476
0.557966 0.573606 0.038008
0.561590 0.580081 0.035217
0.555802 0.585349 0.032760
0.563765 0.568570 0.040765
0.581197 0.554163 0.049849
0.584827 0.560187 0.046468
0.579008 0.564990 0.043445
0.512024 0.618246 0.021051
0.515751 0.625398 0.019435
0.510135 0.631507 0.018003
0.517695 0.612303 0.022722
0.534868 0.595001 0.028424
0.538508 0.601910 0.026283
0.532776 0.607655 0.024404
0.543469 0.674776 0.011987
0.547727 0.681593 0.011437
0.542436 0.687947 0.010988
0.548836 0.668467 0.012667
0.565159 0.649912 0.015392
0.569217 0.656656 0.014370
0.563787 0.662802 0.013467
0.440829 0.425463 0.203128
0.444452 0.428535 0.196490
0.438978 0.429717 0.190333
0.446309 0.424411 0.209513
0.462716 0.421380 0.229561
0.466278 0.424151 0.222417
0.460835 0.425220 0.215700
0.396435 0.436663 0.155437
0.400085 0.440486 0.149578
0.394464 0.442505 0.144129
0.402049 0.434873 0.161084
0.418793 0.430249 0.178586
0.422442 0.433666 0.172370
0.416880 0.435181 0.166537
0.425649 0.469937 0.110042
0.429306 0.474597 0.104681
0.423699 0.477545 0.100028
0.431249 0.467253 0.114897
0.448011 0.459934 0.130058
0.451676 0.464079 0.124280
0.446094 0.466525 0.119227
0.556811 0.337362 0.385688
0.561375 0.344354 0.380905
0.556643 0.351402 0.375210
0.561619 0.330630 0.389691
0.576380 0.311996 0.397337
0.581095 0.317937 0.395535
0.576164 0.324147 0.392988
0.587246 0.392993 0.324152
0.590920 0.398553 0.314723
0.586824 0.403416 0.305864
0.591620 0.387469 0.333348
0.605455 0.368509 0.360125
0.608137 0.375966 0.350991
0.603713 0.382102 0.342083
0.522459 0.390375 0.324060
0.526342 0.395415 0.315196
0.521877 0.399973 0.306293
0.526706 0.385014 0.333373
0.538984 0.365577 0.360772
0.543368 0.372522 0.352314
0.539176 0.379045 0.343106
0.484096 0.416369 0.258123
0.487673 0.419315 0.250642
0.482412 0.420727 0.243412
0.489273 0.414559 0.265608
0.504227 0.407009 0.289241
0.507851 0.410769 0.281095
0.502952 0.413436 0.273198
0.513376 0.439030 0.199425
0.517190 0.441988 0.192471
0.511927 0.443557 0.186274
0.518584 0.437483 0.205897
0.533876 0.432513 0.226521
0.537722 0.435313 0.219014
0.532676 0.437063 0.212064
0.351408 0.455082 0.114315
0.355095 0.459743 0.109134
0.349468 0.462631 0.104538
0.357038 0.452412 0.119069
0.373922 0.445016 0.133959
0.377588 0.449237 0.128466
0.371965 0.451704 0.123475
0.467549 0.669139 0.011850
0.471468 0.676724 0.011283
0.465963 0.683488 0.010810
0.473065 0.662472 0.012579
0.489635 0.642966 0.015502
0.493465 0.650401 0.014407
0.487955 0.656869 0.013444
0.409795 0.547369 0.042507
0.413340 0.554546 0.039198
0.407755 0.560076 0.036277
0.415370 0.542257 0.045667
0.432183 0.528018 0.055709
0.435753 0.534485 0.051863
0.430128 0.539232 0.048549
0.499877 0.484143 0.105149
0.503581 0.488735 0.099819
0.497958 0.491796 0.095222
0.505476 0.481351 0.109965
0.522185 0.473593 0.125029
0.525933 0.477641 0.119242
0.520369 0.480266 0.114222
0.454776 0.511225 0.070441
0.458372 0.517042 0.066116
0.452704 0.521186 0.062400
0.460432 0.507361 0.074376
0.477380 0.496581 0.086901
0.481030 0.501785 0.082066
0.475371 0.505394 0.077906
0.483273 0.561655 0.040073
0.486817 0.568507 0.037027
0.481108 0.573867 0.034410
0.488991 0.556578 0.042979
0.506209 0.542202 0.052419
0.509769 0.548491 0.048788
0.504016 0.553285 0.045663
0.649576 0.506456 0.097303
0.653441 0.511129 0.092418
0.647879 0.514661 0.087895
0.655072 0.503106 0.102069
0.671318 0.493460 0.116977
0.675300 0.497802 0.111559
0.669897 0.501026 0.106625
0.604371 0.536543 0.063692
0.608046 0.542106 0.059817
0.602257 0.546455 0.056300
0.610123 0.532418 0.067437
0.627222 0.520695 0.079459
0.630983 0.525805 0.075079
0.625288 0.529720 0.071068
0.633746 0.583586 0.036933
0.637440 0.589832 0.034308
0.631612 0.594966 0.031910
0.639581 0.578623 0.039635
0.657087 0.564286 0.048636
0.660803 0.570141 0.045435
0.654963 0.574925 0.042429
0.585671 0.447702 0.195375
0.589810 0.450647 0.188289
0.584825 0.452818 0.181849
0.590521 0.445501 0.202132
0.604456 0.438410 0.223448
0.608804 0.441223 0.215684
0.604210 0.443715 0.208577
0.544138 0.464347 0.146660
0.547964 0.467920 0.140486
0.542498 0.470249 0.135010
0.549527 0.462191 0.152322
0.565406 0.455983 0.169964
0.569382 0.459151 0.163406
0.564101 0.461280 0.157512
0.574560 0.496291 0.100488
0.578329 0.500861 0.095323
0.572701 0.504175 0.090779
0.580144 0.493212 0.105279
0.596731 0.484405 0.120383
0.600578 0.488483 0.114715
0.595060 0.491469 0.109689
0.621417 0.427063 0.253362
0.626051 0.430088 0.245283
0.621918 0.433061 0.237735
0.625344 0.423811 0.261134
0.636435 0.413174 0.285244
0.641377 0.416915 0.276751
0.637731 0.420400 0.268719
0.657965 0.451785 0.191689
0.662398 0.455144 0.184492
0.657643 0.457909 0.177987
0.662564 0.448975 0.198498
0.675837 0.440243 0.219675
0.680577 0.443621 0.211787
0.676169 0.446583 0.204757
0.618268 0.473344 0.142099
0.622236 0.477053 0.135992
0.616897 0.479846 0.130498
0.623498 0.470661 0.147810
0.638749 0.462657 0.165754
0.642917 0.466106 0.159199
0.637856 0.468829 0.153197
0.680212 0.546696 0.062556
0.683998 0.552115 0.058852
0.678235 0.556443 0.055298
0.685927 0.542586 0.066349
0.702866 0.530877 0.078407
0.706758 0.535933 0.074280
0.701118 0.539821 0.070255
0.529196 0.524925 0.066558
0.532802 0.530635 0.062436
0.527049 0.534906 0.058856
0.534921 0.520914 0.070363
0.552010 0.509641 0.082528
0.555697 0.514781 0.077885
0.549995 0.518558 0.073838
0.438016 0.607235 0.021606
0.441603 0.614881 0.019842
0.436023 0.621168 0.018246
0.443614 0.601140 0.023471
0.460525 0.583415 0.029775
0.464058 0.590821 0.027398
0.458405 0.596727 0.025330
0.501174 0.725177 0.009466
0.505777 0.731108 0.009328
0.500631 0.736749 0.009209
0.506397 0.719212 0.009636
0.522211 0.700451 0.010324
0.526621 0.707109 0.010076
0.521375 0.713323 0.009845
0.380860 0.496070 0.074736
0.384531 0.501832 0.070232
0.378965 0.505818 0.066331
0.386444 0.492352 0.078820
0.403230 0.481953 0.091611
0.406881 0.487181 0.086666
0.401284 0.490652 0.082417
0.553092 0.424150 0.256383
0.557059 0.427354 0.248489
0.552378 0.429583 0.240928
0.557622 0.421457 0.264236
0.570565 0.411499 0.288904
0.574587 0.415738 0.280246
0.570379 0.419102 0.272056
0.470228 0.451725 0.151717
0.473927 0.455399 0.145579
0.468379 0.457418 0.140094
0.475737 0.449923 0.157370
0.492094 0.445039 0.174848
0.495863 0.448270 0.168358
0.490425 0.449929 0.162550
0.587516 0.626389 0.020611
0.591363 0.633019 0.019106
0.585759 0.638772 0.017753
0.593208 0.620770 0.022197
0.610486 0.604336 0.027641
0.614200 0.610871 0.025649
0.608432 0.616315 0.023845
0.675459 0.465708 0.163702
0.674719 0.472313 0.151210
0.670506 0.468559 0.157693
0.679729 0.469426 0.157070
0.687157 0.484235 0.132732
0.708734 0.498312 0.115499
0.707440 0.506021 0.105528
0.703409 0.501500 0.110598
0.712800 0.502783 0.110303
0.719472 0.520056 0.091314
0.543575 0.548464 0.050980
0.541374 0.559426 0.044410
0.537789 0.553143 0.047775
0.547162 0.554621 0.047476
0.552176 0.578764 0.035394
0.497495 0.589580 0.029063
0.495378 0.602585 0.024852
0.491783 0.595336 0.026954
0.501079 0.596744 0.026808
0.506383 0.624283 0.019492
0.527229 0.646806 0.015438
0.525707 0.660199 0.013453
0.521717 0.653085 0.014386
0.531178 0.653886 0.014380
0.538131 0.681131 0.011421
0.426673 0.413470 0.230463
0.424611 0.417295 0.216839
0.421109 0.414279 0.223679
0.430154 0.416433 0.223504
0.435345 0.426558 0.196862
0.381868 0.422122 0.179282
0.379857 0.427274 0.167434
0.376217 0.423641 0.173359
0.385497 0.425664 0.173255
0.390811 0.438578 0.149895
0.411034 0.452485 0.132273
0.409078 0.459114 0.121551
0.405423 0.454807 0.127111
0.414685 0.456680 0.126614
0.420045 0.472746 0.105286
0.537233 0.312064 0.397258
0.537533 0.324162 0.392854
0.532508 0.318037 0.395380
0.542228 0.317922 0.395403
0.552120 0.344282 0.380862
0.573505 0.366270 0.361072
0.572224 0.380133 0.343368
0.568629 0.373209 0.352530
0.576987 0.373574 0.352479
0.582988 0.398143 0.315105
0.504991 0.367671 0.358255
0.505973 0.380006 0.340972
0.501562 0.374533 0.349151
0.509703 0.373670 0.350369
0.518084 0.395233 0.314977
0.469914 0.403425 0.288299
0.468214 0.408770 0.273096
0.464707 0.405516 0.280570
0.473440 0.406823 0.280739
0.478841 0.417901 0.250792
0.498496 0.427655 0.228336
0.496887 0.431774 0.214185
0.493225 0.428958 0.221404
0.502154 0.430421 0.220957
0.508121 0.440542 0.193110
0.336629 0.437432 0.135340
0.334694 0.444173 0.125190
0.330993 0.439802 0.130414
0.340330 0.441714 0.130048
0.345777 0.457852 0.109651
0.452481 0.638142 0.015511
0.450613 0.652557 0.013364
0.446918 0.644675 0.014357
0.456171 0.645947 0.014377
0.462026 0.675885 0.011246
0.395459 0.520213 0.057477
0.393521 0.531478 0.050037
0.389912 0.524753 0.053903
0.399065 0.526744 0.053492
0.404229 0.552701 0.039440
0.485031 0.467043 0.127641
0.483162 0.473642 0.116785
0.479459 0.469416 0.122458
0.488741 0.471139 0.121853
0.494267 0.487054 0.100433
0.440266 0.489406 0.089215
0.438280 0.498178 0.080102
0.434644 0.492797 0.084893
0.443909 0.494636 0.084303
0.449119 0.515213 0.066610
0.469088 0.535355 0.054016
0.466945 0.546523 0.047067
0.463398 0.539980 0.050667
0.472641 0.541743 0.050284
0.477567 0.566875 0.037295
0.634018 0.488939 0.118475
0.632465 0.496274 0.107909
0.628587 0.491984 0.113320
0.637921 0.493143 0.112938
0.644041 0.509884 0.092654
0.589566 0.515388 0.080778
0.587574 0.524364 0.072239
0.583875 0.519123 0.076625
0.593287 0.520494 0.076255
0.598600 0.540775 0.060061
0.619042 0.559378 0.049067
0.616883 0.570090 0.042793
0.613221 0.564057 0.045930
0.622708 0.565311 0.045790
0.627918 0.588639 0.034381
0.569172 0.436169 0.225168
0.568442 0.441079 0.210400
0.564377 0.438203 0.217896
0.573270 0.439024 0.217500
0.580729 0.449838 0.188786
0.528739 0.451114 0.172255
0.527251 0.456162 0.159912
0.523420 0.452896 0.166363
0.532598 0.454278 0.165721
0.538704 0.466563 0.141099
0.559394 0.479338 0.122573
0.557644 0.486174 0.111810
0.553861 0.482007 0.117418
0.563194 0.483386 0.116847
0.568951 0.499465 0.095816
0.603256 0.412986 0.287323
0.603787 0.420581 0.270474
0.599364 0.416852 0.279042
0.607687 0.416962 0.278561
0.617371 0.430154 0.245733
0.639883 0.439060 0.221721
0.639996 0.444928 0.206808
0.635503 0.441868 0.214352
0.644449 0.442131 0.214024
0.653283 0.454551 0.185005
0.602142 0.459781 0.167797
0.601041 0.465450 0.155278
0.597018 0.462146 0.161757
0.606210 0.462996 0.161196
0.612970 0.476053 0.136507
0.664979 0.525805 0.078712
0.663133 0.534832 0.070438
0.659334 0.529641 0.074572
0.668804 0.530900 0.074456
0.674469 0.550916 0.058883
0.514636 0.503383 0.084630
0.512611 0.512238 0.075787
0.508967 0.506906 0.080417
0.518296 0.508558 0.079866
0.523458 0.529056 0.062861
0.423888 0.576794 0.030449
0.421721 0.590593 0.025702
0.418227 0.582882 0.028032
0.427390 0.584397 0.027950
0.432409 0.613491 0.019854
0.483642 0.698852 0.010251
0.482506 0.712248 0.009795
0.478211 0.705457 0.009998
0.487871 0.705848 0.010019
0.495980 0.730996 0.009322
0.366144 0.474474 0.093896
0.364222 0.483077 0.084658
0.360534 0.477754 0.089516
0.369825 0.479656 0.088955
0.375285 0.499902 0.070730
0.537688 0.409281 0.289180
0.536890 0.416531 0.272577
0.533120 0.412775 0.280801
0.541477 0.413350 0.280766
0.548447 0.426570 0.248699
0.455447 0.438029 0.176937
0.453646 0.442867 0.164745
0.449968 0.439475 0.171061
0.459136 0.441317 0.170538
0.464697 0.453626 0.146156
0.572556 0.599824 0.027953
0.570489 0.612102 0.024071
0.566782 0.605392 0.025984
0.576246 0.606478 0.025902
0.581863 0.632107 0.019136
0.576252 0.637935 0.017775
0.574689 0.650590 0.015385
0.570683 0.643877 0.016527
0.580202 0.644629 0.016512
0.584225 0.651308 0.015378
0.582924 0.663951 0.013478
0.578768 0.657284 0.014370
0.568540 0.624529 0.020693
0.572366 0.631238 0.019168
0.566749 0.637136 0.017798
0.574236 0.618782 0.022294
0.579964 0.613128 0.024006
0.583718 0.619762 0.022243
0.578024 0.625445 0.020650
0.561032 0.611048 0.024143
0.559074 0.623580 0.020741
0.555312 0.616778 0.022413
0.564764 0.617800 0.022351
0.562882 0.630368 0.019203
0.459145 0.455628 0.140689
0.457252 0.461750 0.129439
0.453582 0.457728 0.135320
0.462820 0.459532 0.134711
0.466501 0.463541 0.128828
0.464609 0.470132 0.117979
0.460928 0.465883 0.123657
0.451803 0.448117 0.152862
0.455475 0.451821 0.146743
0.449919 0.453810 0.141287
0.457328 0.446353 0.158486
0.462831 0.444688 0.164201
0.466528 0.448157 0.157925
0.461012 0.449939 0.152288
0.444466 0.441007 0.165274
0.442600 0.446265 0.153420
0.438942 0.442638 0.159570
0.448133 0.444514 0.159041
0.446259 0.449987 0.147324
0.543689 0.428743 0.241167
0.542697 0.433501 0.226176
0.538827 0.430710 0.233773
0.547586 0.431619 0.233490
0.551518 0.434441 0.225854
0.550543 0.439189 0.211220
0.546602 0.436325 0.218639
0.535995 0.422650 0.256709
0.539825 0.425769 0.248897
0.534993 0.427866 0.241420
0.540699 0.420069 0.264495
0.545301 0.417168 0.272501
0.549171 0.420761 0.264379
0.544552 0.423410 0.256545
0.528449 0.415867 0.272678
0.527418 0.421839 0.256914
0.523680 0.418583 0.264810
0.532202 0.419354 0.264628
0.531189 0.424924 0.249125
0.369716 0.503868 0.066796
0.367853 0.514281 0.058728
0.364151 0.507986 0.062927
0.373408 0.509959 0.062499
0.377085 0.516257 0.058330
0.375207 0.527534 0.050732
0.371540 0.520797 0.054660
0.362316 0.492214 0.075770
0.366017 0.497960 0.071220
0.360442 0.501893 0.067254
0.367909 0.488545 0.079900
0.373506 0.484982 0.084105
0.377184 0.490454 0.079363
0.371597 0.494153 0.075255
0.354924 0.481143 0.085211
0.353019 0.490239 0.076285
0.349314 0.484637 0.080975
0.358619 0.486607 0.080437
0.356729 0.495984 0.071709
0.490817 0.736678 0.009204
0.490431 0.747651 0.009039
0.485685 0.742230 0.009109
0.495515 0.742259 0.009113
0.500275 0.747626 0.009041
0.500083 0.757911 0.008954
0.495232 0.752871 0.008987
0.481635 0.724813 0.009447
0.486187 0.730867 0.009315
0.481004 0.736593 0.009198
0.486907 0.718759 0.009615
0.492211 0.712558 0.009811
0.496649 0.718996 0.009626
0.491402 0.725004 0.009458
0.472810 0.711917 0.009776
0.471872 0.724607 0.009435
0.467443 0.718227 0.009584
0.477172 0.718501 0.009601
0.476396 0.730723 0.009306
0.426758 0.619969 0.018218
0.424688 0.634474 0.015413
0.421029 0.626722 0.016704
0.430398 0.627679 0.016768
0.434040 0.635480 0.015472
0.432052 0.650172 0.013279
0.428364 0.642291 0.014272
0.419560 0.604658 0.021608
0.423142 0.612307 0.019829
0.417394 0.619020 0.018153
0.425251 0.598246 0.023571
0.430906 0.592028 0.025649
0.434449 0.599630 0.023538
0.428816 0.605863 0.021626
0.412522 0.589239 0.025724
0.410257 0.603608 0.021554
0.406762 0.595833 0.023530
0.416019 0.596984 0.023568
0.413801 0.611325 0.019766
0.517712 0.533310 0.059271
0.515528 0.543834 0.052030
0.511961 0.537690 0.055790
0.521289 0.539306 0.055386
0.524863 0.545414 0.051659
0.522660 0.556438 0.044999
0.519093 0.550086 0.048430
0.510528 0.521679 0.067496
0.514125 0.527433 0.063309
0.508387 0.531665 0.059707
0.516241 0.517716 0.071321
0.521943 0.513878 0.075264
0.525576 0.519337 0.070829
0.519856 0.523326 0.067016
0.503288 0.510563 0.076320
0.501208 0.519998 0.067985
0.497598 0.514360 0.072341
0.506915 0.516053 0.071830
0.504804 0.525767 0.063773
0.668699 0.555255 0.055337
0.666632 0.565460 0.048585
0.662903 0.559712 0.051920
0.672445 0.560893 0.051874
0.676186 0.566618 0.048555
0.674087 0.577209 0.042368
0.670360 0.571294 0.045399
0.661190 0.544249 0.062675
0.664947 0.549707 0.058939
0.659170 0.554054 0.055400
0.666919 0.540114 0.066451
0.672618 0.536084 0.070349
0.676420 0.541353 0.066387
0.670698 0.545476 0.062603
0.653653 0.533580 0.070551
0.651688 0.543014 0.062771
0.647941 0.537621 0.066656
0.657425 0.538872 0.066543
0.655432 0.548489 0.059018
0.607608 0.478798 0.131026
0.606059 0.485554 0.119855
0.602192 0.481581 0.125651
0.611501 0.482676 0.125116
0.615382 0.486685 0.119352
0.613766 0.493884 0.108722
0.609916 0.489655 0.114208
0.599761 0.471418 0.143214
0.603697 0.475047 0.137065
0.598311 0.477730 0.131578
0.605043 0.468865 0.148907
0.610255 0.466319 0.154704
0.614274 0.469767 0.148336
0.609019 0.472394 0.142645
0.591819 0.464509 0.155834
0.590494 0.470382 0.143767
0.586553 0.466886 0.150023
0.595802 0.467907 0.149470
0.594416 0.473995 0.137619
0.648519 0.457278 0.178448
0.647901 0.463381 0.165336
0.643675 0.459977 0.172029
0.652811 0.460651 0.171601
0.657068 0.464129 0.164873
0.656260 0.470527 0.152316
0.652097 0.466898 0.158764
0.639837 0.450799 0.192521
0.644195 0.453999 0.185420
0.639416 0.456680 0.178847
0.644458 0.448063 0.199411
0.648989 0.445275 0.206454
0.653494 0.448495 0.199011
0.648888 0.451271 0.192145
0.631026 0.444618 0.207158
0.630802 0.450353 0.192900
0.626451 0.447304 0.200156
0.635446 0.447671 0.199762
0.635124 0.453477 0.185800
0.613196 0.433088 0.238228
0.613292 0.438624 0.222955
0.608888 0.435839 0.230807
0.617665 0.435909 0.230303
0.622125 0.438740 0.222463
0.622079 0.444331 0.207577
0.617689 0.441438 0.215178
0.604236 0.427164 0.254327
0.608714 0.430197 0.246228
0.604476 0.432999 0.238714
0.608284 0.424009 0.262088
0.612216 0.420589 0.269995
0.616801 0.423926 0.261597
0.612824 0.427178 0.253853
0.595388 0.420408 0.270936
0.595672 0.426973 0.254787
0.591317 0.423663 0.263001
0.599785 0.423916 0.262555
0.600066 0.430063 0.246699
0.563323 0.502742 0.091266
0.561383 0.511127 0.082059
0.557676 0.506133 0.086835
0.567051 0.507594 0.086358
0.570767 0.512585 0.081609
0.568760 0.521529 0.072995
0.565077 0.516261 0.077445
0.555834 0.493470 0.101538
0.559584 0.498035 0.096328
0.553958 0.501281 0.091769
0.561421 0.490468 0.106337
0.566990 0.487559 0.111254
0.570779 0.491858 0.105800
0.565191 0.494897 0.101005
0.548311 0.484755 0.112381
0.546489 0.492011 0.102091
0.542743 0.487590 0.107463
0.552076 0.489045 0.106891
0.550229 0.496574 0.096857
0.533226 0.468841 0.135634
0.531478 0.475102 0.124380
0.527718 0.471182 0.130273
0.537000 0.472639 0.129637
0.540772 0.476554 0.123759
0.538991 0.483301 0.112972
0.535236 0.479140 0.118612
0.525657 0.461569 0.147928
0.529448 0.465150 0.141735
0.523957 0.467374 0.136286
0.531078 0.459524 0.153551
0.536452 0.457532 0.159279
0.540300 0.460886 0.152926
0.534896 0.462989 0.147280
0.518050 0.454713 0.160581
0.516416 0.460073 0.148607
0.512632 0.456579 0.154896
0.521857 0.458090 0.154211
0.520192 0.463671 0.142402
0.575699 0.451918 0.182361
0.574602 0.457044 0.169418
0.570588 0.453957 0.176091
0.579754 0.454942 0.175561
0.583794 0.458035 0.168878
0.582587 0.463499 0.156384
0.578603 0.460221 0.162850
0.567573 0.445991 0.196328
0.571636 0.448938 0.189283
0.566563 0.450936 0.182875
0.572529 0.443974 0.203056
0.577392 0.441897 0.209969
0.581529 0.444788 0.202598
0.576628 0.446892 0.195854
0.559488 0.440174 0.210815
0.558521 0.445009 0.196797
0.554520 0.442086 0.203943
0.563520 0.443072 0.203503
0.562538 0.447958 0.189776
0.622097 0.593782 0.031981
0.619991 0.605486 0.027580
0.616285 0.599015 0.029733
0.625795 0.600185 0.029667
0.629504 0.606650 0.027523
0.627444 0.618566 0.023750
0.623707 0.612013 0.025597
0.614728 0.581173 0.037117
0.618407 0.587444 0.034464
0.612591 0.592600 0.032059
0.620553 0.576200 0.039823
0.626381 0.571325 0.042674
0.630061 0.577417 0.039722
0.624231 0.582384 0.037019
0.607398 0.568840 0.042930
0.605236 0.579954 0.037227
0.601574 0.573730 0.040069
0.611058 0.574971 0.039938
0.608908 0.586246 0.034557
0.592811 0.545121 0.056542
0.590643 0.555496 0.049622
0.587008 0.549585 0.053137
0.596454 0.550918 0.052901
0.600098 0.556809 0.049415
0.597924 0.567575 0.043083
0.594280 0.561494 0.046269
0.585506 0.533836 0.064269
0.589162 0.539427 0.060332
0.583373 0.543769 0.056805
0.591261 0.529726 0.068022
0.596994 0.525725 0.071899
0.600689 0.531078 0.067714
0.594936 0.535199 0.063967
0.578161 0.522967 0.072603
0.576086 0.532437 0.064595
0.572429 0.526926 0.068714
0.581840 0.528346 0.068354
0.579734 0.538052 0.060626
0.638470 0.513396 0.088127
0.636648 0.521994 0.079221
0.632863 0.516997 0.083729
0.642281 0.518281 0.083494
0.646082 0.523278 0.079021
0.644187 0.532314 0.070687
0.640423 0.527102 0.074874
0.630814 0.503985 0.097883
0.634647 0.508629 0.092923
0.629065 0.512118 0.088399
0.636334 0.500687 0.102660
0.641815 0.497462 0.107563
0.645700 0.501900 0.102351
0.640193 0.505225 0.097575
0.623115 0.495082 0.108294
0.621437 0.502738 0.098232
0.617606 0.498244 0.103396
0.626970 0.499469 0.103007
0.625257 0.507364 0.093233
0.471874 0.572240 0.034650
0.469730 0.585022 0.029593
0.466193 0.577753 0.032142
0.475413 0.579371 0.031931
0.478958 0.586587 0.029414
0.476837 0.599752 0.025091
0.473273 0.592372 0.027249
0.464801 0.558271 0.040675
0.468338 0.565204 0.037567
0.462661 0.570575 0.034894
0.470488 0.553193 0.043632
0.476187 0.548261 0.046711
0.479731 0.554903 0.043303
0.474028 0.559980 0.040372
0.457719 0.544754 0.047428
0.455593 0.556529 0.040983
0.452053 0.549676 0.044305
0.461262 0.551452 0.043965
0.459128 0.563498 0.037843
0.443464 0.519335 0.062880
0.441391 0.529899 0.055275
0.437818 0.523599 0.059247
0.447043 0.525467 0.058788
0.450611 0.531755 0.054844
0.448508 0.542946 0.047799
0.444955 0.536350 0.051458
0.436268 0.507536 0.071494
0.439873 0.513359 0.067116
0.434233 0.517462 0.063366
0.441905 0.503711 0.075458
0.447543 0.500015 0.079531
0.451166 0.505548 0.074910
0.445519 0.509391 0.070963
0.429022 0.496324 0.080678
0.427025 0.505661 0.072030
0.423403 0.499983 0.076572
0.432651 0.501857 0.076013
0.430636 0.511483 0.067628
0.488647 0.490094 0.095818
0.486681 0.498318 0.086342
0.483017 0.493269 0.091306
0.492324 0.494988 0.090729
0.495991 0.500031 0.085777
0.493972 0.508863 0.076853
0.490333 0.503516 0.081521
0.481270 0.480737 0.106370
0.484961 0.485346 0.101034
0.479344 0.488368 0.096402
0.486866 0.477987 0.111220
0.492454 0.475352 0.116172
0.496167 0.479685 0.110602
0.490569 0.482455 0.105767
0.473880 0.471899 0.117379
0.471980 0.478990 0.106958
0.468294 0.474500 0.112411
0.477575 0.476257 0.111819
0.475664 0.483610 0.101621
0.398660 0.558278 0.036466
0.396503 0.572004 0.030739
0.393065 0.564156 0.033585
0.402153 0.565874 0.033457
0.405617 0.573594 0.030662
0.403317 0.587952 0.025714
0.399910 0.579966 0.028118
0.391575 0.543540 0.043079
0.395134 0.550826 0.039678
0.389580 0.556461 0.036646
0.397109 0.538389 0.046330
0.402656 0.533459 0.049662
0.406233 0.540338 0.045998
0.400679 0.545468 0.042794
0.384375 0.529503 0.050396
0.382463 0.541619 0.043344
0.378848 0.534481 0.046956
0.387987 0.536430 0.046655
0.386044 0.548945 0.039904
0.456487 0.682713 0.010768
0.454860 0.697267 0.010153
0.450915 0.689649 0.010401
0.460431 0.690345 0.010446
0.464439 0.697835 0.010191
0.463122 0.711562 0.009753
0.458922 0.704587 0.009942
0.448795 0.667168 0.011771
0.452608 0.674989 0.011202
0.447034 0.681885 0.010719
0.454357 0.660400 0.012518
0.459907 0.653729 0.013393
0.463698 0.661468 0.012552
0.458160 0.668184 0.011813
0.441346 0.651321 0.013330
0.439456 0.666090 0.011721
0.435746 0.658115 0.012429
0.445044 0.659270 0.012478
0.443213 0.674032 0.011152
0.340146 0.460718 0.105074
0.338210 0.468707 0.095579
0.334514 0.463687 0.100573
0.343838 0.465619 0.100021
0.347533 0.470653 0.095019
0.345611 0.479180 0.085765
0.341909 0.473872 0.090637
0.332758 0.451285 0.115288
0.336453 0.455944 0.110166
0.330821 0.458801 0.105608
0.338391 0.448632 0.119984
0.344025 0.446077 0.124776
0.347718 0.450530 0.119530
0.342085 0.453189 0.114803
0.325360 0.442267 0.125598
0.323430 0.449384 0.115768
0.319728 0.444830 0.120879
0.329061 0.446729 0.120434
0.327126 0.454038 0.110675
0.502820 0.442036 0.186924
0.501261 0.446672 0.174240
0.497477 0.443528 0.180840
0.506617 0.445110 0.180206
0.510425 0.448236 0.173577
0.508844 0.453185 0.161267
0.505052 0.449885 0.167716
0.495293 0.436026 0.200608
0.499043 0.439006 0.193726
0.493706 0.440439 0.187516
0.500593 0.434646 0.207068
0.505852 0.433242 0.213666
0.509594 0.436113 0.206490
0.504340 0.437570 0.200043
0.487904 0.430230 0.214616
0.486237 0.434412 0.201090
0.482548 0.431488 0.207998
0.491578 0.433099 0.207568
0.489957 0.437398 0.194266
0.473519 0.419207 0.243597
0.471701 0.423074 0.229290
0.468139 0.420346 0.236522
0.477082 0.421960 0.236293
0.480666 0.424675 0.229014
0.478898 0.428627 0.214995
0.475285 0.425826 0.222101
0.466434 0.413446 0.258270
0.469969 0.416377 0.250922
0.464597 0.417576 0.243777
0.471740 0.411924 0.265635
0.476979 0.410119 0.273175
0.480531 0.413304 0.265632
0.475283 0.414970 0.258199
0.459417 0.407269 0.273030
0.457557 0.411784 0.258345
0.454064 0.408743 0.265655
0.462915 0.410407 0.265640
0.461069 0.414728 0.251051
0.513586 0.399656 0.306153
0.512640 0.407668 0.289236
0.508971 0.403599 0.297572
0.517315 0.404081 0.297635
0.521021 0.408250 0.289193
0.519978 0.415145 0.272830
0.516303 0.411512 0.280976
0.505957 0.390369 0.323183
0.509815 0.395062 0.314684
0.505271 0.399310 0.305928
0.510183 0.385288 0.332407
0.514186 0.379526 0.341836
0.518428 0.385102 0.332971
0.514204 0.390349 0.323705
0.497830 0.380646 0.339761
0.497688 0.390426 0.322422
0.493766 0.385918 0.330481
0.501968 0.385570 0.331572
0.501521 0.394891 0.314226
0.578820 0.402976 0.306220
0.578708 0.412026 0.288610
0.574703 0.407448 0.297484
0.582775 0.407928 0.297153
0.586865 0.412456 0.288236
0.587024 0.420092 0.271366
0.582817 0.416226 0.279900
0.571332 0.392088 0.324691
0.575020 0.397675 0.315403
0.570804 0.402466 0.306486
0.575764 0.386590 0.333918
0.580366 0.380552 0.343224
0.583755 0.387033 0.333682
0.579324 0.392559 0.324469
0.564006 0.379730 0.343405
0.563289 0.391606 0.324782
0.559564 0.385717 0.334058
0.567684 0.386139 0.334046
0.567014 0.397168 0.315586
0.547573 0.351328 0.375147
0.547640 0.365612 0.360915
0.543193 0.358444 0.368472
0.552059 0.358508 0.368565
0.556276 0.365754 0.361003
0.555766 0.379399 0.343369
0.551817 0.372657 0.352437
0.537973 0.337377 0.385582
0.542861 0.344262 0.380802
0.538501 0.351347 0.375046
0.542510 0.330606 0.389628
0.547186 0.324112 0.392886
0.552064 0.330603 0.389664
0.547390 0.337333 0.385646
0.527910 0.324375 0.392784
0.528587 0.337602 0.385436
0.523482 0.331067 0.389407
0.532973 0.330734 0.389554
0.533614 0.344381 0.380676
0.414438 0.475684 0.100628
0.412484 0.483838 0.091019
0.408833 0.478753 0.096069
0.418091 0.480625 0.095473
0.421740 0.485710 0.090421
0.419771 0.494451 0.081256
0.416130 0.489070 0.086076
0.407127 0.466213 0.111197
0.410784 0.470883 0.105872
0.405179 0.473814 0.101214
0.412734 0.463537 0.116055
0.418338 0.460984 0.121019
0.421993 0.465401 0.115492
0.416389 0.468080 0.110631
0.399811 0.457252 0.122060
0.397860 0.464355 0.111747
0.394199 0.459819 0.117117
0.403469 0.461672 0.116595
0.401521 0.469017 0.106443
0.385182 0.440614 0.144466
0.383214 0.446881 0.133570
0.379552 0.442761 0.139153
0.388840 0.444637 0.138792
0.392497 0.448744 0.133161
0.390536 0.455400 0.122547
0.386875 0.451091 0.128033
0.377866 0.432801 0.155932
0.381524 0.436668 0.150180
0.375888 0.438721 0.144776
0.383506 0.430969 0.161549
0.389138 0.429261 0.167275
0.392785 0.432923 0.161337
0.387158 0.434734 0.155703
0.370559 0.425277 0.167550
0.368560 0.430860 0.156129
0.364898 0.427032 0.161860
0.374210 0.429007 0.161722
0.372224 0.434754 0.150434
0.429847 0.427712 0.190687
0.427978 0.432265 0.178283
0.424330 0.428936 0.184594
0.433489 0.430955 0.184269
0.437142 0.434241 0.177892
0.435285 0.439102 0.165769
0.431631 0.435649 0.172007
0.422624 0.421344 0.203684
0.426222 0.424507 0.197151
0.420695 0.425657 0.190954
0.428154 0.420346 0.210097
0.433678 0.419419 0.216630
0.437237 0.422426 0.209839
0.431735 0.423436 0.203446
0.415533 0.415146 0.217006
0.413497 0.419235 0.203873
0.409948 0.416084 0.210451
0.419059 0.418226 0.210299
0.417082 0.422424 0.197377
0.532819 0.687527 0.010971
0.531885 0.700773 0.010339
0.527518 0.693975 0.010620
0.537161 0.694349 0.010637
0.541571 0.701066 0.010354
0.540860 0.713697 0.009868
0.536334 0.707352 0.010090
0.524369 0.673647 0.011961
0.528552 0.680631 0.011405
0.523216 0.687075 0.010954
0.529770 0.667250 0.012650
0.535198 0.660913 0.013455
0.539294 0.667879 0.012658
0.533909 0.674230 0.011974
0.516236 0.659443 0.013451
0.514844 0.673025 0.011949
0.510776 0.665871 0.012635
0.520263 0.666582 0.012642
0.518990 0.680096 0.011390
0.500772 0.630414 0.018047
0.498994 0.644014 0.015488
0.495190 0.636640 0.016716
0.504549 0.637716 0.016687
0.508382 0.644996 0.015470
0.506782 0.658645 0.013451
0.502856 0.651356 0.014401
0.493354 0.615803 0.021204
0.497042 0.623107 0.019552
0.491439 0.629255 0.018088
0.499007 0.609824 0.022912
0.504690 0.603924 0.024732
0.508337 0.611091 0.022815
0.502674 0.617054 0.021128
0.486093 0.601194 0.024972
0.484063 0.614495 0.021278
0.480433 0.607124 0.023103
0.489706 0.608500 0.023008
0.487731 0.621872 0.019608
0.546395 0.584049 0.032923
0.544261 0.596262 0.028291
0.540626 0.589460 0.030599
0.550026 0.590742 0.030451
0.553673 0.597485 0.028169
0.551594 0.609954 0.024223
0.547913 0.603108 0.026175
0.539178 0.570848 0.038435
0.542780 0.577414 0.035585
0.537008 0.582712 0.033099
0.544963 0.565795 0.041220
0.550755 0.560868 0.044143
0.554355 0.567199 0.040984
0.548563 0.572244 0.038214
0.532009 0.557948 0.044695
0.529813 0.569417 0.038673
0.526233 0.562884 0.041744
0.535589 0.564357 0.041474
0.533404 0.576029 0.035791
0.713973 0.523569 0.086937
0.712361 0.532147 0.078401
0.708438 0.527175 0.082631
0.717927 0.528462 0.082605
0.721868 0.533419 0.078406
0.720166 0.542280 0.070321
0.716271 0.537184 0.074302
0.706029 0.513994 0.096036
0.710007 0.518744 0.091412
0.704504 0.522273 0.086999
0.711462 0.510623 0.100630
0.716856 0.507328 0.105284
0.720901 0.511946 0.100435
0.715472 0.515302 0.095895
0.698041 0.504742 0.105771
0.696601 0.512704 0.096189
0.692632 0.508047 0.101027
0.702040 0.509326 0.100820
0.700558 0.517447 0.091516
0.681929 0.487276 0.127394
0.680660 0.494632 0.116590
0.676648 0.490349 0.122140
0.685977 0.491508 0.121712
0.690009 0.495833 0.116213
0.688653 0.503482 0.106036
0.684663 0.499010 0.111222
0.673766 0.479120 0.139273
0.677861 0.483144 0.133249
0.672621 0.486165 0.127868
0.678897 0.476177 0.144885
0.683962 0.473250 0.150600
0.688159 0.477182 0.144296
0.683042 0.480152 0.138723
0.665482 0.471410 0.151794
0.664497 0.478122 0.139807
0.660393 0.474269 0.145995
0.669640 0.475210 0.145459
0.668572 0.482089 0.133760
0.606514 0.628386 0.020537
0.610378 0.634975 0.019048
0.604789 0.640588 0.017710
0.612203 0.622877 0.022110
0.617936 0.617426 0.023797
0.621709 0.623982 0.022068
0.616019 0.629444 0.020501
0.595272 0.639655 0.017731
0.600868 0.633975 0.019077
0.599252 0.646289 0.016485
0.597012 0.627369 0.020573
0.598936 0.615230 0.023895
0.604699 0.609750 0.025705
0.602701 0.621807 0.022153
0.588323 0.657968 0.014370
0.589725 0.645432 0.016499
0.593765 0.652082 0.015372
0.488688 0.455208 0.150579
0.492419 0.458853 0.144408
0.486880 0.460913 0.138927
0.494178 0.453358 0.156222
0.499634 0.451587 0.161935
0.503405 0.454998 0.155579
0.497928 0.456884 0.149960
0.477624 0.459179 0.139513
0.483169 0.457146 0.145008
0.481325 0.463059 0.133530
0.479453 0.453482 0.151154
0.481220 0.448216 0.163111
0.486674 0.446595 0.168939
0.484954 0.451663 0.156814
0.470188 0.467662 0.123049
0.472066 0.461308 0.134115
0.475760 0.465305 0.128234
0.570136 0.425570 0.255931
0.574258 0.428770 0.247930
0.569748 0.431145 0.240368
0.574473 0.422759 0.263761
0.578693 0.419652 0.271745
0.582882 0.423273 0.263407
0.578632 0.426159 0.255602
0.561067 0.430401 0.240669
0.565666 0.428107 0.248238
0.565104 0.433324 0.232899
0.561621 0.424890 0.256187
0.562042 0.418472 0.272273
0.566353 0.415164 0.280497
0.566060 0.422146 0.264038
0.555485 0.437294 0.218273
0.556344 0.432495 0.233207
0.560345 0.435345 0.225523
0.399338 0.499909 0.073667
0.402972 0.505719 0.069192
0.397397 0.509723 0.065357
0.404926 0.496175 0.077701
0.410525 0.492560 0.081835
0.414161 0.498090 0.077134
0.408561 0.501846 0.073116
0.388190 0.507765 0.065852
0.393760 0.503767 0.069720
0.391834 0.513887 0.061600
0.390107 0.497983 0.074209
0.392036 0.488755 0.082990
0.397631 0.485287 0.087253
0.395691 0.494256 0.078267
0.380741 0.522773 0.054292
0.382632 0.511921 0.062058
0.386282 0.518230 0.057914
0.520733 0.725453 0.009480
0.525383 0.731277 0.009339
0.520268 0.736851 0.009217
0.525913 0.719558 0.009654
0.531114 0.713522 0.009856
0.535680 0.719697 0.009663
0.530520 0.725559 0.009487
0.510449 0.736805 0.009213
0.515578 0.731201 0.009334
0.515180 0.742288 0.009119
0.510951 0.725328 0.009473
0.511646 0.713097 0.009834
0.516918 0.706838 0.010063
0.516151 0.719399 0.009645
0.505085 0.752800 0.008989
0.505347 0.742275 0.009116
0.510119 0.747598 0.009043
0.456360 0.610256 0.021486
0.459971 0.617828 0.019758
0.454395 0.624031 0.018217
0.461971 0.604221 0.023290
0.467608 0.598263 0.025211
0.471188 0.605697 0.023197
0.465567 0.611718 0.021419
0.445206 0.622586 0.018240
0.450774 0.616372 0.019803
0.448831 0.630345 0.016796
0.447181 0.608743 0.021552
0.449228 0.595150 0.025450
0.454867 0.589227 0.027549
0.452780 0.602700 0.023381
0.437686 0.643370 0.014328
0.439641 0.628931 0.016796
0.443265 0.636783 0.015500
0.547910 0.528022 0.065712
0.551531 0.533697 0.061653
0.545763 0.537990 0.058093
0.553648 0.523979 0.069498
0.559370 0.520058 0.073407
0.563032 0.525467 0.069097
0.557288 0.529525 0.065321
0.536398 0.536464 0.058464
0.542160 0.532182 0.062034
0.539989 0.542409 0.054644
0.538547 0.526489 0.066124
0.540633 0.517028 0.074290
0.546329 0.513271 0.078346
0.544277 0.522461 0.069920
0.528434 0.551632 0.048092
0.530632 0.540875 0.055005
0.534211 0.546956 0.051310
0.699264 0.549109 0.062540
0.703081 0.554478 0.058864
0.697329 0.558781 0.055289
0.704966 0.545030 0.066356
0.710637 0.541054 0.070280
0.714502 0.546234 0.066398
0.708805 0.550298 0.062571
0.687777 0.557619 0.055282
0.693535 0.553302 0.058846
0.691551 0.563209 0.051849
0.689734 0.547907 0.062535
0.691609 0.538579 0.070258
0.697257 0.534678 0.074280
0.695442 0.543811 0.066339
0.679926 0.572429 0.045384
0.681993 0.562058 0.051850
0.685749 0.567759 0.048546
0.636755 0.475239 0.141146
0.640761 0.479047 0.135090
0.635463 0.481934 0.129573
0.641938 0.472449 0.146895
0.647053 0.469670 0.152770
0.651160 0.473349 0.146466
0.645994 0.476188 0.140722
0.626181 0.480891 0.130014
0.631500 0.478051 0.135521
0.630106 0.484853 0.124171
0.627513 0.474293 0.141600
0.628658 0.467992 0.153651
0.633743 0.465327 0.159629
0.632720 0.471555 0.147332
0.619252 0.490821 0.113743
0.620806 0.483766 0.124622
0.624700 0.487813 0.118893
0.676205 0.452918 0.190455
0.680695 0.456413 0.183193
0.675962 0.459265 0.176776
0.680782 0.450020 0.197176
0.685264 0.447064 0.204038
0.689899 0.450575 0.196439
0.685343 0.453520 0.189746
0.666792 0.458575 0.177423
0.671540 0.455767 0.183873
0.671145 0.462094 0.170490
0.667073 0.452340 0.191119
0.667079 0.446116 0.205430
0.671505 0.443207 0.212488
0.671666 0.449488 0.197871
0.661292 0.467716 0.158269
0.661967 0.461358 0.171092
0.666255 0.464907 0.164325
0.638774 0.426978 0.252660
0.643573 0.430115 0.244642
0.639492 0.433127 0.237016
0.642633 0.423772 0.260491
0.646364 0.420446 0.268407
0.651361 0.423825 0.260156
0.647531 0.427020 0.252356
0.630680 0.433070 0.237332
0.634786 0.430073 0.244934
0.635294 0.436050 0.229488
0.630063 0.426991 0.252962
0.629154 0.420399 0.269049
0.632852 0.416846 0.277096
0.633957 0.423762 0.260777
0.626582 0.441640 0.214725
0.626460 0.435960 0.229851
0.630987 0.438883 0.222054
0.593310 0.498955 0.099517
0.597097 0.503528 0.094406
0.591479 0.506921 0.089875
0.598879 0.495782 0.104297
0.604415 0.492684 0.109191
0.608243 0.497016 0.103826
0.602687 0.500227 0.099055
0.582088 0.505570 0.090314
0.587712 0.502215 0.094854
0.585833 0.510413 0.085464
0.583934 0.497647 0.099990
0.585703 0.490212 0.110192
0.591233 0.487280 0.115228
0.589512 0.494518 0.104780
0.574471 0.517711 0.077023
0.576438 0.509023 0.085899
0.580163 0.514008 0.081179
0.562655 0.466915 0.145469
0.566528 0.470500 0.139303
0.561074 0.472930 0.133814
0.568025 0.464648 0.151153
0.573345 0.462420 0.156944
0.577292 0.465798 0.150582
0.571936 0.468127 0.144890
0.551779 0.471611 0.134404
0.557239 0.469233 0.139888
0.555588 0.475414 0.128428
0.553390 0.465655 0.146058
0.554871 0.460085 0.158088
0.560166 0.458020 0.163967
0.558768 0.463445 0.151732
0.544543 0.480592 0.118006
0.546287 0.474047 0.129023
0.550076 0.477965 0.123157
0.603738 0.449020 0.194382
0.607953 0.451970 0.187254
0.603047 0.454350 0.180808
0.608494 0.446591 0.201143
0.613147 0.444064 0.208071
0.617472 0.446953 0.200622
0.612763 0.449504 0.193854
0.593940 0.453630 0.181336
0.598885 0.451361 0.187782
0.598051 0.456666 0.174508
0.594707 0.448414 0.194888
0.595269 0.443225 0.209062
0.599916 0.440863 0.216174
0.599508 0.446107 0.201648
0.587817 0.461220 0.162303
0.588908 0.455845 0.175037
0.592973 0.458948 0.168343
0.652823 0.585947 0.036811
0.656532 0.592161 0.034212
0.650685 0.597318 0.031803
0.658674 0.580965 0.039524
0.664521 0.576078 0.042388
0.668239 0.582097 0.039498
0.662386 0.587084 0.036779
0.641139 0.596152 0.031848
0.646976 0.591014 0.034251
0.644848 0.602544 0.029554
0.643275 0.584779 0.036862
0.645417 0.573750 0.042489
0.651255 0.568967 0.045491
0.649118 0.579809 0.039570
0.633222 0.613177 0.025547
0.635315 0.601362 0.029606
0.639026 0.607829 0.027469
0.623267 0.539184 0.063232
0.626964 0.544720 0.059411
0.621179 0.549067 0.055896
0.629013 0.535053 0.066981
0.634733 0.531026 0.070860
0.638472 0.536348 0.066801
0.632729 0.540481 0.063047
0.611712 0.547770 0.056085
0.617500 0.543421 0.059600
0.615377 0.553529 0.052501
0.613816 0.537872 0.063447
0.615850 0.528402 0.071311
0.621551 0.524495 0.075319
0.619564 0.533743 0.067193
0.603745 0.562784 0.046090
0.605911 0.552232 0.052689
0.609565 0.558103 0.049230
0.668365 0.508914 0.096804
0.672268 0.513622 0.091987
0.666725 0.517168 0.087502
0.673839 0.505542 0.101513
0.679272 0.502244 0.106321
0.683232 0.506786 0.101259
0.677771 0.510163 0.096575
0.657297 0.515913 0.087693
0.662851 0.512370 0.092196
0.661144 0.520808 0.083125
0.658966 0.507682 0.097052
0.660528 0.499830 0.106941
0.665944 0.496618 0.111911
0.664452 0.504316 0.101788
0.649872 0.528379 0.074708
0.651708 0.519549 0.083298
0.655525 0.524544 0.078858
0.501826 0.564889 0.039487
0.505385 0.571650 0.036503
0.499649 0.576993 0.033941
0.507572 0.559820 0.042341
0.513328 0.554887 0.045323
0.516893 0.561376 0.042034
0.511134 0.566446 0.039200
0.490366 0.575451 0.034174
0.496090 0.570100 0.036763
0.493925 0.582479 0.031518
0.492539 0.563290 0.039778
0.494722 0.551645 0.046009
0.500462 0.546854 0.049158
0.498272 0.558217 0.042659
0.482515 0.593878 0.027101
0.484656 0.580946 0.031723
0.488213 0.588107 0.029238
0.473317 0.514805 0.069448
0.476910 0.520604 0.065172
0.471216 0.524783 0.061486
0.478994 0.510904 0.073359
0.484666 0.507140 0.077380
0.488291 0.512644 0.072851
0.482603 0.516559 0.068961
0.461955 0.523000 0.061936
0.467635 0.518835 0.065641
0.465526 0.529105 0.057902
0.464041 0.513029 0.069937
0.466086 0.503627 0.078430
0.471736 0.500034 0.082607
0.469708 0.509144 0.073865
0.454169 0.538187 0.051055
0.456279 0.527307 0.058336
0.459843 0.533573 0.054424
0.518511 0.487423 0.103878
0.522225 0.491999 0.098574
0.516602 0.495114 0.094006
0.524104 0.484568 0.108673
0.529680 0.481810 0.113584
0.533421 0.486101 0.108056
0.527832 0.488997 0.103257
0.507278 0.493470 0.094616
0.512902 0.490386 0.099194
0.510963 0.498353 0.089549
0.509192 0.485801 0.104515
0.511062 0.478669 0.114880
0.516632 0.476086 0.119899
0.514789 0.482983 0.109315
0.499646 0.505221 0.080972
0.501640 0.496683 0.090143
0.505310 0.501721 0.085204
0.428069 0.551100 0.041920
0.431608 0.558181 0.038685
0.425997 0.563618 0.035867
0.433682 0.546014 0.044996
0.439311 0.541101 0.048176
0.442860 0.547858 0.044652
0.437228 0.552932 0.041614
0.416869 0.561854 0.036079
0.422467 0.556372 0.038947
0.420383 0.569274 0.033160
0.418925 0.549247 0.042216
0.420958 0.537336 0.048920
0.426563 0.532593 0.052267
0.424519 0.544148 0.045334
0.409065 0.581409 0.028088
0.411259 0.567578 0.033316
0.414746 0.575187 0.030567
0.486400 0.670868 0.011905
0.490415 0.678233 0.011339
0.484973 0.684877 0.010876
0.491872 0.664294 0.012617
0.497355 0.657788 0.013450
0.501312 0.665115 0.012627
0.495859 0.671644 0.011923
0.475459 0.684207 0.010846
0.480931 0.677507 0.011314
0.479518 0.691597 0.010517
0.476963 0.670033 0.011880
0.478579 0.655885 0.013432
0.484101 0.649382 0.014407
0.482457 0.663415 0.012601
0.468561 0.705036 0.009972
0.469966 0.690994 0.010484
0.474033 0.698362 0.010224
0.370017 0.458820 0.113311
0.373691 0.463475 0.108078
0.368076 0.466397 0.103452
0.375635 0.456131 0.118112
0.381254 0.453553 0.123018
0.384920 0.457974 0.117621
0.379305 0.460667 0.112799
0.358779 0.464523 0.103998
0.364399 0.461618 0.108609
0.362461 0.469431 0.098914
0.360720 0.456959 0.113817
0.362666 0.449843 0.123923
0.368293 0.447377 0.128884
0.366343 0.454279 0.118596
0.351229 0.475826 0.090077
0.353157 0.467535 0.099470
0.356846 0.472575 0.094459
0.531428 0.441658 0.198254
0.535316 0.444598 0.191291
0.530125 0.446325 0.185010
0.536548 0.439932 0.204838
0.541608 0.438156 0.211627
0.545531 0.441036 0.204382
0.540452 0.442837 0.197744
0.521028 0.444987 0.185624
0.526255 0.443340 0.191857
0.524881 0.448025 0.178887
0.522405 0.440392 0.198817
0.523741 0.435888 0.212556
0.528842 0.434233 0.219433
0.527568 0.438754 0.205340
0.514238 0.451430 0.167037
0.515751 0.446612 0.179539
0.519585 0.449719 0.172903
0.501552 0.418865 0.257794
0.505176 0.421871 0.250124
0.500062 0.423504 0.242890
0.506563 0.416779 0.265307
0.511482 0.414342 0.273023
0.515135 0.417733 0.265048
0.510201 0.419964 0.257495
0.491262 0.422157 0.243186
0.496450 0.420640 0.250430
0.494866 0.424924 0.235750
0.492855 0.417663 0.257999
0.494363 0.412431 0.273275
0.499353 0.409932 0.281148
0.497951 0.415718 0.265511
0.484270 0.427422 0.221775
0.485995 0.423479 0.236047
0.489599 0.426199 0.228705
0.538922 0.390612 0.324550
0.542753 0.395901 0.315524
0.538367 0.400608 0.306533
0.543217 0.385157 0.333873
0.547491 0.379169 0.343270
0.551415 0.385388 0.334000
0.547093 0.390854 0.324694
0.530142 0.400281 0.306418
0.534570 0.395631 0.315381
0.533917 0.404931 0.297737
0.530707 0.390457 0.324338
0.530836 0.379058 0.342827
0.534899 0.372526 0.352096
0.534977 0.385032 0.333671
0.524727 0.412172 0.280868
0.525633 0.404515 0.297679
0.529374 0.408778 0.289173
0.602875 0.393828 0.323197
0.606700 0.399267 0.313673
0.602825 0.404083 0.304924
0.606988 0.388499 0.332239
0.611134 0.382897 0.341272
0.614516 0.389142 0.331371
0.610602 0.394277 0.322504
0.594823 0.403783 0.305431
0.598820 0.398923 0.314251
0.598955 0.408609 0.296286
0.595095 0.393407 0.323735
0.596122 0.381483 0.342629
0.600753 0.375086 0.351685
0.599360 0.387943 0.332886
0.591074 0.416601 0.279495
0.590856 0.408315 0.296751
0.595045 0.412779 0.287802
0.575660 0.337494 0.385780
0.579846 0.344598 0.381010
0.574778 0.351697 0.375307
0.580665 0.330733 0.389800
0.585584 0.324254 0.393066
0.589748 0.330959 0.389883
0.584872 0.337649 0.385844
0.565711 0.351531 0.375254
0.570649 0.344453 0.380950
0.569766 0.358852 0.368670
0.566239 0.337419 0.385720
0.566515 0.324130 0.392932
0.571456 0.317905 0.395464
0.571190 0.330660 0.389728
0.560229 0.372890 0.352505
0.560909 0.358652 0.368624
0.564893 0.365982 0.361052
0.444169 0.473610 0.108804
0.447834 0.478257 0.103434
0.442228 0.481223 0.098795
0.449762 0.470913 0.113649
0.455349 0.468339 0.118599
0.459025 0.472719 0.113021
0.453433 0.475425 0.108175
0.432962 0.479391 0.099416
0.438569 0.476435 0.104060
0.436616 0.484326 0.094257
0.434909 0.471781 0.109430
0.436843 0.464693 0.119850
0.442430 0.462254 0.124902
0.440505 0.469091 0.114278
0.425385 0.490942 0.085485
0.427352 0.482483 0.094869
0.431000 0.487566 0.089820
0.414946 0.440522 0.154792
0.418594 0.444316 0.148838
0.412993 0.446296 0.143363
0.420530 0.438776 0.160452
0.426093 0.437155 0.166194
0.429744 0.440723 0.160050
0.424179 0.442460 0.154404
0.403734 0.444397 0.143763
0.409346 0.442397 0.149227
0.407384 0.448394 0.137991
0.405698 0.438590 0.155134
0.407651 0.433209 0.166829
0.413233 0.431670 0.172664
0.411298 0.436821 0.160790
0.396153 0.452946 0.127582
0.398117 0.446513 0.138405
0.401770 0.450610 0.132730
0.459005 0.429252 0.202360
0.462662 0.432259 0.195644
0.457222 0.433515 0.189464
0.464443 0.428101 0.208777
0.469873 0.426963 0.215350
0.473501 0.429827 0.208393
0.468088 0.431033 0.201948
0.448100 0.431649 0.189915
0.453557 0.430431 0.196079
0.451767 0.434811 0.183397
0.449918 0.427398 0.202759
0.451788 0.423388 0.216040
0.457259 0.422384 0.222725
0.455379 0.426297 0.209154
0.440802 0.437587 0.171558
0.442630 0.432916 0.183856
0.446295 0.436163 0.177431
0.562638 0.675746 0.012014
0.566965 0.682410 0.011469
0.561716 0.688686 0.011023
0.567976 0.669519 0.012687
0.573353 0.663357 0.013473
0.577567 0.670023 0.012698
0.572248 0.676180 0.012028
0.552069 0.688333 0.011005
0.557338 0.682020 0.011453
0.556490 0.695006 0.010671
0.553045 0.675280 0.012000
0.554238 0.662215 0.013462
0.559678 0.656028 0.014370
0.558397 0.669013 0.012677
0.546057 0.707572 0.010103
0.546819 0.694692 0.010654
0.551268 0.701332 0.010370
0.530788 0.620496 0.020913
0.534547 0.627507 0.019331
0.528928 0.633549 0.017923
0.536466 0.614615 0.022556
0.542175 0.608823 0.024310
0.545879 0.615716 0.022482
0.540196 0.621564 0.020851
0.519522 0.632547 0.017962
0.525139 0.626471 0.019381
0.523345 0.639688 0.016631
0.521397 0.619390 0.020980
0.523395 0.606449 0.024505
0.529121 0.600676 0.026401
0.527071 0.613477 0.022636
0.512276 0.652243 0.014393
0.513937 0.638724 0.016658
0.517795 0.645922 0.015453
0.576829 0.576225 0.037643
0.580477 0.582604 0.034907
0.574675 0.587844 0.032472
0.582643 0.571202 0.040378
0.588460 0.566293 0.043255
0.592103 0.572473 0.040215
0.586286 0.577482 0.037489
0.565228 0.586615 0.032610
0.571024 0.581362 0.035053
0.568883 0.593199 0.030188
0.567387 0.574935 0.037818
0.569573 0.563653 0.043660
0.575384 0.558852 0.046689
0.573195 0.569905 0.040561
0.557338 0.604269 0.026076
0.559444 0.591989 0.030314
0.563104 0.598673 0.028056
0.743895 0.519345 0.095451
0.747939 0.524078 0.091030
0.742452 0.527525 0.086783
0.749320 0.516044 0.099813
0.754714 0.512813 0.104197
0.758818 0.517436 0.099607
0.753393 0.520718 0.095308
0.732950 0.526198 0.086825
0.738439 0.522729 0.091118
0.736933 0.531063 0.082576
0.734409 0.517983 0.095598
0.735754 0.510032 0.104753
0.741116 0.506835 0.109307
0.739833 0.514662 0.100021
0.725791 0.538436 0.074332
0.727427 0.529759 0.082584
0.731380 0.534698 0.078422
0.710921 0.483482 0.137012
0.715107 0.487739 0.131139
0.709905 0.490813 0.125978
0.716018 0.480462 0.142410
0.721065 0.477459 0.147882
0.725371 0.481674 0.141664
0.720263 0.484696 0.136368
0.700568 0.489598 0.126450
0.705772 0.486526 0.131690
0.704658 0.493918 0.120878
0.701614 0.482328 0.137597
0.702470 0.475246 0.149326
0.707444 0.472272 0.155062
0.706710 0.479315 0.143077
0.694031 0.500244 0.110901
0.695312 0.492698 0.121290
0.699367 0.497059 0.115850
0.693884 0.467413 0.162364
0.698196 0.471279 0.155756
0.693211 0.474227 0.149972
0.698734 0.464485 0.168423
0.703504 0.461539 0.174607
0.707948 0.465369 0.167666
0.703108 0.468329 0.161655
0.727542 0.500937 0.114734
0.731657 0.505455 0.109654
0.726295 0.508666 0.105024
0.732837 0.497822 0.119516
0.738099 0.494744 0.124332
0.742284 0.499198 0.119008
0.736986 0.502304 0.114317
0.562351 0.551383 0.050377
0.565959 0.557476 0.046934
0.560154 0.562278 0.043893
0.568152 0.546821 0.053679
0.573947 0.542379 0.057096
0.577573 0.548224 0.053395
0.571766 0.552792 0.050103
0.516138 0.592378 0.028723
0.519752 0.599409 0.026527
0.514031 0.605209 0.024615
0.521882 0.586791 0.030932
0.527638 0.581343 0.033288
0.531245 0.588143 0.030759
0.525493 0.593708 0.028568
0.546155 0.648445 0.015412
0.550159 0.655357 0.014372
0.544709 0.661585 0.013458
0.551688 0.642331 0.016561
0.557263 0.636303 0.017825
0.561176 0.643126 0.016543
0.555646 0.649201 0.015401
0.444703 0.417667 0.230069
0.448229 0.420517 0.223019
0.442735 0.421460 0.216355
0.450193 0.416784 0.236962
0.455653 0.415821 0.243955
0.459174 0.418623 0.236747
0.453715 0.419580 0.229825
0.400366 0.426210 0.179030
0.404005 0.429676 0.172907
0.398403 0.431238 0.167074
0.405954 0.424852 0.185052
0.411526 0.423592 0.191167
0.415152 0.426896 0.184849
0.409588 0.428232 0.178833
0.429534 0.456242 0.131249
0.433187 0.460411 0.125510
0.427592 0.462845 0.120451
0.435121 0.454049 0.136513
0.440696 0.451966 0.141873
0.444351 0.455900 0.135925
0.438773 0.458098 0.130666
0.556809 0.312015 0.397275
0.561703 0.317912 0.395436
0.556845 0.324117 0.392912
0.561691 0.306436 0.398496
0.566591 0.301159 0.399139
0.571523 0.306414 0.398518
0.566611 0.312007 0.397288
0.590181 0.367025 0.360904
0.593104 0.374450 0.352102
0.588341 0.380986 0.342989
0.595207 0.359952 0.368533
0.600073 0.353009 0.375179
0.602855 0.360759 0.368228
0.598001 0.367628 0.360633
0.521719 0.366072 0.360047
0.526430 0.372696 0.351733
0.522490 0.379215 0.342417
0.525492 0.358813 0.367967
0.529450 0.351551 0.374830
0.534328 0.358525 0.368294
0.530332 0.365718 0.360496
0.487192 0.405447 0.288892
0.490780 0.409005 0.281079
0.485701 0.411332 0.273253
0.492120 0.402451 0.297098
0.496898 0.398930 0.305539
0.500584 0.403057 0.297410
0.495747 0.406270 0.289125
0.516213 0.430288 0.227382
0.519957 0.433063 0.219911
0.514801 0.434616 0.213100
0.521288 0.428693 0.234479
0.526285 0.426923 0.241724
0.530063 0.429743 0.234095
0.525049 0.431447 0.226922
0.355303 0.441252 0.134686
0.358986 0.445504 0.129288
0.353352 0.447968 0.124357
0.360943 0.438986 0.139814
0.366583 0.436819 0.145062
0.370254 0.440880 0.139493
0.364621 0.443140 0.134332
0.471001 0.640678 0.015516
0.474762 0.648300 0.014403
0.469230 0.654840 0.013415
0.476559 0.634304 0.016761
0.482135 0.628037 0.018126
0.485861 0.635503 0.016741
0.480304 0.641854 0.015512
0.413800 0.524173 0.056583
0.417385 0.530674 0.052671
0.411801 0.535412 0.049290
0.419398 0.519789 0.060175
0.425010 0.515565 0.063855
0.428602 0.521708 0.059709
0.422986 0.526109 0.056145
0.503600 0.470406 0.126372
0.507331 0.474478 0.120567
0.501755 0.477028 0.115536
0.509153 0.468081 0.131618
0.514686 0.465841 0.136965
0.518436 0.469661 0.130939
0.512892 0.472025 0.125700
0.458808 0.493041 0.088023
0.462452 0.498261 0.083151
0.456811 0.501836 0.078969
0.464433 0.489759 0.092443
0.470052 0.486616 0.096977
0.473720 0.491526 0.091874
0.468089 0.494822 0.087455
0.487619 0.538838 0.053212
0.491172 0.545181 0.049530
0.485446 0.549970 0.046358
0.493346 0.534341 0.056628
0.499076 0.529985 0.060150
0.502647 0.536031 0.056208
0.496907 0.540536 0.052815
0.652655 0.491183 0.117738
0.656595 0.495453 0.112257
0.651167 0.498645 0.107248
0.658010 0.488114 0.122990
0.663318 0.485085 0.128335
0.667325 0.489220 0.122573
0.661982 0.492313 0.117368
0.608387 0.518065 0.080046
0.612125 0.523173 0.075595
0.606419 0.527070 0.071587
0.614041 0.514398 0.084314
0.619665 0.510832 0.088710
0.623449 0.515702 0.084002
0.617802 0.519384 0.079734
0.638032 0.561877 0.048803
0.641722 0.567772 0.045566
0.635892 0.572546 0.042571
0.643846 0.557308 0.052076
0.649647 0.552843 0.055483
0.653368 0.558519 0.051988
0.647549 0.563095 0.048708
0.586805 0.437528 0.224366
0.591031 0.440366 0.216639
0.586333 0.442615 0.209524
0.591348 0.435217 0.231745
0.595769 0.432738 0.239181
0.600111 0.435605 0.231288
0.595625 0.438036 0.223922
0.547052 0.453670 0.171075
0.550965 0.456830 0.164536
0.545657 0.458835 0.158676
0.552272 0.451779 0.177161
0.557436 0.449883 0.183390
0.561423 0.452902 0.176623
0.556221 0.454858 0.170515
0.578061 0.481967 0.121447
0.581887 0.486029 0.115750
0.576346 0.488908 0.110713
0.583554 0.479264 0.126725
0.589009 0.476611 0.132120
0.592876 0.480448 0.126187
0.587399 0.483212 0.120908
0.619745 0.413028 0.286221
0.624404 0.416841 0.277519
0.620656 0.420469 0.269482
0.623359 0.408963 0.294523
0.626877 0.404748 0.302902
0.631580 0.409142 0.293944
0.628047 0.413057 0.285686
0.657781 0.439567 0.220928
0.662448 0.442807 0.213120
0.658016 0.445673 0.206004
0.662041 0.436632 0.228282
0.666189 0.433622 0.235705
0.671041 0.436913 0.227656
0.666792 0.439894 0.220351
0.620451 0.461235 0.166683
0.624569 0.464551 0.160101
0.619458 0.467156 0.154152
0.625430 0.458681 0.172890
0.630322 0.456101 0.179258
0.634550 0.459324 0.172438
0.629601 0.461944 0.166193
0.683908 0.528336 0.078501
0.687765 0.533419 0.074310
0.682110 0.537334 0.070289
0.689497 0.524613 0.082741
0.695047 0.520985 0.087082
0.698963 0.525892 0.082672
0.693383 0.529606 0.078439
0.533305 0.506583 0.083531
0.536975 0.511734 0.078828
0.531282 0.515470 0.074765
0.538963 0.503124 0.087851
0.544604 0.499791 0.092293
0.548313 0.504643 0.087333
0.542652 0.508126 0.083018
0.442185 0.580089 0.030143
0.445701 0.587595 0.027701
0.440071 0.593555 0.025563
0.447822 0.574399 0.032576
0.453469 0.568874 0.035142
0.456997 0.576096 0.032357
0.451344 0.581769 0.029959
0.502899 0.699721 0.010292
0.507225 0.706541 0.010050
0.501924 0.712842 0.009823
0.508271 0.693137 0.010585
0.513629 0.686588 0.010937
0.517887 0.693572 0.010603
0.512549 0.700101 0.010308
0.384705 0.478212 0.092768
0.388373 0.483408 0.087828
0.382777 0.486869 0.083551
0.390308 0.475016 0.097233
0.395914 0.471951 0.101789
0.399574 0.476878 0.096657
0.393972 0.480076 0.092196
0.554195 0.410324 0.289169
0.558087 0.414534 0.280647
0.553682 0.417808 0.272412
0.558501 0.406329 0.297808
0.562754 0.401920 0.306624
0.566621 0.406902 0.297705
0.562395 0.410912 0.289083
0.473763 0.441616 0.175911
0.477489 0.444870 0.169477
0.472021 0.446470 0.163655
0.479190 0.440177 0.181920
0.484589 0.438776 0.188037
0.488334 0.441879 0.181406
0.482928 0.443347 0.175392
0.591502 0.602068 0.027782
0.595207 0.608645 0.025765
0.589446 0.614169 0.023948
0.597294 0.596690 0.029888
0.603095 0.591417 0.032147
0.606784 0.597851 0.029807
0.600989 0.603198 0.027708
0.685136 0.459984 0.176088
0.684668 0.466541 0.163047
0.680337 0.462853 0.169832
0.689532 0.463649 0.169143
0.688959 0.470332 0.156424
0.719270 0.492076 0.125470
0.718123 0.499605 0.115131
0.714020 0.495174 0.120459
0.723413 0.496477 0.120004
0.722216 0.504102 0.109988
0.555142 0.539486 0.057742
0.552955 0.549940 0.050669
0.549360 0.543912 0.054304
0.558747 0.545383 0.053982
0.556551 0.556066 0.047196
0.508955 0.578491 0.033712
0.506802 0.591005 0.028890
0.503219 0.583966 0.031316
0.512539 0.585403 0.031118
0.510403 0.598103 0.026663
0.538353 0.634508 0.017888
0.536682 0.647648 0.015424
0.532773 0.640612 0.016605
0.542221 0.641493 0.016582
0.540659 0.654642 0.014376
0.437727 0.411899 0.244277
0.435688 0.415618 0.230288
0.432213 0.412696 0.237332
0.441203 0.414811 0.237162
0.439194 0.418534 0.223287
0.393134 0.419415 0.191443
0.391125 0.424174 0.179180
0.387507 0.420716 0.185311
0.396740 0.422794 0.185205
0.394760 0.427676 0.173103
0.422239 0.448204 0.142926
0.420289 0.454369 0.131785
0.416641 0.450286 0.137547
0.425886 0.452176 0.137057
0.423939 0.458553 0.126083
0.546905 0.301178 0.399121
0.547017 0.312020 0.397261
0.542043 0.306454 0.398483
0.551865 0.306443 0.398486
0.551964 0.317910 0.395420
0.583676 0.351929 0.375335
0.581995 0.366602 0.361028
0.578568 0.359102 0.368692
0.587105 0.359435 0.368661
0.585178 0.373972 0.352345
0.511677 0.352811 0.373840
0.513232 0.366698 0.359349
0.508270 0.360312 0.366579
0.516752 0.359369 0.367440
0.518002 0.373065 0.351190
0.479975 0.397953 0.304399
0.478574 0.404509 0.288592
0.475012 0.400927 0.296238
0.483591 0.401758 0.296677
0.482136 0.407981 0.280920
0.508826 0.424753 0.242501
0.507365 0.429023 0.227875
0.503697 0.426284 0.235368
0.512502 0.427543 0.234918
0.511063 0.431794 0.220435
0.347917 0.432975 0.145552
0.345969 0.439349 0.135018
0.342270 0.435157 0.140384
0.351613 0.437079 0.140109
0.349662 0.443617 0.129674
0.463613 0.625424 0.018190
0.461727 0.639441 0.015516
0.458044 0.631723 0.016789
0.467288 0.633044 0.016777
0.465452 0.647154 0.014393
0.406594 0.511694 0.064850
0.404625 0.522207 0.057027
0.401018 0.515869 0.061123
0.410203 0.517844 0.060646
0.408219 0.528725 0.053079
0.496144 0.462602 0.138306
0.494311 0.468744 0.127021
0.490594 0.464775 0.132926
0.499871 0.466449 0.132288
0.498032 0.472827 0.121222
0.451497 0.483041 0.098174
0.449535 0.491232 0.088614
0.445884 0.486154 0.093642
0.455156 0.487967 0.093034
0.453178 0.496459 0.083719
0.480490 0.526543 0.061039
0.478346 0.537110 0.053613
0.474787 0.530877 0.057474
0.484060 0.532622 0.057050
0.481898 0.543477 0.049906
0.644743 0.482977 0.129166
0.643335 0.490061 0.118096
0.639406 0.485938 0.123760
0.648705 0.487023 0.123377
0.647256 0.494297 0.112591
0.600873 0.508236 0.089453
0.598975 0.516734 0.080397
0.595233 0.511761 0.085055
0.604637 0.513084 0.084665
0.602703 0.521839 0.075907
0.630655 0.550348 0.055731
0.628530 0.560637 0.048924
0.624854 0.554808 0.052335
0.634344 0.556069 0.052192
0.632209 0.566551 0.045668
0.578415 0.431794 0.240015
0.577991 0.436902 0.224781
0.573857 0.434061 0.232554
0.582599 0.434698 0.232166
0.582152 0.439750 0.217079
0.539221 0.447576 0.184444
0.537894 0.452427 0.171649
0.534007 0.449350 0.178276
0.543136 0.450594 0.177708
0.541777 0.455583 0.165118
0.570383 0.474206 0.133236
0.568723 0.480673 0.122004
0.564902 0.476741 0.127847
0.574228 0.478026 0.127279
0.572538 0.484729 0.116291
0.610836 0.404311 0.304335
0.611495 0.413060 0.286805
0.607075 0.408804 0.295765
0.615212 0.408889 0.295175
0.616034 0.416917 0.278042
0.648344 0.433239 0.236689
0.648811 0.439285 0.221377
0.644167 0.436187 0.229174
0.653082 0.436382 0.228790
0.653429 0.442443 0.213633
0.612144 0.454965 0.180258
0.611303 0.460528 0.167230
0.607186 0.457396 0.173960
0.616311 0.458042 0.173400
0.615392 0.463777 0.160625
0.676159 0.518432 0.087334
0.674440 0.527070 0.078593
0.670589 0.522070 0.082969
0.680038 0.523339 0.082840
0.678281 0.532160 0.074368
0.525930 0.496716 0.093409
0.523967 0.505005 0.084068
0.520290 0.499988 0.088960
0.529624 0.501578 0.088393
0.527632 0.510165 0.079335
0.435140 0.565377 0.035639
0.433035 0.578424 0.030308
0.429519 0.570971 0.032985
0.438665 0.572681 0.032790
0.436547 0.585968 0.027839
0.494506 0.685497 0.010900
0.493264 0.699305 0.010274
0.489086 0.692153 0.010545
0.498670 0.692666 0.010567
0.497543 0.706210 0.010036
0.377363 0.468253 0.102904
0.375429 0.476349 0.093333
0.371752 0.471305 0.098357
0.381035 0.473162 0.097798
0.379104 0.481535 0.088394
0.546543 0.400978 0.306620
0.545962 0.409786 0.289190
0.542157 0.405354 0.297797
0.550351 0.405813 0.297831
0.549799 0.413927 0.280728
0.466344 0.435320 0.188996
0.464603 0.439847 0.176425
0.460906 0.436652 0.182911
0.470047 0.438438 0.182417
0.468309 0.443114 0.170006
0.584138 0.589042 0.032352
0.582024 0.600946 0.027863
0.578342 0.594372 0.030076
0.587813 0.595532 0.029977
0.585722 0.607556 0.025830
0.735316 0.539686 0.074386
0.729697 0.543504 0.070380
0.740899 0.535976 0.078459
0.724043 0.547431 0.066454
0.718355 0.551469 0.062622
0.757447 0.525435 0.090953
0.751963 0.528856 0.086753
0.762901 0.522099 0.095174
0.746448 0.532367 0.082585
0.555788 0.707769 0.010116
0.550612 0.713853 0.009879
0.560975 0.701576 0.010385
0.545453 0.719817 0.009672
0.540311 0.725650 0.009494
0.576603 0.682797 0.011486
0.571376 0.689011 0.011040
0.581863 0.676651 0.012042
0.566173 0.695291 0.010688
0.343704 0.488229 0.076800
0.462114 0.724388 0.009421
0.400913 0.602701 0.021463
0.642744 0.614362 0.025500
0.636959 0.619738 0.023704
0.648563 0.609000 0.027428
0.631219 0.625123 0.022026
0.625529 0.630544 0.020465
0.666100 0.593275 0.034194
0.660246 0.598445 0.031778
0.671960 0.588191 0.036767
0.654398 0.603690 0.029521
0.689501 0.573541 0.045392
0.683665 0.578316 0.042369
0.695320 0.568881 0.048560
0.677815 0.583202 0.039493
0.712638 0.555634 0.058908
0.706891 0.559926 0.055321
0.701119 0.564343 0.051870
0.430073 0.665127 0.011658
0.514938 0.752746 0.008989
0.509940 0.757814 0.008954
0.519962 0.747581 0.009045
0.504974 0.762806 0.008938
0.500038 0.767734 0.008940
0.535190 0.731342 0.009344
0.530089 0.736892 0.009220
0.525014 0.742302 0.009121
0.373319 0.539713 0.043579
0.597881 0.658712 0.014369
0.592499 0.664604 0.013484
0.603308 0.652911 0.015364
0.587161 0.670585 0.012708
0.619892 0.636022 0.019018
0.614310 0.641572 0.017687
0.608784 0.647199 0.016470
0.325186 0.461768 0.101114
0.321491 0.456898 0.106132
0.328883 0.466767 0.096133
0.317794 0.452146 0.111177
0.314092 0.447501 0.116240
0.339991 0.482635 0.081513
0.336285 0.477190 0.086320
0.332582 0.471904 0.091198
0.441419 0.688903 0.010350
0.437601 0.681004 0.010664
0.445297 0.696660 0.010109
0.433827 0.673062 0.011093
0.457721 0.717937 0.009564
0.453443 0.711187 0.009726
0.449295 0.704107 0.009908
0.383990 0.562431 0.033695
0.380498 0.554649 0.036801
0.387408 0.570407 0.030799
0.376937 0.547076 0.040100
0.397486 0.594778 0.023459
0.394111 0.586718 0.025676
0.390769 0.578539 0.028126
0.411535 0.626055 0.016606
0.407934 0.618312 0.018051
0.415186 0.633800 0.015321
0.404394 0.610535 0.019666
0.426329 0.657228 0.012360
0.422595 0.649375 0.013203
0.418876 0.641569 0.014189
0.475857 0.742187 0.009103
0.471193 0.736495 0.009190
0.480588 0.747659 0.009035
0.466609 0.730569 0.009296
0.495112 0.762942 0.008938
0.490224 0.758016 0.008953
0.485380 0.752930 0.008985
0.354864 0.505982 0.063350
0.351144 0.499881 0.067711
0.358581 0.512290 0.059115
0.347423 0.493969 0.072197
0.369664 0.532546 0.047229
0.365985 0.525578 0.051043
0.362289 0.518822 0.055010
