0.591901 0.584550 0.031911
0.590132 0.596023 0.027545
0.586226 0.589776 0.029744
0.471408 0.432197 0.189380
0.469758 0.437019 0.176356
0.465964 0.433811 0.182887
0.552814 0.394168 0.320222
0.551604 0.402831 0.300241
0.547968 0.398476 0.310139
0.382551 0.468608 0.100948
0.380680 0.476784 0.091753
0.376941 0.471766 0.096495
0.503715 0.676356 0.011232
0.502807 0.689198 0.010450
0.498426 0.682529 0.010794
0.441234 0.563404 0.036531
0.439292 0.575772 0.031363
0.435633 0.568678 0.034024
0.531550 0.494669 0.092430
0.529671 0.503177 0.083117
0.525951 0.498167 0.088025
0.682010 0.512923 0.082979
0.680505 0.521669 0.074692
0.676513 0.516720 0.078990
0.617038 0.447585 0.178831
0.616246 0.453643 0.165344
0.612113 0.450349 0.172528
0.653751 0.425157 0.234427
0.654111 0.431050 0.218557
0.649454 0.428010 0.227109
0.618181 0.397336 0.312997
0.617846 0.405490 0.293026
0.613936 0.401439 0.303721
0.575726 0.469680 0.132053
0.574135 0.476615 0.120692
0.570301 0.472560 0.126709
0.544439 0.442040 0.185833
0.543155 0.447370 0.172325
0.539257 0.444164 0.179322
0.583485 0.424569 0.243978
0.583025 0.429859 0.227832
0.578913 0.427043 0.236263
0.637388 0.545821 0.053803
0.635600 0.555947 0.047349
0.631721 0.550342 0.050650
0.606487 0.504410 0.087232
0.604760 0.513114 0.078324
0.600924 0.508159 0.083001
0.649955 0.476846 0.125179
0.648638 0.484346 0.114304
0.644653 0.480102 0.120085
0.486447 0.525539 0.060744
0.484424 0.535937 0.053557
0.480775 0.529876 0.057329
0.457072 0.482383 0.097313
0.455143 0.490741 0.087863
0.451463 0.485659 0.092795
0.501692 0.459892 0.137931
0.499897 0.466445 0.126489
0.496168 0.462377 0.132472
0.412124 0.511672 0.064695
0.410165 0.521925 0.057259
0.406517 0.515791 0.061157
0.471078 0.620470 0.019112
0.469505 0.633559 0.016441
0.465587 0.626382 0.017760
0.352192 0.433167 0.141257
0.350420 0.439754 0.130992
0.346575 0.435520 0.136041
0.513702 0.419448 0.247395
0.512387 0.424081 0.231748
0.508613 0.421374 0.239574
0.483948 0.393195 0.314629
0.482570 0.399946 0.296498
0.478887 0.396538 0.304715
0.518468 0.342672 0.387682
0.519077 0.356821 0.375850
0.514162 0.350067 0.381970
0.593987 0.342538 0.388107
0.592538 0.357120 0.376308
0.588981 0.349539 0.382856
0.556599 0.295529 0.402892
0.556626 0.305518 0.402573
0.551680 0.300485 0.402803
0.427378 0.447181 0.141228
0.425534 0.453612 0.130129
0.421796 0.449486 0.135743
0.397020 0.418353 0.188388
0.395247 0.423245 0.176060
0.391439 0.419796 0.181994
0.441438 0.409737 0.245013
0.439668 0.413594 0.230497
0.435937 0.410791 0.237448
0.546910 0.628574 0.018242
0.545502 0.640934 0.015844
0.541403 0.634353 0.017030
0.515924 0.575567 0.033926
0.514037 0.587507 0.029201
0.510262 0.580848 0.031627
0.561459 0.536943 0.056800
0.559512 0.547260 0.049981
0.555767 0.541427 0.053540
0.725103 0.484965 0.117129
0.723975 0.492811 0.107407
0.719804 0.488279 0.112698
0.690622 0.451871 0.169065
0.690089 0.458774 0.156137
0.685730 0.454949 0.163223
0.595796 0.590731 0.029564
0.475197 0.435307 0.182713
0.556399 0.398888 0.310021
0.386289 0.473511 0.096108
0.508063 0.683036 0.010784
0.444890 0.570373 0.033718
0.535281 0.499550 0.087381
0.686019 0.517801 0.078561
0.621223 0.450832 0.171482
0.658503 0.428200 0.225672
0.621949 0.401701 0.302004
0.579591 0.473618 0.125914
0.548362 0.445177 0.178664
0.587638 0.427450 0.235352
0.641276 0.551333 0.050381
0.610336 0.509262 0.082417
0.653981 0.481020 0.119253
0.490102 0.531475 0.056843
0.460759 0.487330 0.092257
0.505441 0.463837 0.131829
0.415774 0.517668 0.060681
0.474972 0.627594 0.017673
0.356033 0.437309 0.136104
0.517486 0.422248 0.239401
0.487667 0.396824 0.306167
0.523432 0.349420 0.382512
0.597579 0.350037 0.382572
0.561530 0.300479 0.402809
0.431123 0.451188 0.135500
0.400816 0.421700 0.182327
0.445165 0.412529 0.237953
0.550972 0.635119 0.016948
0.519690 0.582126 0.031347
0.565211 0.542669 0.053116
0.729311 0.489472 0.111682
0.695037 0.455663 0.161796
0.687363 0.480604 0.121316
0.691475 0.484953 0.115580
0.686154 0.488322 0.110924
0.692607 0.477326 0.126193
0.708075 0.467662 0.141308
0.712364 0.471859 0.134920
0.707200 0.475087 0.129980
0.720105 0.517377 0.081184
0.724186 0.522228 0.076998
0.718687 0.526007 0.073295
0.725567 0.513738 0.085031
0.741847 0.503232 0.096749
0.746005 0.507892 0.092170
0.740577 0.511373 0.088340
0.553762 0.580413 0.032813
0.557598 0.586765 0.030357
0.551936 0.592112 0.028282
0.559443 0.575245 0.035172
0.576535 0.560278 0.043017
0.580345 0.566271 0.039982
0.574645 0.571263 0.037381
0.508813 0.624964 0.018661
0.512799 0.631786 0.017296
0.507318 0.637705 0.016140
0.514356 0.619149 0.020026
0.531151 0.602030 0.024724
0.535028 0.608716 0.022888
0.529427 0.614406 0.021345
0.542287 0.678313 0.011175
0.546747 0.684704 0.010749
0.541555 0.690720 0.010429
0.547544 0.672312 0.011688
0.563505 0.654521 0.013785
0.567803 0.660895 0.012959
0.562491 0.666798 0.012268
0.434362 0.425805 0.189456
0.438156 0.428991 0.183097
0.432652 0.430547 0.176801
0.439872 0.424436 0.196037
0.456382 0.420686 0.216853
0.460121 0.423437 0.209863
0.454638 0.424741 0.202892
0.389918 0.440240 0.141544
0.393707 0.444297 0.136104
0.388098 0.446727 0.130812
0.395519 0.438031 0.147081
0.412251 0.432123 0.164486
0.416054 0.435754 0.158623
0.410486 0.437707 0.152799
0.419871 0.475577 0.099343
0.423567 0.480522 0.094355
0.417954 0.483854 0.089959
0.425480 0.472482 0.103979
0.442281 0.463848 0.118628
0.445985 0.468295 0.113153
0.440388 0.471188 0.108268
0.556487 0.341945 0.388324
0.561023 0.349058 0.383094
0.556080 0.356225 0.376835
0.561407 0.335118 0.392632
0.576335 0.316333 0.400695
0.581131 0.322280 0.398763
0.576120 0.328554 0.396098
0.586184 0.395875 0.318289
0.589604 0.400626 0.307547
0.584980 0.404684 0.298030
0.591088 0.391027 0.328382
0.606295 0.373257 0.358177
0.608871 0.380429 0.347399
0.603977 0.386162 0.337492
0.518580 0.393308 0.319199
0.522339 0.397640 0.309513
0.517428 0.401437 0.299644
0.523377 0.388614 0.329690
0.537412 0.370406 0.360712
0.541566 0.377132 0.351192
0.536802 0.383241 0.340796
0.478000 0.415458 0.246933
0.481740 0.418184 0.239440
0.476405 0.419610 0.231812
0.483284 0.413779 0.254930
0.498776 0.407216 0.280545
0.502479 0.410445 0.272084
0.497388 0.412762 0.263543
0.508078 0.437678 0.188131
0.511907 0.440792 0.181136
0.506585 0.442724 0.174843
0.513355 0.435848 0.194747
0.528926 0.430357 0.215873
0.532769 0.433137 0.208161
0.527622 0.435051 0.201076
0.345027 0.461600 0.102274
0.348814 0.466473 0.097585
0.343194 0.469661 0.093313
0.350642 0.458608 0.106727
0.367477 0.450168 0.120814
0.371264 0.454619 0.115783
0.365653 0.457446 0.111049
0.465468 0.673558 0.011259
0.469660 0.680634 0.010797
0.464336 0.686956 0.010438
0.470817 0.667299 0.011833
0.486949 0.648824 0.014167
0.491049 0.655814 0.013255
0.485677 0.661951 0.012490
0.404337 0.556248 0.037800
0.407966 0.563423 0.034871
0.402396 0.568956 0.032349
0.409902 0.551081 0.040561
0.426684 0.536508 0.049440
0.430317 0.543063 0.045978
0.424708 0.547926 0.043048
0.494286 0.488809 0.095064
0.497987 0.493731 0.089972
0.492366 0.497232 0.085635
0.499891 0.485549 0.099659
0.516634 0.476350 0.114135
0.520362 0.480752 0.108493
0.514789 0.483858 0.103683
0.449225 0.518877 0.062715
0.452864 0.524868 0.058754
0.447214 0.529243 0.055398
0.454870 0.514732 0.066307
0.471792 0.502941 0.077871
0.475461 0.508403 0.073357
0.469815 0.512356 0.069517
0.478414 0.569886 0.035209
0.482114 0.576665 0.032510
0.476483 0.582058 0.030264
0.484065 0.564720 0.037736
0.501086 0.549890 0.046041
0.504767 0.556210 0.042753
0.499086 0.561160 0.040008
0.644147 0.508679 0.084990
0.648073 0.513544 0.080368
0.642531 0.517446 0.076355
0.649647 0.504942 0.089245
0.665993 0.494161 0.102535
0.669994 0.498729 0.097352
0.664552 0.502320 0.092978
0.599324 0.541603 0.055131
0.603142 0.547218 0.051585
0.597449 0.551840 0.048514
0.604996 0.537169 0.058432
0.621904 0.524425 0.069084
0.625768 0.529662 0.065004
0.620137 0.533913 0.061465
0.630250 0.588315 0.031199
0.634191 0.594414 0.028934
0.628523 0.599671 0.026959
0.635934 0.583190 0.033454
0.653007 0.568266 0.041005
0.656939 0.574046 0.038184
0.651248 0.579024 0.035675
0.580745 0.445480 0.182825
0.584797 0.448624 0.175508
0.579706 0.451091 0.169241
0.585728 0.443076 0.189434
0.600215 0.435738 0.210260
0.604425 0.438555 0.202108
0.599636 0.441121 0.195214
0.538685 0.465191 0.135129
0.542475 0.469110 0.128987
0.536982 0.471913 0.123686
0.544110 0.462575 0.140654
0.560134 0.455069 0.157927
0.564048 0.458557 0.151266
0.558719 0.461111 0.145527
0.568938 0.499854 0.089808
0.572727 0.504712 0.084848
0.567122 0.508459 0.080663
0.574514 0.496316 0.094261
0.591120 0.486131 0.108341
0.594959 0.490529 0.102798
0.589433 0.493967 0.098137
0.618281 0.424962 0.239523
0.622708 0.427764 0.230808
0.618277 0.430556 0.223481
0.622555 0.422022 0.247191
0.634876 0.412759 0.271277
0.639513 0.415992 0.261719
0.635450 0.419022 0.253755
0.653575 0.449467 0.174557
0.657903 0.452998 0.167226
0.652952 0.455973 0.161258
0.658406 0.446535 0.180832
0.672539 0.437759 0.200311
0.677125 0.441125 0.192178
0.672415 0.444097 0.185762
0.612812 0.473373 0.128596
0.616747 0.477389 0.122530
0.611359 0.480590 0.117438
0.618112 0.470307 0.133913
0.633666 0.461284 0.150576
0.637770 0.465005 0.143970
0.632599 0.468055 0.138435
0.675664 0.549718 0.052792
0.679619 0.555127 0.049461
0.673968 0.559695 0.046460
0.681291 0.545344 0.056023
0.698052 0.532799 0.066323
0.702063 0.537904 0.062553
0.696481 0.542062 0.059130
0.523843 0.531606 0.058693
0.527537 0.537443 0.054887
0.521845 0.541982 0.051683
0.529518 0.527279 0.062133
0.546485 0.514918 0.073226
0.550224 0.520272 0.068852
0.544567 0.524413 0.065172
0.433769 0.615055 0.019520
0.437594 0.622391 0.018003
0.432134 0.628431 0.016678
0.439274 0.609129 0.021080
0.455947 0.591700 0.026383
0.459672 0.598920 0.024319
0.454105 0.604731 0.022585
0.500825 0.726044 0.009347
0.505529 0.731741 0.009237
0.500448 0.737202 0.009147
0.505959 0.720333 0.009475
0.521463 0.702554 0.009979
0.526037 0.708797 0.009789
0.520885 0.714694 0.009621
0.375029 0.504144 0.066582
0.378735 0.510062 0.062546
0.373154 0.514215 0.059044
0.380625 0.500217 0.070282
0.397431 0.489026 0.082022
0.401120 0.494479 0.077508
0.395518 0.498225 0.073603
0.548792 0.422269 0.246587
0.552715 0.425210 0.238258
0.547845 0.427321 0.230524
0.553564 0.419857 0.254714
0.567511 0.411336 0.280477
0.571382 0.414953 0.271022
0.566822 0.417837 0.262515
0.464583 0.453778 0.139927
0.468315 0.457750 0.133996
0.462744 0.460243 0.128591
0.470120 0.451505 0.145553
0.486588 0.445230 0.163117
0.490378 0.448735 0.156714
0.484903 0.450861 0.150880
0.585274 0.631537 0.017893
0.589396 0.637877 0.016656
0.583945 0.643530 0.015591
0.590809 0.625962 0.019158
0.607613 0.609486 0.023542
0.611594 0.615802 0.021871
0.605987 0.621270 0.020424
0.670704 0.464208 0.146347
0.669745 0.471315 0.134525
0.665588 0.467325 0.140928
0.674907 0.468151 0.139782
0.682077 0.483921 0.116516
0.703751 0.498478 0.099656
0.702420 0.506679 0.090618
0.698353 0.501988 0.095392
0.707840 0.503118 0.094761
0.714623 0.521100 0.077380
0.538667 0.555461 0.044416
0.536714 0.566597 0.038582
0.532969 0.560338 0.041605
0.542406 0.561618 0.041252
0.548092 0.585674 0.030586
0.493352 0.597317 0.025529
0.491562 0.610034 0.021958
0.487744 0.603021 0.023766
0.497153 0.604273 0.023581
0.503301 0.630839 0.017392
0.525082 0.652048 0.013968
0.523947 0.664732 0.012377
0.519702 0.658056 0.013138
0.529290 0.658709 0.013101
0.537057 0.684339 0.010757
0.419321 0.413652 0.215554
0.417495 0.417730 0.202019
0.413749 0.414680 0.208517
0.423051 0.416613 0.208915
0.428850 0.427248 0.183023
0.374656 0.424823 0.163666
0.372875 0.430587 0.152365
0.369044 0.426739 0.157837
0.378482 0.428572 0.158082
0.384311 0.442566 0.136146
0.404990 0.457037 0.120024
0.403117 0.464334 0.109904
0.399380 0.459768 0.115056
0.408725 0.461494 0.114762
0.414260 0.478780 0.094829
0.537057 0.316417 0.400647
0.537230 0.328581 0.396012
0.532263 0.322414 0.398677
0.542017 0.322298 0.398707
0.551620 0.348983 0.383073
0.573081 0.371126 0.360757
0.571239 0.384350 0.340664
0.567796 0.377841 0.351169
0.576478 0.378199 0.350865
0.581392 0.400270 0.308449
0.502066 0.372400 0.357161
0.502070 0.384025 0.337501
0.497914 0.378942 0.346602
0.506464 0.378151 0.348328
0.513711 0.397446 0.309017
0.463145 0.403900 0.277332
0.461468 0.408578 0.261390
0.457775 0.405676 0.268872
0.466828 0.406876 0.269681
0.472662 0.416942 0.239151
0.492959 0.426152 0.217128
0.491373 0.430450 0.202719
0.487621 0.427621 0.209914
0.496707 0.428885 0.209740
0.502762 0.439518 0.181683
0.329758 0.443108 0.121322
0.327988 0.450382 0.111967
0.324159 0.445803 0.116693
0.333594 0.447600 0.116524
0.339407 0.464678 0.097927
0.449272 0.644493 0.014313
0.447855 0.658065 0.012541
0.443870 0.650666 0.013374
0.453244 0.651842 0.013359
0.460124 0.679871 0.010789
0.389772 0.528837 0.051130
0.387873 0.540291 0.044524
0.384216 0.533488 0.047962
0.393423 0.535466 0.047572
0.398780 0.561606 0.035134
0.479460 0.470356 0.116679
0.477575 0.477763 0.106209
0.473871 0.473204 0.111648
0.483169 0.474787 0.111102
0.488673 0.492176 0.090584
0.434608 0.496156 0.080002
0.432645 0.505492 0.071586
0.428985 0.499879 0.075989
0.438273 0.501637 0.075464
0.443581 0.523117 0.059236
0.463773 0.543545 0.047734
0.461765 0.554909 0.041519
0.458120 0.548331 0.044759
0.467416 0.549993 0.044359
0.472777 0.575166 0.032808
0.628485 0.490162 0.105337
0.626920 0.498190 0.095405
0.623026 0.493624 0.100636
0.632394 0.494642 0.099967
0.638622 0.512493 0.080841
0.584108 0.519939 0.071028
0.582253 0.529443 0.063179
0.578466 0.524049 0.067278
0.587907 0.525218 0.066781
0.593640 0.546128 0.051939
0.614660 0.564476 0.041880
0.612839 0.575326 0.036420
0.608965 0.569369 0.039197
0.618530 0.570351 0.038965
0.624575 0.593509 0.029079
0.564617 0.433642 0.213803
0.563655 0.438660 0.198728
0.559671 0.435734 0.206514
0.568623 0.436490 0.205801
0.575690 0.447872 0.176376
0.523421 0.450653 0.160781
0.521858 0.456464 0.148441
0.518051 0.452880 0.154893
0.527251 0.454127 0.154207
0.533220 0.467876 0.129713
0.553808 0.481578 0.111297
0.552032 0.489237 0.100926
0.548265 0.484726 0.106395
0.557587 0.485972 0.105688
0.563346 0.503479 0.085476
0.601092 0.412660 0.276764
0.600957 0.419190 0.258827
0.596764 0.415960 0.268224
0.605259 0.416043 0.267062
0.613917 0.427814 0.232031
0.636010 0.436439 0.205727
0.635732 0.442351 0.190863
0.631374 0.439228 0.198750
0.640428 0.439519 0.197650
0.648684 0.452404 0.168388
0.596900 0.458574 0.154493
0.595660 0.464928 0.142169
0.591693 0.461309 0.148722
0.600904 0.462095 0.147786
0.607459 0.476483 0.123384
0.659880 0.528636 0.067560
0.658216 0.538051 0.060153
0.654289 0.532792 0.063952
0.663823 0.533815 0.063634
0.670021 0.554193 0.049670
0.509075 0.509254 0.075577
0.507111 0.518715 0.067352
0.503428 0.513158 0.071682
0.512767 0.514675 0.071098
0.518158 0.536028 0.055363
0.418869 0.585459 0.027189
0.416937 0.598983 0.023117
0.413264 0.591457 0.025140
0.422534 0.592911 0.025012
0.428270 0.621096 0.018058
0.482608 0.701221 0.009979
0.481833 0.713781 0.009620
0.477342 0.707402 0.009786
0.487057 0.707746 0.009791
0.495712 0.731645 0.009237
0.360107 0.481825 0.083813
0.358240 0.490858 0.075431
0.354492 0.485360 0.079791
0.363851 0.487202 0.079358
0.369438 0.508159 0.062972
0.533490 0.409265 0.281448
0.532400 0.415475 0.263776
0.528621 0.412219 0.272472
0.537256 0.412736 0.272463
0.543942 0.424499 0.238659
0.449537 0.439020 0.164293
0.447794 0.444556 0.152289
0.444025 0.440912 0.158355
0.453315 0.442548 0.158115
0.459027 0.456149 0.134420
0.569264 0.605977 0.024063
0.567599 0.618015 0.020834
0.563635 0.611552 0.022451
0.573208 0.612406 0.022321
0.579777 0.637178 0.016723
0.574319 0.642891 0.015650
0.573150 0.655039 0.013744
0.568893 0.648677 0.014671
0.578530 0.649250 0.014621
0.582800 0.655586 0.013704
0.581841 0.667673 0.012220
0.577466 0.661372 0.012927
0.566064 0.630106 0.018058
0.570163 0.636512 0.016794
0.564697 0.642278 0.015712
0.571608 0.624429 0.019342
0.577185 0.618813 0.020723
0.581204 0.625186 0.019248
0.575666 0.630812 0.017973
0.558029 0.617183 0.020952
0.556479 0.629362 0.018148
0.552453 0.622853 0.019550
0.562021 0.623664 0.019444
0.560559 0.635838 0.016870
0.453453 0.458620 0.129030
0.451578 0.465510 0.118165
0.447870 0.461184 0.123764
0.457164 0.462828 0.123311
0.460871 0.467150 0.117683
0.458980 0.474524 0.107256
0.455281 0.469956 0.112660
0.446001 0.450534 0.140674
0.449734 0.454519 0.134822
0.444157 0.456971 0.129445
0.451550 0.448307 0.146274
0.457082 0.446180 0.151992
0.460838 0.449922 0.145927
0.455295 0.452171 0.140315
0.438494 0.442899 0.152533
0.436697 0.448872 0.140983
0.432945 0.444987 0.146825
0.442254 0.446662 0.146579
0.440434 0.452865 0.135188
0.539012 0.426569 0.230908
0.537864 0.431227 0.215464
0.534003 0.428509 0.223314
0.542892 0.429314 0.222927
0.546789 0.432065 0.215000
0.545646 0.436939 0.200027
0.541743 0.434035 0.207682
0.531306 0.420927 0.247105
0.535149 0.423786 0.238957
0.530160 0.425796 0.231220
0.536214 0.418598 0.255255
0.541059 0.416047 0.263666
0.544904 0.419220 0.255047
0.540063 0.421601 0.246892
0.523702 0.414888 0.263812
0.522520 0.420218 0.247267
0.518731 0.417292 0.255461
0.527489 0.417965 0.255382
0.526331 0.423045 0.239195
0.363851 0.512282 0.059445
0.362006 0.522931 0.052273
0.358266 0.516533 0.055993
0.367579 0.518496 0.055622
0.371294 0.524903 0.051915
0.369442 0.536352 0.045193
0.365732 0.529539 0.048669
0.356372 0.500356 0.067432
0.360115 0.506242 0.063382
0.354519 0.510328 0.059829
0.361980 0.496494 0.071168
0.367587 0.492714 0.074993
0.371312 0.498362 0.070732
0.365712 0.502261 0.067014
0.348875 0.488981 0.075858
0.347012 0.498426 0.067839
0.343254 0.492688 0.072009
0.352627 0.494602 0.071594
0.350768 0.504299 0.063778
0.490620 0.737141 0.009146
0.490351 0.747838 0.009015
0.485550 0.742540 0.009072
0.495389 0.742564 0.009073
0.500200 0.747810 0.009016
0.500067 0.757950 0.008949
0.495192 0.752969 0.008974
0.481232 0.725723 0.009344
0.485899 0.731530 0.009236
0.480794 0.737064 0.009144
0.486397 0.719941 0.009474
0.491582 0.714053 0.009623
0.496173 0.720149 0.009475
0.491026 0.725894 0.009346
0.472095 0.713482 0.009615
0.471446 0.725534 0.009340
0.466869 0.719458 0.009465
0.476629 0.719710 0.009470
0.476091 0.731399 0.009234
0.422754 0.627295 0.016699
0.421138 0.641036 0.014341
0.417201 0.633689 0.015447
0.426656 0.634634 0.015456
0.430581 0.642017 0.014351
0.429079 0.655821 0.012529
0.425100 0.648411 0.013369
0.415080 0.612611 0.019625
0.418891 0.619965 0.018087
0.413304 0.626353 0.016694
0.420663 0.606413 0.021268
0.426234 0.600350 0.023016
0.429981 0.607721 0.021188
0.424443 0.613769 0.019586
0.407635 0.597672 0.023194
0.405687 0.611570 0.019636
0.401977 0.604058 0.021350
0.411327 0.605195 0.021322
0.409464 0.618990 0.018088
0.512468 0.540548 0.052144
0.510455 0.551367 0.045614
0.506776 0.545167 0.049037
0.516149 0.546624 0.048591
0.519843 0.552781 0.045200
0.517862 0.563985 0.039267
0.514149 0.557642 0.042355
0.505121 0.528663 0.059719
0.508792 0.534559 0.055855
0.503106 0.539054 0.052618
0.510794 0.524387 0.063193
0.516458 0.520212 0.066789
0.520151 0.525860 0.062656
0.514476 0.530163 0.059200
0.497774 0.517174 0.067912
0.495778 0.527119 0.060236
0.492113 0.521303 0.064269
0.501448 0.522864 0.063734
0.499441 0.533037 0.056352
0.664364 0.558778 0.046663
0.662625 0.569159 0.040819
0.658691 0.563470 0.043773
0.668303 0.564374 0.043579
0.672250 0.570037 0.040646
0.670523 0.580732 0.035373
0.666570 0.574915 0.038019
0.656506 0.547789 0.053269
0.660431 0.553249 0.049894
0.654765 0.557848 0.046879
0.662147 0.543376 0.056514
0.667768 0.539059 0.059869
0.671715 0.544363 0.056260
0.666082 0.548757 0.053023
0.648674 0.537043 0.060452
0.646939 0.546814 0.053530
0.643040 0.541388 0.057068
0.652587 0.542386 0.056786
0.650848 0.552298 0.050133
0.602053 0.479646 0.118273
0.600457 0.487155 0.107566
0.596604 0.482862 0.113258
0.605925 0.483842 0.112447
0.609795 0.488162 0.106797
0.608166 0.496097 0.096724
0.604310 0.491568 0.102052
0.594273 0.471619 0.130385
0.598171 0.475572 0.124258
0.592747 0.478684 0.119109
0.599611 0.468660 0.135758
0.604891 0.465728 0.141226
0.608860 0.469486 0.134827
0.603543 0.472507 0.129492
0.586426 0.464064 0.143059
0.585000 0.470677 0.131234
0.581104 0.466852 0.137503
0.590358 0.467784 0.136652
0.588883 0.474620 0.125103
0.643737 0.455353 0.162330
0.642885 0.461974 0.149625
0.638731 0.458312 0.156389
0.647946 0.458965 0.155389
0.652130 0.462690 0.148620
0.651125 0.469639 0.136606
0.647016 0.465751 0.143030
0.635246 0.448465 0.176743
0.639503 0.451854 0.169445
0.634553 0.454765 0.163330
0.640072 0.445591 0.183184
0.644834 0.442720 0.189764
0.649216 0.446039 0.182069
0.644391 0.448945 0.175695
0.626669 0.442019 0.191937
0.626131 0.448013 0.177777
0.621891 0.444807 0.185299
0.630966 0.445184 0.184236
0.630352 0.451333 0.170456
0.609453 0.430575 0.224688
0.609134 0.435946 0.209157
0.604883 0.433213 0.217442
0.613753 0.433285 0.216278
0.618053 0.436068 0.207995
0.617640 0.441722 0.193030
0.613385 0.438767 0.200985
0.600855 0.425062 0.241925
0.605148 0.427854 0.233227
0.600630 0.430489 0.225824
0.605236 0.422216 0.249686
0.609536 0.419183 0.257640
0.613886 0.422129 0.248464
0.609568 0.425071 0.240767
0.592396 0.419039 0.259926
0.592158 0.424886 0.243001
0.587974 0.421906 0.251854
0.596594 0.422137 0.250815
0.596384 0.427729 0.234333
0.557739 0.507194 0.081268
0.555869 0.516234 0.072663
0.552119 0.511006 0.077184
0.561502 0.512298 0.076600
0.565268 0.517512 0.072107
0.563379 0.527013 0.064152
0.559622 0.521572 0.068318
0.550219 0.497336 0.091115
0.553978 0.502206 0.086107
0.548370 0.505892 0.081878
0.555801 0.493866 0.095613
0.561368 0.490483 0.100233
0.565152 0.495110 0.094938
0.559572 0.498614 0.090461
0.542708 0.487953 0.101616
0.540878 0.496020 0.091771
0.537136 0.491266 0.096960
0.546462 0.492584 0.096287
0.544624 0.500896 0.086742
0.527716 0.470632 0.124403
0.525922 0.477729 0.113430
0.522185 0.473455 0.119205
0.531462 0.474783 0.118496
0.535209 0.479052 0.112726
0.533396 0.486633 0.102305
0.529659 0.482121 0.107796
0.520202 0.462668 0.136560
0.523966 0.466592 0.130428
0.518448 0.469296 0.125115
0.525657 0.460156 0.142092
0.531072 0.457704 0.147741
0.534884 0.461390 0.141382
0.529444 0.463958 0.135849
0.512637 0.455154 0.149131
0.510951 0.461310 0.137262
0.507183 0.457488 0.143481
0.516425 0.458855 0.142796
0.514707 0.465245 0.131139
0.570567 0.450258 0.170083
0.569326 0.456044 0.157127
0.565379 0.452652 0.163936
0.574548 0.453560 0.163116
0.578520 0.456957 0.156290
0.577190 0.463139 0.143909
0.573264 0.459538 0.150451
0.562595 0.443896 0.184449
0.566580 0.447039 0.177193
0.561425 0.449354 0.170878
0.567658 0.441657 0.191115
0.572650 0.439415 0.197961
0.576694 0.442411 0.190306
0.571672 0.444727 0.183666
0.554653 0.437831 0.199416
0.553517 0.442999 0.185171
0.549574 0.439931 0.192526
0.558617 0.440828 0.191855
0.557470 0.446140 0.177956
0.618909 0.598770 0.027094
0.617223 0.610367 0.023427
0.613255 0.604097 0.025248
0.622866 0.604990 0.025123
0.626841 0.611255 0.023317
0.625223 0.622996 0.020246
0.621210 0.616676 0.021771
0.611051 0.586465 0.031535
0.614971 0.592595 0.029232
0.609306 0.597863 0.027237
0.616733 0.581336 0.033809
0.622420 0.576284 0.036214
0.626327 0.582272 0.033626
0.620645 0.587398 0.031362
0.603272 0.574346 0.036640
0.601470 0.585516 0.031717
0.597583 0.579408 0.034210
0.607151 0.580382 0.034004
0.605378 0.591670 0.029393
0.587944 0.550749 0.048855
0.586047 0.561368 0.042708
0.582241 0.555467 0.045879
0.591750 0.556557 0.045553
0.595571 0.562430 0.042415
0.593717 0.573343 0.036873
0.589871 0.567328 0.039705
0.580365 0.539352 0.055931
0.584150 0.545013 0.052315
0.578450 0.549632 0.049212
0.586044 0.534926 0.059264
0.591709 0.530593 0.062715
0.595515 0.536058 0.058835
0.589839 0.540491 0.055521
0.572809 0.528252 0.063657
0.570903 0.538172 0.056357
0.567139 0.532550 0.060167
0.576584 0.533762 0.059706
0.574673 0.543866 0.052705
0.633073 0.516386 0.076804
0.631377 0.525502 0.068667
0.627500 0.520361 0.072884
0.636966 0.521431 0.072452
0.640863 0.526561 0.068279
0.639147 0.536022 0.060764
0.635260 0.530724 0.064629
0.625299 0.506567 0.086054
0.629184 0.511429 0.081337
0.623626 0.515309 0.077282
0.630817 0.502859 0.090363
0.636308 0.499223 0.094788
0.640225 0.503905 0.089796
0.634717 0.507629 0.085509
0.617539 0.497148 0.096050
0.615889 0.505494 0.086629
0.612026 0.500741 0.091582
0.621418 0.501805 0.090958
0.619756 0.510352 0.081862
0.467154 0.580560 0.030536
0.465262 0.593184 0.026168
0.461543 0.586071 0.028393
0.470865 0.587563 0.028150
0.474600 0.594616 0.025954
0.472781 0.607496 0.022273
0.469004 0.600342 0.024135
0.459787 0.566740 0.035865
0.463461 0.573616 0.033109
0.457845 0.579013 0.030809
0.465421 0.561582 0.038442
0.471069 0.556539 0.041141
0.474734 0.563174 0.038088
0.469091 0.568337 0.035536
0.452478 0.553237 0.041899
0.450501 0.565100 0.036195
0.446849 0.558260 0.039156
0.456126 0.559945 0.038797
0.454166 0.572020 0.033411
0.437940 0.527463 0.055867
0.435938 0.538332 0.049012
0.432306 0.531923 0.052602
0.441571 0.533727 0.052152
0.445204 0.540119 0.048581
0.443207 0.551511 0.042284
0.439571 0.544865 0.045571
0.430664 0.515330 0.063711
0.434305 0.521331 0.059721
0.428673 0.525650 0.056334
0.436297 0.511240 0.067329
0.441931 0.507252 0.071066
0.445581 0.513002 0.066816
0.439943 0.517118 0.063214
0.423361 0.503708 0.072101
0.421392 0.513514 0.064205
0.417740 0.507643 0.068339
0.427017 0.509455 0.067836
0.425036 0.519514 0.060203
0.483052 0.495652 0.086224
0.481102 0.504565 0.077325
0.477425 0.499240 0.081985
0.486737 0.500842 0.081418
0.490420 0.506159 0.076760
0.488445 0.515599 0.068460
0.484775 0.510020 0.072814
0.475671 0.485655 0.096241
0.479363 0.490590 0.091168
0.473744 0.494043 0.086787
0.481278 0.482444 0.100880
0.486877 0.479339 0.105636
0.490583 0.484012 0.100288
0.484977 0.487248 0.095669
0.468276 0.476156 0.106739
0.466369 0.484031 0.096781
0.462677 0.479215 0.101961
0.471976 0.480844 0.101434
0.470058 0.488974 0.091722
0.393220 0.567182 0.032567
0.391195 0.580784 0.027613
0.387638 0.573027 0.030096
0.396812 0.574727 0.029930
0.400401 0.582352 0.027488
0.398334 0.596404 0.023247
0.394751 0.588606 0.025334
0.385982 0.552451 0.038394
0.389612 0.559748 0.035392
0.384062 0.565375 0.032775
0.391518 0.547259 0.041232
0.397066 0.542258 0.044157
0.400703 0.549190 0.040898
0.395153 0.554369 0.038099
0.378670 0.538322 0.044872
0.376803 0.550531 0.038668
0.373133 0.543356 0.041856
0.382334 0.545307 0.041557
0.380450 0.557871 0.035637
0.454778 0.686242 0.010424
0.453636 0.699787 0.009945
0.449415 0.692700 0.010148
0.458999 0.693349 0.010167
0.463274 0.700312 0.009960
0.462368 0.713155 0.009607
0.457953 0.706608 0.009767
0.446514 0.671739 0.011242
0.450615 0.679041 0.010775
0.445247 0.685466 0.010404
0.451888 0.665410 0.011835
0.457264 0.659146 0.012535
0.461337 0.666391 0.011837
0.455976 0.672685 0.011253
0.438476 0.656911 0.012541
0.437082 0.670723 0.011226
0.433072 0.663265 0.011815
0.442469 0.664356 0.011829
0.441135 0.678141 0.010756
0.333786 0.467839 0.093680
0.331944 0.476286 0.085046
0.328163 0.471087 0.089522
0.337570 0.472932 0.089135
0.341346 0.478150 0.084643
0.339490 0.487084 0.076276
0.335720 0.481618 0.080626
0.326194 0.458007 0.102882
0.329995 0.462867 0.098265
0.324375 0.466014 0.094042
0.331805 0.455047 0.107261
0.337415 0.452173 0.111748
0.341227 0.456837 0.106996
0.335611 0.459809 0.102579
0.318560 0.448583 0.112187
0.316775 0.456205 0.103184
0.312958 0.451450 0.107790
0.322382 0.453249 0.107525
0.320580 0.461057 0.098599
0.497407 0.441382 0.175375
0.495819 0.446678 0.162649
0.492016 0.443281 0.169190
0.501222 0.444680 0.168689
0.505034 0.448070 0.162082
0.503405 0.453778 0.149789
0.499616 0.450175 0.156180
0.489794 0.435057 0.188975
0.493596 0.438174 0.182138
0.488210 0.439979 0.175799
0.495149 0.433378 0.195622
0.500473 0.431719 0.202432
0.504264 0.434652 0.195230
0.498948 0.436401 0.188611
0.482242 0.429111 0.202875
0.480614 0.433649 0.189218
0.476834 0.430632 0.196038
0.486007 0.432034 0.195884
0.484407 0.436766 0.182475
0.467277 0.418275 0.231560
0.465587 0.422172 0.217021
0.461847 0.419506 0.224131
0.471018 0.420922 0.224340
0.474757 0.423568 0.217141
0.473072 0.427718 0.202941
0.469326 0.424901 0.209944
0.459795 0.412858 0.246067
0.463533 0.415594 0.238799
0.458106 0.416835 0.231258
0.465186 0.411428 0.253937
0.470537 0.409800 0.262052
0.474263 0.412663 0.254467
0.468920 0.414218 0.246525
0.452361 0.407211 0.260691
0.450633 0.411365 0.245565
0.446914 0.408553 0.252751
0.456068 0.410061 0.253364
0.454366 0.414125 0.238401
0.508781 0.401128 0.299186
0.507510 0.407810 0.280934
0.503806 0.404373 0.289697
0.512488 0.404820 0.290116
0.516207 0.408332 0.281183
0.514967 0.414256 0.263801
0.511229 0.411101 0.272293
0.501309 0.393222 0.317547
0.505069 0.397255 0.308346
0.500109 0.400783 0.298542
0.506076 0.388797 0.328043
0.510684 0.383613 0.338817
0.514714 0.388663 0.329001
0.509942 0.393249 0.318508
0.493507 0.384575 0.335710
0.492645 0.393214 0.316233
0.488840 0.389266 0.324977
0.497461 0.389005 0.326704
0.496399 0.397052 0.307404
0.576702 0.404297 0.298874
0.575905 0.411822 0.279766
0.572090 0.407975 0.289552
0.580426 0.408409 0.288768
0.584294 0.412210 0.278898
0.583857 0.418753 0.260919
0.579830 0.415402 0.270221
0.569635 0.395047 0.319671
0.573120 0.399847 0.309183
0.568389 0.403832 0.299544
0.574599 0.390224 0.329845
0.579716 0.384751 0.340188
0.582916 0.390635 0.329206
0.577955 0.395485 0.319071
0.562680 0.383954 0.340937
0.561244 0.394583 0.320046
0.557704 0.389376 0.330510
0.566177 0.389792 0.330285
0.564787 0.399372 0.309715
0.546817 0.356148 0.376784
0.546359 0.370451 0.360893
0.542086 0.363333 0.369362
0.551193 0.363403 0.369460
0.555281 0.370602 0.360952
0.554097 0.383620 0.341044
0.550341 0.377279 0.351314
0.537425 0.341958 0.388207
0.542210 0.348961 0.383007
0.537547 0.356163 0.376654
0.542142 0.335092 0.392576
0.546936 0.328531 0.396051
0.551775 0.335090 0.392615
0.546955 0.341915 0.388287
0.527548 0.328794 0.395923
0.527916 0.342186 0.388016
0.522941 0.335557 0.392292
0.532522 0.335221 0.392481
0.532805 0.349081 0.382840
0.408648 0.482090 0.090438
0.406728 0.490835 0.081536
0.403038 0.485506 0.086169
0.412340 0.487291 0.085687
0.416023 0.492628 0.081037
0.414079 0.501902 0.072609
0.410409 0.496300 0.077012
0.401233 0.472087 0.100194
0.404946 0.477023 0.095277
0.399337 0.480315 0.090894
0.406842 0.469023 0.104812
0.412450 0.466067 0.109557
0.416165 0.470759 0.104414
0.410556 0.473838 0.099784
0.393771 0.462608 0.110223
0.391899 0.470343 0.100582
0.388161 0.465555 0.105522
0.397508 0.467285 0.105179
0.395624 0.475262 0.095703
0.378700 0.445002 0.130893
0.376876 0.451890 0.120651
0.373089 0.447537 0.125782
0.382488 0.449258 0.125661
0.386261 0.453605 0.120468
0.384411 0.460889 0.110517
0.380650 0.456337 0.115562
0.371087 0.436734 0.141459
0.374901 0.440827 0.136159
0.369288 0.443269 0.130947
0.376699 0.434502 0.146926
0.382304 0.432386 0.152535
0.386117 0.436272 0.147021
0.380511 0.438493 0.141518
0.363428 0.428771 0.152157
0.361648 0.434961 0.141371
0.357810 0.430915 0.146629
0.367263 0.432718 0.146793
0.365474 0.439077 0.136143
0.423329 0.428776 0.176720
0.421604 0.433917 0.164569
0.417798 0.430395 0.170540
0.427137 0.432185 0.170627
0.430936 0.435668 0.164563
0.429179 0.441205 0.152707
0.425399 0.437517 0.158623
0.415722 0.422154 0.189036
0.419521 0.425430 0.182848
0.413985 0.426949 0.176550
0.421263 0.420840 0.195612
0.426806 0.419624 0.202356
0.430578 0.422685 0.195872
0.425052 0.424014 0.189289
0.408174 0.415800 0.201641
0.406379 0.420268 0.188736
0.402597 0.417022 0.194934
0.411937 0.418946 0.195297
0.410177 0.423575 0.182612
0.531851 0.690386 0.010434
0.531202 0.702813 0.009977
0.526658 0.696464 0.010189
0.536379 0.696763 0.010187
0.540952 0.703045 0.009976
0.540452 0.714994 0.009620
0.535802 0.708992 0.009788
0.522973 0.677408 0.011203
0.527379 0.683939 0.010766
0.522158 0.690022 0.010439
0.528253 0.671341 0.011728
0.533560 0.665309 0.012348
0.537891 0.671846 0.011708
0.532622 0.677878 0.011189
0.514350 0.664113 0.012406
0.513336 0.676901 0.011218
0.509020 0.670215 0.011770
0.518629 0.670798 0.011749
0.517714 0.683505 0.010775
0.497820 0.636776 0.016220
0.496444 0.649725 0.014119
0.492370 0.642770 0.015145
0.501866 0.643688 0.015081
0.505969 0.650551 0.014068
0.504768 0.663455 0.012435
0.500576 0.656623 0.013217
0.489889 0.622846 0.018891
0.493828 0.629825 0.017489
0.488351 0.635773 0.016297
0.495425 0.617006 0.020296
0.500992 0.611213 0.021798
0.504877 0.618110 0.020160
0.499337 0.623939 0.018776
0.482158 0.608795 0.022116
0.480470 0.621689 0.019003
0.476603 0.614609 0.020564
0.486000 0.615838 0.020431
0.484385 0.628744 0.017582
0.542432 0.591031 0.028494
0.540651 0.603087 0.024546
0.536785 0.596482 0.026539
0.546287 0.597552 0.026344
0.550170 0.604096 0.024376
0.548477 0.616303 0.021077
0.544545 0.609707 0.022735
0.534804 0.578083 0.033343
0.538605 0.584538 0.030827
0.532948 0.589902 0.028718
0.540481 0.572910 0.035737
0.546168 0.567832 0.038261
0.549952 0.574100 0.035448
0.544273 0.579271 0.033071
0.527279 0.565313 0.038917
0.525355 0.576848 0.033627
0.521597 0.570389 0.036356
0.531030 0.571673 0.036040
0.529138 0.583355 0.031081
0.709120 0.524909 0.073628
0.707625 0.533842 0.066063
0.703597 0.528809 0.069938
0.713166 0.529877 0.069647
0.717209 0.534889 0.065809
0.715672 0.544041 0.058719
0.711651 0.538921 0.062327
0.701025 0.515121 0.082060
0.705072 0.519988 0.077762
0.699568 0.523823 0.073964
0.706487 0.511431 0.086032
0.711929 0.507818 0.090057
0.716017 0.512573 0.085534
0.710555 0.516240 0.081623
0.692930 0.505561 0.091187
0.691509 0.514016 0.082510
0.687482 0.509204 0.087047
0.696977 0.510310 0.086531
0.695538 0.518890 0.078152
0.676750 0.487284 0.111788
0.675408 0.495202 0.101805
0.671387 0.490695 0.107126
0.680796 0.491735 0.106331
0.684840 0.496270 0.101080
0.683456 0.504461 0.091771
0.679432 0.499792 0.096689
0.668624 0.478664 0.123303
0.672695 0.482923 0.117446
0.667363 0.486278 0.112649
0.673877 0.475412 0.128320
0.679083 0.472198 0.133420
0.683232 0.476349 0.127264
0.677985 0.479615 0.122316
0.660423 0.470466 0.135599
0.659280 0.477744 0.124270
0.655212 0.473637 0.130351
0.664535 0.474511 0.129357
0.663329 0.481959 0.118365
0.604505 0.633072 0.017744
0.608649 0.639380 0.016532
0.603211 0.644924 0.015484
0.610033 0.627582 0.018990
0.615603 0.622122 0.020334
0.619653 0.628431 0.018911
0.614129 0.633885 0.017673
0.593576 0.644207 0.015536
0.599020 0.638612 0.016593
0.597814 0.650522 0.014530
0.594887 0.632290 0.017816
0.596380 0.620436 0.020519
0.601985 0.614941 0.021975
0.600417 0.626760 0.019072
0.587130 0.661894 0.012898
0.588170 0.649864 0.014574
0.592454 0.656178 0.013668
0.483149 0.456913 0.139063
0.486888 0.460875 0.133046
0.481325 0.463416 0.127650
0.488669 0.454587 0.144673
0.494159 0.452344 0.150379
0.497931 0.456062 0.144116
0.492424 0.458425 0.138535
0.472035 0.461841 0.128136
0.477603 0.459330 0.133549
0.475748 0.466043 0.122360
0.473867 0.455358 0.139515
0.475636 0.449329 0.151295
0.481127 0.447242 0.157152
0.479398 0.453065 0.145146
0.464574 0.471592 0.112157
0.466456 0.464446 0.122843
0.470164 0.468765 0.117192
0.566180 0.423581 0.245571
0.570199 0.426521 0.237062
0.565467 0.428755 0.229421
0.570796 0.421068 0.253581
0.575338 0.418348 0.261789
0.579378 0.421545 0.252780
0.574831 0.424129 0.244838
0.556666 0.428068 0.230034
0.561470 0.425904 0.237729
0.560633 0.430863 0.221887
0.557499 0.422949 0.246153
0.558268 0.417249 0.263065
0.562912 0.414418 0.271649
0.562200 0.420497 0.254230
0.550709 0.434906 0.207140
0.551767 0.430105 0.222459
0.555710 0.432885 0.214450
0.393598 0.507907 0.065665
0.397265 0.513885 0.061631
0.391681 0.518074 0.058180
0.399194 0.503945 0.069330
0.404799 0.500074 0.073109
0.408466 0.505807 0.068836
0.402860 0.509801 0.065182
0.382428 0.516141 0.058623
0.388010 0.511967 0.062099
0.386108 0.522395 0.054817
0.384323 0.506021 0.066134
0.386225 0.496383 0.074083
0.391827 0.492651 0.077995
0.389918 0.502075 0.069815
0.374991 0.531515 0.048328
0.376857 0.520446 0.055231
0.380545 0.526868 0.051535
0.520438 0.726275 0.009346
0.525172 0.731879 0.009237
0.520112 0.737284 0.009146
0.525544 0.720619 0.009474
0.530666 0.714855 0.009621
0.535344 0.720730 0.009473
0.530250 0.726361 0.009346
0.510280 0.737248 0.009147
0.515349 0.731817 0.009237
0.515071 0.742581 0.009073
0.510629 0.726172 0.009346
0.511111 0.714508 0.009622
0.516279 0.708577 0.009790
0.515748 0.720489 0.009474
0.505047 0.752897 0.008975
0.505229 0.742574 0.009073
0.510049 0.747779 0.009016
0.452377 0.617850 0.019324
0.456230 0.625106 0.017844
0.450774 0.631080 0.016571
0.457888 0.611975 0.020826
0.463431 0.606141 0.022429
0.467232 0.613320 0.020696
0.461715 0.619187 0.019220
0.441451 0.629747 0.016631
0.446900 0.623770 0.017926
0.445343 0.637121 0.015402
0.443066 0.616455 0.019427
0.444804 0.603271 0.022741
0.450364 0.597447 0.024504
0.448569 0.610575 0.020954
0.434520 0.649447 0.013381
0.436022 0.635810 0.015439
0.439929 0.643234 0.014339
0.542619 0.534357 0.057721
0.546341 0.540141 0.053975
0.540645 0.544708 0.050805
0.548298 0.529996 0.061127
0.553965 0.525733 0.064657
0.557711 0.531293 0.060642
0.552031 0.535671 0.057254
0.531236 0.543367 0.051237
0.536931 0.538813 0.054424
0.534945 0.549376 0.047746
0.533224 0.533003 0.058200
0.535184 0.523052 0.065699
0.540840 0.518933 0.069397
0.538900 0.528657 0.061624
0.523551 0.559014 0.041972
0.525539 0.548023 0.048161
0.529246 0.554144 0.044801
0.694854 0.551614 0.052379
0.698837 0.556961 0.049086
0.693198 0.561492 0.046096
0.700471 0.547284 0.055601
0.706072 0.543052 0.058920
0.710076 0.548242 0.055414
0.704463 0.552546 0.052196
0.683580 0.560600 0.046271
0.689224 0.556050 0.049266
0.687546 0.566138 0.043228
0.685255 0.550670 0.052578
0.686899 0.541065 0.059357
0.692487 0.536884 0.062793
0.690877 0.546317 0.055804
0.676207 0.575765 0.037865
0.677921 0.565264 0.043397
0.681882 0.570897 0.040484
0.631365 0.475104 0.126869
0.635341 0.479197 0.120887
0.629982 0.482469 0.115841
0.636634 0.471955 0.132149
0.641852 0.468839 0.137537
0.645913 0.472786 0.131274
0.640652 0.475971 0.126033
0.620668 0.481530 0.116628
0.626041 0.478293 0.121698
0.624578 0.485788 0.110894
0.622086 0.474238 0.127722
0.623356 0.467276 0.139345
0.628541 0.464270 0.144897
0.627370 0.471130 0.133021
0.613665 0.492599 0.101330
0.615250 0.484817 0.111658
0.619137 0.489164 0.106054
0.672058 0.450619 0.171934
0.676438 0.454271 0.164608
0.671482 0.457315 0.158807
0.676896 0.447614 0.178035
0.681667 0.444601 0.184258
0.686166 0.448185 0.176553
0.681333 0.451230 0.170522
0.662202 0.456632 0.160077
0.667159 0.453624 0.165951
0.666469 0.460369 0.153115
0.662799 0.450031 0.173296
0.663179 0.443608 0.187213
0.667892 0.440683 0.193704
0.667638 0.447065 0.179471
0.656289 0.466525 0.142022
0.657192 0.459652 0.154302
0.661404 0.463437 0.147524
0.635880 0.424937 0.237073
0.640474 0.427867 0.228408
0.636074 0.430684 0.221117
0.640104 0.422047 0.244683
0.644230 0.419105 0.252424
0.648987 0.422144 0.243338
0.644781 0.425023 0.235811
0.627146 0.430589 0.222289
0.631559 0.427782 0.229607
0.631584 0.433471 0.213939
0.627046 0.424912 0.238288
0.626744 0.418996 0.255043
0.630852 0.415901 0.263079
0.631293 0.421998 0.245937
0.622361 0.438978 0.199857
0.622645 0.433351 0.215098
0.627009 0.436230 0.206852
0.587700 0.502203 0.088513
0.591518 0.507045 0.083613
0.585924 0.510859 0.079475
0.593261 0.498586 0.092913
0.598798 0.495041 0.097424
0.602641 0.499668 0.092234
0.597091 0.503316 0.087865
0.576518 0.509682 0.080063
0.582119 0.505901 0.084228
0.580311 0.514759 0.075455
0.578316 0.501054 0.089157
0.580072 0.492853 0.098837
0.585608 0.489459 0.103532
0.583886 0.497472 0.093589
0.569037 0.522833 0.067792
0.570901 0.513551 0.076023
0.574681 0.518749 0.071560
0.557186 0.467525 0.133633
0.561016 0.471453 0.127486
0.555537 0.474348 0.122218
0.562591 0.464811 0.139128
0.567952 0.462152 0.144733
0.571846 0.465859 0.138327
0.566452 0.468627 0.132854
0.546254 0.473150 0.122959
0.551740 0.470303 0.128245
0.550031 0.477305 0.117056
0.547931 0.466380 0.134391
0.549496 0.460022 0.146291
0.554839 0.457523 0.152047
0.553345 0.463716 0.139903
0.538957 0.483442 0.107098
0.540741 0.476064 0.117781
0.544502 0.480335 0.112015
0.598892 0.446716 0.180951
0.603011 0.449867 0.173585
0.597980 0.452522 0.167401
0.603805 0.444107 0.187470
0.608638 0.441456 0.194144
0.612842 0.444457 0.186382
0.607966 0.447177 0.179907
0.588843 0.451847 0.168351
0.593903 0.449292 0.174581
0.592878 0.455160 0.161348
0.589818 0.446145 0.181923
0.590635 0.440656 0.196208
0.595465 0.438211 0.203155
0.594765 0.443647 0.188489
0.582480 0.460456 0.149605
0.583715 0.454397 0.162256
0.587711 0.457801 0.155417
0.649504 0.590095 0.030906
0.653464 0.596161 0.028676
0.647787 0.601444 0.026713
0.655193 0.584952 0.033146
0.660883 0.579889 0.035518
0.664837 0.585794 0.033009
0.659149 0.590940 0.030776
0.638147 0.600569 0.026831
0.643820 0.595305 0.028799
0.642119 0.606778 0.024891
0.639869 0.589217 0.031047
0.641622 0.578136 0.035842
0.647316 0.573158 0.038361
0.645556 0.584086 0.033295
0.630833 0.617564 0.021675
0.632487 0.605884 0.025004
0.636468 0.612150 0.023212
0.618330 0.543759 0.054421
0.622181 0.549326 0.050940
0.616498 0.553944 0.047892
0.623992 0.539324 0.057700
0.629636 0.534978 0.061101
0.633509 0.540367 0.057372
0.627852 0.544801 0.054101
0.606967 0.552904 0.048193
0.612655 0.548283 0.051252
0.610805 0.558658 0.044957
0.608822 0.542693 0.054764
0.610650 0.532826 0.061855
0.616287 0.528579 0.065407
0.614488 0.538257 0.058053
0.599412 0.568361 0.039443
0.601272 0.557620 0.045246
0.605109 0.563466 0.042139
0.663051 0.510776 0.083969
0.667020 0.515651 0.079437
0.661492 0.519544 0.075499
0.668536 0.507040 0.088127
0.673997 0.503381 0.092369
0.678002 0.508114 0.087580
0.672524 0.511842 0.083466
0.652004 0.518494 0.075926
0.657539 0.514593 0.079901
0.655940 0.523527 0.071657
0.653591 0.509724 0.084482
0.655121 0.501279 0.093592
0.660570 0.497687 0.098023
0.659084 0.505984 0.088687
0.644766 0.531766 0.064281
0.646445 0.522484 0.072048
0.650364 0.527600 0.067916
0.497125 0.572835 0.034561
0.500855 0.579510 0.031918
0.495211 0.584895 0.029727
0.502788 0.567666 0.037034
0.508463 0.562604 0.039632
0.512182 0.569057 0.036688
0.506513 0.574233 0.034239
0.485835 0.583502 0.029995
0.491473 0.578114 0.032213
0.489581 0.590389 0.027667
0.487759 0.571386 0.034884
0.489728 0.559666 0.040386
0.495403 0.554724 0.043156
0.493417 0.566217 0.037384
0.478361 0.601710 0.023950
0.480211 0.589003 0.027908
0.483964 0.595994 0.025741
0.467816 0.522275 0.061738
0.471460 0.528241 0.057808
0.465795 0.532665 0.054480
0.473473 0.518080 0.065305
0.479125 0.513993 0.068995
0.482788 0.519708 0.064792
0.477126 0.523923 0.061245
0.456499 0.530976 0.054936
0.462156 0.526572 0.058281
0.460134 0.537203 0.051261
0.458515 0.520595 0.062223
0.460513 0.510689 0.070028
0.466154 0.506758 0.073884
0.464166 0.516422 0.065808
0.448838 0.546627 0.045162
0.450847 0.535492 0.051702
0.454481 0.541856 0.048154
0.512914 0.491833 0.093761
0.516626 0.496737 0.088676
0.511010 0.500294 0.084387
0.518510 0.488508 0.098314
0.524093 0.485272 0.102992
0.527821 0.489910 0.097636
0.522231 0.493277 0.093093
0.501686 0.498779 0.085022
0.507305 0.495254 0.089332
0.505381 0.503955 0.080220
0.503599 0.490340 0.094425
0.505485 0.482390 0.104367
0.511067 0.479326 0.109191
0.509200 0.487051 0.098994
0.494098 0.511603 0.072256
0.496056 0.502413 0.080830
0.499743 0.507724 0.076177
0.422751 0.559895 0.037184
0.426392 0.566956 0.034318
0.420808 0.572409 0.031883
0.428344 0.554744 0.039874
0.433951 0.549737 0.042670
0.437588 0.556521 0.039518
0.431984 0.561665 0.036863
0.411592 0.570698 0.032122
0.417170 0.565205 0.034600
0.415224 0.578048 0.029560
0.413536 0.558090 0.037495
0.415481 0.546076 0.043421
0.421075 0.541223 0.046380
0.419115 0.552931 0.040221
0.404001 0.590025 0.025247
0.406008 0.576399 0.029751
0.409627 0.583907 0.027347
0.484536 0.675094 0.011255
0.488812 0.681961 0.010800
0.483525 0.688195 0.010453
0.489863 0.668897 0.011810
0.495208 0.662738 0.012465
0.499429 0.669589 0.011791
0.494112 0.675758 0.011246
0.473918 0.687605 0.010448
0.479223 0.681330 0.010801
0.478236 0.694480 0.010191
0.474988 0.674361 0.011259
0.476176 0.661090 0.012510
0.481552 0.654931 0.013288
0.480326 0.668134 0.011824
0.467640 0.707022 0.009778
0.468607 0.693942 0.010181
0.472932 0.700789 0.009972
0.363817 0.465131 0.101634
0.367579 0.470016 0.096868
0.361967 0.473253 0.092553
0.369428 0.462104 0.106151
0.375039 0.459170 0.110792
0.378801 0.463831 0.105845
0.373191 0.466874 0.101297
0.352588 0.471464 0.092938
0.358204 0.468253 0.097232
0.356352 0.476581 0.088343
0.354429 0.463373 0.101959
0.356254 0.455705 0.111294
0.361866 0.452891 0.115987
0.360042 0.460364 0.106444
0.345115 0.483499 0.080213
0.346969 0.474764 0.088744
0.350736 0.479996 0.084233
0.526281 0.439994 0.187022
0.530150 0.443108 0.179942
0.524890 0.445185 0.173619
0.531483 0.438003 0.193691
0.536638 0.436016 0.200572
0.540530 0.438986 0.193133
0.535363 0.441042 0.186442
0.515745 0.443993 0.174245
0.521035 0.441989 0.180547
0.519585 0.447277 0.167460
0.517188 0.438875 0.187588
0.518591 0.434021 0.201563
0.523784 0.432190 0.208607
0.522426 0.436963 0.194227
0.508840 0.451560 0.155561
0.510411 0.446015 0.168097
0.514235 0.449398 0.161446
0.495965 0.417645 0.247442
0.499707 0.420406 0.239671
0.494494 0.422025 0.232039
0.501112 0.415726 0.255462
0.506199 0.413556 0.263731
0.509939 0.416554 0.255500
0.504854 0.418596 0.247475
0.485480 0.420858 0.231981
0.490754 0.419341 0.239625
0.489218 0.423501 0.224546
0.487018 0.416597 0.247250
0.488512 0.411874 0.263177
0.493678 0.409700 0.271710
0.492234 0.414801 0.255274
0.478495 0.426289 0.209971
0.480145 0.422247 0.224490
0.483884 0.424893 0.217185
0.535795 0.393588 0.320050
0.539478 0.398138 0.310083
0.534620 0.402056 0.300211
0.540637 0.388804 0.330458
0.545473 0.383380 0.340998
0.549198 0.389045 0.330567
0.544334 0.393838 0.320218
0.526046 0.401738 0.299985
0.530933 0.397865 0.309871
0.529756 0.405609 0.290625
0.527207 0.393415 0.319709
0.528097 0.383228 0.340383
0.532761 0.377118 0.350891
0.532027 0.388660 0.330173
0.519944 0.411682 0.272412
0.521142 0.405221 0.290415
0.524870 0.408808 0.281353
0.602353 0.396588 0.316143
0.605870 0.401207 0.305202
0.601458 0.405229 0.295872
0.606999 0.391925 0.326009
0.611659 0.386875 0.335955
0.614756 0.392473 0.324361
0.610311 0.396954 0.314718
0.593229 0.404993 0.297029
0.597760 0.400934 0.306471
0.597070 0.408991 0.286758
0.594315 0.396234 0.317321
0.596101 0.385604 0.338654
0.601197 0.379613 0.348746
0.599113 0.391443 0.327337
0.588289 0.415741 0.269283
0.588751 0.408747 0.287834
0.592687 0.412492 0.277892
0.575593 0.342073 0.388323
0.579859 0.349292 0.383018
0.574619 0.356525 0.376771
0.580707 0.335198 0.392627
0.585730 0.328622 0.396079
0.590031 0.335382 0.392565
0.585027 0.342202 0.388249
0.565338 0.356359 0.376828
0.570452 0.349159 0.383084
0.569376 0.363758 0.369422
0.566024 0.342005 0.388332
0.566369 0.328551 0.396084
0.571357 0.322279 0.398750
0.571067 0.335147 0.392640
0.559076 0.377519 0.351303
0.560280 0.363553 0.369474
0.564180 0.370836 0.360907
0.438480 0.479011 0.098370
0.442168 0.483963 0.093333
0.436553 0.487331 0.088941
0.444086 0.475884 0.103008
0.449686 0.472866 0.107769
0.453382 0.477562 0.102486
0.447778 0.480707 0.097847
0.427256 0.485601 0.089460
0.432870 0.482251 0.093854
0.430936 0.490811 0.084672
0.429179 0.477302 0.098871
0.431085 0.469495 0.108738
0.436685 0.466618 0.113620
0.434786 0.474190 0.103508
0.419697 0.498099 0.076505
0.421639 0.489060 0.085187
0.425316 0.494401 0.080526
0.408684 0.443720 0.141488
0.412450 0.447759 0.135913
0.406849 0.450172 0.130559
0.414271 0.441536 0.147080
0.419843 0.439471 0.152794
0.423619 0.443278 0.146994
0.418041 0.445462 0.141395
0.397481 0.448448 0.130703
0.403087 0.446026 0.136028
0.401242 0.452692 0.125340
0.399309 0.441981 0.141535
0.401110 0.435940 0.152754
0.406688 0.433971 0.158556
0.404904 0.439783 0.147102
0.390022 0.458051 0.115321
0.391872 0.450975 0.125515
0.395632 0.455318 0.120260
0.452924 0.429137 0.189536
0.456713 0.432264 0.183014
0.451237 0.433893 0.176697
0.458399 0.427676 0.196145
0.463869 0.426266 0.202940
0.467630 0.429184 0.196117
0.462176 0.430697 0.189481
0.441954 0.432249 0.176787
0.447443 0.430658 0.183089
0.445749 0.435590 0.170518
0.443653 0.427508 0.189533
0.445382 0.423132 0.202790
0.450888 0.421887 0.209731
0.449147 0.426095 0.196123
0.434721 0.439237 0.158530
0.436453 0.433917 0.170615
0.440245 0.437368 0.164465
0.561656 0.679070 0.011149
0.566165 0.685337 0.010732
0.560999 0.691296 0.010419
0.566894 0.673127 0.011650
0.572164 0.667221 0.012243
0.576585 0.673509 0.011632
0.571359 0.679399 0.011136
0.551272 0.691023 0.010424
0.556450 0.685037 0.010740
0.555853 0.697279 0.010182
0.551964 0.678709 0.011162
0.552832 0.666343 0.012294
0.558151 0.660412 0.012993
0.557212 0.672739 0.011668
0.545575 0.709165 0.009787
0.546111 0.697035 0.010184
0.550709 0.703254 0.009974
0.527827 0.626859 0.018442
0.531851 0.633542 0.017115
0.526376 0.639408 0.015986
0.533369 0.621091 0.019777
0.538942 0.615377 0.021208
0.542902 0.621995 0.019661
0.537359 0.627739 0.018340
0.516838 0.638579 0.016062
0.522316 0.632686 0.017204
0.520932 0.645335 0.014954
0.518311 0.625934 0.018549
0.519930 0.613389 0.021489
0.525530 0.607678 0.023049
0.523854 0.620142 0.019899
0.510130 0.657362 0.013177
0.511390 0.644535 0.015016
0.515517 0.651321 0.014017
0.572798 0.582557 0.032333
0.576668 0.588806 0.029935
0.571002 0.594137 0.027889
0.578484 0.577392 0.034661
0.584175 0.572317 0.037120
0.588027 0.578411 0.034429
0.582343 0.583565 0.032116
0.561459 0.593148 0.028080
0.567123 0.587808 0.030139
0.565347 0.599554 0.025983
0.563269 0.581509 0.032567
0.565133 0.570166 0.037660
0.570831 0.565178 0.040276
0.568954 0.576341 0.034909
0.554081 0.610653 0.022589
0.555807 0.598577 0.026158
0.559707 0.605060 0.024216
0.739242 0.519699 0.080312
0.743344 0.524515 0.076250
0.737846 0.528237 0.072645
0.744706 0.516108 0.084030
0.750154 0.512586 0.087769
0.754293 0.517308 0.083537
0.748826 0.520875 0.079883
0.728262 0.527119 0.072966
0.733761 0.523368 0.076620
0.732330 0.532047 0.069079
0.729668 0.518533 0.080746
0.731011 0.510172 0.088913
0.736437 0.506673 0.092822
0.735130 0.514917 0.084529
0.721244 0.539944 0.062105
0.722745 0.530957 0.069358
0.726796 0.535946 0.065562
0.706172 0.482693 0.119285
0.710330 0.487127 0.113686
0.705012 0.490492 0.109195
0.711418 0.479404 0.123992
0.716630 0.476148 0.128757
0.720876 0.480519 0.122824
0.715619 0.483805 0.118229
0.695573 0.489391 0.110059
0.700891 0.486021 0.114639
0.699663 0.493902 0.104752
0.696757 0.481629 0.120306
0.697808 0.474081 0.131149
0.702964 0.470862 0.136189
0.702000 0.478342 0.125107
0.688885 0.500880 0.096034
0.690221 0.492805 0.105539
0.694288 0.497362 0.100363
0.689352 0.465851 0.143890
0.693594 0.469917 0.137411
0.688436 0.473119 0.132295
0.694411 0.462703 0.149268
0.699416 0.459560 0.154746
0.703760 0.463561 0.147918
0.698702 0.466733 0.142617
0.722752 0.500804 0.098220
0.726885 0.505465 0.093474
0.721460 0.508984 0.089486
0.728136 0.497389 0.102343
0.733501 0.494022 0.106487
0.737678 0.498609 0.101516
0.732290 0.502010 0.097486
0.557562 0.557962 0.043688
0.561337 0.564037 0.040587
0.555641 0.569023 0.037954
0.563268 0.553168 0.046583
0.568972 0.548469 0.049589
0.572746 0.554342 0.046221
0.567039 0.559143 0.043345
0.512208 0.599782 0.025110
0.516050 0.606596 0.023218
0.510450 0.612328 0.021640
0.517839 0.594202 0.026962
0.523483 0.588728 0.028953
0.527303 0.595365 0.026745
0.521670 0.600930 0.024912
0.544261 0.653371 0.013874
0.548515 0.659886 0.013028
0.543189 0.665846 0.012321
0.549658 0.647474 0.014778
0.555090 0.641628 0.015777
0.559268 0.648098 0.014723
0.553874 0.653968 0.013829
0.437886 0.417404 0.216344
0.441629 0.420241 0.209537
0.436104 0.421432 0.202616
0.443407 0.416354 0.223560
0.448902 0.415275 0.230908
0.452642 0.417986 0.223874
0.447147 0.419099 0.216632
0.393489 0.428509 0.164166
0.397304 0.432185 0.158442
0.391716 0.434169 0.152664
0.399063 0.426750 0.170181
0.404625 0.425107 0.176329
0.408440 0.428578 0.170386
0.402879 0.430322 0.164350
0.423661 0.460474 0.119431
0.427377 0.464925 0.114048
0.421773 0.467788 0.109169
0.429260 0.457837 0.124560
0.434852 0.455302 0.129816
0.438571 0.459520 0.124186
0.432976 0.462170 0.119053
0.556671 0.316369 0.400664
0.561558 0.322290 0.398737
0.556648 0.328536 0.396074
0.561572 0.310781 0.401927
0.566480 0.305505 0.402581
0.571431 0.310754 0.401941
0.566492 0.316362 0.400673
0.590385 0.371848 0.359968
0.593240 0.379023 0.349702
0.588013 0.385153 0.339530
0.595703 0.364814 0.368471
0.600802 0.357775 0.375814
0.603681 0.365592 0.367711
0.598525 0.372419 0.359245
0.519520 0.370868 0.359670
0.523942 0.377263 0.350352
0.519376 0.383350 0.339737
0.523871 0.363690 0.368660
0.528288 0.356367 0.376359
0.532971 0.363408 0.369119
0.528455 0.370532 0.360321
0.481087 0.405780 0.279170
0.484796 0.408865 0.271151
0.479557 0.410892 0.262667
0.486266 0.403284 0.288226
0.491373 0.400394 0.297632
0.495076 0.403863 0.289076
0.489971 0.406540 0.279946
0.510996 0.428422 0.216622
0.514783 0.431170 0.209037
0.509543 0.432912 0.202027
0.516172 0.426751 0.223977
0.521286 0.424975 0.231496
0.525099 0.427663 0.223656
0.519972 0.429427 0.216259
0.348640 0.446675 0.121092
0.352454 0.451145 0.116179
0.346841 0.453948 0.111527
0.354250 0.444054 0.125965
0.359861 0.441520 0.130979
0.363676 0.445805 0.125882
0.358066 0.448430 0.120961
0.468049 0.646802 0.014249
0.472085 0.653974 0.013317
0.466705 0.660155 0.012525
0.473469 0.640720 0.015260
0.478913 0.634701 0.016371
0.482904 0.641781 0.015204
0.477483 0.647850 0.014210
0.408210 0.532748 0.050286
0.411847 0.539344 0.046778
0.406267 0.544187 0.043790
0.413805 0.528210 0.053493
0.419415 0.523804 0.056797
0.423051 0.530085 0.053049
0.417442 0.534647 0.049864
0.498050 0.473432 0.115499
0.501768 0.477850 0.109870
0.496181 0.480881 0.105023
0.503621 0.470622 0.120602
0.509176 0.467897 0.125818
0.512905 0.472066 0.119913
0.507344 0.474914 0.114833
0.453192 0.499608 0.078930
0.456855 0.505084 0.074403
0.451219 0.508989 0.070542
0.458818 0.495950 0.083062
0.464440 0.492405 0.087326
0.468118 0.497609 0.082530
0.462489 0.501289 0.078400
0.482399 0.546802 0.046890
0.486057 0.553190 0.043558
0.480390 0.558126 0.040763
0.488076 0.542103 0.049935
0.493758 0.537515 0.053090
0.497419 0.543656 0.049487
0.491735 0.548368 0.046467
0.647208 0.492145 0.103963
0.651162 0.496665 0.098684
0.645706 0.500250 0.094191
0.652615 0.488696 0.108693
0.657991 0.485302 0.113498
0.661992 0.489684 0.107920
0.656592 0.493145 0.103263
0.602988 0.522218 0.070003
0.606818 0.527478 0.065837
0.601175 0.531720 0.062271
0.608598 0.518173 0.073834
0.614189 0.514219 0.077788
0.618044 0.519275 0.073345
0.612441 0.523330 0.069529
0.633801 0.566421 0.041410
0.637704 0.572248 0.038547
0.632014 0.577220 0.036021
0.639490 0.561619 0.044197
0.645173 0.556909 0.047107
0.649085 0.562553 0.043981
0.643395 0.567357 0.041201
0.582404 0.434905 0.212213
0.586511 0.437741 0.204121
0.581642 0.440084 0.197121
0.587158 0.432623 0.219515
0.591819 0.430242 0.226877
0.596014 0.432990 0.218523
0.591303 0.435382 0.211282
0.541773 0.452961 0.159413
0.545638 0.456439 0.152795
0.540282 0.458885 0.147029
0.547054 0.450659 0.165447
0.552288 0.448391 0.171625
0.556214 0.451684 0.164713
0.550949 0.454042 0.158688
0.572452 0.483947 0.109835
0.576261 0.488344 0.104255
0.570716 0.491690 0.099535
0.577962 0.480782 0.114815
0.583441 0.477676 0.119910
0.587283 0.481846 0.114047
0.581786 0.485064 0.109093
0.617912 0.412636 0.274139
0.622271 0.415890 0.264432
0.618114 0.419057 0.256346
0.622005 0.409198 0.282685
0.626034 0.405682 0.291390
0.630364 0.409342 0.281151
0.626356 0.412645 0.272711
0.654167 0.437014 0.203280
0.658687 0.440254 0.195153
0.653983 0.443141 0.188556
0.658738 0.434167 0.210142
0.663224 0.431304 0.217068
0.667904 0.434486 0.208614
0.663330 0.437376 0.201852
0.615269 0.459934 0.152510
0.619323 0.463542 0.145841
0.614121 0.466500 0.140274
0.620364 0.457062 0.158348
0.625392 0.454196 0.164327
0.629539 0.457681 0.157361
0.624463 0.460605 0.151533
0.678944 0.530714 0.066902
0.682922 0.535862 0.063054
0.677329 0.540064 0.059604
0.684499 0.526683 0.070566
0.690029 0.522743 0.074318
0.694041 0.527744 0.070242
0.688493 0.531757 0.066602
0.527759 0.512173 0.074381
0.531471 0.517556 0.069952
0.525815 0.521654 0.066237
0.533393 0.508311 0.078373
0.539013 0.504553 0.082494
0.542749 0.509677 0.077774
0.537115 0.513564 0.073798
0.437384 0.588590 0.026813
0.441079 0.595925 0.024690
0.435522 0.601784 0.022889
0.442966 0.582937 0.028886
0.448559 0.577419 0.031085
0.452244 0.584529 0.028639
0.446655 0.590167 0.026599
0.502009 0.701958 0.009982
0.506529 0.708331 0.009791
0.501342 0.714295 0.009623
0.507246 0.695784 0.010194
0.512476 0.689626 0.010444
0.516946 0.696139 0.010192
0.511732 0.702270 0.009981
0.378800 0.485429 0.082945
0.382518 0.490835 0.078464
0.376915 0.494550 0.074545
0.384407 0.481934 0.087083
0.390015 0.478545 0.091334
0.393729 0.483715 0.086635
0.388123 0.487222 0.082492
0.550587 0.410234 0.281300
0.554396 0.413829 0.272085
0.549680 0.416632 0.263441
0.555298 0.406928 0.290520
0.560019 0.403318 0.299996
0.563721 0.407469 0.290143
0.559069 0.410787 0.280986
0.468085 0.442196 0.163795
0.471865 0.445707 0.157512
0.466362 0.447770 0.151659
0.473552 0.440323 0.169889
0.478993 0.438518 0.176114
0.482792 0.441826 0.169583
0.477343 0.443729 0.163487
0.588420 0.607734 0.023788
0.592385 0.614089 0.022085
0.586778 0.619618 0.020618
0.594061 0.602303 0.025518
0.599713 0.596948 0.027387
0.603652 0.603201 0.025379
0.598012 0.608609 0.023662
0.680777 0.458026 0.157491
0.680019 0.465010 0.145133
0.675768 0.461111 0.151867
0.685081 0.461887 0.150584
0.684242 0.469014 0.138609
0.714477 0.491632 0.108315
0.713237 0.499625 0.098946
0.709125 0.495028 0.103967
0.718615 0.496192 0.103163
0.717350 0.504278 0.094122
0.550070 0.546006 0.050387
0.548105 0.556735 0.044045
0.544368 0.550685 0.047344
0.553808 0.551949 0.046957
0.551862 0.562851 0.040913
0.504611 0.586231 0.029461
0.502767 0.598580 0.025317
0.498975 0.591721 0.027428
0.508395 0.592992 0.027190
0.506589 0.605465 0.023397
0.535930 0.640193 0.015914
0.534663 0.652731 0.013920
0.530490 0.646092 0.014893
0.540066 0.646805 0.014835
0.538895 0.659318 0.013064
0.430417 0.411760 0.230026
0.428607 0.415579 0.215980
0.424877 0.412696 0.222727
0.434148 0.414595 0.223180
0.432348 0.418485 0.209270
0.385852 0.421355 0.175744
0.384081 0.426677 0.163938
0.380259 0.423029 0.169635
0.389670 0.424903 0.169931
0.387902 0.430388 0.158282
0.416200 0.451900 0.130376
0.414332 0.458762 0.119754
0.410597 0.454416 0.125133
0.419936 0.456136 0.124877
0.418057 0.463217 0.114430
0.546780 0.305523 0.402567
0.546860 0.316373 0.400651
0.541903 0.310798 0.401916
0.551735 0.310788 0.401919
0.551786 0.322287 0.398725
0.583780 0.356743 0.376606
0.581880 0.371447 0.360449
0.578448 0.364004 0.369262
0.587284 0.364322 0.368960
0.584994 0.378578 0.350384
0.510038 0.357636 0.375022
0.510687 0.371467 0.358673
0.506046 0.365172 0.366757
0.514845 0.364239 0.367924
0.515149 0.377596 0.349534
0.473713 0.399396 0.295221
0.472139 0.404909 0.278273
0.468461 0.401826 0.286105
0.477389 0.402620 0.287203
0.475840 0.407934 0.270451
0.503460 0.423101 0.231950
0.501995 0.427330 0.216933
0.498240 0.424674 0.224476
0.507222 0.425758 0.224267
0.505759 0.430070 0.209432
0.340964 0.437967 0.130985
0.339200 0.444901 0.121208
0.335359 0.440496 0.126082
0.344809 0.442286 0.126029
0.343027 0.449383 0.116355
0.460125 0.632352 0.016508
0.458646 0.645683 0.014283
0.454689 0.638388 0.015359
0.464064 0.639589 0.015311
0.462649 0.652944 0.013340
0.400921 0.520014 0.057720
0.398988 0.530810 0.050708
0.395339 0.524355 0.054380
0.404569 0.526301 0.053936
0.402629 0.537426 0.047175
0.490613 0.464950 0.127101
0.488755 0.471912 0.116115
0.485042 0.467607 0.121832
0.494333 0.469133 0.121246
0.492469 0.476337 0.110510
0.445849 0.489046 0.088405
0.443900 0.497893 0.079468
0.440230 0.492545 0.084141
0.449524 0.494261 0.083601
0.447563 0.503375 0.074932
0.475103 0.534320 0.054021
0.473078 0.545193 0.047313
0.469435 0.538874 0.050822
0.478749 0.540508 0.050380
0.476729 0.551613 0.043959
0.639303 0.483406 0.115073
0.637840 0.491154 0.104644
0.633912 0.486757 0.110152
0.643256 0.487723 0.109428
0.641771 0.495653 0.099323
0.595339 0.511996 0.078891
0.593544 0.521089 0.070505
0.589733 0.515923 0.074900
0.599162 0.517055 0.074353
0.597357 0.526357 0.066296
0.626041 0.554959 0.047610
0.624223 0.565461 0.041637
0.620352 0.559671 0.044685
0.629914 0.560659 0.044432
0.628111 0.571312 0.038749
0.574247 0.429359 0.228683
0.573512 0.434321 0.213054
0.569481 0.431545 0.221202
0.578316 0.432138 0.220408
0.577567 0.437165 0.205001
0.534025 0.446305 0.172983
0.532599 0.451836 0.160105
0.528747 0.448465 0.166806
0.537901 0.449586 0.166142
0.536444 0.455308 0.153513
0.564831 0.475503 0.121463
0.563125 0.482783 0.110572
0.559331 0.478507 0.116321
0.568642 0.479667 0.115574
0.566919 0.487179 0.104974
0.609669 0.405390 0.294551
0.609507 0.412700 0.275524
0.605390 0.409137 0.285547
0.613703 0.409172 0.284190
0.613760 0.415978 0.265790
0.645060 0.430838 0.219902
0.645061 0.436698 0.204565
0.640576 0.433646 0.212783
0.649627 0.433879 0.211534
0.649531 0.439860 0.196469
0.607114 0.453103 0.166384
0.606086 0.459270 0.153509
0.602041 0.455844 0.160378
0.611200 0.456453 0.159356
0.610111 0.462820 0.146805
0.670993 0.520603 0.075086
0.669407 0.529674 0.067221
0.665448 0.524573 0.071274
0.674967 0.525626 0.070910
0.673367 0.534839 0.063334
0.520337 0.501763 0.083747
0.518413 0.510740 0.074974
0.514712 0.505457 0.079598
0.524049 0.506908 0.078981
0.522115 0.516139 0.070519
0.430042 0.574099 0.031631
0.428123 0.587016 0.027011
0.424457 0.579683 0.029352
0.433705 0.581312 0.029128
0.431807 0.594398 0.024862
0.493154 0.688726 0.010453
0.492300 0.701611 0.009982
0.487886 0.694964 0.010196
0.497557 0.695397 0.010197
0.496787 0.708056 0.009792
0.371331 0.475024 0.092159
0.369462 0.483634 0.083384
0.365719 0.478378 0.087933
0.375071 0.480160 0.087514
0.373193 0.489023 0.078917
0.543141 0.402414 0.300304
0.542063 0.409732 0.281443
0.538322 0.406006 0.290733
0.546836 0.406440 0.290710
0.545847 0.413265 0.272347
0.460505 0.435481 0.176549
0.458816 0.440629 0.164064
0.455030 0.437214 0.170354
0.464298 0.438790 0.170142
0.462594 0.444146 0.157830
0.580562 0.595088 0.027712
0.578837 0.606858 0.023922
0.574907 0.600487 0.025817
0.584479 0.601399 0.025663
0.582792 0.613246 0.022200
0.730839 0.540969 0.061899
0.725270 0.545033 0.058528
0.736389 0.537005 0.065331
0.719682 0.549199 0.055232
0.714077 0.553469 0.052021
0.752936 0.525670 0.075888
0.747437 0.529361 0.072335
0.758420 0.522058 0.079462
0.741922 0.533137 0.068813
0.555354 0.709317 0.009786
0.550244 0.715115 0.009620
0.560474 0.703441 0.009973
0.545148 0.720824 0.009473
0.540065 0.726431 0.009345
0.575888 0.685629 0.010725
0.570736 0.691542 0.010415
0.581068 0.679757 0.011126
0.565604 0.697497 0.010179
0.337631 0.496472 0.068233
0.461666 0.725329 0.009335
0.396270 0.610638 0.019620
0.640464 0.618466 0.021583
0.634851 0.623893 0.020160
0.646107 0.613034 0.023115
0.629280 0.629307 0.018834
0.623757 0.634732 0.017605
0.663117 0.596982 0.028566
0.657438 0.602279 0.026608
0.668802 0.591754 0.030659
0.651766 0.607634 0.024790
0.685850 0.576591 0.037725
0.680172 0.581550 0.035240
0.691519 0.571738 0.040336
0.674488 0.586607 0.032884
0.708458 0.557858 0.048920
0.702825 0.562368 0.045935
0.697179 0.566996 0.043073
0.427621 0.669791 0.011199
0.514902 0.752842 0.008975
0.509925 0.757853 0.008948
0.519897 0.747759 0.009016
0.504971 0.762813 0.008937
0.500038 0.767734 0.008940
0.534998 0.731929 0.009237
0.529947 0.737314 0.009146
0.524913 0.742588 0.009073
0.367592 0.548615 0.038912
0.596798 0.662464 0.012871
0.591521 0.668172 0.012199
0.602111 0.656815 0.013634
0.586278 0.673937 0.011617
0.618282 0.640186 0.016473
0.612851 0.645681 0.015434
0.607460 0.651222 0.014488
0.318750 0.469257 0.089896
0.314959 0.464203 0.094396
0.322535 0.474430 0.085439
0.311159 0.459258 0.098928
0.307348 0.454417 0.103483
0.333861 0.490750 0.072413
0.330090 0.485166 0.076686
0.326315 0.479729 0.081033
0.439854 0.691993 0.010125
0.435743 0.684627 0.010379
0.444018 0.699215 0.009925
0.431670 0.677212 0.010730
0.457118 0.719185 0.009456
0.452653 0.712802 0.009595
0.448282 0.706156 0.009751
0.378479 0.571305 0.030246
0.374903 0.563560 0.032961
0.382009 0.579197 0.027724
0.371272 0.555995 0.035854
0.392619 0.602991 0.021353
0.389040 0.595169 0.023277
0.385518 0.587186 0.025402
0.407658 0.632968 0.015414
0.403789 0.625597 0.016663
0.411589 0.640309 0.014308
0.399993 0.618162 0.018061
0.423586 0.662384 0.011788
0.419565 0.655003 0.012500
0.415563 0.647648 0.013338
0.475714 0.742502 0.009070
0.470972 0.736974 0.009142
0.480504 0.747849 0.009014
0.466287 0.731254 0.009230
0.495109 0.762949 0.008937
0.490208 0.758055 0.008948
0.485337 0.753028 0.008974
0.348921 0.514549 0.056347
0.345162 0.508349 0.060198
0.352676 0.520947 0.052609
0.341398 0.502330 0.064160
0.363885 0.541411 0.042126
0.360160 0.534386 0.045489
0.356423 0.527560 0.048987
