0.579729 0.608392 0.010562
0.579552 0.618639 0.010043
0.574724 0.613466 0.010330
0.429044 0.447239 0.054545
0.428596 0.456472 0.049945
0.423856 0.451746 0.051899
0.510456 0.375024 0.093305
0.510620 0.384393 0.089766
0.505571 0.379710 0.091631
0.346777 0.523091 0.022242
0.346422 0.533142 0.020081
0.341675 0.528032 0.020982
0.500016 0.689460 0.008923
0.500000 0.699379 0.008897
0.495075 0.694431 0.008904
0.422625 0.606722 0.011330
0.422341 0.617228 0.010631
0.417570 0.611908 0.010940
0.503805 0.525715 0.024598
0.503370 0.535768 0.021971
0.498694 0.530651 0.023339
0.660374 0.529157 0.017194
0.660040 0.539106 0.015653
0.655300 0.533998 0.016617
0.586301 0.449212 0.048619
0.585688 0.458715 0.044276
0.581163 0.453909 0.047105
0.627238 0.411571 0.060120
0.626704 0.421028 0.055653
0.622151 0.416264 0.058822
0.589838 0.374355 0.085603
0.589774 0.383820 0.081403
0.584977 0.379219 0.084486
0.545012 0.486883 0.036245
0.544429 0.496662 0.032589
0.539837 0.491665 0.034690
0.508242 0.448483 0.056141
0.507665 0.457743 0.051270
0.503034 0.453036 0.053819
0.549929 0.412155 0.074337
0.549434 0.421289 0.069312
0.544781 0.416722 0.072398
0.619897 0.568282 0.013212
0.619643 0.578393 0.012214
0.614859 0.573241 0.012819
0.582033 0.527225 0.021387
0.581642 0.537242 0.019205
0.576941 0.532123 0.020511
0.622895 0.488573 0.029049
0.622421 0.498402 0.026239
0.617782 0.493356 0.028062
0.463102 0.565714 0.016236
0.462776 0.576024 0.014722
0.458037 0.570790 0.015457
0.425420 0.524424 0.024534
0.425013 0.534495 0.021986
0.420308 0.529370 0.023133
0.466663 0.485540 0.038616
0.466124 0.495288 0.034788
0.461476 0.490314 0.036623
0.384652 0.564414 0.015598
0.384304 0.574734 0.014190
0.379567 0.569466 0.014797
0.460990 0.648878 0.009534
0.460837 0.659137 0.009307
0.455985 0.654003 0.009415
0.308537 0.482999 0.030548
0.308259 0.492771 0.027877
0.303451 0.487807 0.028908
0.470454 0.411675 0.076760
0.470122 0.420683 0.071854
0.465328 0.416126 0.074168
0.430878 0.375047 0.090781
0.430972 0.384175 0.087040
0.425935 0.379614 0.088518
0.469722 0.336480 0.103015
0.469916 0.346293 0.101119
0.464889 0.341414 0.102074
0.549038 0.336211 0.102339
0.549367 0.346074 0.100295
0.544202 0.341203 0.101635
0.508704 0.296927 0.106150
0.508744 0.306794 0.106010
0.503787 0.301860 0.106116
0.387698 0.484237 0.035559
0.387300 0.493996 0.032195
0.382559 0.489021 0.033569
0.349409 0.445427 0.047309
0.349088 0.454835 0.043407
0.344278 0.450011 0.044851
0.390620 0.410204 0.069960
0.390366 0.419102 0.065359
0.385489 0.414491 0.067038
0.539750 0.649167 0.009413
0.539638 0.659338 0.009229
0.534766 0.654246 0.009325
0.501166 0.607597 0.011249
0.500936 0.617978 0.010564
0.496139 0.612742 0.010905
0.541449 0.566890 0.015293
0.541162 0.577121 0.013931
0.536403 0.571926 0.014682
0.701121 0.490849 0.022223
0.700727 0.500668 0.020294
0.696013 0.495604 0.021559
0.663853 0.450631 0.037138
0.663339 0.460344 0.033817
0.658724 0.455358 0.036090
0.584552 0.613564 0.010233
0.433783 0.451937 0.052517
0.515542 0.379734 0.091501
0.351523 0.528185 0.021287
0.504934 0.694430 0.008904
0.427394 0.612031 0.010971
0.508470 0.530817 0.023139
0.665110 0.534259 0.016188
0.590822 0.454007 0.045721
0.631812 0.416338 0.056949
0.594662 0.378990 0.082556
0.549597 0.491851 0.034053
0.512873 0.453171 0.053498
0.554606 0.416716 0.071269
0.624674 0.573427 0.012570
0.586726 0.532333 0.020013
0.627533 0.493610 0.027163
0.467836 0.570935 0.015444
0.430120 0.529530 0.023309
0.471311 0.490477 0.036697
0.389386 0.569660 0.014939
0.465833 0.654032 0.009412
0.313345 0.487949 0.029467
0.475277 0.416235 0.074501
0.435932 0.379625 0.089332
0.474742 0.341380 0.102157
0.554192 0.341084 0.101061
0.513647 0.301857 0.106117
0.392439 0.489183 0.034115
0.354221 0.450231 0.045814
0.395517 0.414791 0.068300
0.544615 0.654275 0.009305
0.505958 0.612830 0.010856
0.546203 0.572076 0.014490
0.705833 0.495911 0.020914
0.668464 0.455612 0.034815
0.661936 0.489661 0.025330
0.666613 0.494715 0.023733
0.661510 0.499490 0.022989
0.667043 0.484899 0.026139
0.682379 0.470648 0.028651
0.687045 0.475686 0.026858
0.681934 0.480435 0.026054
0.699637 0.530252 0.015532
0.704379 0.535343 0.014714
0.699303 0.540163 0.014263
0.704722 0.525449 0.016029
0.719998 0.511090 0.017574
0.724728 0.516149 0.016626
0.719636 0.520935 0.016135
0.540437 0.607984 0.010964
0.545246 0.613187 0.010594
0.540235 0.618301 0.010347
0.545454 0.602882 0.011293
0.560520 0.587651 0.012449
0.565310 0.592842 0.011888
0.560290 0.597910 0.011524
0.500368 0.649025 0.009495
0.505222 0.654156 0.009375
0.500236 0.659237 0.009282
0.505366 0.643911 0.009609
0.520386 0.628492 0.010003
0.525212 0.633697 0.009824
0.520208 0.638831 0.009703
0.539450 0.689465 0.008920
0.544371 0.694426 0.008903
0.539437 0.699370 0.008897
0.544395 0.684487 0.008945
0.559260 0.669473 0.009066
0.564156 0.674500 0.009011
0.559202 0.679502 0.008974
0.389252 0.446382 0.051367
0.394036 0.451127 0.049632
0.388868 0.455678 0.047074
0.394429 0.441892 0.054080
0.409999 0.428596 0.062678
0.414772 0.433235 0.060655
0.409579 0.437669 0.057786
0.348119 0.483596 0.033016
0.352899 0.488545 0.031779
0.347792 0.493361 0.030007
0.353232 0.478827 0.034947
0.368619 0.464703 0.041376
0.373404 0.469556 0.039917
0.368265 0.474255 0.037722
0.386131 0.523761 0.023550
0.390853 0.528870 0.022463
0.385752 0.533824 0.021176
0.391240 0.518840 0.024992
0.406605 0.504175 0.029844
0.411314 0.509210 0.028464
0.406188 0.514100 0.026833
0.509208 0.336413 0.103115
0.514284 0.341327 0.102249
0.509474 0.346226 0.101313
0.514037 0.331485 0.103853
0.528637 0.316615 0.105455
0.533699 0.321524 0.104954
0.528822 0.326502 0.104449
0.550397 0.375042 0.091391
0.555444 0.379729 0.088993
0.550519 0.384453 0.087587
0.555256 0.370260 0.092689
0.569683 0.355552 0.095889
0.574822 0.360308 0.093696
0.570020 0.365256 0.092678
0.470658 0.375002 0.092910
0.475700 0.379672 0.091331
0.470775 0.384304 0.089378
0.475519 0.370308 0.094683
0.489954 0.355967 0.099081
0.495074 0.360778 0.097866
0.490274 0.365562 0.096451
0.430650 0.411152 0.074275
0.435490 0.415706 0.072323
0.430338 0.420081 0.069472
0.435754 0.406762 0.076996
0.450896 0.393386 0.084554
0.455821 0.397969 0.082775
0.450781 0.402449 0.080329
0.468723 0.447928 0.056358
0.473422 0.452607 0.054014
0.468223 0.457154 0.051569
0.473924 0.443421 0.058936
0.489545 0.429936 0.066902
0.494246 0.434546 0.064200
0.489035 0.439055 0.061594
0.307322 0.522541 0.020928
0.312084 0.527635 0.020071
0.306962 0.532637 0.018955
0.312431 0.517590 0.022155
0.327723 0.502896 0.026289
0.332498 0.507917 0.025250
0.327401 0.512809 0.023839
0.460582 0.689454 0.008925
0.465498 0.694432 0.008904
0.460563 0.699384 0.008897
0.465532 0.684453 0.008957
0.480426 0.669347 0.009125
0.485311 0.674408 0.009056
0.480347 0.679440 0.009001
0.383324 0.606111 0.011095
0.388086 0.611476 0.010781
0.383019 0.616691 0.010442
0.388394 0.600932 0.011536
0.403606 0.585495 0.013170
0.408354 0.590795 0.012652
0.403286 0.595942 0.012107
0.464653 0.525059 0.025000
0.469332 0.530163 0.023632
0.464223 0.535124 0.022348
0.469780 0.520135 0.026442
0.485216 0.505472 0.031155
0.489855 0.510508 0.029415
0.484711 0.515394 0.027877
0.423898 0.565113 0.016071
0.428631 0.570346 0.015345
0.423560 0.575439 0.014595
0.428974 0.560050 0.016927
0.444227 0.544946 0.019938
0.448936 0.550118 0.018921
0.443854 0.555152 0.017925
0.461900 0.607192 0.011381
0.466679 0.612461 0.010993
0.461641 0.617633 0.010667
0.466943 0.602036 0.011805
0.482077 0.586638 0.013346
0.486837 0.591880 0.012745
0.481796 0.597008 0.012242
0.621172 0.528132 0.019240
0.625888 0.533241 0.018036
0.620815 0.538120 0.017382
0.626256 0.523277 0.019969
0.641529 0.508798 0.022216
0.646223 0.513879 0.020800
0.641134 0.518698 0.020090
0.580660 0.567549 0.014294
0.585426 0.572716 0.013559
0.580391 0.577724 0.013112
0.585707 0.562565 0.014801
0.600879 0.547712 0.016526
0.605620 0.552850 0.015564
0.600564 0.557793 0.015017
0.619039 0.608846 0.010101
0.623875 0.613987 0.009824
0.618883 0.619016 0.009690
0.624039 0.603829 0.010294
0.639062 0.588858 0.010988
0.643874 0.593996 0.010573
0.638870 0.598973 0.010354
0.547500 0.448935 0.053642
0.552055 0.453645 0.050751
0.546857 0.458271 0.048880
0.552707 0.444329 0.055617
0.568309 0.430448 0.061450
0.572809 0.435086 0.058105
0.567631 0.439747 0.056300
0.505920 0.486190 0.038188
0.510520 0.491136 0.036081
0.505341 0.495950 0.034352
0.511104 0.481447 0.040040
0.526681 0.467402 0.045769
0.531266 0.472213 0.043288
0.526074 0.476900 0.041449
0.542914 0.526425 0.023362
0.547589 0.531529 0.021896
0.542493 0.536461 0.020893
0.548029 0.521523 0.024486
0.563411 0.506918 0.028008
0.568044 0.511973 0.026189
0.562922 0.516838 0.025085
0.588787 0.411760 0.067867
0.593318 0.416343 0.064524
0.588234 0.421036 0.063069
0.593822 0.407053 0.069218
0.608815 0.392858 0.073044
0.613453 0.397495 0.069807
0.608443 0.402221 0.068534
0.624961 0.449723 0.042802
0.629539 0.454644 0.040166
0.624417 0.459369 0.038983
0.630088 0.445006 0.044049
0.645524 0.430886 0.047802
0.650092 0.435794 0.044932
0.644944 0.440505 0.043727
0.583969 0.487657 0.032860
0.588565 0.492659 0.030746
0.583432 0.497467 0.029588
0.589102 0.482884 0.034093
0.604480 0.468636 0.037817
0.609063 0.473581 0.035439
0.603943 0.478333 0.034260
0.659156 0.569107 0.012180
0.663934 0.574233 0.011646
0.658910 0.579152 0.011350
0.664197 0.564207 0.012521
0.679353 0.549582 0.013689
0.684109 0.554693 0.013013
0.679055 0.559559 0.012638
0.502275 0.566292 0.015963
0.507015 0.571495 0.015141
0.501968 0.576570 0.014488
0.507331 0.561245 0.016706
0.522534 0.546210 0.019257
0.527246 0.551367 0.018135
0.522179 0.556373 0.017313
0.421609 0.648724 0.009519
0.426442 0.653916 0.009405
0.421436 0.659052 0.009296
0.426632 0.643548 0.009655
0.441736 0.627932 0.010154
0.446532 0.633218 0.009973
0.441500 0.638417 0.009812
0.500000 0.728967 0.008896
0.504930 0.733895 0.008897
0.500000 0.738827 0.008896
0.504930 0.724035 0.008897
0.519719 0.709236 0.008897
0.524648 0.714166 0.008897
0.519719 0.719098 0.008897
0.345322 0.563695 0.014893
0.350069 0.568908 0.014294
0.344960 0.574007 0.013560
0.350433 0.558637 0.015725
0.365735 0.543590 0.018612
0.370465 0.548769 0.017795
0.365371 0.553776 0.016821
0.510275 0.411983 0.076978
0.515067 0.416565 0.074380
0.509883 0.421062 0.071977
0.515400 0.407461 0.079206
0.530610 0.393765 0.085161
0.535531 0.398394 0.082697
0.530463 0.402976 0.080818
0.427221 0.484895 0.037543
0.431918 0.489834 0.035870
0.426750 0.494647 0.033892
0.432394 0.480156 0.039672
0.447945 0.466158 0.046498
0.452644 0.470953 0.044507
0.447456 0.475617 0.042254
0.579138 0.649307 0.009298
0.584013 0.654392 0.009210
0.579043 0.659432 0.009155
0.584117 0.644246 0.009363
0.599069 0.629033 0.009561
0.603924 0.634171 0.009434
0.598942 0.639234 0.009380
0.643353 0.469554 0.033018
0.642866 0.479309 0.029951
0.638235 0.474295 0.032020
0.647981 0.474560 0.030898
0.656831 0.494430 0.024537
0.680715 0.509919 0.019637
0.680347 0.519795 0.017886
0.675624 0.514711 0.019010
0.685436 0.514997 0.018476
0.694558 0.535067 0.015047
0.521286 0.587131 0.013011
0.521032 0.597450 0.011970
0.516253 0.592229 0.012516
0.526061 0.592348 0.012414
0.535422 0.613096 0.010669
0.481061 0.628233 0.010128
0.480854 0.638637 0.009793
0.476037 0.633414 0.009956
0.485872 0.633473 0.009940
0.495375 0.654124 0.009389
0.519842 0.669415 0.009102
0.519774 0.679473 0.008990
0.514877 0.674446 0.009043
0.524732 0.674458 0.009038
0.534512 0.694427 0.008904
0.370017 0.427488 0.058174
0.369668 0.436651 0.053663
0.364850 0.431911 0.055307
0.374836 0.432203 0.056487
0.384083 0.450906 0.048736
0.328926 0.463977 0.038105
0.328629 0.473596 0.034825
0.323821 0.468695 0.036063
0.333734 0.468860 0.036814
0.343012 0.488391 0.031189
0.367190 0.503518 0.028147
0.366828 0.513432 0.025411
0.362081 0.508385 0.026533
0.371936 0.508549 0.026969
0.381028 0.528697 0.022193
0.489120 0.316683 0.105477
0.489253 0.326567 0.104496
0.484257 0.321634 0.105044
0.494108 0.321621 0.105037
0.504386 0.341330 0.102271
0.529728 0.355955 0.098840
0.530122 0.365583 0.096092
0.524921 0.360787 0.097669
0.534927 0.360780 0.097341
0.545504 0.379780 0.089998
0.450389 0.356096 0.098328
0.450623 0.365637 0.095434
0.445535 0.360935 0.096727
0.455455 0.360864 0.097125
0.465763 0.379658 0.091012
0.410940 0.392956 0.081073
0.410852 0.401853 0.076812
0.405893 0.397307 0.078402
0.415920 0.397499 0.079509
0.425519 0.415520 0.071470
0.449819 0.429394 0.065766
0.449361 0.438464 0.060618
0.444625 0.433835 0.062883
0.454557 0.434000 0.063423
0.463525 0.452450 0.053824
0.288218 0.502313 0.024525
0.287911 0.512253 0.022333
0.283136 0.507191 0.023218
0.293003 0.507347 0.023606
0.302204 0.527524 0.019769
0.441010 0.669299 0.009129
0.440919 0.679419 0.009002
0.436033 0.674367 0.009059
0.445888 0.674373 0.009060
0.455639 0.694431 0.008905
0.364315 0.584722 0.012711
0.363982 0.595196 0.011715
0.359227 0.589857 0.012123
0.369063 0.590050 0.012254
0.378254 0.611311 0.010706
0.445957 0.504818 0.030989
0.445489 0.514743 0.027779
0.440808 0.509692 0.029252
0.450631 0.509852 0.029424
0.459535 0.530003 0.023627
0.405007 0.544307 0.019432
0.404637 0.554512 0.017516
0.399915 0.549315 0.018361
0.409725 0.549486 0.018513
0.418824 0.570188 0.015268
0.442854 0.586108 0.013396
0.442551 0.596520 0.012288
0.437796 0.591242 0.012804
0.447606 0.591376 0.012826
0.456858 0.612359 0.011002
0.602443 0.507788 0.025122
0.602003 0.517704 0.022588
0.597335 0.512626 0.024161
0.607103 0.512858 0.023484
0.616092 0.533003 0.018528
0.561693 0.546917 0.018064
0.561356 0.557043 0.016306
0.556622 0.551884 0.017312
0.566419 0.552067 0.016978
0.575618 0.572549 0.013805
0.599780 0.588219 0.011733
0.599569 0.598409 0.010957
0.594762 0.593242 0.011407
0.604581 0.593383 0.011243
0.614042 0.613876 0.009930
0.529149 0.430328 0.065704
0.528533 0.439509 0.060328
0.523912 0.434866 0.063290
0.533763 0.434952 0.062640
0.542293 0.453540 0.051664
0.487431 0.466800 0.047063
0.486879 0.476262 0.042704
0.482236 0.471436 0.044887
0.492072 0.471592 0.044791
0.500739 0.490969 0.036371
0.524337 0.506156 0.030137
0.523827 0.516077 0.026952
0.519189 0.511020 0.028684
0.528964 0.511200 0.028312
0.537808 0.531343 0.022273
0.570166 0.393585 0.080758
0.569902 0.402840 0.076283
0.565161 0.398283 0.079335
0.574928 0.398143 0.077703
0.583727 0.416457 0.066449
0.606822 0.430367 0.054661
0.606203 0.439869 0.050055
0.601693 0.435084 0.053159
0.611328 0.435150 0.051498
0.619839 0.454445 0.041556
0.565701 0.467988 0.042516
0.565096 0.477571 0.038476
0.560533 0.472687 0.040953
0.570255 0.472847 0.039941
0.578831 0.492446 0.031636
0.640101 0.548601 0.015003
0.639804 0.558629 0.013735
0.635044 0.553497 0.014514
0.644856 0.553727 0.014176
0.654123 0.574022 0.011855
0.483403 0.545570 0.019911
0.483033 0.555760 0.017881
0.478319 0.550580 0.018893
0.488108 0.550734 0.018811
0.497223 0.571357 0.015254
0.402402 0.627557 0.010070
0.402139 0.638143 0.009748
0.397347 0.632810 0.009880
0.407186 0.632905 0.009912
0.416593 0.653883 0.009396
0.480281 0.709250 0.008896
0.480281 0.719114 0.008896
0.475352 0.714183 0.008896
0.485211 0.714181 0.008896
0.495070 0.733900 0.008896
0.326343 0.543005 0.017650
0.325962 0.553217 0.015978
0.321215 0.548053 0.016673
0.331089 0.548156 0.016904
0.340206 0.568780 0.014111
0.490702 0.393598 0.085954
0.490595 0.402759 0.081739
0.485682 0.398163 0.083834
0.495649 0.398211 0.083917
0.505124 0.416490 0.074631
0.408322 0.465455 0.044407
0.407897 0.474946 0.040405
0.403156 0.470095 0.042067
0.413063 0.470273 0.042672
0.422054 0.489672 0.035494
0.559722 0.628754 0.009809
0.559570 0.639026 0.009561
0.554724 0.633867 0.009699
0.564562 0.633925 0.009651
0.574163 0.654362 0.009236
0.569191 0.659408 0.009175
0.569114 0.669487 0.009055
0.564223 0.664446 0.009118
0.574077 0.664464 0.009103
0.578969 0.669501 0.009044
0.578917 0.679515 0.008963
0.574013 0.674510 0.009004
0.559443 0.649237 0.009359
0.564313 0.654333 0.009260
0.559340 0.659385 0.009194
0.564426 0.644160 0.009438
0.569412 0.639075 0.009518
0.574271 0.644202 0.009401
0.569290 0.649271 0.009330
0.549729 0.638977 0.009601
0.549596 0.649202 0.009387
0.544737 0.644077 0.009505
0.554581 0.644118 0.009473
0.554464 0.654304 0.009284
0.416893 0.494485 0.033527
0.416448 0.504338 0.030184
0.411743 0.499321 0.031641
0.421593 0.499483 0.031994
0.426288 0.504500 0.030490
0.425845 0.514426 0.027369
0.421149 0.509373 0.028758
0.407468 0.484567 0.036642
0.412187 0.489509 0.035077
0.407033 0.494322 0.033123
0.412627 0.479824 0.038753
0.417793 0.475117 0.040947
0.422513 0.479991 0.039236
0.417347 0.484732 0.037115
0.397996 0.474773 0.039810
0.397585 0.484402 0.036123
0.392844 0.479487 0.037640
0.402738 0.479655 0.038221
0.402315 0.489346 0.034617
0.499950 0.420983 0.072165
0.499463 0.430042 0.066833
0.494753 0.425462 0.069578
0.504679 0.425553 0.069452
0.509371 0.430139 0.066621
0.508812 0.439291 0.061262
0.504147 0.434655 0.064046
0.490364 0.411849 0.077159
0.495177 0.416416 0.074733
0.490010 0.420895 0.072206
0.495477 0.407343 0.079510
0.500562 0.402811 0.081744
0.505439 0.407400 0.079432
0.500321 0.411919 0.077142
0.480632 0.402697 0.081594
0.480408 0.411768 0.077031
0.475556 0.407200 0.079236
0.485515 0.407277 0.079444
0.485227 0.416332 0.074689
0.335085 0.573900 0.013381
0.334730 0.584311 0.012252
0.329960 0.579058 0.012705
0.339847 0.579141 0.012879
0.344610 0.584409 0.012413
0.344271 0.594899 0.011454
0.339501 0.589591 0.011835
0.325571 0.563493 0.014498
0.330326 0.568685 0.013921
0.325193 0.573830 0.013195
0.330707 0.558393 0.015320
0.335834 0.553321 0.016194
0.340577 0.558501 0.015525
0.335454 0.563579 0.014699
0.316076 0.553136 0.015756
0.315672 0.563438 0.014292
0.310923 0.558257 0.014894
0.320822 0.558311 0.015110
0.320430 0.568625 0.013724
0.490141 0.738831 0.008896
0.490141 0.748688 0.008896
0.485211 0.743762 0.008896
0.495070 0.743758 0.008896
0.500000 0.748684 0.008897
0.500000 0.758539 0.008897
0.495070 0.753614 0.008897
0.480281 0.728975 0.008896
0.485211 0.733904 0.008896
0.480281 0.738834 0.008896
0.485211 0.724043 0.008896
0.490141 0.719111 0.008896
0.495070 0.724040 0.008896
0.490141 0.728972 0.008896
0.470422 0.719115 0.008896
0.470422 0.728976 0.008896
0.465492 0.724046 0.008896
0.475352 0.724045 0.008896
0.475352 0.733905 0.008896
0.411585 0.659026 0.009287
0.411447 0.669270 0.009118
0.406584 0.664151 0.009193
0.416437 0.664170 0.009200
0.421301 0.669282 0.009123
0.421205 0.679413 0.009000
0.416321 0.674356 0.009054
0.401915 0.648627 0.009488
0.406744 0.653846 0.009384
0.401733 0.658996 0.009276
0.406944 0.643432 0.009623
0.411981 0.638221 0.009773
0.416788 0.643493 0.009642
0.411762 0.648678 0.009505
0.392296 0.638060 0.009718
0.392068 0.648571 0.009467
0.387253 0.643294 0.009571
0.397099 0.643365 0.009600
0.396894 0.653804 0.009368
0.492173 0.576437 0.014581
0.491880 0.586764 0.013288
0.487124 0.581531 0.013944
0.496923 0.581660 0.013869
0.501681 0.586885 0.013211
0.501414 0.597230 0.012131
0.496643 0.591997 0.012683
0.482693 0.566006 0.016155
0.487429 0.571218 0.015343
0.482376 0.576301 0.014651
0.487755 0.560950 0.016944
0.492821 0.555911 0.017786
0.497544 0.561098 0.016839
0.492486 0.566150 0.016073
0.473242 0.555608 0.017943
0.472899 0.565861 0.016210
0.468170 0.560653 0.017060
0.477964 0.560802 0.017017
0.477634 0.571077 0.015406
0.649097 0.578952 0.011547
0.648881 0.589033 0.010812
0.644077 0.583897 0.011258
0.653893 0.584085 0.011072
0.658695 0.589215 0.010650
0.658508 0.599290 0.010082
0.653692 0.594165 0.010421
0.639528 0.568681 0.012672
0.644309 0.573817 0.012080
0.639280 0.578759 0.011760
0.644570 0.563760 0.013040
0.649618 0.558854 0.013433
0.654385 0.563981 0.012772
0.649343 0.568891 0.012418
0.629990 0.558410 0.014053
0.629711 0.568478 0.012941
0.624941 0.563338 0.013620
0.634755 0.563546 0.013326
0.634491 0.573618 0.012322
0.573689 0.497255 0.030421
0.573170 0.507124 0.027305
0.568549 0.502079 0.029212
0.578299 0.502289 0.028438
0.582926 0.507338 0.026578
0.582461 0.517257 0.023844
0.577807 0.512184 0.025515
0.564510 0.487257 0.034712
0.569095 0.492240 0.032517
0.563943 0.497050 0.031224
0.569665 0.482493 0.036092
0.574815 0.477746 0.037461
0.579385 0.482684 0.035098
0.574243 0.487453 0.033805
0.555360 0.477399 0.039383
0.554766 0.487067 0.035526
0.550186 0.482129 0.037811
0.559932 0.482309 0.037002
0.559351 0.492042 0.033329
0.614720 0.459171 0.040309
0.614181 0.468837 0.036620
0.609600 0.463901 0.039063
0.619298 0.464100 0.037801
0.623892 0.469058 0.035419
0.623385 0.478791 0.032108
0.618776 0.473802 0.034302
0.605609 0.449411 0.045712
0.610156 0.454273 0.042945
0.605035 0.458997 0.041634
0.610732 0.444693 0.047089
0.615855 0.439973 0.048465
0.620399 0.444832 0.045568
0.615277 0.449552 0.044257
0.596565 0.439800 0.051647
0.595952 0.449298 0.047166
0.591435 0.444509 0.050134
0.601078 0.444586 0.048611
0.600485 0.454128 0.044334
0.578632 0.421140 0.064935
0.577979 0.430406 0.059864
0.573490 0.425804 0.063272
0.583123 0.425723 0.061523
0.587592 0.430359 0.058131
0.586935 0.439763 0.053239
0.582450 0.435060 0.056486
0.569496 0.412043 0.071572
0.574092 0.416587 0.068296
0.568960 0.421231 0.066627
0.574575 0.407380 0.073106
0.579616 0.402679 0.074516
0.584229 0.407211 0.071213
0.579183 0.411912 0.069820
0.560120 0.402940 0.077797
0.559741 0.412121 0.073077
0.555043 0.407563 0.076134
0.564840 0.407497 0.074745
0.564379 0.416674 0.069902
0.532709 0.536280 0.021222
0.532320 0.546380 0.019008
0.527618 0.541236 0.020216
0.537402 0.541411 0.019929
0.542109 0.546554 0.018726
0.541762 0.556699 0.016863
0.537035 0.551535 0.017890
0.523357 0.526060 0.024077
0.528027 0.531163 0.022606
0.522927 0.536105 0.021512
0.528475 0.521151 0.025304
0.533602 0.516259 0.026572
0.538252 0.521334 0.024922
0.533135 0.526240 0.023744
0.514052 0.515900 0.027274
0.513580 0.525885 0.024362
0.508924 0.520799 0.025910
0.518699 0.520972 0.025634
0.518247 0.530987 0.022895
0.495556 0.495782 0.034590
0.495008 0.505638 0.031010
0.490381 0.500619 0.032846
0.500170 0.500786 0.032657
0.504789 0.505806 0.030789
0.504277 0.515728 0.027537
0.499640 0.510675 0.029239
0.486321 0.485865 0.038595
0.490943 0.490804 0.036571
0.485757 0.495617 0.034742
0.491509 0.481126 0.040553
0.496699 0.476420 0.042550
0.501315 0.481285 0.040347
0.496129 0.486027 0.038440
0.477043 0.476103 0.042752
0.476498 0.485702 0.038654
0.471852 0.480803 0.040660
0.481688 0.480965 0.040658
0.481133 0.490640 0.036680
0.537086 0.458149 0.049689
0.536461 0.467550 0.045142
0.531882 0.462767 0.047722
0.541659 0.462904 0.047008
0.546226 0.467697 0.044392
0.545611 0.477230 0.040180
0.541036 0.472370 0.042626
0.527914 0.448731 0.055209
0.532506 0.453426 0.052425
0.527295 0.458020 0.050356
0.533135 0.444164 0.057397
0.538358 0.439595 0.059595
0.542936 0.444254 0.056593
0.537720 0.448839 0.054506
0.518682 0.439406 0.060882
0.518087 0.448612 0.055753
0.513458 0.443942 0.058497
0.523307 0.444060 0.058031
0.522698 0.453303 0.053036
0.609049 0.618917 0.009781
0.608908 0.629109 0.009494
0.604058 0.623970 0.009658
0.613894 0.624057 0.009579
0.618747 0.629187 0.009425
0.618631 0.639349 0.009280
0.613766 0.634238 0.009376
0.599382 0.608611 0.010336
0.604211 0.613768 0.010033
0.599215 0.618821 0.009871
0.604385 0.603571 0.010562
0.609393 0.598543 0.010809
0.614212 0.603698 0.010429
0.609210 0.608727 0.010220
0.589748 0.598279 0.011102
0.589555 0.608500 0.010450
0.584737 0.603329 0.010820
0.594561 0.603448 0.010692
0.594382 0.613664 0.010134
0.570582 0.577567 0.013334
0.570333 0.587788 0.012275
0.565549 0.582602 0.012882
0.575361 0.582748 0.012683
0.580147 0.587928 0.012096
0.579928 0.598152 0.011246
0.575126 0.592971 0.011730
0.561051 0.567210 0.014828
0.565811 0.572388 0.014049
0.560773 0.577415 0.013550
0.566100 0.562208 0.015393
0.571156 0.557223 0.015988
0.575903 0.562385 0.015097
0.570855 0.567377 0.014564
0.551557 0.556869 0.016598
0.551248 0.567048 0.015071
0.546500 0.561871 0.015927
0.556299 0.562037 0.015672
0.556006 0.572230 0.014279
0.611017 0.537890 0.017836
0.610680 0.547924 0.016142
0.605946 0.542793 0.017167
0.615745 0.543014 0.016750
0.620484 0.548143 0.015760
0.620179 0.558199 0.014373
0.615425 0.553060 0.015213
0.601597 0.527664 0.020311
0.606301 0.532773 0.019021
0.601223 0.537668 0.018290
0.606686 0.522794 0.021127
0.611778 0.517940 0.021960
0.616468 0.523031 0.020547
0.611383 0.527895 0.019775
0.592231 0.517477 0.023215
0.591814 0.527441 0.020848
0.587130 0.522344 0.022290
0.596906 0.522565 0.021708
0.596512 0.532550 0.019516
0.451817 0.617538 0.010671
0.451568 0.628012 0.010157
0.446776 0.622729 0.010388
0.456604 0.622817 0.010388
0.461399 0.628089 0.010154
0.461177 0.638531 0.009812
0.456367 0.633286 0.009973
0.442264 0.606966 0.011378
0.447037 0.612254 0.011002
0.441993 0.617440 0.010667
0.447313 0.601801 0.011814
0.452363 0.596648 0.012299
0.457128 0.601920 0.011816
0.452082 0.607081 0.011385
0.432738 0.596390 0.012263
0.432446 0.606848 0.011360
0.427682 0.601549 0.011772
0.437498 0.601678 0.011799
0.437216 0.612145 0.010991
0.413750 0.575277 0.014517
0.413422 0.585663 0.013249
0.408678 0.580378 0.013818
0.418491 0.580544 0.013896
0.423235 0.585821 0.013312
0.422924 0.596251 0.012224
0.418170 0.590955 0.012717
0.404281 0.564779 0.015868
0.409014 0.570020 0.015175
0.403938 0.575105 0.014424
0.409362 0.559725 0.016723
0.414446 0.554681 0.017645
0.419170 0.559891 0.016834
0.414091 0.564950 0.015978
0.394826 0.554337 0.017368
0.394468 0.564600 0.015741
0.389738 0.559371 0.016451
0.399552 0.559552 0.016595
0.399201 0.569844 0.015065
0.454425 0.534965 0.022324
0.454025 0.545101 0.019991
0.449322 0.539946 0.021094
0.459120 0.540103 0.021134
0.463821 0.545257 0.020005
0.463448 0.555456 0.017970
0.458733 0.550272 0.018949
0.445044 0.524740 0.024867
0.449733 0.529844 0.023570
0.444624 0.534808 0.022252
0.450169 0.519812 0.026347
0.455304 0.514903 0.027901
0.459977 0.519972 0.026425
0.454851 0.524899 0.024961
0.435669 0.514585 0.027594
0.435234 0.524583 0.024717
0.430540 0.519496 0.026021
0.440357 0.519653 0.026209
0.439928 0.529686 0.023461
0.373184 0.616532 0.010369
0.372887 0.627191 0.009922
0.368115 0.621778 0.010086
0.377953 0.621928 0.010155
0.382727 0.627321 0.009979
0.382452 0.637970 0.009681
0.377664 0.632597 0.009795
0.363659 0.605746 0.010907
0.368420 0.611136 0.010620
0.363346 0.616367 0.010287
0.368736 0.600558 0.011343
0.373813 0.595396 0.011833
0.378566 0.600751 0.011446
0.373493 0.605932 0.011006
0.354136 0.595027 0.011589
0.353810 0.605590 0.010799
0.349041 0.600232 0.011109
0.358898 0.600375 0.011230
0.358578 0.610969 0.010525
0.450704 0.699382 0.008897
0.450704 0.709248 0.008896
0.445774 0.704314 0.008896
0.455633 0.704317 0.008896
0.460563 0.709250 0.008896
0.460563 0.719114 0.008896
0.455633 0.714181 0.008896
0.440864 0.689450 0.008925
0.445780 0.694430 0.008905
0.440844 0.699379 0.008897
0.445816 0.684448 0.008958
0.450776 0.679423 0.009003
0.455674 0.684450 0.008958
0.450723 0.689452 0.008925
0.431063 0.679417 0.009001
0.431006 0.689448 0.008925
0.426101 0.684444 0.008956
0.435959 0.684445 0.008957
0.435920 0.694427 0.008905
0.297077 0.532537 0.018674
0.296685 0.542745 0.016906
0.291941 0.537588 0.017641
0.301829 0.537673 0.017901
0.306580 0.542817 0.017155
0.306177 0.553079 0.015531
0.301430 0.547909 0.016202
0.287570 0.522295 0.020292
0.292325 0.527411 0.019472
0.287197 0.532438 0.018403
0.292679 0.517330 0.021461
0.297781 0.512397 0.022698
0.302554 0.517462 0.021805
0.297443 0.522421 0.020605
0.278048 0.512098 0.021981
0.277703 0.522163 0.019990
0.272950 0.517041 0.020809
0.282811 0.517190 0.021129
0.282452 0.527296 0.019187
0.458329 0.456992 0.051334
0.457835 0.466323 0.046813
0.453136 0.461560 0.048891
0.463028 0.461724 0.049168
0.467713 0.466485 0.047012
0.467193 0.475942 0.042692
0.462520 0.471116 0.044745
0.448897 0.447602 0.055684
0.453618 0.452286 0.053508
0.448425 0.456826 0.050977
0.454092 0.443108 0.058352
0.459289 0.438627 0.061066
0.464011 0.443269 0.058710
0.458814 0.447769 0.056086
0.439430 0.438290 0.060040
0.438974 0.447427 0.055157
0.434236 0.442756 0.057259
0.444167 0.442938 0.057861
0.443704 0.452116 0.053064
0.420365 0.419875 0.068591
0.419971 0.428826 0.063586
0.415189 0.424228 0.065648
0.425163 0.424449 0.066547
0.429933 0.429036 0.064405
0.429489 0.438098 0.059369
0.424734 0.433453 0.061483
0.410665 0.410740 0.072329
0.415533 0.415305 0.070516
0.410379 0.419643 0.067612
0.415776 0.406405 0.075133
0.420865 0.402047 0.077861
0.425774 0.406599 0.076119
0.420665 0.410961 0.073355
0.400822 0.401624 0.075653
0.400649 0.410488 0.071197
0.395731 0.405919 0.072835
0.405761 0.406179 0.074038
0.405532 0.415063 0.069459
0.460837 0.384275 0.088986
0.460834 0.393452 0.085099
0.455881 0.388851 0.086833
0.465819 0.388898 0.087301
0.470781 0.393508 0.085514
0.470674 0.402626 0.081311
0.465766 0.398044 0.083262
0.450816 0.374995 0.092101
0.455837 0.379640 0.090584
0.450908 0.384240 0.088475
0.455689 0.370325 0.094034
0.460526 0.365609 0.095816
0.465598 0.370316 0.094404
0.460734 0.374998 0.092559
0.440670 0.365716 0.094917
0.440862 0.375017 0.091503
0.435788 0.370416 0.092918
0.445761 0.370353 0.093544
0.445904 0.379626 0.090027
0.540575 0.384478 0.088501
0.540563 0.393782 0.084447
0.535610 0.389139 0.086891
0.545558 0.389136 0.086074
0.550479 0.393764 0.083474
0.550280 0.402991 0.079057
0.545453 0.398399 0.081832
0.530437 0.375075 0.092807
0.535533 0.379790 0.090748
0.530601 0.384468 0.089157
0.535298 0.370345 0.094264
0.540124 0.365570 0.095598
0.545288 0.370323 0.093600
0.540428 0.375077 0.092226
0.520120 0.365572 0.096349
0.520433 0.375050 0.093138
0.515303 0.370315 0.094881
0.525294 0.370336 0.094677
0.525539 0.379770 0.091239
0.499569 0.346231 0.101319
0.499871 0.355957 0.099127
0.494758 0.351112 0.100257
0.504671 0.351104 0.100274
0.509796 0.355955 0.099111
0.510158 0.365559 0.096472
0.505007 0.360774 0.097881
0.489438 0.336430 0.103095
0.494491 0.341338 0.102256
0.489671 0.346242 0.101285
0.494274 0.331496 0.103854
0.499119 0.326558 0.104502
0.504153 0.331490 0.103864
0.499318 0.336419 0.103115
0.479404 0.326585 0.104493
0.479572 0.336451 0.103061
0.474560 0.331536 0.103819
0.484409 0.331512 0.103839
0.484609 0.341354 0.102218
0.375928 0.533648 0.020919
0.375559 0.543775 0.018845
0.370831 0.538612 0.019725
0.380654 0.538793 0.019971
0.385378 0.543957 0.019060
0.385011 0.554155 0.017203
0.380285 0.548957 0.018002
0.366465 0.523416 0.022909
0.371199 0.528522 0.021899
0.366100 0.533469 0.020642
0.371567 0.518500 0.024314
0.376674 0.513600 0.025808
0.381406 0.518670 0.024667
0.376300 0.523589 0.023241
0.356978 0.513268 0.025013
0.356624 0.523249 0.022575
0.351877 0.518170 0.023585
0.361724 0.518332 0.023948
0.361365 0.528349 0.021593
0.337912 0.493209 0.029464
0.337594 0.503046 0.026746
0.332817 0.498043 0.027832
0.342691 0.498195 0.028330
0.347462 0.503200 0.027208
0.347124 0.513110 0.024619
0.342363 0.508068 0.025673
0.328330 0.483291 0.031765
0.333125 0.488240 0.030607
0.328030 0.493059 0.028928
0.333430 0.478511 0.033598
0.338536 0.473756 0.035535
0.343331 0.478667 0.034268
0.338225 0.483442 0.032386
0.318721 0.473440 0.034124
0.318434 0.483144 0.031152
0.313627 0.478209 0.032287
0.323529 0.478358 0.032938
0.323236 0.488093 0.030033
0.378920 0.455468 0.046190
0.378552 0.464892 0.042213
0.373765 0.460067 0.043732
0.383706 0.460266 0.044600
0.388481 0.465081 0.043004
0.388091 0.474599 0.039163
0.383327 0.469735 0.040689
0.369320 0.445906 0.049353
0.374124 0.450682 0.047770
0.368971 0.455255 0.045255
0.374480 0.441396 0.052023
0.379652 0.436923 0.054797
0.384458 0.441649 0.053090
0.379287 0.446147 0.050386
0.359694 0.436376 0.052537
0.359361 0.445665 0.048326
0.354547 0.440882 0.049871
0.364510 0.441138 0.050942
0.364169 0.450455 0.046787
0.529578 0.699371 0.008897
0.529578 0.709234 0.008897
0.524648 0.704304 0.008897
0.534507 0.704302 0.008897
0.539437 0.709232 0.008897
0.539437 0.719094 0.008897
0.534507 0.714164 0.008897
0.519733 0.689462 0.008922
0.524652 0.694427 0.008904
0.519719 0.699373 0.008897
0.524679 0.684479 0.008949
0.529631 0.679481 0.008986
0.534537 0.684483 0.008947
0.529592 0.689463 0.008921
0.509917 0.679465 0.008993
0.509875 0.689461 0.008923
0.504964 0.684470 0.008953
0.514821 0.684474 0.008951
0.514793 0.694428 0.008904
0.490386 0.659210 0.009291
0.490280 0.669363 0.009121
0.485403 0.664285 0.009203
0.495255 0.664306 0.009197
0.500134 0.669380 0.009116
0.500061 0.679457 0.008996
0.495166 0.674420 0.009052
0.480679 0.648952 0.009521
0.485528 0.654093 0.009399
0.480537 0.659185 0.009299
0.485683 0.643827 0.009644
0.490692 0.638687 0.009777
0.495525 0.643870 0.009629
0.490524 0.648988 0.009510
0.471016 0.638585 0.009805
0.470834 0.648915 0.009529
0.466000 0.643739 0.009664
0.475842 0.643784 0.009656
0.475680 0.654063 0.009407
0.530409 0.618219 0.010409
0.530218 0.628557 0.009960
0.525397 0.623351 0.010186
0.535226 0.623424 0.010135
0.540052 0.628622 0.009914
0.539888 0.638928 0.009638
0.535048 0.633753 0.009786
0.520798 0.607788 0.011122
0.525599 0.613007 0.010738
0.520583 0.618138 0.010466
0.525821 0.602670 0.011481
0.530844 0.597562 0.011874
0.535637 0.602775 0.011391
0.530617 0.607885 0.011047
0.511222 0.597339 0.012056
0.510981 0.607692 0.011189
0.506193 0.602463 0.011633
0.516006 0.602565 0.011561
0.515778 0.612918 0.010800
0.689484 0.539894 0.014577
0.689167 0.549838 0.013410
0.684416 0.544732 0.014123
0.694232 0.544995 0.013828
0.698981 0.550097 0.013152
0.698672 0.560052 0.012198
0.693920 0.554945 0.012770
0.679998 0.529698 0.016312
0.684739 0.534794 0.015403
0.679667 0.539627 0.014913
0.685078 0.524882 0.016854
0.690164 0.520079 0.017408
0.694898 0.525164 0.016428
0.689816 0.529973 0.015909
0.670536 0.519514 0.018393
0.670184 0.529426 0.016740
0.665453 0.524330 0.017787
0.675264 0.524604 0.017307
0.674923 0.534525 0.015784
0.651727 0.499209 0.023757
0.651316 0.509071 0.021522
0.646627 0.503998 0.022983
0.656412 0.504276 0.022252
0.661109 0.509349 0.020861
0.660730 0.519238 0.018930
0.656018 0.514152 0.020173
0.642399 0.489102 0.027133
0.647057 0.494150 0.025380
0.641951 0.498932 0.024561
0.647509 0.484338 0.028015
0.652620 0.479581 0.028911
0.657271 0.484615 0.027056
0.652164 0.489379 0.026211
0.633120 0.479043 0.031028
0.632643 0.488831 0.028089
0.628008 0.483802 0.030038
0.637754 0.484066 0.029017
0.637291 0.493876 0.026262
0.598835 0.649384 0.009233
0.603714 0.654456 0.009156
0.598748 0.659482 0.009113
0.603809 0.644339 0.009283
0.608786 0.639290 0.009331
0.613656 0.644388 0.009241
0.608684 0.649424 0.009199
0.588895 0.659457 0.009135
0.593863 0.654423 0.009184
0.593784 0.664503 0.009071
0.588986 0.649345 0.009266
0.589098 0.639179 0.009427
0.594082 0.634106 0.009491
0.593962 0.644292 0.009323
0.583869 0.674520 0.008995
0.583930 0.664483 0.009088
0.588825 0.669516 0.009032
0.446958 0.485217 0.038251
0.451632 0.490153 0.036458
0.446451 0.494965 0.034492
0.452142 0.480480 0.040361
0.457330 0.475780 0.042527
0.462003 0.480641 0.040561
0.456816 0.485378 0.038482
0.436603 0.494807 0.034218
0.441778 0.489993 0.036202
0.441281 0.499803 0.032589
0.437092 0.485057 0.037926
0.437573 0.475454 0.041879
0.442758 0.470788 0.044158
0.442272 0.480318 0.040058
0.430980 0.509534 0.029021
0.431439 0.499644 0.032310
0.436125 0.504660 0.030762
0.530166 0.412119 0.076127
0.534911 0.416696 0.073291
0.529722 0.421222 0.071084
0.535296 0.407572 0.078164
0.540392 0.403000 0.080064
0.545192 0.407585 0.077274
0.540069 0.412152 0.075353
0.519813 0.421150 0.071634
0.525004 0.416643 0.073950
0.524505 0.425734 0.068732
0.520229 0.412057 0.076660
0.520502 0.402923 0.081319
0.525573 0.398359 0.083304
0.525362 0.407529 0.078806
0.514036 0.434763 0.063751
0.514597 0.425644 0.069178
0.519271 0.430241 0.066258
0.365009 0.564019 0.015263
0.369745 0.569265 0.014639
0.364657 0.574328 0.013894
0.370101 0.558989 0.016110
0.375193 0.553968 0.017020
0.379921 0.559184 0.016289
0.374833 0.564219 0.015438
0.354818 0.574149 0.013731
0.359915 0.569070 0.014470
0.359566 0.579421 0.013203
0.355173 0.563842 0.015081
0.355538 0.553601 0.016616
0.360638 0.548585 0.017577
0.360274 0.558800 0.015920
0.349373 0.589704 0.011983
0.349716 0.579262 0.013045
0.354472 0.584545 0.012566
0.519719 0.728959 0.008897
0.524648 0.733887 0.008897
0.519719 0.738818 0.008897
0.524648 0.724027 0.008897
0.529578 0.719095 0.008897
0.534507 0.724025 0.008897
0.529578 0.728956 0.008897
0.509859 0.738822 0.008897
0.514789 0.733890 0.008897
0.514789 0.743749 0.008897
0.509859 0.728963 0.008897
0.509859 0.719102 0.008897
0.514789 0.714169 0.008897
0.514789 0.724030 0.008897
0.504930 0.753610 0.008897
0.504930 0.743753 0.008897
0.509859 0.748679 0.008897
0.441300 0.648803 0.009533
0.446137 0.653974 0.009414
0.441137 0.659094 0.009306
0.446316 0.643647 0.009668
0.451338 0.638475 0.009814
0.456158 0.643694 0.009668
0.451145 0.648841 0.009535
0.431286 0.659074 0.009302
0.436290 0.653945 0.009411
0.436143 0.664200 0.009210
0.431454 0.648765 0.009528
0.431661 0.638357 0.009805
0.436696 0.633148 0.009967
0.436474 0.643598 0.009663
0.426177 0.674363 0.009057
0.426290 0.664187 0.009206
0.431156 0.669291 0.009127
0.521857 0.566584 0.015671
0.526604 0.571779 0.014854
0.521561 0.576840 0.014244
0.526910 0.561550 0.016364
0.531969 0.556534 0.017101
0.536704 0.561709 0.016157
0.531652 0.566735 0.015493
0.511763 0.576703 0.014375
0.516809 0.571636 0.015007
0.516520 0.581916 0.013664
0.512065 0.566436 0.015828
0.512391 0.556215 0.017499
0.517459 0.551203 0.018350
0.517119 0.561396 0.016547
0.506448 0.592112 0.012606
0.506721 0.581787 0.013775
0.511482 0.587007 0.013117
0.678773 0.569556 0.011755
0.683545 0.574673 0.011276
0.678523 0.579570 0.011001
0.683815 0.564674 0.012071
0.688865 0.559804 0.012409
0.693621 0.564915 0.011873
0.688577 0.569788 0.011567
0.668719 0.579358 0.011168
0.673741 0.574450 0.011453
0.673510 0.584480 0.010743
0.668966 0.569329 0.011959
0.669244 0.559320 0.012885
0.674296 0.554445 0.013275
0.674007 0.564438 0.012288
0.663504 0.594340 0.010282
0.663704 0.584279 0.010900
0.668504 0.589403 0.010503
0.603424 0.488093 0.030960
0.608039 0.493113 0.028959
0.602918 0.497915 0.027916
0.608543 0.483318 0.032072
0.613660 0.478555 0.033186
0.618271 0.483553 0.031056
0.613156 0.488326 0.030006
0.593174 0.497686 0.028753
0.598300 0.492881 0.029854
0.597800 0.502730 0.026877
0.593695 0.487870 0.031912
0.594232 0.478125 0.035331
0.599357 0.473376 0.036573
0.598821 0.483095 0.033084
0.587570 0.512401 0.024838
0.588049 0.502506 0.027658
0.592683 0.507559 0.025850
0.644391 0.450154 0.039904
0.648989 0.455112 0.037411
0.643861 0.459837 0.036335
0.649528 0.445438 0.041044
0.654669 0.440722 0.042196
0.659255 0.445667 0.039598
0.654121 0.450389 0.038499
0.634130 0.459593 0.037656
0.639257 0.454872 0.038777
0.638736 0.464564 0.035273
0.634666 0.449926 0.041349
0.635223 0.440294 0.045297
0.640368 0.435588 0.046548
0.639801 0.445214 0.042534
0.628500 0.474040 0.033162
0.629009 0.464321 0.036537
0.633616 0.469298 0.034216
0.607978 0.411570 0.063964
0.612521 0.416242 0.060709
0.607433 0.420940 0.059339
0.613027 0.406865 0.065276
0.618065 0.402155 0.066564
0.622657 0.406845 0.063330
0.617595 0.411544 0.062034
0.597829 0.420967 0.061199
0.602913 0.416270 0.062610
0.602328 0.425640 0.057907
0.598378 0.411643 0.065908
0.598836 0.402334 0.070520
0.603833 0.397602 0.071791
0.603418 0.406936 0.067239
0.592069 0.435055 0.054822
0.592723 0.425663 0.059712
0.597203 0.430344 0.056395
0.562474 0.526812 0.022454
0.567156 0.531918 0.021009
0.562065 0.536839 0.020114
0.567581 0.521920 0.023455
0.572692 0.517044 0.024474
0.577355 0.522128 0.022873
0.572254 0.527015 0.021928
0.552278 0.536647 0.020523
0.557373 0.531720 0.021475
0.556979 0.541777 0.019246
0.552694 0.526615 0.022932
0.553150 0.516639 0.025639
0.558277 0.511771 0.026815
0.557805 0.521718 0.023997
0.546827 0.551707 0.017616
0.547190 0.541591 0.019606
0.551900 0.546733 0.018412
0.525478 0.486529 0.037403
0.530070 0.491484 0.035240
0.524892 0.496296 0.033631
0.530661 0.481782 0.039126
0.535848 0.477064 0.040869
0.540429 0.481953 0.038519
0.535248 0.486704 0.036871
0.515118 0.496121 0.034032
0.520297 0.491307 0.035704
0.519722 0.501130 0.032046
0.515702 0.486357 0.037842
0.516292 0.476738 0.041923
0.521484 0.472057 0.043834
0.520886 0.481613 0.039633
0.509415 0.510845 0.028993
0.509947 0.500955 0.032389
0.514564 0.505979 0.030497
0.566970 0.449092 0.051426
0.571494 0.453829 0.048465
0.566327 0.458499 0.046832
0.572143 0.444432 0.053143
0.577304 0.439755 0.054828
0.581796 0.444461 0.051655
0.576651 0.449150 0.050070
0.556605 0.458388 0.047928
0.561790 0.453742 0.049685
0.561152 0.463168 0.045181
0.557252 0.449020 0.052616
0.557912 0.439716 0.057583
0.563113 0.435088 0.059534
0.562445 0.444389 0.054468
0.550793 0.472528 0.041848
0.551416 0.463038 0.046162
0.555973 0.467842 0.043517
0.638701 0.609097 0.009858
0.643539 0.614221 0.009612
0.638554 0.619225 0.009501
0.643695 0.604105 0.010024
0.648692 0.599128 0.010212
0.653516 0.604253 0.009903
0.648527 0.609231 0.009746
0.628718 0.619119 0.009596
0.633708 0.614101 0.009716
0.633570 0.624241 0.009416
0.628870 0.608969 0.009980
0.629043 0.598825 0.010506
0.634051 0.593834 0.010737
0.633868 0.603964 0.010156
0.623608 0.634308 0.009316
0.623731 0.624147 0.009499
0.628588 0.629269 0.009354
0.600274 0.567905 0.013754
0.605046 0.573061 0.013066
0.600014 0.578049 0.012665
0.605319 0.562941 0.014210
0.610370 0.557993 0.014695
0.615129 0.563137 0.013915
0.610084 0.568090 0.013483
0.590202 0.577884 0.012889
0.595236 0.572886 0.013313
0.594986 0.583052 0.012281
0.590467 0.567725 0.014024
0.590759 0.557598 0.015340
0.595817 0.552647 0.015916
0.595513 0.562751 0.014505
0.584944 0.593105 0.011570
0.585173 0.582898 0.012483
0.589963 0.588071 0.011915
0.640765 0.528633 0.018179
0.645492 0.533740 0.017070
0.640421 0.538601 0.016484
0.645846 0.523793 0.018830
0.650930 0.518966 0.019495
0.655647 0.524059 0.018295
0.650568 0.528893 0.017674
0.630616 0.538356 0.016931
0.635688 0.533487 0.017546
0.635354 0.543477 0.015921
0.630966 0.528378 0.018707
0.631343 0.518436 0.020710
0.636434 0.513610 0.021459
0.636048 0.523531 0.019392
0.625233 0.553276 0.014863
0.625548 0.543242 0.016334
0.630291 0.548368 0.015380
0.481534 0.607402 0.011337
0.486319 0.612652 0.010944
0.481289 0.617812 0.010633
0.486569 0.602256 0.011745
0.491606 0.597121 0.012194
0.496382 0.602360 0.011695
0.491350 0.607502 0.011299
0.471465 0.617725 0.010654
0.476499 0.612558 0.010973
0.476260 0.622982 0.010365
0.471717 0.607299 0.011365
0.471986 0.596891 0.012276
0.477031 0.591759 0.012790
0.476756 0.602148 0.011782
0.466202 0.633351 0.009967
0.466432 0.622901 0.010381
0.471230 0.628162 0.010144
0.443504 0.565418 0.016205
0.448236 0.570644 0.015444
0.443171 0.575738 0.014701
0.448576 0.560353 0.017053
0.453652 0.555304 0.017965
0.458374 0.560503 0.017072
0.453304 0.565566 0.016235
0.433367 0.575591 0.014657
0.438434 0.570497 0.015406
0.438107 0.580846 0.014007
0.433702 0.565268 0.016148
0.434054 0.555000 0.017852
0.439137 0.549965 0.018857
0.438776 0.560202 0.017004
0.427984 0.591104 0.012768
0.428300 0.580700 0.013959
0.433046 0.585968 0.013362
0.484242 0.525385 0.024910
0.488913 0.530487 0.023488
0.483806 0.535443 0.022254
0.489366 0.520463 0.026296
0.494499 0.515560 0.027740
0.499149 0.520630 0.026133
0.494027 0.525549 0.024782
0.474016 0.535283 0.022325
0.479125 0.530324 0.023586
0.478706 0.540419 0.021083
0.474450 0.525221 0.024983
0.474916 0.515229 0.027950
0.480061 0.510342 0.029522
0.479577 0.520299 0.026399
0.468528 0.550425 0.018940
0.468915 0.540261 0.021131
0.473613 0.545414 0.019978
0.402979 0.606438 0.011236
0.407744 0.611774 0.010897
0.402684 0.616979 0.010557
0.408042 0.601263 0.011679
0.413106 0.596101 0.012173
0.417863 0.601411 0.011731
0.412803 0.606586 0.011289
0.392853 0.616840 0.010504
0.397916 0.611630 0.010844
0.397625 0.622201 0.010267
0.393153 0.606281 0.011171
0.393464 0.595770 0.012029
0.398535 0.590625 0.012574
0.398219 0.601103 0.011614
0.387506 0.632707 0.009841
0.387790 0.622070 0.010216
0.392565 0.627443 0.010028
0.480299 0.689457 0.008924
0.485216 0.694433 0.008904
0.480282 0.699384 0.008897
0.485248 0.684461 0.008956
0.490204 0.679448 0.008999
0.495106 0.684465 0.008955
0.490158 0.689459 0.008924
0.470422 0.699384 0.008897
0.475357 0.694433 0.008904
0.475352 0.704318 0.008896
0.470440 0.689456 0.008925
0.470490 0.679433 0.009002
0.475455 0.674397 0.009058
0.475390 0.684457 0.008957
0.465492 0.714183 0.008896
0.465493 0.704318 0.008896
0.470422 0.709251 0.008896
0.327063 0.522799 0.021582
0.331819 0.527889 0.020678
0.326710 0.532865 0.019518
0.332166 0.517866 0.022865
0.337265 0.512957 0.024227
0.342024 0.518014 0.023224
0.336923 0.522940 0.021912
0.316840 0.532744 0.019237
0.321955 0.527757 0.020374
0.321593 0.537868 0.018428
0.317196 0.522666 0.021254
0.317533 0.512667 0.023455
0.322630 0.507770 0.024831
0.322301 0.517724 0.022509
0.311329 0.547971 0.016439
0.311716 0.537763 0.018165
0.316467 0.542902 0.017404
0.488511 0.448222 0.056512
0.493178 0.452901 0.054011
0.487976 0.457460 0.051667
0.493718 0.443697 0.058985
0.498930 0.439177 0.061497
0.503595 0.443821 0.058809
0.498385 0.448356 0.056392
0.478106 0.457310 0.051680
0.483307 0.452757 0.054076
0.482776 0.462040 0.049362
0.478623 0.448079 0.056500
0.479128 0.438923 0.061554
0.484335 0.434426 0.064214
0.483827 0.443563 0.059027
0.472385 0.471277 0.044872
0.472908 0.461884 0.049324
0.477580 0.466644 0.047095
0.450561 0.411450 0.075791
0.455383 0.416002 0.073693
0.450238 0.420418 0.070930
0.455655 0.407011 0.078398
0.460723 0.402544 0.080889
0.465602 0.407112 0.078887
0.460504 0.411569 0.076347
0.440297 0.420262 0.070255
0.445443 0.415865 0.073073
0.445069 0.424821 0.068063
0.440616 0.411315 0.075091
0.440832 0.402341 0.079624
0.445880 0.397882 0.082147
0.445713 0.406896 0.077764
0.434685 0.433653 0.062225
0.435123 0.424647 0.067352
0.439883 0.429226 0.065136
0.490538 0.375007 0.093312
0.495606 0.379696 0.091642
0.490683 0.384350 0.089810
0.495393 0.370299 0.094969
0.500212 0.365556 0.096504
0.505345 0.370301 0.094975
0.500494 0.375013 0.093362
0.480724 0.384328 0.089653
0.485649 0.379684 0.091541
0.485726 0.388970 0.087864
0.480593 0.375004 0.093161
0.480347 0.365573 0.096318
0.485152 0.360791 0.097782
0.485451 0.370302 0.094871
0.475720 0.398108 0.083615
0.475768 0.388937 0.087644
0.480738 0.393557 0.085799
0.570234 0.374813 0.088976
0.575196 0.379451 0.086235
0.570279 0.384250 0.084992
0.575096 0.369948 0.090152
0.579921 0.365023 0.091251
0.584935 0.369702 0.088534
0.580082 0.374599 0.087411
0.560423 0.384381 0.086416
0.565345 0.379623 0.087737
0.565331 0.389000 0.083667
0.560335 0.374959 0.090306
0.560081 0.365423 0.093885
0.564882 0.360521 0.094942
0.565195 0.370139 0.091536
0.555333 0.398365 0.080711
0.555469 0.389093 0.084999
0.560350 0.393703 0.082244
0.529069 0.336375 0.103006
0.534209 0.341275 0.102011
0.529372 0.346205 0.101134
0.533926 0.331412 0.103702
0.538788 0.326427 0.104275
0.543902 0.331324 0.103407
0.539053 0.336313 0.102767
0.519395 0.346224 0.101260
0.524222 0.341313 0.102187
0.524545 0.351100 0.100135
0.519110 0.336406 0.103085
0.518883 0.326543 0.104490
0.523750 0.321586 0.105026
0.523956 0.331464 0.103820
0.514945 0.360779 0.097818
0.514588 0.351105 0.100235
0.519737 0.355959 0.099026
0.405783 0.524098 0.024093
0.410493 0.529206 0.022933
0.405389 0.534167 0.021625
0.410897 0.519172 0.025561
0.416019 0.514264 0.027116
0.420720 0.519336 0.025804
0.415603 0.524262 0.024326
0.395572 0.533997 0.021412
0.400675 0.529040 0.022710
0.400289 0.539143 0.020400
0.395959 0.523931 0.023834
0.396354 0.513935 0.026521
0.401475 0.509046 0.028138
0.401070 0.519007 0.025290
0.390101 0.549139 0.018191
0.390473 0.538970 0.020196
0.395194 0.544134 0.019256
0.367909 0.483912 0.034300
0.372673 0.488860 0.032981
0.367549 0.493674 0.031113
0.373040 0.479153 0.036331
0.378180 0.474426 0.038464
0.382944 0.479319 0.037010
0.377805 0.484074 0.034948
0.357671 0.493516 0.030557
0.362786 0.488701 0.032376
0.362434 0.498508 0.029345
0.358013 0.483753 0.033653
0.358353 0.474086 0.036983
0.363482 0.469378 0.039126
0.363135 0.478989 0.035634
0.352224 0.508225 0.026101
0.352564 0.498349 0.028834
0.357327 0.503357 0.027675
0.409162 0.446829 0.053103
0.413922 0.451547 0.051213
0.408743 0.456086 0.048642
0.414347 0.442348 0.055824
0.419538 0.437891 0.058618
0.424295 0.442558 0.056580
0.419106 0.447039 0.053860
0.398808 0.455885 0.047891
0.403982 0.451341 0.050458
0.403570 0.460660 0.046148
0.399211 0.446610 0.052272
0.399612 0.437433 0.056873
0.404802 0.433001 0.059742
0.404392 0.442126 0.054991
0.393244 0.469915 0.041406
0.393642 0.460464 0.045406
0.398404 0.465269 0.043735
0.559167 0.689468 0.008917
0.564088 0.694428 0.008902
0.559155 0.699370 0.008897
0.564111 0.684495 0.008939
0.569059 0.679508 0.008969
0.573969 0.684499 0.008936
0.569026 0.689470 0.008916
0.549296 0.699369 0.008897
0.554230 0.694427 0.008903
0.554226 0.704301 0.008897
0.549309 0.689466 0.008919
0.549345 0.679495 0.008978
0.554300 0.674490 0.009019
0.554253 0.684491 0.008942
0.544366 0.714163 0.008897
0.544366 0.704301 0.008897
0.549296 0.709232 0.008897
0.520058 0.649096 0.009458
0.524918 0.654216 0.009344
0.519936 0.659289 0.009258
0.525051 0.643994 0.009562
0.530048 0.638880 0.009672
0.534894 0.644035 0.009535
0.529904 0.649132 0.009436
0.510086 0.659263 0.009270
0.515070 0.654186 0.009360
0.514959 0.664350 0.009179
0.510213 0.649061 0.009477
0.510369 0.638783 0.009731
0.515376 0.633641 0.009859
0.515208 0.643953 0.009587
0.505021 0.674434 0.009048
0.505107 0.664328 0.009189
0.509988 0.669398 0.009109
0.560081 0.608184 0.010776
0.564897 0.613372 0.010423
0.559892 0.618468 0.010205
0.565093 0.603101 0.011069
0.570108 0.598030 0.011387
0.574915 0.603213 0.010946
0.569905 0.608287 0.010671
0.550063 0.618384 0.010278
0.555071 0.613279 0.010512
0.554888 0.623573 0.010017
0.550258 0.608084 0.010874
0.550473 0.597792 0.011651
0.555494 0.592715 0.012037
0.555273 0.602990 0.011185
0.544886 0.633810 0.009745
0.545057 0.623499 0.010078
0.549886 0.628688 0.009863
0.719286 0.530802 0.014840
0.724026 0.535873 0.014099
0.718945 0.540691 0.013690
0.724372 0.526001 0.015292
0.729460 0.521208 0.015752
0.734196 0.526266 0.014949
0.729110 0.531065 0.014519
0.709123 0.540431 0.013969
0.714202 0.535612 0.014399
0.713868 0.545518 0.013293
0.709461 0.530531 0.015178
0.709811 0.520654 0.016537
0.714904 0.515868 0.017052
0.714547 0.525728 0.015652
0.703731 0.555200 0.012545
0.704049 0.545260 0.013553
0.708796 0.550355 0.012911
0.681508 0.490243 0.023693
0.686203 0.495302 0.022244
0.681101 0.500069 0.021566
0.686615 0.485486 0.024434
0.691725 0.480734 0.025191
0.696418 0.485788 0.023648
0.691309 0.490542 0.022937
0.671301 0.499777 0.022259
0.676403 0.495006 0.022968
0.676003 0.504845 0.020896
0.671717 0.489949 0.024491
0.672153 0.480144 0.026962
0.677265 0.475394 0.027800
0.676824 0.485189 0.025265
0.665818 0.514429 0.019576
0.666204 0.504558 0.021557
0.670909 0.509632 0.020232
0.662849 0.470087 0.030743
0.667494 0.475109 0.028787
0.662381 0.479859 0.027914
0.667967 0.465347 0.031679
0.673088 0.460609 0.032627
0.677726 0.465622 0.030573
0.672609 0.470364 0.029674
0.700348 0.510505 0.018546
0.705078 0.515579 0.017500
0.699985 0.520366 0.016959
0.705448 0.505734 0.019127
0.710550 0.500970 0.019713
0.715272 0.506030 0.018602
0.710174 0.510800 0.018048
0.540899 0.587387 0.012757
0.545682 0.592590 0.012175
0.540658 0.597677 0.011768
0.545931 0.582319 0.013241
0.550967 0.577267 0.013749
0.555739 0.582459 0.013069
0.550709 0.587517 0.012609
0.500723 0.628365 0.010076
0.505540 0.633586 0.009890
0.500530 0.638736 0.009756
0.505740 0.623207 0.010276
0.510759 0.618057 0.010518
0.515568 0.623279 0.010233
0.510554 0.628429 0.010041
0.539550 0.669445 0.009085
0.544444 0.674480 0.009026
0.539488 0.679488 0.008982
0.544517 0.664409 0.009146
0.549488 0.659362 0.009212
0.554370 0.664428 0.009133
0.549405 0.669460 0.009076
0.390022 0.428079 0.060591
0.394822 0.432750 0.058743
0.389636 0.437184 0.055877
0.395207 0.423719 0.063569
0.400379 0.419385 0.066535
0.405204 0.423985 0.064656
0.400016 0.428347 0.061680
0.348767 0.464333 0.039720
0.353564 0.469202 0.038346
0.348444 0.473920 0.036254
0.353893 0.459670 0.041970
0.359027 0.455044 0.044326
0.363827 0.459867 0.042846
0.358691 0.464517 0.040543
0.386906 0.503846 0.029062
0.391633 0.508881 0.027780
0.386516 0.513768 0.026179
0.392032 0.498994 0.030825
0.397169 0.494159 0.032679
0.401890 0.499158 0.031251
0.396757 0.504011 0.029470
0.508841 0.316673 0.105472
0.513847 0.321611 0.105038
0.508996 0.326552 0.104504
0.513717 0.311730 0.105795
0.518611 0.306784 0.106013
0.523606 0.311703 0.105797
0.518716 0.316662 0.105469
0.549730 0.355859 0.097808
0.554914 0.360662 0.095972
0.550113 0.365521 0.094861
0.554542 0.350923 0.098737
0.559357 0.345936 0.099565
0.564525 0.350761 0.097844
0.559717 0.355741 0.096956
0.470156 0.356012 0.098825
0.475242 0.360810 0.097631
0.470431 0.365590 0.096107
0.474969 0.351152 0.100090
0.479787 0.346264 0.101219
0.484857 0.351128 0.100195
0.480048 0.355986 0.098981
0.430966 0.393224 0.083049
0.435915 0.397783 0.081382
0.430858 0.402209 0.078798
0.435975 0.388743 0.085491
0.440955 0.384211 0.087820
0.445944 0.388798 0.086231
0.440944 0.393314 0.083863
0.469689 0.429689 0.066615
0.474414 0.434295 0.064089
0.469212 0.438780 0.061378
0.474883 0.425244 0.069399
0.480066 0.420795 0.072102
0.484820 0.425360 0.069560
0.479619 0.429819 0.066829
0.307971 0.502608 0.025391
0.312756 0.507628 0.024417
0.307659 0.512531 0.023074
0.313059 0.497750 0.026853
0.318146 0.492913 0.028399
0.322939 0.497895 0.027340
0.317849 0.502750 0.025837
0.460718 0.669320 0.009130
0.465599 0.674388 0.009060
0.460633 0.679428 0.009003
0.465699 0.664246 0.009211
0.470687 0.659161 0.009304
0.475551 0.664265 0.009208
0.470572 0.669333 0.009128
0.383967 0.585127 0.012969
0.388713 0.590444 0.012481
0.383640 0.595588 0.011938
0.389044 0.580018 0.013616
0.394122 0.574924 0.014314
0.398862 0.580203 0.013724
0.393788 0.585316 0.013077
0.465603 0.505142 0.031222
0.470258 0.510177 0.029559
0.465113 0.515065 0.027958
0.470769 0.500288 0.032984
0.475946 0.495452 0.034808
0.480580 0.500453 0.032955
0.475414 0.505306 0.031226
0.424623 0.544636 0.019726
0.429336 0.549811 0.018761
0.424251 0.554844 0.017758
0.429718 0.539636 0.020889
0.434820 0.534653 0.022134
0.439522 0.539791 0.021010
0.434426 0.544793 0.019845
0.462467 0.586379 0.013408
0.467223 0.591635 0.012818
0.462175 0.596771 0.012294
0.467521 0.581265 0.014031
0.472577 0.576164 0.014698
0.477323 0.581399 0.013998
0.472273 0.586510 0.013387
0.621974 0.508273 0.023667
0.626651 0.513350 0.022133
0.621558 0.518183 0.021334
0.627076 0.503461 0.024531
0.632182 0.498662 0.025398
0.636848 0.503725 0.023749
0.631748 0.508531 0.022939
0.581283 0.547304 0.017297
0.586016 0.552449 0.016269
0.580957 0.557408 0.015663
0.586355 0.542369 0.018006
0.591431 0.537451 0.018747
0.596149 0.542578 0.017586
0.591080 0.547505 0.016911
0.619417 0.588529 0.011363
0.624226 0.593679 0.010908
0.619217 0.598682 0.010659
0.624436 0.583543 0.011667
0.629461 0.578573 0.011987
0.634257 0.583716 0.011459
0.629239 0.588690 0.011175
0.548812 0.430438 0.063989
0.553368 0.435064 0.060764
0.548153 0.439665 0.058681
0.554033 0.425863 0.066111
0.559224 0.421278 0.068085
0.563789 0.425851 0.064803
0.558584 0.430457 0.062824
0.507084 0.467100 0.046652
0.511692 0.471901 0.044265
0.506502 0.476577 0.042289
0.512282 0.462482 0.048753
0.517487 0.457884 0.050882
0.522089 0.462626 0.048303
0.516888 0.467252 0.046271
0.543880 0.506526 0.029210
0.548508 0.511575 0.027377
0.543376 0.516446 0.026135
0.549031 0.501682 0.030570
0.554189 0.496853 0.031947
0.558792 0.501878 0.029929
0.553647 0.506719 0.028644
0.589570 0.393189 0.077040
0.594223 0.397755 0.073793
0.589237 0.402490 0.072525
0.594507 0.388411 0.078241
0.599427 0.383614 0.079436
0.604142 0.388234 0.076259
0.599190 0.393002 0.075032
0.626117 0.430540 0.051212
0.630660 0.435400 0.048191
0.625526 0.440114 0.046879
0.631254 0.425838 0.052542
0.636384 0.421149 0.053829
0.640956 0.426002 0.050775
0.635805 0.430694 0.049500
0.585096 0.468285 0.040203
0.589657 0.473187 0.037703
0.584523 0.477930 0.036398
0.590230 0.463563 0.041579
0.595359 0.458845 0.042956
0.599912 0.463722 0.040323
0.594787 0.468452 0.039012
0.659726 0.549083 0.014306
0.664483 0.554201 0.013556
0.659432 0.559085 0.013150
0.664787 0.544217 0.014778
0.669852 0.539365 0.015272
0.674601 0.544473 0.014440
0.669540 0.549331 0.013987
0.502971 0.545884 0.019657
0.507675 0.551044 0.018536
0.502606 0.556062 0.017657
0.508055 0.540899 0.020681
0.513147 0.535934 0.021761
0.517835 0.541065 0.020467
0.512751 0.546045 0.019473
0.422072 0.627760 0.010128
0.426861 0.633074 0.009956
0.421821 0.638292 0.009792
0.427120 0.622542 0.010366
0.432168 0.617337 0.010654
0.436948 0.622638 0.010381
0.431905 0.627849 0.010144
0.500000 0.709244 0.008897
0.504930 0.714173 0.008897
0.500000 0.719106 0.008896
0.504930 0.704310 0.008897
0.509859 0.699375 0.008897
0.514789 0.704306 0.008897
0.509859 0.709240 0.008897
0.346060 0.543262 0.018135
0.350801 0.548422 0.017355
0.345693 0.553449 0.016407
0.351164 0.538270 0.019210
0.356265 0.533299 0.020361
0.361002 0.538434 0.019468
0.355903 0.543418 0.018374
0.510645 0.393669 0.085867
0.515592 0.398300 0.083666
0.510529 0.402861 0.081606
0.515639 0.389062 0.087763
0.520604 0.384430 0.089555
0.525632 0.389110 0.087448
0.520627 0.393719 0.085616
0.428144 0.465816 0.045575
0.432864 0.470621 0.043718
0.427686 0.475287 0.041438
0.433327 0.461219 0.048002
0.438514 0.456653 0.050500
0.443235 0.461392 0.048496
0.438047 0.465990 0.046072
0.579394 0.628889 0.009689
0.584242 0.634043 0.009546
0.579255 0.639126 0.009473
0.584388 0.623803 0.009809
0.589383 0.618729 0.009958
0.594222 0.623885 0.009734
0.589231 0.628960 0.009626
0.653597 0.460087 0.035053
0.653097 0.469818 0.031858
0.648474 0.464819 0.034029
0.658217 0.465079 0.032831
0.657733 0.474831 0.029820
0.690910 0.500366 0.020911
0.690528 0.510210 0.019075
0.685810 0.505137 0.020271
0.695625 0.505434 0.019681
0.695254 0.515286 0.017972
0.531361 0.576979 0.014096
0.531092 0.587258 0.012890
0.526322 0.582048 0.013538
0.536125 0.582182 0.013397
0.535870 0.592468 0.012300
0.491112 0.617897 0.010602
0.490892 0.628300 0.010105
0.486087 0.623060 0.010343
0.495914 0.623135 0.010313
0.495706 0.633531 0.009918
0.529787 0.659314 0.009244
0.529696 0.669430 0.009094
0.524812 0.664370 0.009169
0.534664 0.664390 0.009158
0.534588 0.674469 0.009032
0.380342 0.418793 0.064082
0.380018 0.427793 0.059409
0.375182 0.423121 0.061114
0.385198 0.423431 0.062386
0.384833 0.432483 0.057657
0.339154 0.454632 0.042498
0.338846 0.464152 0.038907
0.334037 0.459288 0.040250
0.343964 0.459477 0.041105
0.343648 0.469029 0.037575
0.377427 0.493834 0.031671
0.377050 0.503682 0.028619
0.372304 0.498668 0.029861
0.382170 0.498831 0.030361
0.381787 0.508715 0.027390
0.498883 0.306796 0.106009
0.498974 0.316677 0.105469
0.493994 0.311738 0.105797
0.503853 0.311735 0.105794
0.503975 0.321616 0.105041
0.539370 0.346159 0.100819
0.539732 0.355926 0.098438
0.534544 0.351078 0.099888
0.544546 0.351023 0.099421
0.544926 0.360743 0.096774
0.460060 0.346330 0.100987
0.460275 0.356043 0.098613
0.455229 0.351224 0.099744
0.465095 0.351184 0.099941
0.465343 0.360835 0.097412
0.420963 0.384117 0.086140
0.420964 0.393106 0.082119
0.415964 0.388562 0.083655
0.425982 0.388667 0.084632
0.425928 0.397656 0.080503
0.460178 0.420557 0.071463
0.459754 0.429548 0.066261
0.455005 0.424976 0.068650
0.464944 0.425117 0.069095
0.464488 0.434153 0.063825
0.298372 0.492628 0.027364
0.298091 0.502467 0.024951
0.293296 0.497461 0.025905
0.303175 0.497609 0.026374
0.302878 0.507491 0.024007
0.450987 0.659115 0.009308
0.450864 0.669309 0.009130
0.445995 0.664214 0.009212
0.455847 0.664230 0.009213
0.455744 0.674380 0.009060
0.374483 0.574534 0.014049
0.374142 0.584928 0.012847
0.369399 0.579618 0.013353
0.379223 0.579823 0.013492
0.378889 0.590253 0.012375
0.456292 0.495126 0.034683
0.455784 0.504979 0.031143
0.451118 0.499962 0.032801
0.460948 0.500124 0.032933
0.460448 0.510013 0.029527
0.415202 0.534333 0.021816
0.414816 0.544474 0.019589
0.410102 0.539312 0.020583
0.419912 0.539476 0.020746
0.419532 0.549651 0.018646
0.452974 0.575882 0.014723
0.452661 0.586245 0.013411
0.447913 0.580988 0.014036
0.457718 0.581128 0.014044
0.457415 0.591507 0.012830
0.612667 0.498153 0.027078
0.612206 0.508026 0.024394
0.607554 0.502964 0.026096
0.617312 0.503207 0.025314
0.616874 0.513099 0.022808
0.571853 0.537037 0.019665
0.571488 0.547108 0.017685
0.566770 0.541968 0.018850
0.576562 0.542166 0.018428
0.576217 0.552255 0.016624
0.609827 0.578219 0.012440
0.609598 0.588372 0.011549
0.604801 0.583211 0.012078
0.614618 0.583375 0.011873
0.614403 0.593529 0.011076
0.539598 0.421269 0.070311
0.538998 0.430394 0.064948
0.534384 0.425802 0.068073
0.544229 0.425846 0.067200
0.543584 0.435019 0.061798
0.497829 0.457604 0.051531
0.497267 0.466951 0.046916
0.492629 0.462191 0.049279
0.502464 0.462336 0.049076
0.501890 0.471746 0.044584
0.534663 0.496477 0.033151
0.534110 0.506338 0.029708
0.529496 0.501309 0.031628
0.539265 0.501493 0.031136
0.538737 0.511384 0.027876
0.580076 0.384051 0.083320
0.579917 0.393403 0.079018
0.575138 0.388842 0.082082
0.584866 0.388626 0.080241
0.584613 0.397946 0.075813
0.617055 0.420959 0.057490
0.616458 0.430431 0.052933
0.611947 0.425659 0.056109
0.621586 0.425724 0.054320
0.620982 0.435254 0.049842
0.576019 0.458604 0.045591
0.575407 0.468132 0.041389
0.570864 0.463296 0.044065
0.580550 0.463422 0.042831
0.579958 0.473011 0.038829
0.650229 0.538851 0.016057
0.649914 0.548840 0.014644
0.645163 0.543719 0.015518
0.654974 0.543966 0.015138
0.654670 0.553962 0.013856
0.493591 0.535605 0.022136
0.493189 0.545727 0.019804
0.488493 0.540578 0.020993
0.498276 0.540738 0.020858
0.497893 0.550889 0.018691
0.412514 0.617108 0.010599
0.412238 0.627663 0.010103
0.407458 0.622324 0.010309
0.417290 0.622438 0.010342
0.417024 0.632993 0.009938
0.490141 0.699382 0.008897
0.490141 0.709248 0.008896
0.485211 0.704316 0.008896
0.495070 0.704313 0.008897
0.495070 0.714178 0.008896
0.336570 0.532997 0.019800
0.336207 0.543124 0.017893
0.331460 0.537987 0.018690
0.341317 0.538121 0.018951
0.340951 0.548278 0.017131
0.500649 0.384370 0.089849
0.500672 0.393633 0.085978
0.495691 0.389000 0.087959
0.505663 0.389026 0.087927
0.505619 0.398252 0.083862
0.418672 0.456283 0.049326
0.418235 0.465637 0.045020
0.413494 0.460851 0.046828
0.423413 0.461038 0.047445
0.422966 0.470449 0.043222
0.569722 0.618552 0.010125
0.569557 0.628820 0.009750
0.564721 0.623648 0.009951
0.574554 0.623724 0.009881
0.574402 0.633983 0.009599
0.713544 0.555445 0.012334
0.708480 0.560298 0.012003
0.718614 0.550601 0.012683
0.703423 0.565159 0.011691
0.698377 0.570025 0.011396
0.733850 0.536126 0.013813
0.728768 0.540941 0.013423
0.738934 0.531320 0.014213
0.723689 0.545766 0.013046
0.554226 0.714162 0.008897
0.549296 0.719093 0.008897
0.559155 0.709232 0.008897
0.544366 0.724023 0.008897
0.539437 0.728954 0.008897
0.573947 0.694429 0.008902
0.569014 0.699370 0.008897
0.578885 0.689473 0.008914
0.564085 0.704301 0.008897
0.305757 0.563414 0.014078
0.460563 0.728975 0.008896
0.382219 0.648510 0.009441
0.633452 0.634379 0.009254
0.628477 0.639410 0.009228
0.638429 0.629353 0.009283
0.623504 0.644438 0.009198
0.618533 0.649466 0.009164
0.653365 0.614347 0.009517
0.648385 0.619336 0.009414
0.658347 0.609370 0.009644
0.643406 0.624339 0.009336
0.673310 0.594520 0.010157
0.668319 0.599457 0.009964
0.678308 0.589597 0.010369
0.663331 0.604407 0.009793
0.693344 0.574900 0.011115
0.688323 0.579787 0.010849
0.683311 0.584686 0.010600
0.421147 0.689445 0.008924
0.514789 0.753606 0.008897
0.509859 0.758535 0.008897
0.519719 0.748675 0.008897
0.504930 0.763465 0.008897
0.500000 0.768393 0.008897
0.534507 0.733884 0.008897
0.529578 0.738815 0.008897
0.524648 0.743745 0.008897
0.343944 0.605473 0.010683
0.593725 0.674531 0.008987
0.588774 0.679522 0.008958
0.598680 0.669531 0.009020
0.583827 0.684503 0.008933
0.613565 0.654490 0.009128
0.608600 0.659509 0.009091
0.603639 0.664523 0.009055
0.282058 0.537509 0.017393
0.277322 0.532341 0.018142
0.286794 0.542682 0.016667
0.272584 0.527179 0.018912
0.267843 0.522025 0.019699
0.301009 0.558229 0.014673
0.296268 0.553041 0.015303
0.291530 0.547859 0.015969
0.435915 0.704310 0.008897
0.430985 0.699376 0.008897
0.440844 0.709244 0.008896
0.426061 0.694424 0.008905
0.455633 0.724044 0.008896
0.450703 0.719111 0.008896
0.445774 0.714178 0.008896
0.358270 0.621636 0.010009
0.353495 0.616230 0.010198
0.363045 0.627055 0.009857
0.348720 0.610841 0.010423
0.377407 0.643217 0.009538
0.372607 0.637874 0.009639
0.367821 0.632480 0.009741
0.396731 0.664127 0.009183
0.391881 0.658963 0.009262
0.401592 0.669255 0.009112
0.387044 0.653758 0.009348
0.416243 0.684441 0.008955
0.411348 0.679409 0.008997
0.406465 0.674348 0.009050
0.475352 0.743764 0.008896
0.470422 0.738835 0.008896
0.480281 0.748691 0.008896
0.465492 0.733906 0.008896
0.495071 0.763468 0.008897
0.490141 0.758543 0.008897
0.485211 0.753617 0.008896
0.320056 0.579012 0.012522
0.315283 0.573795 0.013001
0.324832 0.584252 0.012082
0.310516 0.568597 0.013519
0.339167 0.600128 0.010979
0.334388 0.594810 0.011311
0.329610 0.589518 0.011678
