0.590614 0.587563 0.029327
0.588938 0.598955 0.025293
0.584970 0.592771 0.027348
0.468902 0.432316 0.181291
0.467388 0.437560 0.168617
0.463494 0.434188 0.174923
0.548923 0.391686 0.312280
0.548262 0.399982 0.291769
0.544214 0.395834 0.301900
0.380219 0.471816 0.095508
0.378370 0.480190 0.086730
0.374604 0.475089 0.091250
0.503074 0.677982 0.010832
0.502307 0.690473 0.010166
0.497837 0.684002 0.010462
0.439330 0.567165 0.034294
0.437443 0.579474 0.029460
0.433733 0.572437 0.031960
0.529702 0.497302 0.087255
0.527823 0.506044 0.078297
0.524090 0.500938 0.083038
0.680627 0.515228 0.076609
0.679108 0.524133 0.068771
0.675105 0.519114 0.072899
0.615751 0.447204 0.170137
0.614882 0.453725 0.157031
0.610753 0.450183 0.164119
0.653362 0.423029 0.223067
0.653570 0.429467 0.207583
0.648920 0.426105 0.216106
0.616809 0.393940 0.303441
0.616761 0.402009 0.282977
0.612585 0.398013 0.294051
0.574038 0.470949 0.125318
0.572424 0.478246 0.114300
0.568586 0.474020 0.120181
0.542578 0.441585 0.178153
0.541323 0.447400 0.164922
0.537379 0.443970 0.171797
0.581886 0.422003 0.234932
0.581466 0.427807 0.218995
0.577262 0.424729 0.227397
0.635941 0.548695 0.049506
0.634203 0.558870 0.043447
0.630284 0.553259 0.046586
0.604847 0.506833 0.081643
0.603122 0.515739 0.073126
0.599269 0.510699 0.077644
0.648594 0.478183 0.117467
0.647217 0.485979 0.107045
0.643239 0.481584 0.112669
0.484533 0.529026 0.057057
0.482540 0.539504 0.050232
0.478860 0.533429 0.053826
0.455009 0.485307 0.092116
0.453083 0.493894 0.083041
0.449386 0.488721 0.087774
0.499723 0.461381 0.131430
0.497943 0.468301 0.120318
0.494188 0.464077 0.126122
0.409974 0.515418 0.060979
0.408027 0.525762 0.053931
0.404357 0.519599 0.057630
0.469703 0.623499 0.018019
0.468248 0.636362 0.015581
0.464241 0.629338 0.016795
0.349505 0.435551 0.133972
0.347810 0.442392 0.124161
0.343914 0.438051 0.128976
0.510703 0.417357 0.238654
0.509682 0.422427 0.223229
0.505693 0.419544 0.230879
0.478086 0.391317 0.305304
0.477337 0.397863 0.286789
0.473244 0.394578 0.294986
0.512490 0.342237 0.383092
0.513090 0.356152 0.370556
0.508110 0.349538 0.377019
0.588954 0.341713 0.383378
0.587955 0.355949 0.370902
0.584017 0.348643 0.377909
0.550731 0.295388 0.399046
0.550763 0.305366 0.398721
0.545812 0.300341 0.398960
0.425028 0.449145 0.134298
0.423245 0.455887 0.123610
0.419454 0.451637 0.128988
0.393924 0.419270 0.179367
0.392344 0.424501 0.167524
0.388421 0.420924 0.173179
0.437316 0.408703 0.234740
0.435972 0.412941 0.220649
0.431986 0.410013 0.227274
0.545909 0.631178 0.016986
0.544624 0.643310 0.014828
0.540444 0.636865 0.015910
0.514354 0.578931 0.031587
0.512550 0.590784 0.027185
0.508711 0.584199 0.029461
0.559786 0.540100 0.052944
0.557886 0.550479 0.046490
0.554102 0.544641 0.049884
0.724118 0.486459 0.108326
0.722898 0.494521 0.099129
0.718751 0.489878 0.104219
0.689972 0.452038 0.158585
0.689275 0.459293 0.146235
0.684958 0.455260 0.153134
0.594570 0.593690 0.027127
0.472803 0.435592 0.174847
0.552932 0.396152 0.301757
0.383985 0.476808 0.090889
0.507510 0.684470 0.010440
0.443034 0.574084 0.031646
0.533445 0.502288 0.082370
0.684643 0.520182 0.072362
0.619932 0.450709 0.162879
0.658107 0.426406 0.214327
0.620887 0.398191 0.291973
0.577907 0.475067 0.119309
0.546551 0.444952 0.171100
0.586139 0.425139 0.226314
0.639865 0.554221 0.046247
0.608710 0.511779 0.076985
0.652611 0.482515 0.111700
0.488218 0.534987 0.053333
0.458712 0.490355 0.087256
0.503499 0.465490 0.125503
0.413645 0.521451 0.057164
0.473682 0.630481 0.016691
0.353403 0.439803 0.129058
0.514721 0.420313 0.230815
0.482209 0.394783 0.296772
0.517501 0.348876 0.377650
0.592896 0.348966 0.377449
0.555663 0.300336 0.398965
0.428830 0.453279 0.128808
0.397850 0.422746 0.173592
0.441318 0.411611 0.227997
0.550050 0.637599 0.015803
0.518181 0.585426 0.029161
0.563576 0.545841 0.049424
0.728298 0.491079 0.103091
0.694339 0.456046 0.151507
0.686194 0.482023 0.113034
0.690288 0.486510 0.107484
0.684906 0.489995 0.103144
0.691510 0.478624 0.117580
0.707241 0.468601 0.131636
0.711489 0.472954 0.125465
0.706236 0.476297 0.120878
0.718854 0.519642 0.074355
0.722934 0.524562 0.070343
0.717408 0.528416 0.066927
0.724352 0.515919 0.077911
0.740765 0.505140 0.088747
0.744906 0.509887 0.084354
0.739433 0.513457 0.080817
0.552344 0.583587 0.030373
0.556242 0.589878 0.028066
0.550609 0.595198 0.026167
0.558001 0.578426 0.032548
0.575031 0.563432 0.039812
0.578892 0.569401 0.036937
0.573214 0.574401 0.034532
0.507643 0.627747 0.017497
0.511714 0.634429 0.016243
0.506272 0.640251 0.015210
0.513151 0.622011 0.018725
0.529845 0.605080 0.022969
0.533796 0.611663 0.021267
0.528230 0.617290 0.019876
0.541777 0.679823 0.010711
0.546309 0.686047 0.010344
0.541163 0.691902 0.010093
0.546989 0.673972 0.011139
0.562814 0.656598 0.012932
0.567184 0.662832 0.012191
0.561917 0.668595 0.011603
0.431533 0.426331 0.180885
0.435457 0.429657 0.174798
0.429995 0.431453 0.168645
0.436978 0.424714 0.187328
0.453234 0.420181 0.207773
0.457164 0.423082 0.201048
0.451760 0.424651 0.194195
0.387377 0.442443 0.134381
0.391227 0.446617 0.129186
0.385633 0.449209 0.124094
0.392954 0.440058 0.139718
0.409599 0.433564 0.156556
0.413487 0.437327 0.150950
0.407944 0.439482 0.145305
0.417675 0.478651 0.094027
0.421396 0.483691 0.089253
0.415772 0.487143 0.085043
0.423294 0.475418 0.098483
0.440121 0.466314 0.112612
0.443856 0.470882 0.107349
0.438249 0.473934 0.102636
0.550859 0.341434 0.383847
0.555557 0.348400 0.378339
0.550689 0.355420 0.371732
0.555732 0.334701 0.388364
0.570552 0.316100 0.396753
0.575449 0.321956 0.394717
0.570459 0.328190 0.391964
0.583527 0.392971 0.309888
0.587354 0.397492 0.298725
0.582796 0.401478 0.289083
0.588311 0.388288 0.320270
0.603064 0.371118 0.351251
0.606175 0.377887 0.339741
0.601414 0.383446 0.329460
0.513604 0.391161 0.310956
0.517781 0.395264 0.301059
0.513047 0.398960 0.290906
0.518251 0.386659 0.321902
0.531969 0.369217 0.354617
0.536446 0.375617 0.344583
0.531802 0.381458 0.333636
0.474372 0.413869 0.237510
0.478379 0.416726 0.230258
0.473158 0.418430 0.222703
0.479512 0.411953 0.245475
0.494520 0.404888 0.271242
0.498584 0.408114 0.262898
0.493637 0.410598 0.254302
0.505903 0.437437 0.180410
0.509816 0.440749 0.173586
0.504496 0.442945 0.167414
0.511167 0.435336 0.186915
0.526688 0.429012 0.207708
0.530656 0.432008 0.200122
0.525515 0.434199 0.193162
0.342560 0.464912 0.096736
0.346377 0.469871 0.092267
0.340753 0.473163 0.088193
0.348175 0.461805 0.100990
0.364998 0.452983 0.114471
0.368827 0.457537 0.109670
0.363219 0.460493 0.105137
0.464644 0.675414 0.010915
0.468944 0.682267 0.010505
0.463682 0.688425 0.010203
0.469940 0.669299 0.011415
0.485935 0.651212 0.013477
0.490130 0.658016 0.012648
0.484804 0.664022 0.011974
0.402266 0.560164 0.035589
0.405934 0.567306 0.032833
0.400361 0.572834 0.030490
0.407836 0.554989 0.038169
0.424631 0.540346 0.046497
0.428295 0.546899 0.043218
0.422684 0.551785 0.040470
0.492336 0.491581 0.089921
0.496050 0.496607 0.085009
0.490416 0.500240 0.080851
0.497955 0.488169 0.094344
0.514745 0.478467 0.108312
0.518485 0.483011 0.102833
0.512895 0.486283 0.098196
0.447193 0.522508 0.059033
0.450856 0.528531 0.055260
0.445202 0.532961 0.052089
0.452844 0.518290 0.062440
0.469792 0.506221 0.073447
0.473479 0.511751 0.069121
0.467825 0.515797 0.065466
0.476678 0.573456 0.032932
0.480434 0.580175 0.030392
0.474818 0.585550 0.028314
0.482317 0.568289 0.035284
0.499312 0.553406 0.043049
0.503037 0.559704 0.039930
0.497367 0.564671 0.037365
0.642631 0.511035 0.079041
0.646569 0.515985 0.074583
0.641012 0.519981 0.070828
0.648156 0.507190 0.083029
0.664604 0.496065 0.095481
0.668603 0.500748 0.090468
0.663126 0.504450 0.086378
0.597768 0.544606 0.051090
0.601623 0.550234 0.047706
0.595943 0.554896 0.044850
0.603432 0.540116 0.054171
0.620338 0.527157 0.064134
0.624227 0.532444 0.060217
0.618597 0.536765 0.056912
0.629073 0.591204 0.028424
0.633071 0.597259 0.026309
0.627439 0.602489 0.024531
0.634726 0.586089 0.030471
0.651718 0.571154 0.037357
0.655696 0.576921 0.034695
0.650033 0.581902 0.032413
0.579170 0.444978 0.174805
0.583240 0.448373 0.167578
0.578102 0.451077 0.161529
0.584203 0.442332 0.181193
0.598883 0.434257 0.201309
0.603118 0.437356 0.193205
0.598256 0.440160 0.186569
0.536865 0.466531 0.128620
0.540668 0.470628 0.122620
0.535157 0.473627 0.117498
0.542310 0.463704 0.133970
0.558408 0.455528 0.150703
0.562337 0.459231 0.144160
0.556980 0.462005 0.138610
0.567190 0.502369 0.084482
0.570992 0.507328 0.079680
0.565377 0.511195 0.075703
0.572781 0.498693 0.088726
0.589448 0.488061 0.102152
0.593291 0.492599 0.096754
0.587744 0.496182 0.092318
0.617308 0.422504 0.229523
0.621769 0.425609 0.220790
0.617235 0.428641 0.213752
0.621689 0.419331 0.236925
0.634330 0.409484 0.260315
0.639045 0.412944 0.250577
0.634859 0.416172 0.242872
0.652604 0.449326 0.164958
0.656908 0.453101 0.157762
0.651860 0.456249 0.152141
0.657545 0.446214 0.170871
0.672067 0.436900 0.189198
0.676613 0.440548 0.181196
0.671767 0.443689 0.175178
0.611272 0.474649 0.121442
0.615206 0.478839 0.115511
0.609779 0.482200 0.110675
0.616617 0.471413 0.126497
0.632347 0.461865 0.142302
0.636441 0.465794 0.135823
0.631206 0.469013 0.130589
0.674313 0.552491 0.048166
0.678298 0.557918 0.044998
0.672661 0.562516 0.042250
0.679935 0.548072 0.051138
0.696710 0.535360 0.060631
0.700736 0.540509 0.057028
0.695147 0.544722 0.053878
0.522051 0.534929 0.054955
0.525779 0.540784 0.051317
0.520092 0.545375 0.048304
0.527725 0.530532 0.058203
0.544699 0.517907 0.068710
0.548462 0.523321 0.064501
0.542803 0.527548 0.061019
0.432162 0.618367 0.018491
0.436068 0.625570 0.017086
0.430631 0.631546 0.015884
0.437649 0.612493 0.019916
0.454268 0.595192 0.024770
0.458062 0.602314 0.022848
0.452515 0.608079 0.021263
0.500683 0.726405 0.009270
0.505426 0.732006 0.009179
0.500373 0.737392 0.009106
0.505779 0.720798 0.009372
0.521149 0.703423 0.009766
0.525787 0.709502 0.009611
0.520677 0.715267 0.009481
0.372758 0.507978 0.062807
0.376484 0.513934 0.058981
0.370892 0.518137 0.055675
0.378365 0.503987 0.066309
0.395200 0.492554 0.077460
0.398910 0.498073 0.073163
0.393297 0.501900 0.069453
0.546486 0.419835 0.237989
0.550586 0.422975 0.229723
0.545715 0.425359 0.222114
0.551242 0.417198 0.246023
0.565129 0.408240 0.271622
0.569263 0.411899 0.262073
0.564702 0.414934 0.253645
0.462437 0.455489 0.133258
0.466213 0.459608 0.127534
0.460638 0.462298 0.122289
0.467975 0.453004 0.138731
0.484437 0.446034 0.155871
0.488284 0.449713 0.149662
0.482808 0.452073 0.143967
0.584404 0.634043 0.016519
0.588599 0.640279 0.015394
0.583192 0.645833 0.014464
0.589896 0.628545 0.017635
0.606579 0.612251 0.021526
0.610627 0.618492 0.019989
0.605061 0.623900 0.018709
0.669629 0.464958 0.137350
0.668565 0.472392 0.126033
0.664429 0.468222 0.132269
0.673806 0.469088 0.130956
0.680843 0.485462 0.108555
0.702524 0.500391 0.092112
0.701141 0.508790 0.083553
0.697079 0.504003 0.088150
0.706604 0.505132 0.087397
0.713341 0.523446 0.070840
0.537033 0.558792 0.041344
0.535145 0.569913 0.035859
0.531348 0.563690 0.038721
0.540821 0.564923 0.038341
0.546699 0.588831 0.028325
0.491869 0.600578 0.023856
0.490180 0.613133 0.020570
0.486286 0.606235 0.022247
0.495743 0.607429 0.022045
0.502167 0.633537 0.016358
0.524253 0.654225 0.013207
0.523248 0.666608 0.011795
0.518918 0.660105 0.012480
0.528545 0.660721 0.012423
0.536594 0.685694 0.010369
0.415804 0.413642 0.205789
0.414279 0.418095 0.192733
0.410354 0.414914 0.198922
0.419732 0.416735 0.199466
0.426076 0.428015 0.174599
0.371815 0.426540 0.155492
0.370157 0.432603 0.144666
0.366249 0.428635 0.149885
0.375725 0.430413 0.150167
0.381790 0.444935 0.129187
0.402663 0.459695 0.113819
0.400828 0.467246 0.104115
0.397054 0.462577 0.109040
0.406438 0.464261 0.108786
0.412055 0.481982 0.089698
0.531192 0.316215 0.396718
0.531383 0.328277 0.391889
0.526391 0.322170 0.394664
0.536172 0.322049 0.394702
0.546038 0.348359 0.378319
0.568546 0.369657 0.354635
0.567346 0.382220 0.333450
0.563443 0.376088 0.344531
0.572405 0.376340 0.344132
0.578836 0.397237 0.299830
0.495792 0.371321 0.350418
0.496110 0.382442 0.329637
0.491656 0.377613 0.339112
0.500419 0.376811 0.341134
0.508906 0.395155 0.300396
0.458205 0.402075 0.266996
0.457090 0.406952 0.251254
0.453056 0.404003 0.258485
0.462249 0.405067 0.259559
0.469169 0.415616 0.229789
0.490245 0.425176 0.208626
0.488872 0.429930 0.194518
0.484967 0.426927 0.201499
0.494161 0.428085 0.201446
0.500597 0.439547 0.174074
0.327150 0.446043 0.114895
0.325424 0.453537 0.105967
0.321560 0.448862 0.110473
0.331024 0.450634 0.110321
0.336938 0.468101 0.092586
0.448021 0.647188 0.013689
0.446750 0.660444 0.012088
0.442657 0.653254 0.012848
0.452097 0.654341 0.012817
0.459358 0.681572 0.010510
0.387585 0.532781 0.048173
0.385701 0.544266 0.041950
0.382019 0.537462 0.045196
0.391260 0.539418 0.044809
0.396703 0.565524 0.033105
0.477448 0.472636 0.110806
0.475570 0.480342 0.100689
0.471847 0.475659 0.105939
0.481178 0.477199 0.105416
0.486709 0.495090 0.085617
0.432496 0.499569 0.075528
0.430541 0.509061 0.067505
0.426862 0.503389 0.071702
0.436180 0.505117 0.071194
0.441543 0.526813 0.055740
0.461857 0.547237 0.044782
0.459892 0.558608 0.038921
0.456206 0.552052 0.041989
0.465539 0.553672 0.041581
0.471053 0.578727 0.030703
0.626944 0.492067 0.098755
0.625353 0.500352 0.089236
0.621454 0.495665 0.094312
0.630857 0.496678 0.093538
0.637087 0.514951 0.075151
0.582429 0.522788 0.066339
0.580601 0.532426 0.058867
0.576785 0.526987 0.062804
0.586254 0.528123 0.062254
0.592093 0.549180 0.048114
0.613273 0.567480 0.038484
0.611526 0.578317 0.033393
0.607600 0.572387 0.036013
0.617193 0.573337 0.035728
0.623431 0.596379 0.026504
0.562845 0.432122 0.205468
0.561923 0.437657 0.190648
0.557870 0.434483 0.198350
0.566924 0.435224 0.197539
0.574070 0.447613 0.168568
0.521496 0.451222 0.153697
0.519954 0.457466 0.141656
0.516113 0.453690 0.147955
0.525361 0.454897 0.147270
0.531382 0.469421 0.123377
0.552028 0.483582 0.105365
0.550240 0.491542 0.095338
0.546466 0.486897 0.100655
0.555813 0.488118 0.099904
0.561585 0.506124 0.080357
0.599693 0.409373 0.267134
0.599660 0.416200 0.249212
0.595322 0.412804 0.258705
0.604026 0.412880 0.257284
0.612844 0.425600 0.222301
0.635100 0.435194 0.195765
0.634708 0.441609 0.181303
0.630357 0.438202 0.189124
0.639511 0.438567 0.187747
0.647613 0.452445 0.159139
0.595363 0.459040 0.146861
0.594079 0.465809 0.134888
0.590110 0.461981 0.141326
0.599368 0.462780 0.140264
0.605878 0.477927 0.116483
0.658428 0.531270 0.062272
0.656785 0.540794 0.055286
0.652832 0.535495 0.058920
0.662393 0.536496 0.058512
0.668680 0.557005 0.045296
0.507183 0.512387 0.071149
0.505235 0.522005 0.063285
0.501529 0.516394 0.067439
0.510895 0.517873 0.066844
0.516368 0.539412 0.051815
0.416988 0.589169 0.025630
0.415134 0.602563 0.021860
0.411395 0.595128 0.023746
0.420715 0.596538 0.023599
0.426684 0.624347 0.017160
0.482198 0.702195 0.009803
0.481564 0.714418 0.009505
0.476995 0.708212 0.009646
0.486734 0.708527 0.009643
0.495603 0.731916 0.009182
0.357751 0.485446 0.079162
0.355898 0.494619 0.071201
0.352128 0.489065 0.075339
0.361519 0.490885 0.074928
0.367157 0.512050 0.059395
0.530115 0.406501 0.272730
0.529428 0.412861 0.255059
0.525350 0.409553 0.263704
0.534205 0.409974 0.263745
0.541651 0.422320 0.230165
0.447137 0.440130 0.156737
0.445481 0.446039 0.145115
0.441640 0.442250 0.150946
0.450991 0.443810 0.150791
0.456880 0.458063 0.127909
0.568108 0.608861 0.022195
0.566552 0.620745 0.019256
0.562516 0.614380 0.020747
0.572122 0.615201 0.020584
0.578952 0.639594 0.015492
0.573537 0.645206 0.014552
0.572486 0.657108 0.012864
0.568157 0.650879 0.013699
0.577821 0.651442 0.013621
0.582162 0.657648 0.012797
0.581314 0.669464 0.011507
0.576872 0.663304 0.012134
0.565133 0.632652 0.016747
0.569307 0.638945 0.015593
0.563886 0.644608 0.014643
0.570635 0.627058 0.017885
0.576171 0.621514 0.019113
0.580262 0.627791 0.017758
0.574766 0.633337 0.016631
0.556948 0.619945 0.019405
0.555514 0.631935 0.016866
0.551411 0.625540 0.018151
0.561015 0.626320 0.018017
0.559671 0.638291 0.015697
0.451303 0.460727 0.122682
0.449457 0.467929 0.112193
0.445716 0.463475 0.117581
0.455051 0.465069 0.117173
0.458788 0.469522 0.111749
0.456911 0.477186 0.101690
0.453188 0.472498 0.106893
0.443756 0.452367 0.133885
0.447541 0.456490 0.128257
0.441962 0.459132 0.123044
0.449301 0.449935 0.139327
0.454826 0.447593 0.144892
0.458641 0.451485 0.139046
0.453100 0.453942 0.133590
0.436123 0.444455 0.145278
0.434400 0.450770 0.134126
0.430585 0.446751 0.139729
0.439950 0.448357 0.139561
0.438192 0.454895 0.128562
0.536738 0.424665 0.222524
0.535743 0.429819 0.207302
0.531747 0.426884 0.215039
0.540766 0.427629 0.214641
0.544786 0.430607 0.206810
0.543729 0.435988 0.192083
0.539734 0.432853 0.199630
0.528649 0.418642 0.238515
0.532699 0.421676 0.230470
0.527742 0.423964 0.222827
0.533504 0.416085 0.246604
0.538293 0.413345 0.254973
0.542387 0.416628 0.246396
0.537580 0.419235 0.238317
0.520528 0.412372 0.255029
0.519691 0.418025 0.238622
0.515647 0.414971 0.246689
0.524591 0.415543 0.246691
0.523723 0.421017 0.230677
0.361558 0.516222 0.056064
0.359719 0.526932 0.049296
0.355961 0.520515 0.052810
0.365306 0.522460 0.052449
0.369040 0.528886 0.048945
0.367197 0.540369 0.042618
0.363466 0.533552 0.045896
0.354041 0.504229 0.063624
0.357803 0.510151 0.059790
0.352195 0.514287 0.056435
0.359659 0.500304 0.067159
0.365276 0.496454 0.070784
0.369022 0.502152 0.066741
0.363411 0.506113 0.063223
0.346501 0.492765 0.071606
0.344648 0.502322 0.064010
0.340870 0.496543 0.067957
0.350275 0.498433 0.067565
0.348424 0.508230 0.060169
0.490540 0.737336 0.009108
0.490318 0.747917 0.009000
0.485495 0.742672 0.009047
0.495337 0.742693 0.009047
0.500169 0.747888 0.008999
0.500060 0.757967 0.008945
0.495175 0.753010 0.008966
0.481070 0.726106 0.009275
0.485782 0.731809 0.009184
0.480709 0.737265 0.009108
0.486192 0.720434 0.009381
0.491330 0.714669 0.009502
0.495982 0.720627 0.009377
0.490874 0.726265 0.009274
0.471806 0.714144 0.009506
0.471273 0.725931 0.009276
0.466634 0.719988 0.009382
0.476410 0.720220 0.009383
0.475966 0.731688 0.009184
0.421198 0.630466 0.015926
0.419707 0.643959 0.013773
0.415686 0.636757 0.014793
0.425182 0.637668 0.014778
0.429198 0.644889 0.013761
0.427843 0.658382 0.012111
0.423761 0.651165 0.012880
0.413372 0.616020 0.018639
0.417258 0.623260 0.017211
0.411710 0.629548 0.015947
0.418929 0.609893 0.020140
0.424481 0.603884 0.021740
0.428299 0.611151 0.020039
0.422781 0.617140 0.018577
0.405784 0.601288 0.021960
0.403940 0.615000 0.018677
0.400154 0.607597 0.020272
0.409546 0.608711 0.020218
0.407793 0.622305 0.017239
0.510682 0.543984 0.048784
0.508717 0.554836 0.042608
0.504995 0.548648 0.045862
0.514403 0.550059 0.045399
0.518139 0.556203 0.042175
0.516220 0.567397 0.036590
0.512457 0.561088 0.039515
0.503268 0.532069 0.056014
0.506972 0.537986 0.052323
0.501287 0.542535 0.049271
0.508942 0.527720 0.059301
0.514610 0.523463 0.062708
0.518329 0.529152 0.058747
0.512653 0.533527 0.055481
0.495869 0.520503 0.063854
0.493895 0.530566 0.056541
0.490203 0.524716 0.060395
0.499568 0.526237 0.059854
0.497589 0.536507 0.052832
0.663036 0.561621 0.042536
0.661357 0.572023 0.037097
0.657381 0.566339 0.039889
0.667013 0.567220 0.039615
0.671001 0.572878 0.036844
0.669345 0.583566 0.031970
0.665345 0.577767 0.034456
0.655109 0.550608 0.048817
0.659068 0.556084 0.045605
0.653416 0.560717 0.042832
0.660743 0.546149 0.051812
0.666362 0.541778 0.054913
0.670336 0.547112 0.051469
0.664709 0.551552 0.048485
0.647216 0.539810 0.055671
0.645517 0.549659 0.049158
0.641585 0.544212 0.052532
0.651159 0.545183 0.052169
0.649461 0.555158 0.045923
0.600438 0.481256 0.111617
0.598814 0.489076 0.101289
0.594958 0.484633 0.106839
0.604312 0.485610 0.105931
0.608185 0.490076 0.100426
0.606535 0.498283 0.090742
0.602673 0.493627 0.095921
0.592655 0.472881 0.123463
0.596554 0.477013 0.117467
0.591098 0.480296 0.112551
0.598031 0.469739 0.128599
0.603354 0.466621 0.133820
0.607322 0.470577 0.127544
0.601963 0.473774 0.122459
0.584804 0.464939 0.135890
0.583346 0.471940 0.124411
0.579446 0.467925 0.130554
0.588738 0.468858 0.129604
0.587231 0.476063 0.118410
0.642575 0.455575 0.153418
0.641627 0.462594 0.141166
0.637487 0.458715 0.147802
0.646767 0.459413 0.146608
0.650932 0.463350 0.139979
0.649839 0.470652 0.128433
0.645744 0.466574 0.134710
0.634114 0.448194 0.167607
0.638357 0.451836 0.160414
0.633321 0.454937 0.154625
0.639036 0.445123 0.173710
0.643903 0.442051 0.179943
0.648268 0.445641 0.172350
0.643339 0.448737 0.166326
0.625553 0.441210 0.182634
0.624920 0.447684 0.168870
0.620685 0.444213 0.176306
0.629844 0.444649 0.175010
0.629132 0.451260 0.161646
0.608287 0.428605 0.215224
0.607908 0.434507 0.199987
0.603631 0.431487 0.208238
0.612615 0.431608 0.206832
0.616931 0.434684 0.198582
0.616435 0.440854 0.183965
0.612173 0.437616 0.191861
0.599581 0.422521 0.232464
0.603938 0.425594 0.223757
0.599337 0.428478 0.216597
0.604044 0.419445 0.240007
0.608425 0.416206 0.247755
0.612860 0.419390 0.238506
0.608448 0.422563 0.231051
0.590904 0.416051 0.250547
0.590725 0.422325 0.233763
0.586429 0.419115 0.242635
0.595229 0.419349 0.241382
0.595032 0.425436 0.225095
0.555969 0.509962 0.076352
0.554111 0.519187 0.068111
0.550339 0.513889 0.072468
0.559749 0.515146 0.071846
0.563536 0.520430 0.067515
0.561671 0.530071 0.059929
0.557887 0.524584 0.063930
0.548421 0.499908 0.085878
0.552192 0.504882 0.081030
0.546574 0.508692 0.077000
0.554018 0.496296 0.090178
0.559601 0.492763 0.094599
0.563393 0.497513 0.089457
0.557799 0.501157 0.085183
0.540891 0.490286 0.096066
0.539055 0.498622 0.086569
0.535303 0.493753 0.091598
0.544654 0.495041 0.090892
0.542813 0.503603 0.081701
0.525860 0.472375 0.118239
0.524061 0.479813 0.107595
0.520312 0.475389 0.113212
0.529618 0.476686 0.112485
0.533375 0.481107 0.106868
0.531554 0.488994 0.096784
0.527808 0.484348 0.102119
0.518309 0.464071 0.130086
0.522094 0.468168 0.124110
0.516561 0.471071 0.118962
0.523780 0.461344 0.135458
0.529211 0.458669 0.140947
0.533046 0.462546 0.134730
0.527589 0.465327 0.129365
0.510688 0.456198 0.142337
0.509021 0.462753 0.130783
0.505223 0.458758 0.136833
0.514507 0.460081 0.136164
0.512800 0.466857 0.124824
0.568906 0.450241 0.162477
0.567645 0.456493 0.149825
0.563683 0.452875 0.156524
0.572903 0.453780 0.155613
0.576885 0.457404 0.148895
0.575527 0.464014 0.136839
0.571593 0.460205 0.143263
0.560880 0.443397 0.176644
0.564898 0.446782 0.169487
0.559709 0.449345 0.163359
0.565976 0.440903 0.183122
0.571006 0.438405 0.189775
0.575090 0.441656 0.182200
0.570027 0.444221 0.175764
0.552829 0.436848 0.191417
0.551730 0.442517 0.177439
0.547730 0.439213 0.184689
0.556856 0.440086 0.183952
0.555724 0.445894 0.170331
0.617801 0.601614 0.024713
0.616215 0.613108 0.021370
0.612182 0.606905 0.023053
0.621820 0.607774 0.022884
0.625859 0.613974 0.021217
0.624349 0.625589 0.018454
0.620268 0.619345 0.019849
0.609822 0.589411 0.028861
0.613801 0.595492 0.026705
0.608170 0.600733 0.024901
0.615475 0.584293 0.030935
0.621134 0.579243 0.033134
0.625095 0.585199 0.030699
0.619443 0.590314 0.028639
0.601932 0.577370 0.033662
0.600213 0.588495 0.029090
0.596269 0.582430 0.031432
0.605866 0.583371 0.031179
0.604181 0.594597 0.026913
0.586409 0.553843 0.045241
0.584574 0.564482 0.039461
0.580721 0.558595 0.042472
0.590259 0.559646 0.042101
0.594128 0.565505 0.039122
0.592348 0.576403 0.033942
0.588448 0.570419 0.036618
0.578751 0.542429 0.051992
0.582574 0.548104 0.048539
0.576886 0.552766 0.045644
0.584424 0.537943 0.055114
0.590085 0.533541 0.058350
0.593923 0.539039 0.054632
0.588254 0.543530 0.051534
0.571129 0.531272 0.059393
0.569260 0.541288 0.052462
0.565462 0.535643 0.056109
0.574936 0.536816 0.055605
0.573067 0.546996 0.048974
0.631524 0.518941 0.071366
0.629840 0.528208 0.063640
0.625940 0.523008 0.067693
0.635435 0.524055 0.067178
0.639355 0.529242 0.063169
0.637663 0.538815 0.056064
0.633748 0.533479 0.059765
0.623719 0.508954 0.080296
0.627618 0.513906 0.075738
0.622046 0.517886 0.071929
0.629258 0.505132 0.084352
0.634775 0.501377 0.088515
0.638700 0.506165 0.083684
0.633170 0.510000 0.079657
0.615940 0.499321 0.089978
0.614279 0.507898 0.080957
0.610404 0.503041 0.085755
0.619827 0.504091 0.085042
0.618160 0.512849 0.076349
0.465443 0.584106 0.028599
0.463632 0.596618 0.024541
0.459847 0.589594 0.026621
0.469218 0.591030 0.026364
0.473020 0.597992 0.024313
0.471298 0.610717 0.020919
0.467446 0.603675 0.022648
0.457966 0.570408 0.033610
0.461693 0.577229 0.031016
0.456089 0.582612 0.028885
0.463593 0.565247 0.036012
0.469234 0.560193 0.038534
0.472946 0.566792 0.035648
0.467312 0.571956 0.033271
0.450567 0.556979 0.039308
0.448638 0.568815 0.033951
0.444941 0.562015 0.036743
0.454258 0.563656 0.036376
0.452353 0.575683 0.031330
0.435896 0.531214 0.052556
0.433918 0.542137 0.046070
0.430257 0.535722 0.049475
0.439555 0.537493 0.049027
0.443218 0.543889 0.045638
0.441258 0.555294 0.039699
0.437584 0.548664 0.042810
0.428573 0.519022 0.060017
0.432236 0.525057 0.056220
0.426598 0.529432 0.053018
0.434213 0.514861 0.063446
0.439856 0.510791 0.066997
0.443527 0.516592 0.062943
0.437881 0.520781 0.059527
0.421229 0.507307 0.068004
0.419271 0.517235 0.060500
0.415598 0.511319 0.064433
0.424904 0.513104 0.063943
0.422937 0.523270 0.056695
0.481076 0.498697 0.081435
0.479129 0.507810 0.072904
0.475436 0.502407 0.077378
0.484775 0.503973 0.076815
0.488474 0.509367 0.072341
0.486512 0.518967 0.064407
0.482821 0.513331 0.068578
0.473666 0.488502 0.091079
0.477373 0.493540 0.086193
0.471740 0.497125 0.081991
0.479287 0.485142 0.095546
0.484902 0.481878 0.100133
0.488621 0.486671 0.094966
0.483000 0.490057 0.090519
0.466239 0.478776 0.101199
0.464336 0.486917 0.091604
0.460626 0.481992 0.096591
0.469956 0.483581 0.096084
0.468040 0.491962 0.086736
0.391138 0.571094 0.030720
0.389164 0.584610 0.026110
0.385552 0.576922 0.028431
0.394777 0.578586 0.028249
0.398421 0.586142 0.025965
0.396438 0.600047 0.022039
0.392784 0.592346 0.023983
0.383829 0.556427 0.036195
0.387491 0.563698 0.033372
0.381932 0.569320 0.030941
0.389373 0.551225 0.038846
0.394930 0.546208 0.041584
0.398598 0.553129 0.038509
0.393041 0.558316 0.035894
0.376462 0.542319 0.042297
0.374609 0.554532 0.036475
0.370912 0.547369 0.039475
0.380151 0.549298 0.039173
0.378286 0.561849 0.033626
0.454077 0.687778 0.010202
0.453129 0.700894 0.009799
0.448786 0.694057 0.009975
0.458415 0.694644 0.009981
0.462803 0.701368 0.009804
0.462059 0.713845 0.009505
0.457554 0.707488 0.009644
0.445576 0.673754 0.010928
0.449796 0.680817 0.010511
0.444495 0.687075 0.010196
0.450895 0.667568 0.011449
0.456223 0.661438 0.012067
0.460404 0.668467 0.011434
0.455097 0.674616 0.010924
0.437305 0.659382 0.012105
0.436080 0.672828 0.010928
0.431949 0.665607 0.011462
0.441413 0.666604 0.011458
0.440258 0.680000 0.010507
0.331313 0.471365 0.088536
0.329491 0.479978 0.080322
0.325684 0.474712 0.084575
0.335124 0.476533 0.084213
0.338926 0.481818 0.079944
0.337085 0.490891 0.072000
0.333291 0.485371 0.076126
0.323664 0.461368 0.097299
0.327494 0.466313 0.092901
0.321871 0.469564 0.088875
0.329275 0.458295 0.101480
0.334882 0.455303 0.105767
0.338728 0.460060 0.101237
0.333112 0.463147 0.097018
0.315968 0.451760 0.106170
0.314215 0.459589 0.097581
0.310369 0.454742 0.101973
0.319822 0.456520 0.101724
0.318048 0.464526 0.093213
0.495250 0.441676 0.167881
0.493727 0.447413 0.155464
0.489862 0.443834 0.161816
0.499132 0.445161 0.161380
0.502999 0.448741 0.154951
0.501408 0.454872 0.142968
0.497576 0.451091 0.149180
0.487452 0.434987 0.181086
0.491355 0.438283 0.174451
0.485982 0.440351 0.168230
0.492780 0.433036 0.187625
0.498071 0.431101 0.194338
0.501986 0.434220 0.187328
0.496690 0.436243 0.180812
0.479644 0.428694 0.194560
0.478191 0.433672 0.181233
0.474285 0.430487 0.187832
0.483547 0.431789 0.187786
0.482090 0.436962 0.174702
0.463909 0.417224 0.222280
0.462542 0.421545 0.208097
0.458594 0.418730 0.214947
0.467876 0.420020 0.215319
0.471819 0.422822 0.208364
0.470379 0.427408 0.194505
0.466467 0.424430 0.201270
0.455904 0.411543 0.236239
0.459916 0.414402 0.229249
0.454623 0.415915 0.221799
0.461128 0.409875 0.244057
0.466299 0.408036 0.252156
0.470343 0.410973 0.244804
0.465157 0.412765 0.236904
0.447854 0.405725 0.250303
0.446622 0.410190 0.235520
0.442607 0.407282 0.242403
0.451880 0.408648 0.243256
0.450630 0.413069 0.228653
0.504165 0.398747 0.290264
0.503462 0.405363 0.271844
0.499373 0.401981 0.280552
0.508278 0.402319 0.281171
0.512376 0.405773 0.272262
0.511596 0.411848 0.254908
0.507535 0.408650 0.263291
0.495861 0.391216 0.308864
0.500030 0.395049 0.299510
0.495270 0.398501 0.289389
0.500467 0.386960 0.319857
0.504946 0.381995 0.331207
0.509339 0.386771 0.321038
0.504722 0.391175 0.310070
0.487327 0.383017 0.327512
0.486982 0.391273 0.307253
0.482796 0.387522 0.316162
0.491630 0.387218 0.318238
0.491142 0.394929 0.298308
0.574228 0.401176 0.290108
0.573780 0.408661 0.270770
0.569672 0.404833 0.280712
0.578281 0.405195 0.279768
0.582419 0.408996 0.269725
0.582163 0.415780 0.251743
0.577944 0.412302 0.261116
0.566347 0.392367 0.311591
0.570257 0.396915 0.300726
0.565622 0.400800 0.290920
0.571173 0.387741 0.322096
0.576131 0.382501 0.332844
0.579810 0.388029 0.321299
0.574980 0.392696 0.310852
0.558496 0.381923 0.333802
0.557650 0.392005 0.312058
0.553673 0.387099 0.322936
0.562443 0.387417 0.322646
0.561619 0.396540 0.301377
0.541277 0.355385 0.371672
0.541135 0.369205 0.354843
0.536587 0.362386 0.363805
0.545880 0.362406 0.363926
0.550280 0.369290 0.354912
0.549632 0.381680 0.333945
0.545470 0.375692 0.344734
0.531624 0.341492 0.383706
0.536511 0.348369 0.378237
0.531858 0.355438 0.371512
0.536344 0.334709 0.388299
0.541131 0.328217 0.391936
0.546038 0.334690 0.388346
0.541241 0.341427 0.383805
0.521658 0.328498 0.391783
0.522028 0.341738 0.383481
0.517016 0.335198 0.387966
0.526662 0.334851 0.388186
0.526990 0.348515 0.378036
0.406435 0.485411 0.085494
0.404528 0.494336 0.076998
0.400816 0.488935 0.081415
0.410149 0.490691 0.080958
0.413852 0.496101 0.076522
0.411918 0.505527 0.068496
0.408228 0.499867 0.072687
0.398969 0.475232 0.094814
0.402709 0.480258 0.090116
0.397092 0.483666 0.085923
0.404585 0.472036 0.099244
0.410199 0.468939 0.103806
0.413944 0.473734 0.098883
0.408326 0.476948 0.094436
0.391444 0.465558 0.104399
0.389601 0.473521 0.095171
0.385833 0.468638 0.099890
0.395215 0.470334 0.099578
0.393353 0.478529 0.090512
0.376196 0.447528 0.124139
0.374433 0.454670 0.114337
0.370599 0.450212 0.119234
0.380035 0.451894 0.119144
0.383855 0.456348 0.114185
0.382048 0.463874 0.104660
0.378249 0.459222 0.109477
0.368467 0.439035 0.134222
0.372341 0.443241 0.129165
0.366747 0.445835 0.124163
0.374051 0.436638 0.139475
0.379624 0.434349 0.144873
0.383509 0.438356 0.139611
0.377929 0.440746 0.134314
0.360674 0.430837 0.144429
0.358993 0.437304 0.134108
0.355093 0.433143 0.139124
0.364578 0.434902 0.139312
0.362878 0.441533 0.129120
0.420603 0.429776 0.168453
0.419010 0.435278 0.156725
0.415110 0.431620 0.162438
0.424513 0.433323 0.162623
0.428404 0.436946 0.156814
0.426748 0.442836 0.145366
0.422890 0.439014 0.151033
0.412746 0.422886 0.180216
0.416677 0.426295 0.174310
0.411195 0.428040 0.168182
0.418210 0.421337 0.186624
0.423667 0.419879 0.193211
0.427602 0.423075 0.187020
0.422146 0.424646 0.180588
0.404889 0.416270 0.192228
0.403339 0.421095 0.179809
0.399412 0.417720 0.185712
0.408815 0.419547 0.186185
0.407269 0.424533 0.173969
0.531436 0.691583 0.010112
0.530907 0.703668 0.009754
0.526293 0.697499 0.009926
0.536034 0.697782 0.009911
0.540673 0.703891 0.009742
0.540268 0.715553 0.009466
0.535567 0.709688 0.009601
0.522403 0.678962 0.010773
0.526889 0.685314 0.010393
0.521717 0.691239 0.010131
0.527636 0.673043 0.011217
0.532896 0.667155 0.011748
0.537307 0.673524 0.011178
0.532084 0.679407 0.010742
0.513612 0.666028 0.011842
0.512732 0.678488 0.010803
0.508330 0.671988 0.011292
0.517977 0.672533 0.011255
0.517194 0.684907 0.010417
0.496725 0.639379 0.015308
0.495481 0.652050 0.013413
0.491315 0.645269 0.014348
0.500861 0.646128 0.014267
0.505054 0.652820 0.013345
0.503989 0.665414 0.011888
0.499705 0.658767 0.012594
0.488620 0.625747 0.017764
0.492645 0.632582 0.016473
0.487205 0.638439 0.015403
0.494123 0.619980 0.019034
0.499659 0.614254 0.020393
0.503625 0.621026 0.018879
0.498118 0.626779 0.017631
0.480726 0.611953 0.020746
0.479148 0.624653 0.017893
0.475199 0.617706 0.019336
0.484648 0.618873 0.019186
0.483150 0.631564 0.016583
0.541067 0.594161 0.026407
0.539385 0.606090 0.022765
0.535449 0.599577 0.024621
0.544990 0.600601 0.024399
0.548943 0.607056 0.022569
0.547359 0.619101 0.019557
0.543352 0.612611 0.021088
0.533312 0.581349 0.030958
0.537175 0.587741 0.028594
0.531544 0.593079 0.026657
0.538968 0.576183 0.033172
0.544635 0.571103 0.035511
0.548475 0.577327 0.032855
0.542819 0.582490 0.030660
0.525674 0.568677 0.036219
0.523824 0.580162 0.031267
0.520009 0.573758 0.033840
0.529479 0.574993 0.033500
0.527669 0.586605 0.028872
0.707813 0.527331 0.067374
0.706309 0.536388 0.060260
0.702269 0.531302 0.063967
0.711866 0.532357 0.063563
0.715917 0.537420 0.059895
0.714381 0.546670 0.053251
0.710347 0.541511 0.056692
0.699709 0.517406 0.075462
0.703760 0.522346 0.071337
0.698231 0.526258 0.067824
0.705206 0.513628 0.079143
0.710686 0.509924 0.082873
0.714770 0.514763 0.078528
0.709272 0.518515 0.074908
0.691614 0.507676 0.084241
0.690160 0.516311 0.076027
0.686129 0.511416 0.080392
0.695660 0.512514 0.079760
0.694194 0.521259 0.071841
0.675458 0.488947 0.104139
0.674060 0.497107 0.094630
0.670044 0.492479 0.099778
0.679495 0.493525 0.098858
0.683531 0.498178 0.093783
0.682103 0.506581 0.084943
0.678080 0.501809 0.089687
0.667358 0.480041 0.115304
0.671415 0.484448 0.109620
0.666028 0.487930 0.105129
0.672677 0.476656 0.120002
0.677957 0.473308 0.124772
0.682084 0.477620 0.118798
0.676768 0.481013 0.114175
0.659190 0.471510 0.127267
0.657966 0.479100 0.116414
0.653912 0.474828 0.122334
0.663285 0.475728 0.121188
0.662004 0.483469 0.110676
0.603692 0.635544 0.016304
0.607906 0.641756 0.015205
0.602511 0.647204 0.014296
0.609176 0.630127 0.017398
0.614703 0.624733 0.018581
0.618822 0.630961 0.017283
0.613341 0.636344 0.016200
0.592850 0.646498 0.014379
0.598251 0.640999 0.015298
0.597157 0.652695 0.013472
0.594046 0.634778 0.016410
0.595425 0.623087 0.018840
0.600990 0.617653 0.020132
0.599532 0.629323 0.017515
0.586560 0.663822 0.012079
0.587488 0.652046 0.013546
0.591841 0.658234 0.012734
0.481095 0.458508 0.132490
0.484870 0.462625 0.126664
0.479299 0.465367 0.121425
0.486620 0.455965 0.137951
0.492115 0.453496 0.143515
0.495928 0.457384 0.137436
0.490414 0.459965 0.132001
0.469969 0.463844 0.121876
0.475544 0.461133 0.127130
0.473713 0.468186 0.116295
0.471769 0.457011 0.132897
0.473489 0.450607 0.144326
0.478978 0.448287 0.150041
0.477301 0.454502 0.138378
0.462517 0.474091 0.106422
0.464382 0.466638 0.116744
0.468118 0.471090 0.111291
0.564232 0.421052 0.236817
0.568392 0.424218 0.228338
0.563628 0.426718 0.220859
0.568871 0.418315 0.244694
0.573435 0.415403 0.252782
0.577646 0.418766 0.243743
0.573061 0.421575 0.235953
0.554682 0.426062 0.221564
0.559503 0.423628 0.229117
0.558767 0.429096 0.213484
0.555372 0.420460 0.237496
0.555930 0.414402 0.254294
0.560555 0.411422 0.262821
0.560076 0.417784 0.245460
0.548805 0.433683 0.199045
0.549771 0.428372 0.214131
0.553823 0.431390 0.206202
0.391388 0.511700 0.061921
0.395075 0.517716 0.058093
0.389481 0.521957 0.054832
0.396994 0.507671 0.065392
0.402608 0.503725 0.068978
0.406295 0.509509 0.064915
0.400680 0.513571 0.061453
0.380197 0.520044 0.055265
0.385789 0.515819 0.058548
0.383898 0.526322 0.051661
0.382083 0.509835 0.062375
0.383975 0.500082 0.069913
0.389586 0.496269 0.073628
0.387688 0.505824 0.065860
0.372759 0.535509 0.045558
0.374615 0.524393 0.052066
0.378324 0.530833 0.048572
0.520312 0.726622 0.009261
0.525081 0.732135 0.009173
0.520045 0.737468 0.009102
0.525385 0.721067 0.009361
0.530470 0.715419 0.009474
0.535193 0.721173 0.009354
0.530131 0.726703 0.009257
0.510209 0.737434 0.009104
0.515253 0.732077 0.009176
0.515025 0.742705 0.009044
0.510496 0.726524 0.009266
0.510890 0.715092 0.009489
0.516013 0.709295 0.009620
0.515580 0.720944 0.009367
0.505031 0.752938 0.008966
0.505180 0.742700 0.009045
0.510020 0.747856 0.008999
0.450889 0.621018 0.018264
0.454825 0.628135 0.016896
0.449397 0.634035 0.015744
0.456376 0.615203 0.019630
0.461895 0.609424 0.021092
0.465774 0.616482 0.019484
0.460283 0.622285 0.018143
0.440011 0.632782 0.015820
0.445435 0.626874 0.016994
0.443994 0.639996 0.014689
0.441519 0.619695 0.018383
0.443160 0.606683 0.021433
0.448702 0.600902 0.023047
0.447001 0.613871 0.019774
0.433238 0.652130 0.012872
0.434607 0.638771 0.014742
0.438612 0.646018 0.013731
0.540887 0.537597 0.053932
0.544645 0.543397 0.050352
0.538956 0.548013 0.047376
0.546563 0.533169 0.057140
0.552229 0.528830 0.060471
0.556005 0.534426 0.056621
0.550329 0.538870 0.053434
0.529515 0.546715 0.047834
0.535204 0.542112 0.050830
0.533266 0.552721 0.044509
0.531462 0.536284 0.054438
0.533392 0.526226 0.061575
0.539050 0.522019 0.065078
0.537136 0.531870 0.057668
0.521895 0.562412 0.039112
0.523826 0.551413 0.044949
0.527578 0.557520 0.041753
0.693544 0.554348 0.047561
0.697553 0.559715 0.044432
0.691926 0.564275 0.041704
0.699158 0.549977 0.050516
0.704760 0.545696 0.053562
0.708782 0.550918 0.050222
0.703171 0.555265 0.047275
0.682291 0.563401 0.041972
0.687922 0.558821 0.044710
0.686292 0.568944 0.039093
0.683925 0.553423 0.047857
0.685542 0.543743 0.054209
0.691135 0.539506 0.057376
0.689543 0.549027 0.050820
0.674999 0.578596 0.034225
0.676650 0.568089 0.039350
0.680650 0.573719 0.036600
0.629911 0.476407 0.119447
0.633883 0.480667 0.113609
0.628478 0.484087 0.108841
0.635234 0.473100 0.124438
0.640512 0.469824 0.129527
0.644562 0.473953 0.123410
0.639244 0.477291 0.118466
0.619125 0.483144 0.109751
0.624540 0.479752 0.114553
0.623035 0.487553 0.104161
0.620588 0.475527 0.120438
0.621913 0.468208 0.131655
0.627157 0.465028 0.136921
0.625921 0.472254 0.125462
0.612060 0.494648 0.095106
0.613671 0.486583 0.105037
0.617560 0.491073 0.099581
0.671249 0.450627 0.161887
0.675592 0.454511 0.154724
0.670529 0.457709 0.149291
0.676208 0.447461 0.167603
0.681111 0.444290 0.173426
0.685564 0.448120 0.165891
0.680604 0.451317 0.160257
0.661180 0.456966 0.150760
0.666238 0.453794 0.156275
0.665420 0.460918 0.143953
0.661909 0.449962 0.163471
0.662437 0.443107 0.176880
0.667279 0.440003 0.182987
0.666864 0.446827 0.169273
0.655074 0.467384 0.133531
0.656078 0.460149 0.145329
0.660268 0.464141 0.138703
0.635196 0.422613 0.226423
0.639804 0.425864 0.217742
0.635279 0.428912 0.210787
0.639550 0.419490 0.233718
0.643811 0.416332 0.241158
0.648593 0.419682 0.232000
0.644243 0.422788 0.224810
0.626228 0.428740 0.212271
0.630754 0.425698 0.219276
0.630674 0.431926 0.203939
0.626218 0.422515 0.227977
0.625984 0.416090 0.244524
0.630200 0.412800 0.252325
0.630583 0.419366 0.235334
0.621246 0.437885 0.190492
0.621620 0.431735 0.205386
0.625993 0.434911 0.197174
0.586004 0.504667 0.083070
0.589835 0.509608 0.078326
0.584232 0.513535 0.074409
0.591581 0.500920 0.087246
0.597138 0.497240 0.091528
0.600990 0.501985 0.086490
0.595423 0.505758 0.082352
0.574799 0.512388 0.075053
0.580409 0.508489 0.079004
0.578611 0.517543 0.070606
0.576593 0.503542 0.083776
0.578355 0.495087 0.093088
0.583912 0.491544 0.097566
0.582178 0.499827 0.087991
0.567329 0.525807 0.063364
0.569174 0.516366 0.071224
0.572976 0.521632 0.066923
0.555433 0.468821 0.127035
0.559271 0.472929 0.121023
0.553771 0.476013 0.115949
0.560863 0.465902 0.132338
0.566251 0.463033 0.137746
0.570152 0.466939 0.131464
0.564732 0.469907 0.126194
0.544458 0.474838 0.116735
0.549965 0.471797 0.121836
0.548244 0.479155 0.110978
0.546145 0.467696 0.127844
0.547718 0.460934 0.139431
0.553085 0.458212 0.145007
0.551582 0.464824 0.133173
0.537132 0.485640 0.101393
0.538926 0.477939 0.111742
0.542696 0.482362 0.106125
0.597460 0.446255 0.172634
0.601584 0.449663 0.165354
0.596493 0.452539 0.159423
0.602439 0.443417 0.178894
0.607345 0.440536 0.185299
0.611555 0.443810 0.177607
0.606606 0.446752 0.171411
0.587297 0.451843 0.160515
0.592411 0.449060 0.166510
0.591338 0.455397 0.153610
0.588313 0.445658 0.173765
0.589167 0.439667 0.187739
0.594061 0.436976 0.194450
0.593319 0.442924 0.180092
0.580853 0.461122 0.142320
0.582121 0.454621 0.154644
0.586124 0.458253 0.147911
0.648371 0.592935 0.028017
0.652387 0.598961 0.025939
0.646748 0.604218 0.024182
0.654028 0.587803 0.030041
0.659686 0.582744 0.032188
0.663690 0.588624 0.029835
0.658037 0.593758 0.027824
0.637086 0.603364 0.024353
0.642723 0.598127 0.026120
0.641120 0.609519 0.022557
0.638715 0.592081 0.028217
0.640385 0.581039 0.032645
0.646051 0.576057 0.034942
0.644370 0.586960 0.030253
0.629916 0.620214 0.019711
0.631465 0.608646 0.022718
0.635510 0.614850 0.021067
0.616829 0.546694 0.050261
0.620718 0.552274 0.046942
0.615048 0.556930 0.044117
0.622484 0.542206 0.053310
0.628124 0.537800 0.056477
0.632028 0.543220 0.052911
0.626378 0.547705 0.049874
0.605489 0.555925 0.044476
0.611164 0.551265 0.047315
0.609371 0.561675 0.041401
0.607293 0.545661 0.050666
0.609082 0.535709 0.057369
0.614718 0.531390 0.060691
0.612952 0.541171 0.053730
0.598018 0.571414 0.036309
0.599810 0.560672 0.041743
0.603694 0.566504 0.038796
0.661601 0.513104 0.077815
0.665580 0.518060 0.073451
0.660034 0.522041 0.069782
0.667114 0.509269 0.081696
0.672607 0.505505 0.085656
0.676615 0.510333 0.081038
0.671108 0.514158 0.077205
0.650515 0.521009 0.070305
0.656068 0.517017 0.074016
0.654469 0.526106 0.066203
0.652109 0.512066 0.078432
0.653659 0.503416 0.087104
0.659142 0.499709 0.091256
0.657627 0.508222 0.082365
0.643281 0.534494 0.059336
0.644945 0.525085 0.066686
0.648883 0.530257 0.062719
0.495472 0.576302 0.032257
0.499262 0.582914 0.029770
0.493637 0.588279 0.027747
0.501121 0.571134 0.034555
0.506783 0.566065 0.036974
0.510555 0.572475 0.034192
0.504901 0.577647 0.031919
0.484216 0.586941 0.028031
0.489837 0.581571 0.030081
0.488027 0.593744 0.025851
0.486064 0.574904 0.032594
0.487971 0.563226 0.037756
0.493637 0.558267 0.040346
0.491709 0.569737 0.034920
0.476853 0.604983 0.022448
0.478611 0.592414 0.026107
0.482432 0.599313 0.024085
0.465843 0.525838 0.058058
0.469514 0.531832 0.054310
0.463846 0.536312 0.051167
0.471505 0.521569 0.061440
0.477164 0.517398 0.064944
0.480849 0.523160 0.060924
0.475183 0.527449 0.057563
0.454518 0.534659 0.051626
0.460179 0.530200 0.054787
0.458184 0.540896 0.048132
0.456513 0.524193 0.058544
0.458495 0.514164 0.065974
0.464144 0.510140 0.069645
0.462169 0.519946 0.061944
0.446888 0.550388 0.042397
0.448864 0.539222 0.048576
0.452531 0.545588 0.045208
0.511015 0.494532 0.088619
0.514740 0.499542 0.083705
0.509111 0.503229 0.079599
0.516626 0.491058 0.092994
0.522225 0.487664 0.097493
0.525963 0.492428 0.092298
0.520357 0.495943 0.087938
0.499761 0.501751 0.080238
0.505393 0.498094 0.084368
0.503472 0.507012 0.075615
0.501675 0.493074 0.089286
0.503564 0.484850 0.098883
0.509162 0.481619 0.103537
0.507290 0.489635 0.093681
0.492171 0.514878 0.068018
0.494121 0.505508 0.076228
0.497825 0.510894 0.071755
0.420764 0.563740 0.034960
0.424448 0.570760 0.032262
0.418866 0.576206 0.030001
0.426357 0.558581 0.037472
0.431964 0.553559 0.040089
0.435641 0.560319 0.037111
0.430038 0.565470 0.034632
0.409604 0.574536 0.030251
0.415182 0.569051 0.032553
0.413286 0.581828 0.027848
0.411507 0.561973 0.035278
0.413420 0.549968 0.040845
0.419018 0.545091 0.043621
0.417089 0.556805 0.037824
0.402083 0.593734 0.023873
0.404022 0.580221 0.028055
0.407697 0.587659 0.025806
0.483811 0.676821 0.010882
0.488185 0.683481 0.010481
0.482955 0.689554 0.010193
0.489087 0.670770 0.011362
0.494384 0.664750 0.011933
0.498698 0.671409 0.011329
0.493431 0.677431 0.010859
0.473308 0.689016 0.010200
0.478553 0.682903 0.010495
0.477729 0.695670 0.009982
0.474216 0.676148 0.010901
0.475250 0.663228 0.012009
0.480581 0.657197 0.012697
0.479501 0.670067 0.011391
0.467268 0.707865 0.009647
0.468062 0.695181 0.009983
0.472493 0.701801 0.009805
0.361416 0.468393 0.096143
0.365209 0.473365 0.091599
0.359591 0.476707 0.087481
0.367029 0.465247 0.100463
0.372640 0.462188 0.104906
0.376437 0.466945 0.100183
0.370824 0.470110 0.095831
0.350180 0.474942 0.087842
0.355800 0.471626 0.091938
0.353971 0.480133 0.083470
0.351995 0.466661 0.096444
0.353786 0.458780 0.105358
0.359393 0.455839 0.109849
0.357609 0.463534 0.100732
0.342719 0.487228 0.075738
0.344556 0.478340 0.083847
0.348347 0.483640 0.079558
0.524267 0.439626 0.179374
0.528203 0.442955 0.172433
0.522933 0.445293 0.166250
0.529470 0.437367 0.185910
0.534627 0.435109 0.192657
0.538603 0.438303 0.185336
0.533426 0.440625 0.178791
0.513723 0.444152 0.166857
0.519018 0.441886 0.173030
0.517617 0.447642 0.160227
0.515094 0.438566 0.179918
0.516388 0.433235 0.193619
0.521564 0.431125 0.200553
0.520327 0.436384 0.186435
0.506852 0.452418 0.148602
0.508383 0.446432 0.160838
0.512256 0.450013 0.154350
0.492635 0.415794 0.238391
0.496633 0.418693 0.230828
0.491507 0.420596 0.223251
0.497668 0.413638 0.246398
0.502634 0.411265 0.254684
0.506673 0.414344 0.246604
0.501688 0.416619 0.238596
0.482360 0.419551 0.223036
0.487533 0.417753 0.230615
0.486313 0.422356 0.215828
0.483535 0.414875 0.238016
0.484586 0.409839 0.253728
0.489591 0.407495 0.262309
0.488621 0.412842 0.246019
0.475738 0.425705 0.201430
0.477119 0.421222 0.215623
0.481055 0.424030 0.208549
0.531341 0.391283 0.312054
0.535446 0.395587 0.301821
0.530739 0.399391 0.291702
0.536039 0.386703 0.322872
0.540736 0.381524 0.333891
0.544879 0.386860 0.323010
0.540156 0.391447 0.312273
0.521910 0.399166 0.291385
0.526633 0.395402 0.301537
0.526018 0.402905 0.281942
0.522487 0.391192 0.311613
0.522841 0.381510 0.333123
0.527398 0.375663 0.344209
0.527160 0.386636 0.322510
0.516458 0.409119 0.263549
0.517163 0.402617 0.281624
0.521263 0.406143 0.272556
0.600339 0.393440 0.307249
0.604225 0.397874 0.295855
0.599838 0.401868 0.286448
0.604902 0.388890 0.317350
0.609465 0.383972 0.327591
0.613007 0.389280 0.315359
0.608620 0.393681 0.305513
0.591331 0.401706 0.287862
0.595814 0.397699 0.297406
0.595452 0.405657 0.277327
0.591979 0.393210 0.308695
0.593182 0.383061 0.330902
0.598122 0.377278 0.341403
0.596673 0.388561 0.318975
0.586629 0.412606 0.259988
0.586873 0.405468 0.278636
0.591054 0.409236 0.268508
0.570154 0.341495 0.383814
0.574671 0.348524 0.378190
0.569544 0.355612 0.371618
0.575208 0.334700 0.388303
0.580202 0.328169 0.391875
0.584717 0.334762 0.388138
0.579758 0.341528 0.383659
0.560099 0.355507 0.371714
0.565104 0.348463 0.378313
0.564443 0.362640 0.363854
0.560483 0.341467 0.383849
0.560647 0.328214 0.391970
0.565595 0.322007 0.394744
0.565456 0.334710 0.388364
0.554460 0.375854 0.344713
0.555155 0.362498 0.363936
0.559407 0.369451 0.354844
0.436353 0.482010 0.093120
0.440060 0.487060 0.088288
0.434434 0.490553 0.084077
0.441971 0.478740 0.097583
0.447583 0.475570 0.102173
0.451300 0.480379 0.097091
0.445683 0.483669 0.092625
0.425105 0.488857 0.084570
0.430731 0.485384 0.088782
0.428805 0.494149 0.079991
0.427018 0.480339 0.093588
0.428908 0.472284 0.103066
0.434518 0.469250 0.107775
0.432636 0.477086 0.098050
0.417545 0.501639 0.072200
0.419479 0.492429 0.080483
0.423175 0.497845 0.076032
0.406233 0.445810 0.134428
0.410060 0.449970 0.129098
0.404468 0.452556 0.123930
0.411802 0.443438 0.139836
0.417355 0.441176 0.145374
0.421203 0.445112 0.139821
0.415639 0.447489 0.134397
0.395057 0.450882 0.124027
0.400651 0.448293 0.129158
0.398869 0.455240 0.118901
0.396812 0.444129 0.134420
0.398519 0.437783 0.145195
0.404067 0.435618 0.150808
0.402386 0.441749 0.139795
0.387658 0.460899 0.109269
0.389458 0.453568 0.119035
0.393265 0.458021 0.114015
0.450255 0.429455 0.181222
0.454166 0.432736 0.174945
0.448725 0.434611 0.168764
0.455676 0.427738 0.187703
0.461082 0.426066 0.194378
0.464993 0.429142 0.187797
0.459588 0.430915 0.181284
0.439369 0.433060 0.168746
0.444820 0.431226 0.174909
0.443263 0.436549 0.162724
0.440904 0.427929 0.181094
0.442414 0.423155 0.193949
0.447835 0.421648 0.200766
0.446338 0.426264 0.187552
0.432274 0.440654 0.151031
0.433897 0.434965 0.162717
0.437779 0.438561 0.156815
0.561195 0.680562 0.010646
0.565768 0.686670 0.010291
0.560646 0.692466 0.010052
0.566389 0.674773 0.011059
0.571614 0.669014 0.011554
0.576101 0.675154 0.011018
0.570919 0.680892 0.010613
0.550901 0.692197 0.010073
0.556034 0.686372 0.010318
0.555544 0.698283 0.009880
0.551481 0.680207 0.010679
0.552231 0.668149 0.011652
0.557505 0.662357 0.012250
0.556683 0.674388 0.011099
0.545352 0.709856 0.009591
0.545786 0.698044 0.009896
0.550445 0.704094 0.009729
0.526746 0.629543 0.017236
0.530853 0.636092 0.016019
0.525419 0.641857 0.015017
0.532250 0.623857 0.018431
0.537786 0.618216 0.019715
0.541823 0.624720 0.018289
0.536320 0.630381 0.017110
0.515839 0.641073 0.015113
0.521276 0.635280 0.016130
0.520018 0.647674 0.014102
0.517187 0.628665 0.017365
0.518689 0.616322 0.020043
0.524256 0.610673 0.021452
0.522692 0.622954 0.018576
0.509304 0.659455 0.012537
0.510432 0.646921 0.014184
0.514647 0.653540 0.013276
0.571449 0.585646 0.029828
0.575380 0.591837 0.027577
0.569745 0.597141 0.025711
0.577109 0.580490 0.031967
0.582775 0.575415 0.034232
0.586683 0.581470 0.031695
0.581026 0.586614 0.029573
0.560167 0.596192 0.025934
0.565802 0.590879 0.027816
0.564123 0.602521 0.023978
0.561887 0.584639 0.030095
0.563669 0.573347 0.034848
0.569346 0.568350 0.037270
0.567546 0.579480 0.032252
0.552926 0.613517 0.020914
0.554547 0.601584 0.024184
0.558516 0.607980 0.022379
0.738050 0.521943 0.073256
0.742147 0.526826 0.069368
0.736620 0.530622 0.066050
0.743551 0.518270 0.076686
0.749041 0.514662 0.080136
0.753167 0.519460 0.076081
0.747663 0.523108 0.072715
0.727010 0.529516 0.066485
0.732537 0.525690 0.069852
0.731080 0.534500 0.062769
0.728447 0.520788 0.073803
0.729837 0.512264 0.081501
0.735307 0.508674 0.085115
0.733946 0.517089 0.077297
0.719962 0.542520 0.056359
0.721470 0.533424 0.063162
0.725528 0.538464 0.059535
0.705101 0.484155 0.110727
0.709235 0.488715 0.105327
0.703853 0.492188 0.101156
0.710421 0.480755 0.115098
0.715715 0.477386 0.119520
0.719924 0.481891 0.113805
0.714592 0.485285 0.109544
0.694370 0.491076 0.102149
0.699751 0.487595 0.106409
0.698447 0.495705 0.097026
0.695637 0.483070 0.111885
0.696791 0.475259 0.122194
0.702035 0.471920 0.126880
0.700954 0.479667 0.116349
0.687571 0.502896 0.088913
0.688962 0.494601 0.097940
0.693020 0.499272 0.092943
0.688398 0.466696 0.134547
0.692607 0.470934 0.128260
0.687364 0.474263 0.123492
0.693557 0.463416 0.139559
0.698672 0.460144 0.144656
0.702970 0.464329 0.138034
0.697809 0.467626 0.133106
0.721602 0.502717 0.090439
0.725721 0.507472 0.085878
0.720252 0.511084 0.082187
0.727039 0.499202 0.094261
0.732462 0.495735 0.098100
0.736616 0.500422 0.093325
0.731176 0.503921 0.089593
0.555995 0.561203 0.040556
0.559820 0.567253 0.037616
0.554142 0.572248 0.035174
0.561686 0.556380 0.043254
0.567378 0.551645 0.046061
0.571195 0.557511 0.042856
0.565504 0.562340 0.040179
0.510817 0.602932 0.023400
0.514733 0.609641 0.021644
0.509165 0.615313 0.020216
0.516420 0.597395 0.025091
0.522038 0.591954 0.026916
0.525926 0.598508 0.024852
0.520322 0.604028 0.023180
0.543507 0.655484 0.013069
0.547839 0.661846 0.012308
0.542558 0.667669 0.011700
0.548860 0.649710 0.013859
0.554247 0.643978 0.014735
0.558502 0.650313 0.013779
0.553153 0.656060 0.013001
0.434543 0.417148 0.206925
0.438482 0.420123 0.200415
0.433048 0.421571 0.193623
0.439945 0.415834 0.214021
0.445309 0.414488 0.221259
0.449282 0.417337 0.214517
0.443900 0.418717 0.207387
0.390733 0.430098 0.156095
0.394633 0.433902 0.150629
0.389078 0.436074 0.145050
0.396263 0.428137 0.161914
0.401775 0.426283 0.167871
0.405694 0.429886 0.162196
0.400173 0.431839 0.156345
0.421417 0.463038 0.113318
0.425169 0.467603 0.108158
0.419558 0.470619 0.103456
0.427018 0.460233 0.118272
0.432611 0.457520 0.123357
0.436373 0.461863 0.117952
0.430774 0.464685 0.112989
0.550838 0.316160 0.396737
0.555767 0.322027 0.394735
0.550885 0.328211 0.391962
0.555724 0.310606 0.398048
0.560621 0.305352 0.398729
0.565593 0.310576 0.398060
0.560674 0.316149 0.396746
0.586434 0.370109 0.353561
0.589808 0.376871 0.342618
0.584753 0.382766 0.332007
0.591576 0.363299 0.362500
0.596541 0.356408 0.370194
0.599910 0.363864 0.361485
0.594918 0.370496 0.352608
0.513653 0.369761 0.353357
0.518344 0.375858 0.343551
0.513873 0.381687 0.332327
0.518008 0.362820 0.362956
0.522450 0.355674 0.371158
0.527290 0.362505 0.363507
0.522798 0.369390 0.354139
0.476461 0.403699 0.269380
0.480532 0.406790 0.261522
0.475469 0.408991 0.252999
0.481433 0.401118 0.278583
0.486328 0.398211 0.288215
0.490435 0.401583 0.279693
0.485522 0.404334 0.270407
0.508520 0.427238 0.208352
0.512454 0.430182 0.200934
0.507241 0.432203 0.194024
0.513655 0.425284 0.215623
0.518725 0.423226 0.223059
0.522712 0.426111 0.215359
0.517615 0.428157 0.208058
0.346092 0.449554 0.114703
0.349947 0.454123 0.110017
0.344340 0.457051 0.105567
0.351690 0.446798 0.119367
0.357285 0.444124 0.124170
0.361150 0.448515 0.119307
0.355551 0.451277 0.114594
0.466923 0.649332 0.013592
0.471059 0.656312 0.012742
0.465724 0.662366 0.012040
0.472305 0.643356 0.014497
0.477713 0.637433 0.015494
0.481796 0.644346 0.014424
0.476415 0.650306 0.013537
0.406089 0.536644 0.047339
0.409754 0.543243 0.044019
0.404168 0.548110 0.041216
0.411692 0.532067 0.050359
0.417309 0.527615 0.053476
0.420970 0.533914 0.049919
0.415355 0.538514 0.046920
0.496103 0.475626 0.109665
0.499835 0.480181 0.104213
0.494233 0.483380 0.099532
0.501687 0.472629 0.114607
0.507255 0.469710 0.119663
0.511002 0.474034 0.113926
0.505426 0.477067 0.109010
0.451137 0.502956 0.074488
0.454818 0.508501 0.070157
0.449173 0.512498 0.066482
0.456775 0.499189 0.078436
0.462409 0.495523 0.082519
0.466102 0.500812 0.077915
0.460462 0.504604 0.073969
0.480553 0.550410 0.043922
0.484254 0.556780 0.040760
0.478593 0.561734 0.038145
0.486227 0.545673 0.046784
0.491907 0.541040 0.049755
0.495604 0.547183 0.046325
0.489925 0.551931 0.043487
0.645742 0.494048 0.097148
0.649697 0.498690 0.092030
0.644209 0.502395 0.087811
0.651190 0.490469 0.101595
0.656613 0.486944 0.106109
0.660608 0.491462 0.100697
0.655164 0.495047 0.096329
0.601365 0.525007 0.065193
0.605221 0.530319 0.061189
0.599578 0.534635 0.057848
0.606981 0.520871 0.068796
0.612580 0.516819 0.072515
0.616455 0.521947 0.068232
0.610846 0.526090 0.064652
0.632466 0.569363 0.037897
0.636417 0.575173 0.035192
0.630753 0.580150 0.032884
0.638134 0.564541 0.040458
0.643800 0.559804 0.043136
0.647753 0.565447 0.040171
0.642084 0.570270 0.037623
0.580855 0.433378 0.203622
0.585010 0.436483 0.195587
0.580086 0.439078 0.188806
0.585668 0.430839 0.210714
0.590395 0.428203 0.217859
0.594644 0.431228 0.209534
0.589864 0.433872 0.202524
0.539950 0.453460 0.152295
0.543840 0.457148 0.145806
0.538463 0.459821 0.140210
0.545255 0.450915 0.158165
0.550515 0.448397 0.164173
0.554467 0.451919 0.157375
0.549176 0.454517 0.151526
0.570723 0.485908 0.103793
0.574538 0.490446 0.098358
0.568974 0.493946 0.093848
0.576255 0.482575 0.108562
0.581761 0.479295 0.113440
0.585606 0.483626 0.107716
0.580084 0.487008 0.102982
0.616954 0.409327 0.263912
0.621432 0.412755 0.254036
0.617181 0.416109 0.246159
0.621116 0.405766 0.272339
0.625205 0.402158 0.280973
0.629702 0.405904 0.270429
0.625607 0.409346 0.262133
0.653476 0.435943 0.192738
0.657972 0.439475 0.184704
0.653146 0.442553 0.178477
0.658181 0.432897 0.199226
0.662812 0.429834 0.205771
0.667466 0.433329 0.197395
0.662748 0.436407 0.191023
0.613837 0.460448 0.144581
0.617885 0.464272 0.138027
0.612630 0.467412 0.132731
0.618994 0.457382 0.150139
0.624093 0.454321 0.155825
0.628231 0.458040 0.148968
0.623086 0.461150 0.143437
0.677547 0.533309 0.061420
0.681544 0.538503 0.057739
0.675948 0.542762 0.054554
0.683115 0.529208 0.064813
0.688663 0.525192 0.068289
0.692686 0.530252 0.064382
0.687124 0.534333 0.061017
0.525920 0.515233 0.069920
0.529653 0.520679 0.065660
0.523995 0.524867 0.062138
0.531562 0.511262 0.073720
0.537191 0.507386 0.077648
0.540943 0.512593 0.073093
0.535303 0.516588 0.069312
0.435603 0.592197 0.025226
0.439364 0.599441 0.023246
0.433823 0.605260 0.021597
0.441173 0.586569 0.027138
0.446756 0.581070 0.029172
0.450500 0.588107 0.026879
0.444925 0.593717 0.024999
0.501652 0.702870 0.009788
0.506245 0.709067 0.009629
0.501107 0.714893 0.009496
0.506831 0.696864 0.009954
0.512007 0.690870 0.010149
0.516557 0.697193 0.009940
0.511397 0.703158 0.009777
0.376507 0.489006 0.078338
0.380248 0.494476 0.074076
0.374635 0.498270 0.070356
0.382122 0.485417 0.082279
0.387738 0.481924 0.086335
0.391476 0.487172 0.081856
0.385861 0.490776 0.077908
0.547695 0.407289 0.272602
0.551802 0.410901 0.263336
0.547126 0.413852 0.254730
0.552330 0.403949 0.281880
0.556960 0.400378 0.291472
0.561027 0.404406 0.281425
0.556430 0.407762 0.272232
0.465812 0.443149 0.156408
0.469659 0.446823 0.150337
0.464162 0.449114 0.144628
0.471268 0.441031 0.162367
0.476695 0.438972 0.168463
0.480574 0.442454 0.162138
0.475131 0.444606 0.156173
0.587327 0.610553 0.021850
0.591361 0.616827 0.020278
0.585795 0.622293 0.018974
0.592932 0.605167 0.023405
0.598549 0.599848 0.025094
0.602553 0.606036 0.023227
0.596950 0.611400 0.021686
0.679894 0.458483 0.147780
0.679005 0.465808 0.135962
0.674784 0.461714 0.142519
0.684162 0.462545 0.141054
0.683198 0.469991 0.129620
0.713361 0.493336 0.100153
0.712050 0.501539 0.091281
0.707951 0.496837 0.096116
0.717481 0.498004 0.095194
0.716152 0.506289 0.086641
0.548413 0.549268 0.046928
0.546505 0.560020 0.040944
0.542722 0.553985 0.044080
0.552194 0.555205 0.043662
0.550310 0.566111 0.037973
0.503081 0.589561 0.027464
0.501330 0.601785 0.023627
0.497467 0.595021 0.025595
0.506933 0.596237 0.025340
0.505226 0.608565 0.021842
0.535014 0.642603 0.014922
0.533874 0.654873 0.013138
0.529618 0.648390 0.014021
0.539232 0.649069 0.013939
0.538186 0.661301 0.012366
0.426623 0.411244 0.219971
0.425173 0.415449 0.206383
0.421227 0.412437 0.212809
0.430589 0.414206 0.213450
0.429112 0.418488 0.199981
0.382902 0.422686 0.167140
0.381280 0.428332 0.155811
0.377367 0.424557 0.161245
0.386821 0.426363 0.161597
0.385186 0.432168 0.150414
0.413864 0.454230 0.123800
0.412046 0.461374 0.113594
0.408267 0.456915 0.118740
0.417649 0.458584 0.118535
0.415809 0.465940 0.108496
0.540913 0.305371 0.398715
0.541011 0.316168 0.396724
0.536039 0.310626 0.398038
0.545879 0.310614 0.398041
0.545968 0.322031 0.394723
0.578924 0.355725 0.371356
0.577620 0.369861 0.354213
0.573736 0.362795 0.363619
0.582842 0.362980 0.363183
0.581230 0.376586 0.343502
0.503899 0.356980 0.369595
0.504613 0.370383 0.352176
0.499820 0.364333 0.360728
0.508800 0.363392 0.362085
0.509322 0.376230 0.342564
0.468307 0.397414 0.285196
0.467349 0.402955 0.268218
0.463290 0.399894 0.275884
0.472380 0.400570 0.277280
0.471412 0.405990 0.260582
0.500613 0.421553 0.223311
0.499399 0.426245 0.208559
0.495461 0.423412 0.215899
0.504573 0.424388 0.215819
0.503321 0.429170 0.201248
0.338325 0.440639 0.124136
0.336621 0.447809 0.114799
0.332737 0.443303 0.119446
0.342217 0.445062 0.119411
0.340488 0.452390 0.110171
0.458809 0.635230 0.015664
0.457459 0.648292 0.013643
0.453404 0.641179 0.014629
0.462841 0.642300 0.014565
0.461564 0.655359 0.012782
0.398752 0.523875 0.054383
0.396833 0.534731 0.047756
0.393161 0.528261 0.051232
0.402423 0.530184 0.050796
0.400501 0.541352 0.044414
0.488623 0.466852 0.120906
0.486777 0.474148 0.110264
0.483042 0.469703 0.115796
0.492367 0.471184 0.115234
0.490507 0.478707 0.104840
0.443760 0.492234 0.083564
0.441817 0.501274 0.075012
0.438129 0.495850 0.079482
0.447452 0.497533 0.078960
0.445498 0.506823 0.070676
0.473187 0.537928 0.050702
0.471197 0.548844 0.044353
0.467518 0.542529 0.047687
0.476866 0.544122 0.047238
0.474888 0.555249 0.041172
0.637841 0.485032 0.107944
0.636336 0.493058 0.097947
0.632408 0.488524 0.103301
0.641791 0.489493 0.102454
0.640269 0.497683 0.092783
0.593673 0.514645 0.073761
0.591893 0.523907 0.065759
0.588059 0.518675 0.069993
0.597516 0.519780 0.069383
0.595732 0.529229 0.061710
0.624618 0.557912 0.043774
0.622863 0.568433 0.038184
0.618946 0.562654 0.041072
0.628534 0.563610 0.040757
0.626799 0.574266 0.035455
0.572549 0.427307 0.219997
0.571852 0.432791 0.204604
0.567742 0.429758 0.212694
0.576704 0.430346 0.211767
0.575967 0.435896 0.196615
0.532130 0.446370 0.165608
0.530726 0.452367 0.153014
0.526836 0.448785 0.159578
0.536046 0.449870 0.158896
0.534602 0.456043 0.146558
0.563093 0.477150 0.115138
0.561370 0.484763 0.104589
0.557571 0.480335 0.110194
0.566909 0.481475 0.109389
0.565170 0.489302 0.099138
0.608321 0.401964 0.284833
0.608334 0.409395 0.265612
0.604024 0.405758 0.275846
0.612580 0.405760 0.274184
0.612728 0.412821 0.255720
0.644392 0.429153 0.209250
0.644259 0.435534 0.194312
0.639782 0.432181 0.202478
0.648951 0.432505 0.200923
0.648715 0.438990 0.186292
0.605687 0.453150 0.158246
0.604600 0.459757 0.145735
0.600556 0.456102 0.152499
0.609771 0.456740 0.151319
0.608623 0.463525 0.139143
0.669565 0.523082 0.069269
0.667983 0.532288 0.061838
0.664006 0.527133 0.065724
0.673553 0.528168 0.065260
0.671963 0.537499 0.058118
0.518464 0.504663 0.078947
0.516548 0.513836 0.070533
0.512828 0.508478 0.074984
0.522191 0.509894 0.074350
0.520270 0.519300 0.066249
0.428147 0.577850 0.029737
0.426292 0.590678 0.025437
0.422568 0.583418 0.027627
0.431865 0.584997 0.027391
0.430039 0.597973 0.023433
0.492621 0.690040 0.010182
0.491918 0.702552 0.009797
0.487413 0.696112 0.009976
0.497114 0.696508 0.009966
0.496485 0.708812 0.009637
0.368988 0.478455 0.087110
0.367137 0.487233 0.078755
0.363370 0.481908 0.083083
0.372754 0.483667 0.082687
0.370892 0.492686 0.074508
0.539525 0.399658 0.291837
0.538926 0.406874 0.272757
0.534832 0.403206 0.282111
0.543604 0.403549 0.282102
0.543022 0.410416 0.263635
0.458064 0.436110 0.168716
0.456480 0.441659 0.156596
0.452612 0.438088 0.162657
0.461947 0.439579 0.162536
0.460330 0.445334 0.150584
0.579337 0.598054 0.025498
0.577714 0.609708 0.022019
0.573716 0.603417 0.023779
0.583320 0.604295 0.023589
0.581738 0.616010 0.020429
0.729578 0.543532 0.056040
0.723999 0.547649 0.052949
0.735144 0.539510 0.059189
0.718406 0.551862 0.049931
0.712802 0.556173 0.046995
0.751765 0.527969 0.068892
0.746236 0.531734 0.065625
0.757283 0.524281 0.072181
0.740696 0.535579 0.062388
0.555142 0.710005 0.009580
0.550069 0.715671 0.009457
0.560223 0.704279 0.009715
0.545005 0.721263 0.009348
0.539953 0.726770 0.009252
0.575510 0.686965 0.010265
0.570400 0.692714 0.010031
0.580647 0.681252 0.010581
0.565310 0.698501 0.009863
0.335234 0.500394 0.064383
0.461480 0.725742 0.009274
0.394489 0.614071 0.018692
0.639570 0.621100 0.019576
0.634000 0.626471 0.018329
0.645171 0.615715 0.020923
0.628473 0.631824 0.017169
0.622995 0.637179 0.016097
0.662059 0.599761 0.025766
0.656419 0.605033 0.024020
0.667707 0.594551 0.027640
0.650788 0.610355 0.022405
0.684658 0.579403 0.034002
0.679009 0.584364 0.031759
0.690302 0.574542 0.036364
0.673358 0.589417 0.029638
0.707190 0.560597 0.044164
0.701569 0.565135 0.041446
0.695940 0.569784 0.038845
0.426560 0.671977 0.010919
0.514887 0.752883 0.008965
0.509919 0.757870 0.008945
0.519870 0.747835 0.008997
0.504969 0.762817 0.008936
0.500038 0.767734 0.008940
0.534911 0.732182 0.009169
0.529883 0.737496 0.009099
0.524870 0.742711 0.009042
0.365357 0.552638 0.036725
0.596251 0.664389 0.012025
0.591016 0.669961 0.011462
0.601521 0.658866 0.012672
0.585815 0.675583 0.010980
0.617563 0.642552 0.015113
0.612176 0.647953 0.014215
0.606828 0.653389 0.013401
0.316240 0.472906 0.084927
0.312423 0.467776 0.089207
0.320049 0.478147 0.080691
0.308598 0.462750 0.093523
0.304760 0.457821 0.097864
0.331444 0.494632 0.068338
0.327651 0.489000 0.072386
0.323853 0.483508 0.076508
0.439178 0.693419 0.009964
0.434935 0.686316 0.010186
0.443472 0.700379 0.009790
0.430732 0.679159 0.010497
0.456867 0.719738 0.009380
0.452321 0.713524 0.009501
0.447852 0.707079 0.009638
0.376342 0.575233 0.028599
0.372727 0.567534 0.031139
0.379927 0.583056 0.026241
0.369064 0.559998 0.033853
0.390757 0.606541 0.020304
0.387098 0.598833 0.022097
0.383501 0.590955 0.024076
0.406121 0.636030 0.014788
0.402171 0.628785 0.015944
0.410134 0.643235 0.013766
0.398294 0.621473 0.017242
0.422413 0.664789 0.011453
0.418289 0.657604 0.012103
0.414194 0.650421 0.012873
0.475655 0.742638 0.009047
0.470881 0.737182 0.009108
0.480469 0.747930 0.008999
0.466154 0.731554 0.009184
0.495108 0.762953 0.008937
0.490201 0.758071 0.008945
0.485319 0.753071 0.008966
0.346586 0.518550 0.053152
0.342806 0.512330 0.056788
0.350360 0.524964 0.049625
0.339023 0.506285 0.060532
0.361627 0.545442 0.039748
0.357882 0.538419 0.042913
0.354126 0.531587 0.046209
