0.581527 0.606138 0.013621
0.581000 0.616727 0.012339
0.576356 0.611328 0.013021
0.440544 0.443688 0.091442
0.439660 0.451957 0.084183
0.435229 0.447480 0.087519
0.523808 0.377963 0.153366
0.523609 0.387795 0.146550
0.518772 0.382881 0.150067
0.355120 0.509829 0.040761
0.354094 0.519715 0.036526
0.349754 0.514290 0.038530
0.500090 0.689095 0.008974
0.500039 0.699140 0.008902
0.495127 0.694122 0.008923
0.425039 0.600948 0.015520
0.424280 0.612220 0.013841
0.419770 0.606306 0.014655
0.509927 0.520643 0.040581
0.508948 0.530639 0.035917
0.504603 0.525395 0.038364
0.665149 0.527446 0.030218
0.664368 0.537212 0.026848
0.659876 0.532085 0.028828
0.595483 0.449625 0.082993
0.594405 0.458367 0.075878
0.590165 0.453868 0.080194
0.637953 0.415869 0.105238
0.636956 0.424505 0.097705
0.632664 0.420071 0.102579
0.602732 0.378767 0.144805
0.602200 0.388609 0.137190
0.597678 0.383744 0.142044
0.552740 0.484004 0.060816
0.551651 0.493345 0.054697
0.547376 0.488444 0.058110
0.518421 0.447493 0.091972
0.517393 0.455912 0.084359
0.513067 0.451499 0.088348
0.561340 0.415454 0.121221
0.560402 0.423808 0.113196
0.556025 0.419571 0.117857
0.623135 0.565641 0.020337
0.622470 0.575866 0.017993
0.617909 0.570585 0.019324
0.587334 0.523954 0.036088
0.586463 0.533882 0.031944
0.582042 0.528707 0.034298
0.629828 0.487226 0.051815
0.628864 0.496659 0.046626
0.624509 0.491697 0.049765
0.467394 0.559658 0.025352
0.466496 0.570264 0.022301
0.462083 0.564683 0.023847
0.432604 0.516228 0.041776
0.431575 0.526237 0.037151
0.427251 0.520872 0.039402
0.475567 0.480455 0.064555
0.474482 0.489703 0.058258
0.470190 0.484775 0.061401
0.389794 0.554212 0.025798
0.388796 0.564869 0.022757
0.384442 0.559066 0.024236
0.461713 0.646926 0.010641
0.461323 0.657687 0.010016
0.456590 0.652269 0.010319
0.320091 0.468325 0.058594
0.319178 0.477541 0.053581
0.314768 0.472433 0.055820
0.482800 0.413561 0.124521
0.482130 0.421659 0.116732
0.477576 0.417460 0.120511
0.444765 0.378144 0.150109
0.444635 0.387069 0.143423
0.439771 0.382634 0.146269
0.484221 0.335529 0.173987
0.484245 0.346323 0.170022
0.479320 0.341114 0.172009
0.563492 0.334951 0.173413
0.563608 0.345968 0.169288
0.558562 0.340472 0.171745
0.523435 0.293817 0.180179
0.523468 0.303717 0.179985
0.518515 0.298754 0.180134
0.397937 0.475278 0.062694
0.396955 0.484489 0.056900
0.392593 0.479465 0.059552
0.362449 0.437063 0.085119
0.361643 0.445508 0.078594
0.357179 0.440780 0.081389
0.404257 0.409166 0.118039
0.403710 0.416920 0.110765
0.399094 0.412576 0.113836
0.540374 0.648002 0.010350
0.540052 0.658482 0.009830
0.535285 0.653202 0.010094
0.503200 0.604155 0.014845
0.502571 0.614997 0.013295
0.497984 0.609431 0.014080
0.545125 0.563008 0.023446
0.544358 0.573443 0.020645
0.539867 0.568042 0.022151
0.707588 0.491482 0.042175
0.706721 0.500905 0.038103
0.702265 0.495889 0.040619
0.672444 0.452411 0.068737
0.671450 0.461462 0.062735
0.667106 0.456696 0.066555
0.586161 0.611528 0.012856
0.444983 0.448108 0.088018
0.528687 0.383019 0.149881
0.359461 0.515206 0.038681
0.504983 0.694156 0.008921
0.429536 0.606816 0.014615
0.514263 0.525844 0.038012
0.669634 0.532554 0.028164
0.599724 0.454099 0.078580
0.642269 0.420321 0.100334
0.607280 0.383798 0.139943
0.557015 0.488846 0.057292
0.522751 0.451867 0.087866
0.565740 0.419726 0.116562
0.627686 0.570901 0.018927
0.591746 0.529101 0.033630
0.634185 0.492162 0.048586
0.471798 0.565199 0.023713
0.436923 0.521538 0.039420
0.479866 0.485311 0.061312
0.394142 0.559951 0.024238
0.466425 0.652386 0.010301
0.324506 0.473393 0.056285
0.487388 0.417800 0.120782
0.449654 0.382656 0.147276
0.489153 0.340759 0.172213
0.568546 0.340399 0.171162
0.528376 0.298750 0.180136
0.402308 0.480235 0.059956
0.366923 0.441738 0.082258
0.408905 0.413486 0.114994
0.545123 0.653309 0.010056
0.507773 0.609705 0.013969
0.549607 0.568382 0.021850
0.712044 0.496489 0.039587
0.676783 0.457157 0.064836
0.668605 0.489214 0.046807
0.673012 0.494188 0.043887
0.667696 0.498650 0.042188
0.673924 0.484794 0.048608
0.689894 0.471659 0.054137
0.694295 0.476571 0.050902
0.688971 0.480946 0.049116
0.704222 0.529472 0.027502
0.708711 0.534549 0.025660
0.703429 0.539124 0.024478
0.709519 0.524948 0.028767
0.725451 0.511541 0.032672
0.729929 0.516563 0.030610
0.724615 0.521019 0.029347
0.542346 0.605230 0.014291
0.546952 0.610693 0.013464
0.541772 0.615937 0.012859
0.547543 0.600022 0.015050
0.563172 0.584549 0.017695
0.567733 0.589946 0.016522
0.562528 0.595097 0.015667
0.501040 0.647489 0.010517
0.505772 0.652861 0.010196
0.500687 0.658082 0.009939
0.506162 0.642217 0.010833
0.521618 0.626292 0.011944
0.526272 0.631792 0.011466
0.521123 0.637090 0.011114
0.539508 0.689248 0.008962
0.544405 0.694281 0.008915
0.539463 0.699248 0.008898
0.544482 0.684217 0.009033
0.559494 0.668994 0.009391
0.564322 0.674147 0.009236
0.559321 0.679213 0.009121
0.401486 0.440754 0.088726
0.405956 0.445290 0.085612
0.400656 0.449056 0.081808
0.406774 0.437097 0.092710
0.422623 0.426329 0.105206
0.427128 0.430626 0.101777
0.421838 0.434250 0.097595
0.359026 0.471988 0.060659
0.363424 0.477001 0.058156
0.358089 0.481199 0.055256
0.364349 0.467887 0.063756
0.380292 0.455902 0.073775
0.384726 0.460686 0.070986
0.379406 0.464681 0.067595
0.393894 0.513285 0.041433
0.398220 0.518649 0.039212
0.392863 0.523253 0.036978
0.399252 0.508766 0.043874
0.415329 0.495400 0.051877
0.419652 0.500543 0.049262
0.414292 0.505020 0.046580
0.523677 0.335035 0.174215
0.528662 0.340470 0.172398
0.523753 0.345904 0.170384
0.528579 0.329661 0.175761
0.543323 0.313821 0.178991
0.548349 0.318992 0.178080
0.543423 0.324302 0.177029
0.563553 0.378548 0.151092
0.568356 0.383639 0.146943
0.563245 0.388488 0.143934
0.568601 0.373395 0.154059
0.583576 0.357015 0.162146
0.588498 0.362601 0.158348
0.583509 0.368068 0.155677
0.484219 0.377811 0.152913
0.489083 0.382685 0.149760
0.484047 0.387407 0.146191
0.489195 0.372775 0.156364
0.504013 0.356780 0.165584
0.508982 0.362165 0.162901
0.504039 0.367502 0.159882
0.443552 0.411961 0.122146
0.448170 0.416173 0.118796
0.442944 0.419836 0.114584
0.448722 0.408192 0.126261
0.464078 0.396141 0.138196
0.468807 0.400570 0.134954
0.463686 0.404651 0.131036
0.479553 0.445890 0.092766
0.483951 0.450269 0.088989
0.478610 0.454216 0.085269
0.484886 0.442009 0.096658
0.500885 0.430365 0.108720
0.505305 0.434597 0.104507
0.499965 0.438518 0.100528
0.316234 0.506058 0.040023
0.320584 0.511444 0.038055
0.315187 0.515895 0.035983
0.321613 0.501689 0.042242
0.337689 0.488778 0.049477
0.342059 0.493977 0.047249
0.336704 0.498295 0.044803
0.460665 0.688984 0.008981
0.465555 0.694053 0.008927
0.460607 0.699060 0.008905
0.465651 0.683885 0.009068
0.480717 0.668406 0.009516
0.485528 0.673644 0.009328
0.480508 0.678791 0.009182
0.386035 0.598281 0.015606
0.390491 0.604425 0.014711
0.385206 0.609890 0.013904
0.391336 0.592968 0.016585
0.407268 0.577408 0.020010
0.411680 0.583285 0.018760
0.406375 0.588481 0.017626
0.471283 0.518651 0.041611
0.475606 0.523906 0.039120
0.470267 0.528660 0.036898
0.476633 0.513985 0.044048
0.492711 0.500207 0.051903
0.497000 0.505259 0.048926
0.491645 0.509866 0.046342
0.428585 0.557305 0.025710
0.432956 0.562942 0.024110
0.427629 0.567970 0.022650
0.433917 0.552355 0.027339
0.449917 0.537691 0.032840
0.454267 0.543143 0.030821
0.448938 0.548044 0.028997
0.464094 0.602782 0.015262
0.468631 0.608467 0.014362
0.463402 0.613803 0.013630
0.469343 0.597508 0.016165
0.485125 0.581890 0.019338
0.489611 0.587463 0.018068
0.484356 0.592666 0.017027
0.626175 0.525619 0.033172
0.630631 0.530751 0.030899
0.625360 0.535482 0.029412
0.631459 0.520949 0.034789
0.647349 0.507157 0.039810
0.651774 0.512203 0.037194
0.646480 0.516785 0.035575
0.584093 0.564331 0.021979
0.588611 0.569644 0.020468
0.583382 0.574670 0.019406
0.589337 0.559363 0.023171
0.605096 0.544676 0.027125
0.609581 0.549902 0.025234
0.604331 0.554784 0.023954
0.620750 0.606975 0.012806
0.625410 0.612297 0.012109
0.620263 0.617439 0.011691
0.625914 0.601867 0.013354
0.641441 0.586714 0.015301
0.646054 0.591991 0.014293
0.640887 0.597022 0.013670
0.557129 0.448772 0.088792
0.561394 0.453158 0.084422
0.556026 0.457298 0.081274
0.562504 0.444681 0.092087
0.578609 0.432360 0.102020
0.582832 0.436609 0.097102
0.577483 0.440767 0.093930
0.514193 0.482352 0.063465
0.518461 0.487185 0.060027
0.513091 0.491646 0.057156
0.519555 0.478011 0.066492
0.535645 0.465278 0.075843
0.539924 0.469863 0.071962
0.534558 0.474122 0.068918
0.548592 0.522368 0.038716
0.552964 0.527536 0.036154
0.547663 0.532335 0.034242
0.553909 0.517642 0.040808
0.569894 0.503675 0.047395
0.574224 0.508694 0.044353
0.568901 0.513353 0.042233
0.599801 0.415517 0.114086
0.604055 0.419765 0.109116
0.598786 0.424008 0.106253
0.605027 0.411195 0.116879
0.620603 0.398005 0.125108
0.624966 0.402529 0.120126
0.619759 0.406877 0.117405
0.633808 0.450747 0.076030
0.638115 0.455399 0.071827
0.632789 0.459683 0.069454
0.639140 0.446502 0.078510
0.655197 0.433863 0.086012
0.659496 0.438440 0.081446
0.654140 0.442662 0.079014
0.591251 0.485528 0.056647
0.595551 0.490407 0.053193
0.590218 0.494926 0.050937
0.596578 0.481085 0.059016
0.612536 0.467940 0.066225
0.616839 0.472682 0.062401
0.611522 0.477066 0.060075
0.662217 0.567012 0.018612
0.666770 0.572223 0.017304
0.661580 0.577109 0.016473
0.667434 0.562186 0.019568
0.683139 0.547936 0.022730
0.687651 0.553078 0.021139
0.682414 0.557807 0.020108
0.506235 0.561501 0.024587
0.510675 0.566946 0.022945
0.505403 0.572027 0.021623
0.511517 0.556483 0.026068
0.527379 0.541638 0.031014
0.531787 0.546955 0.028929
0.526505 0.551901 0.027314
0.422399 0.646310 0.010707
0.427085 0.651913 0.010357
0.421962 0.657326 0.010052
0.427565 0.640820 0.011086
0.443167 0.624291 0.012449
0.447758 0.630064 0.011915
0.442563 0.635548 0.011475
0.500012 0.728910 0.008896
0.504938 0.733864 0.008896
0.500006 0.738806 0.008896
0.504945 0.723964 0.008897
0.519743 0.709119 0.008897
0.524667 0.714084 0.008896
0.519735 0.719030 0.008896
0.350970 0.550411 0.025674
0.355318 0.556165 0.024153
0.349939 0.560991 0.022653
0.356352 0.545675 0.027318
0.372461 0.531635 0.032759
0.376789 0.537214 0.030909
0.371429 0.541912 0.029089
0.522123 0.414570 0.124441
0.526656 0.418866 0.120290
0.521333 0.422843 0.116474
0.527390 0.410460 0.128119
0.543063 0.397558 0.138537
0.547735 0.402180 0.134429
0.542505 0.406498 0.131064
0.436784 0.478106 0.064102
0.441119 0.483002 0.061118
0.435748 0.487329 0.057996
0.442143 0.473908 0.067406
0.458198 0.461645 0.077849
0.462568 0.466260 0.074490
0.457212 0.470364 0.071031
0.579714 0.648446 0.010151
0.584476 0.653700 0.009891
0.579416 0.658839 0.009701
0.584806 0.643265 0.010380
0.600163 0.627642 0.011145
0.604861 0.632986 0.010765
0.599744 0.638186 0.010533
0.651113 0.469644 0.060132
0.650145 0.478859 0.054536
0.645788 0.474000 0.058033
0.655467 0.474479 0.056554
0.663288 0.493658 0.045029
0.686319 0.509238 0.036055
0.685482 0.518800 0.032299
0.681015 0.513741 0.034562
0.690781 0.514284 0.033727
0.698936 0.534032 0.026262
0.524121 0.583337 0.018623
0.523419 0.593994 0.016428
0.518882 0.588498 0.017574
0.528646 0.588812 0.017386
0.537155 0.610462 0.013599
0.482376 0.625416 0.012241
0.481833 0.636389 0.011330
0.477188 0.630803 0.011783
0.487002 0.631022 0.011729
0.495935 0.652742 0.010226
0.520107 0.668702 0.009460
0.519918 0.679002 0.009154
0.515079 0.673835 0.009298
0.524929 0.673900 0.009286
0.534550 0.694252 0.008916
0.383466 0.422779 0.101137
0.382727 0.430788 0.093929
0.378220 0.426263 0.096980
0.387987 0.427254 0.098042
0.396194 0.444458 0.084837
0.341326 0.452281 0.070899
0.340460 0.461157 0.065120
0.336028 0.456224 0.067641
0.345766 0.457165 0.068309
0.353698 0.476134 0.057686
0.376542 0.492284 0.050788
0.375536 0.501855 0.045789
0.371189 0.496625 0.048105
0.380892 0.497466 0.048390
0.388537 0.517834 0.039104
0.503804 0.313913 0.179014
0.503858 0.324368 0.177077
0.498908 0.319170 0.178166
0.508760 0.319076 0.178164
0.518770 0.340448 0.172427
0.543716 0.356958 0.165274
0.543762 0.367819 0.159397
0.538758 0.362365 0.162629
0.548738 0.362463 0.162246
0.558476 0.383528 0.148070
0.464577 0.357806 0.164248
0.464572 0.368103 0.158350
0.459635 0.363210 0.161053
0.469502 0.362822 0.161710
0.479218 0.382664 0.149369
0.424672 0.394837 0.134448
0.424346 0.402879 0.127452
0.419601 0.398573 0.130413
0.429449 0.399158 0.131517
0.438356 0.415639 0.117974
0.461775 0.428723 0.107982
0.460934 0.436730 0.100030
0.456474 0.432444 0.103741
0.466246 0.432958 0.104185
0.474219 0.449785 0.088939
0.298775 0.484901 0.048186
0.297789 0.494394 0.043817
0.293429 0.489111 0.045846
0.303150 0.490138 0.046110
0.310842 0.510461 0.037890
0.441323 0.668189 0.009545
0.441093 0.678677 0.009194
0.436271 0.673445 0.009353
0.446123 0.673472 0.009351
0.455697 0.694042 0.008927
0.368405 0.573866 0.020020
0.367460 0.585066 0.017634
0.363064 0.578935 0.018773
0.372787 0.579916 0.018795
0.380739 0.603676 0.014709
0.454049 0.498020 0.052389
0.452988 0.507663 0.046889
0.448680 0.502514 0.049574
0.458353 0.503115 0.049586
0.465937 0.523355 0.039270
0.411199 0.534999 0.032940
0.410186 0.545350 0.029166
0.405849 0.539767 0.031002
0.415534 0.540528 0.031001
0.423251 0.562278 0.024163
0.446173 0.579973 0.019796
0.445340 0.590893 0.017427
0.440881 0.585150 0.018605
0.450620 0.585677 0.018526
0.458852 0.608095 0.014438
0.608548 0.505314 0.043708
0.607621 0.514984 0.038983
0.603237 0.509920 0.041743
0.612924 0.510352 0.040850
0.620897 0.530326 0.031591
0.566194 0.543194 0.029264
0.565378 0.553388 0.025795
0.560921 0.548097 0.027705
0.570642 0.548455 0.027238
0.578853 0.569333 0.020834
0.602278 0.585636 0.016574
0.601683 0.596073 0.014746
0.597081 0.590719 0.015757
0.606870 0.590974 0.015483
0.615594 0.612109 0.012309
0.539921 0.431573 0.106967
0.538869 0.439840 0.098665
0.534534 0.435551 0.103162
0.544254 0.435834 0.102347
0.551756 0.452869 0.085516
0.497017 0.463680 0.077806
0.495975 0.472448 0.070851
0.491662 0.467806 0.074405
0.501333 0.468256 0.074147
0.508827 0.486749 0.060487
0.531283 0.502023 0.050217
0.530244 0.511694 0.044767
0.525933 0.506621 0.047700
0.535584 0.507054 0.047160
0.543280 0.527129 0.036685
0.582290 0.398039 0.133560
0.581567 0.407004 0.125916
0.577099 0.402560 0.130616
0.586778 0.402562 0.128832
0.594556 0.419801 0.111236
0.616745 0.432694 0.094352
0.615666 0.441356 0.086783
0.611427 0.436921 0.091496
0.620983 0.437123 0.089547
0.628484 0.455014 0.073560
0.574163 0.466648 0.071853
0.573078 0.475611 0.065206
0.568813 0.470937 0.069074
0.578422 0.471269 0.067866
0.585917 0.490009 0.054300
0.644098 0.546234 0.024892
0.643375 0.556231 0.022014
0.638850 0.551028 0.023674
0.648614 0.551418 0.023149
0.657011 0.571878 0.017707
0.488644 0.539872 0.032231
0.487711 0.550190 0.028405
0.483329 0.544768 0.030368
0.493017 0.545250 0.030147
0.500953 0.566553 0.023171
0.403997 0.622755 0.012551
0.403318 0.634444 0.011538
0.398748 0.628393 0.012015
0.408546 0.628800 0.012010
0.417251 0.651780 0.010362
0.480312 0.709040 0.008901
0.480302 0.718974 0.008899
0.475378 0.714003 0.008900
0.485236 0.714016 0.008900
0.495079 0.733856 0.008896
0.333611 0.527865 0.032406
0.332546 0.538068 0.028829
0.328208 0.532457 0.030535
0.337949 0.533430 0.030627
0.345581 0.555176 0.024097
0.503490 0.396821 0.139655
0.503040 0.405644 0.132371
0.498349 0.401198 0.136007
0.508217 0.401364 0.136050
0.516837 0.418606 0.120661
0.419271 0.459082 0.076301
0.418340 0.467796 0.069754
0.413944 0.463047 0.072750
0.423675 0.463760 0.073220
0.431423 0.482359 0.060895
0.560880 0.627021 0.011584
0.560425 0.637685 0.010852
0.555734 0.632287 0.011235
0.565556 0.632438 0.011152
0.574636 0.653610 0.009936
0.569574 0.658756 0.009736
0.569339 0.669063 0.009372
0.564526 0.663884 0.009554
0.574370 0.663961 0.009528
0.579186 0.669127 0.009352
0.579022 0.679307 0.009103
0.574171 0.674204 0.009222
0.560043 0.648233 0.010255
0.564798 0.653514 0.009978
0.559734 0.658668 0.009769
0.565141 0.643035 0.010509
0.570252 0.637817 0.010780
0.574972 0.643153 0.010447
0.569877 0.648343 0.010204
0.550599 0.637546 0.010922
0.550209 0.648119 0.010303
0.545479 0.642783 0.010626
0.555310 0.642911 0.010569
0.554960 0.653413 0.010018
0.426057 0.486666 0.057785
0.425014 0.496102 0.052060
0.420692 0.491015 0.054775
0.430380 0.491696 0.054973
0.434695 0.496770 0.052208
0.433645 0.506405 0.046798
0.429331 0.501231 0.049398
0.417370 0.476757 0.063495
0.421722 0.481683 0.060627
0.416361 0.485972 0.057532
0.422718 0.472595 0.066777
0.428063 0.468488 0.070157
0.432432 0.473269 0.067117
0.427079 0.477448 0.063822
0.408613 0.467068 0.069296
0.407656 0.476034 0.063119
0.403278 0.471145 0.065943
0.413000 0.471887 0.066386
0.412017 0.480975 0.060314
0.511534 0.422576 0.116776
0.510650 0.430676 0.108533
0.506214 0.426489 0.112786
0.515995 0.426773 0.112546
0.520412 0.430977 0.108191
0.519429 0.439198 0.099918
0.515052 0.434917 0.104222
0.502456 0.414108 0.124799
0.507020 0.418360 0.120859
0.501734 0.422306 0.116916
0.507689 0.410020 0.128605
0.512901 0.405830 0.132317
0.517537 0.410228 0.128449
0.512289 0.414336 0.124703
0.493186 0.405442 0.132269
0.492626 0.413853 0.124738
0.488004 0.409559 0.128440
0.497843 0.409805 0.128601
0.497204 0.418099 0.120898
0.340187 0.559990 0.022588
0.339173 0.570858 0.019871
0.334791 0.564871 0.021149
0.344557 0.565882 0.021225
0.348936 0.571869 0.019940
0.347968 0.583116 0.017552
0.343566 0.576944 0.018672
0.331474 0.548439 0.025532
0.335826 0.554182 0.024025
0.330418 0.558984 0.022505
0.336886 0.543726 0.027187
0.342287 0.539043 0.028910
0.346627 0.544704 0.027259
0.341230 0.549428 0.025610
0.322791 0.537084 0.028737
0.321701 0.547444 0.025439
0.317358 0.541747 0.027007
0.327129 0.542740 0.027103
0.326055 0.553182 0.023937
0.490147 0.738800 0.008896
0.490143 0.748684 0.008896
0.485216 0.743741 0.008896
0.495075 0.743745 0.008896
0.500003 0.748687 0.008895
0.500001 0.758554 0.008895
0.495072 0.753621 0.008895
0.480294 0.728892 0.008898
0.485221 0.733848 0.008897
0.480288 0.738794 0.008896
0.485227 0.723940 0.008898
0.490161 0.718987 0.008898
0.495086 0.723951 0.008897
0.490153 0.728901 0.008897
0.470444 0.718963 0.008900
0.470436 0.728884 0.008898
0.465510 0.723922 0.008899
0.475369 0.723930 0.008899
0.475362 0.733841 0.008897
0.412122 0.657225 0.010054
0.411774 0.668067 0.009549
0.407012 0.662641 0.009782
0.416858 0.662713 0.009783
0.421624 0.668109 0.009550
0.421382 0.678659 0.009194
0.416565 0.673402 0.009353
0.402744 0.645923 0.010714
0.407416 0.651633 0.010364
0.402281 0.657114 0.010053
0.407926 0.640352 0.011104
0.413127 0.634765 0.011532
0.417746 0.640599 0.011098
0.412571 0.646126 0.010713
0.393510 0.634090 0.011537
0.392917 0.645700 0.010711
0.388291 0.639783 0.011100
0.398108 0.640081 0.011105
0.397581 0.651472 0.010362
0.495673 0.571635 0.021823
0.494870 0.582289 0.019182
0.490397 0.576747 0.020545
0.500135 0.577143 0.020368
0.504618 0.582655 0.019010
0.503883 0.593370 0.016750
0.499365 0.587830 0.017917
0.486812 0.560643 0.025021
0.491233 0.566134 0.023375
0.485945 0.571211 0.022003
0.492109 0.555632 0.026557
0.497406 0.550651 0.028177
0.501813 0.556070 0.026326
0.496523 0.561088 0.024817
0.478016 0.549698 0.028602
0.477102 0.560167 0.025199
0.472705 0.554663 0.026932
0.482406 0.555163 0.026759
0.481514 0.565682 0.023556
0.651815 0.576785 0.016853
0.651224 0.586994 0.014968
0.646626 0.581731 0.016051
0.656398 0.582033 0.015694
0.660993 0.587284 0.014635
0.660455 0.597524 0.013098
0.655834 0.592259 0.013983
0.642685 0.566309 0.019473
0.647244 0.571543 0.018112
0.642040 0.576472 0.017235
0.647910 0.561441 0.020473
0.653140 0.556610 0.021526
0.657675 0.561808 0.020018
0.652456 0.566656 0.019040
0.633606 0.555862 0.022507
0.632908 0.565973 0.019909
0.628368 0.560734 0.021396
0.638139 0.561083 0.020935
0.637466 0.571218 0.018522
0.580576 0.494530 0.051975
0.579550 0.504070 0.046509
0.575234 0.499086 0.049672
0.584882 0.499481 0.048704
0.589209 0.504473 0.045587
0.588249 0.514149 0.040636
0.583889 0.509092 0.043496
0.572004 0.484773 0.058911
0.576286 0.489624 0.055383
0.570937 0.494140 0.052969
0.577350 0.480348 0.061448
0.582687 0.475955 0.063989
0.586963 0.480709 0.060246
0.581628 0.485147 0.057806
0.563459 0.475256 0.066303
0.562374 0.484393 0.059912
0.558101 0.479609 0.063549
0.567729 0.479983 0.062552
0.566653 0.489239 0.056384
0.623166 0.459302 0.071103
0.622154 0.468324 0.064740
0.617851 0.463610 0.068657
0.627470 0.463992 0.067091
0.631788 0.468738 0.063228
0.630802 0.477917 0.057349
0.626471 0.473095 0.060970
0.614607 0.450101 0.079573
0.618879 0.454671 0.075263
0.613564 0.458956 0.072723
0.619923 0.445849 0.082224
0.625242 0.441609 0.084888
0.629516 0.446151 0.080383
0.624195 0.450402 0.077817
0.606114 0.441154 0.088645
0.605039 0.449843 0.081299
0.600800 0.445388 0.085811
0.610352 0.445596 0.084033
0.609293 0.454366 0.076937
0.589281 0.424043 0.108303
0.588174 0.432424 0.100251
0.583962 0.428227 0.105235
0.593494 0.428227 0.103305
0.597689 0.432461 0.098321
0.596578 0.441000 0.090475
0.592370 0.436678 0.095293
0.580701 0.415630 0.118125
0.585018 0.419856 0.113251
0.579710 0.424038 0.110167
0.585962 0.411343 0.121109
0.591189 0.406961 0.123994
0.595523 0.411263 0.119058
0.590291 0.415597 0.116210
0.571878 0.406962 0.127588
0.571047 0.415574 0.119796
0.566624 0.411255 0.124461
0.576323 0.411338 0.122909
0.575407 0.419828 0.115026
0.537975 0.531927 0.034721
0.537074 0.542044 0.030625
0.532674 0.536764 0.032829
0.542365 0.537171 0.032398
0.546776 0.542439 0.030204
0.545931 0.552669 0.026606
0.541493 0.547347 0.028550
0.529247 0.521526 0.039746
0.533602 0.526712 0.037172
0.528293 0.531509 0.035160
0.534572 0.516806 0.041950
0.539903 0.512124 0.044222
0.544238 0.517229 0.041406
0.538917 0.521952 0.039255
0.520591 0.511256 0.045252
0.519584 0.521089 0.040188
0.515256 0.515930 0.042877
0.524911 0.516373 0.042441
0.523929 0.526283 0.037614
0.503454 0.491198 0.057562
0.502359 0.500686 0.051592
0.498081 0.495686 0.054694
0.507722 0.496147 0.054338
0.511998 0.501141 0.051206
0.510944 0.510808 0.045678
0.506646 0.505726 0.048585
0.494906 0.481460 0.064207
0.499186 0.486297 0.060855
0.493807 0.490728 0.057881
0.500273 0.477151 0.067342
0.505633 0.472890 0.070532
0.509919 0.477588 0.066969
0.504555 0.481917 0.063885
0.486303 0.471975 0.071061
0.485242 0.480972 0.064431
0.480938 0.476190 0.067777
0.490612 0.476686 0.067611
0.489531 0.485819 0.061130
0.546384 0.456980 0.082263
0.545290 0.465644 0.075039
0.541013 0.461114 0.079037
0.550658 0.461458 0.078144
0.554926 0.465994 0.074106
0.553831 0.474889 0.067287
0.549561 0.470235 0.071119
0.537803 0.448179 0.090710
0.542100 0.452557 0.086454
0.536728 0.456643 0.083106
0.543182 0.444148 0.094219
0.548564 0.440120 0.097762
0.552854 0.444429 0.093241
0.547476 0.448488 0.089834
0.529154 0.439530 0.099382
0.528116 0.447846 0.091422
0.523784 0.443507 0.095651
0.533489 0.443840 0.095022
0.532430 0.452222 0.087237
0.610444 0.617267 0.011866
0.609989 0.627786 0.011018
0.605300 0.622445 0.011477
0.615123 0.622603 0.011327
0.619817 0.627926 0.010884
0.619415 0.638407 0.010343
0.614693 0.633113 0.010653
0.601133 0.606562 0.013232
0.605780 0.611919 0.012500
0.600627 0.617090 0.012032
0.606303 0.601424 0.013836
0.611480 0.596312 0.014492
0.616107 0.601647 0.013600
0.610940 0.606770 0.013024
0.591890 0.595832 0.014991
0.591329 0.606352 0.013431
0.586706 0.600973 0.014279
0.596503 0.601200 0.014062
0.595970 0.611725 0.012683
0.573620 0.574372 0.019737
0.572943 0.584823 0.017431
0.568393 0.579445 0.018691
0.578160 0.579730 0.018393
0.582717 0.585095 0.017155
0.582100 0.595589 0.015227
0.577512 0.590205 0.016277
0.564600 0.563685 0.022751
0.569100 0.569023 0.021191
0.563862 0.574073 0.020057
0.569852 0.558693 0.024020
0.575109 0.553733 0.025349
0.579592 0.559027 0.023599
0.574344 0.564008 0.022371
0.555651 0.553034 0.026213
0.554860 0.563353 0.023109
0.550386 0.558006 0.024796
0.560117 0.558355 0.024420
0.559351 0.568709 0.021529
0.615625 0.535072 0.030053
0.614835 0.545057 0.026574
0.610357 0.539854 0.028563
0.620095 0.540250 0.027968
0.624583 0.545444 0.026018
0.623841 0.555500 0.022995
0.619330 0.550273 0.024720
0.606738 0.524770 0.034643
0.611172 0.529911 0.032277
0.605897 0.534668 0.030689
0.612027 0.520075 0.036374
0.617321 0.515417 0.038144
0.621738 0.520507 0.035585
0.616452 0.525190 0.033911
0.597931 0.514562 0.039814
0.597033 0.524358 0.035369
0.592631 0.519239 0.037928
0.602324 0.519653 0.037155
0.601455 0.529502 0.032957
0.453617 0.613447 0.013694
0.452966 0.624599 0.012406
0.448389 0.618845 0.013031
0.458181 0.619179 0.012977
0.462767 0.624888 0.012357
0.462195 0.635989 0.011412
0.457566 0.630323 0.011876
0.444560 0.601929 0.015411
0.449077 0.607696 0.014506
0.443835 0.613068 0.013751
0.449821 0.596635 0.016338
0.455089 0.591383 0.017346
0.459581 0.597086 0.016258
0.454325 0.602370 0.015342
0.435594 0.590372 0.017495
0.434798 0.601461 0.015471
0.430314 0.595638 0.016467
0.440066 0.596154 0.016408
0.439305 0.607272 0.014565
0.417918 0.567282 0.022697
0.416991 0.578138 0.019976
0.412591 0.572323 0.021313
0.422307 0.573034 0.021272
0.426716 0.578806 0.019929
0.425852 0.589804 0.017551
0.421411 0.583968 0.018721
0.409188 0.555864 0.025782
0.413547 0.561557 0.024201
0.408209 0.566535 0.022731
0.414531 0.550966 0.027418
0.419874 0.546092 0.029148
0.424224 0.551686 0.027386
0.418886 0.556610 0.025753
0.400498 0.544560 0.029169
0.399490 0.555064 0.025797
0.395146 0.549377 0.027438
0.404839 0.550197 0.027435
0.403844 0.560781 0.024227
0.460594 0.528095 0.037027
0.459598 0.538279 0.032746
0.455254 0.532874 0.034883
0.464931 0.533451 0.034773
0.469280 0.538839 0.032613
0.468322 0.549176 0.028766
0.463953 0.543714 0.030705
0.451945 0.517493 0.041793
0.456265 0.522776 0.039369
0.450920 0.527504 0.037108
0.457299 0.512854 0.044272
0.462658 0.508254 0.046851
0.466967 0.513432 0.044190
0.461614 0.518085 0.041730
0.443317 0.507047 0.046863
0.442274 0.516875 0.041801
0.437958 0.511620 0.044263
0.447629 0.512250 0.044293
0.446594 0.522170 0.039416
0.375447 0.609162 0.013895
0.374646 0.621121 0.012541
0.370157 0.614756 0.013165
0.379925 0.615450 0.013180
0.384426 0.621715 0.012553
0.383704 0.633701 0.011531
0.379158 0.627453 0.012004
0.366554 0.596572 0.015584
0.370991 0.602863 0.014697
0.365689 0.608377 0.013877
0.371868 0.591247 0.016576
0.377184 0.586015 0.017650
0.381600 0.592141 0.016586
0.376293 0.597458 0.015600
0.357722 0.584097 0.017603
0.356803 0.595663 0.015552
0.352380 0.589361 0.016512
0.362132 0.590311 0.016553
0.361239 0.602007 0.014673
0.450749 0.699053 0.008905
0.450736 0.709009 0.008902
0.445813 0.704032 0.008903
0.455672 0.704036 0.008903
0.460595 0.709016 0.008902
0.460585 0.718955 0.008900
0.455660 0.713984 0.008901
0.440949 0.688968 0.008982
0.445838 0.694037 0.008927
0.440889 0.699051 0.008904
0.445939 0.683852 0.009070
0.450947 0.678695 0.009193
0.455795 0.683865 0.009070
0.450807 0.688973 0.008982
0.431238 0.678666 0.009194
0.431091 0.688970 0.008981
0.426224 0.683846 0.009070
0.436082 0.683845 0.009071
0.435979 0.694038 0.008926
0.305438 0.514898 0.035837
0.304352 0.524902 0.032066
0.300022 0.519375 0.033860
0.309776 0.520381 0.033988
0.314115 0.525905 0.032185
0.313020 0.536089 0.028635
0.308685 0.530475 0.030322
0.296760 0.504053 0.039654
0.301100 0.509456 0.037727
0.295693 0.513888 0.035698
0.302144 0.499712 0.041812
0.307517 0.495408 0.044055
0.311878 0.500714 0.042025
0.306494 0.505067 0.039834
0.288072 0.493355 0.043596
0.287035 0.503025 0.039488
0.282703 0.497642 0.041429
0.292418 0.498687 0.041612
0.291365 0.508440 0.037576
0.468882 0.453704 0.085176
0.467919 0.462205 0.078018
0.463542 0.457655 0.081479
0.473266 0.458192 0.081611
0.477631 0.462731 0.078067
0.476617 0.471469 0.071161
0.472277 0.466808 0.074576
0.460058 0.444864 0.092348
0.464479 0.449262 0.088757
0.459147 0.453155 0.084956
0.465380 0.441046 0.096323
0.470700 0.437239 0.100368
0.475136 0.441548 0.096560
0.469809 0.445396 0.092625
0.451168 0.436180 0.099554
0.450304 0.444293 0.091940
0.445857 0.439924 0.095454
0.455621 0.440504 0.095947
0.454734 0.448702 0.088443
0.433135 0.419243 0.113752
0.432417 0.427025 0.106030
0.427889 0.422795 0.109487
0.437690 0.423444 0.110318
0.442210 0.427644 0.106776
0.441394 0.435592 0.098980
0.436915 0.431290 0.102515
0.423899 0.410768 0.120255
0.428537 0.415019 0.117061
0.423325 0.418560 0.112838
0.429055 0.407161 0.124399
0.434190 0.403455 0.128497
0.438891 0.407724 0.125376
0.433725 0.411415 0.121242
0.414508 0.402189 0.126331
0.414075 0.410018 0.119187
0.409394 0.405712 0.122206
0.419222 0.406490 0.123341
0.418720 0.414301 0.116068
0.474193 0.387333 0.145733
0.473908 0.396342 0.138787
0.469146 0.391823 0.142008
0.478988 0.391957 0.142533
0.483754 0.396519 0.139228
0.483340 0.405212 0.132011
0.478641 0.400806 0.135458
0.464520 0.377926 0.151845
0.469371 0.382652 0.148836
0.464356 0.387254 0.145127
0.469482 0.373000 0.155449
0.474418 0.367860 0.158938
0.479329 0.372868 0.155973
0.474362 0.377858 0.152451
0.454686 0.368436 0.157565
0.454651 0.378030 0.151057
0.449736 0.373415 0.153880
0.459626 0.373181 0.154757
0.459527 0.382649 0.148142
0.553369 0.388347 0.144978
0.552935 0.397746 0.137689
0.548231 0.393020 0.141804
0.558105 0.393186 0.140854
0.562770 0.397897 0.136573
0.562132 0.406854 0.129006
0.557570 0.402355 0.133420
0.543693 0.378277 0.152718
0.548563 0.383377 0.148936
0.543460 0.388172 0.145754
0.548728 0.373193 0.155821
0.553732 0.367931 0.158831
0.558676 0.373313 0.155066
0.553635 0.378428 0.152036
0.533792 0.367693 0.159718
0.533738 0.378108 0.153135
0.528813 0.372905 0.156587
0.538764 0.373048 0.156317
0.538626 0.383200 0.149532
0.513856 0.345885 0.170394
0.513913 0.356772 0.165638
0.508937 0.351332 0.168116
0.518837 0.351345 0.168131
0.523820 0.356811 0.165610
0.523861 0.367587 0.159885
0.518892 0.362198 0.162910
0.503914 0.335064 0.174189
0.508882 0.340448 0.172413
0.503967 0.345911 0.170351
0.508821 0.329660 0.175765
0.513725 0.324329 0.177087
0.518698 0.329653 0.175775
0.513792 0.335028 0.174217
0.494013 0.324533 0.177056
0.494057 0.335227 0.174115
0.489118 0.329992 0.175667
0.498958 0.329756 0.175732
0.499007 0.340536 0.172347
0.383179 0.522410 0.036883
0.382148 0.532537 0.032829
0.377821 0.527010 0.034768
0.387506 0.527883 0.034851
0.391833 0.533401 0.032883
0.390809 0.543723 0.029157
0.386477 0.538109 0.030956
0.374518 0.511604 0.041114
0.378850 0.516983 0.038972
0.373492 0.521531 0.036769
0.379876 0.507135 0.043515
0.385232 0.502694 0.046030
0.389566 0.507966 0.043708
0.384208 0.512461 0.041285
0.365836 0.500996 0.045544
0.364823 0.510725 0.040939
0.360480 0.505397 0.043097
0.370180 0.506276 0.043307
0.369159 0.516103 0.038828
0.348367 0.480319 0.054836
0.347408 0.489689 0.049804
0.343031 0.484535 0.052100
0.352751 0.485429 0.052472
0.357123 0.490576 0.050131
0.356131 0.500116 0.045297
0.351774 0.494881 0.047535
0.339564 0.470204 0.059624
0.343971 0.475244 0.057218
0.338641 0.479416 0.054416
0.344883 0.466117 0.062619
0.350196 0.462075 0.065737
0.354616 0.467015 0.063187
0.349296 0.471108 0.060141
0.330722 0.460215 0.064504
0.329829 0.469276 0.059108
0.325409 0.464251 0.061488
0.335147 0.465196 0.062053
0.334240 0.474330 0.056751
0.390898 0.448214 0.081045
0.390041 0.456751 0.074492
0.385597 0.452027 0.077353
0.395351 0.452875 0.078100
0.399788 0.457567 0.075157
0.398882 0.466305 0.068783
0.394470 0.461509 0.071633
0.381951 0.438967 0.086950
0.386430 0.443579 0.083991
0.381140 0.447334 0.080229
0.387225 0.435327 0.090890
0.392500 0.431742 0.094944
0.397000 0.436241 0.091838
0.391717 0.439884 0.087865
0.372968 0.429805 0.092917
0.372196 0.438028 0.086035
0.367712 0.433405 0.088962
0.377463 0.434378 0.089926
0.376672 0.442669 0.083124
0.529608 0.699223 0.008898
0.529599 0.709138 0.008897
0.524675 0.704171 0.008898
0.534531 0.704193 0.008897
0.539456 0.709155 0.008896
0.539450 0.719053 0.008895
0.534524 0.714098 0.008896
0.519800 0.689174 0.008967
0.524695 0.694221 0.008918
0.519752 0.699197 0.008899
0.524777 0.684128 0.009043
0.529769 0.679056 0.009146
0.534629 0.684173 0.009038
0.529654 0.689212 0.008965
0.510066 0.678946 0.009162
0.509945 0.689135 0.008970
0.505069 0.684035 0.009053
0.514923 0.684082 0.009048
0.514839 0.694190 0.008919
0.490846 0.657979 0.009962
0.490565 0.668474 0.009504
0.485773 0.663200 0.009725
0.495618 0.663287 0.009708
0.500412 0.668549 0.009490
0.500214 0.678891 0.009169
0.495379 0.673703 0.009319
0.481375 0.647211 0.010586
0.486098 0.652623 0.010254
0.481005 0.657879 0.009983
0.486506 0.641903 0.010921
0.491653 0.636577 0.011282
0.496333 0.642063 0.010879
0.491207 0.647351 0.010553
0.472013 0.636194 0.011373
0.471544 0.647069 0.010615
0.466855 0.641567 0.010992
0.476680 0.641738 0.010958
0.476261 0.652504 0.010279
0.531969 0.615717 0.012976
0.531432 0.626487 0.011859
0.526790 0.620993 0.012423
0.536599 0.621201 0.012324
0.541247 0.626673 0.011771
0.540773 0.637400 0.010988
0.536092 0.631964 0.011392
0.522768 0.604715 0.014582
0.527359 0.610221 0.013729
0.522168 0.615487 0.013087
0.527977 0.599488 0.015383
0.533192 0.594287 0.016252
0.537759 0.599761 0.015221
0.532556 0.604978 0.014440
0.513650 0.593687 0.016594
0.512983 0.604441 0.014717
0.508422 0.598907 0.015683
0.518198 0.599203 0.015537
0.517565 0.609968 0.013852
0.693659 0.538630 0.025050
0.692899 0.548389 0.022215
0.688394 0.543264 0.023872
0.698158 0.543737 0.023329
0.702657 0.548851 0.021710
0.701907 0.558657 0.019198
0.697404 0.553519 0.020659
0.684673 0.528434 0.028827
0.689164 0.533528 0.026881
0.683893 0.538145 0.025636
0.689960 0.523869 0.030166
0.695255 0.519339 0.031529
0.699736 0.524402 0.029456
0.694445 0.528947 0.028156
0.675719 0.518275 0.033089
0.674908 0.527934 0.029514
0.670429 0.522844 0.031640
0.680191 0.523350 0.030894
0.679396 0.533035 0.027515
0.657971 0.498128 0.043272
0.657076 0.507654 0.038838
0.652657 0.502628 0.041531
0.662383 0.503138 0.040504
0.666813 0.508167 0.037888
0.665964 0.517765 0.033898
0.661512 0.512701 0.036296
0.649194 0.488188 0.049285
0.653576 0.493143 0.046197
0.648258 0.497623 0.044381
0.654513 0.483758 0.051202
0.659833 0.479354 0.053140
0.664212 0.484267 0.049891
0.658894 0.488692 0.048033
0.640466 0.478379 0.055950
0.639505 0.487698 0.050557
0.635147 0.482787 0.053878
0.644824 0.483265 0.052539
0.643875 0.492645 0.047390
0.599391 0.648636 0.010033
0.604162 0.653862 0.009792
0.599105 0.658985 0.009626
0.604478 0.643474 0.010233
0.609578 0.638299 0.010441
0.614317 0.643571 0.010153
0.609232 0.648723 0.009969
0.589260 0.658916 0.009665
0.594318 0.653784 0.009843
0.594062 0.664093 0.009471
0.589552 0.648545 0.010094
0.589912 0.638068 0.010621
0.595032 0.632856 0.010871
0.594640 0.643373 0.010309
0.584021 0.674254 0.009208
0.584215 0.664030 0.009500
0.589035 0.669183 0.009331
0.456187 0.479334 0.064507
0.460505 0.484211 0.061395
0.455124 0.488568 0.058284
0.461555 0.475107 0.067793
0.466919 0.470932 0.071151
0.471252 0.475663 0.067837
0.465881 0.479909 0.064581
0.445437 0.487960 0.058167
0.450814 0.483619 0.061296
0.449745 0.492968 0.055253
0.446487 0.478732 0.064335
0.447498 0.469767 0.070803
0.452850 0.465680 0.074288
0.451851 0.474521 0.067643
0.439006 0.501887 0.049503
0.440063 0.492346 0.055133
0.444373 0.497407 0.052322
0.541789 0.415075 0.123323
0.546267 0.419372 0.118910
0.540922 0.423390 0.115294
0.547078 0.410933 0.126803
0.552339 0.406696 0.130166
0.556874 0.411117 0.125760
0.551585 0.415285 0.122397
0.531135 0.423127 0.115994
0.536474 0.419135 0.119721
0.535554 0.427353 0.111544
0.531963 0.414829 0.123998
0.532640 0.406266 0.131697
0.537865 0.401970 0.135170
0.537247 0.410711 0.127588
0.524796 0.435238 0.103781
0.525776 0.427063 0.112140
0.530174 0.431286 0.107680
0.370401 0.552356 0.025761
0.374743 0.558126 0.024221
0.369388 0.562976 0.022733
0.375761 0.547589 0.027402
0.381119 0.542840 0.029130
0.385453 0.548509 0.027427
0.380098 0.553308 0.025786
0.359672 0.561986 0.022702
0.365039 0.557149 0.024194
0.364034 0.567885 0.021323
0.360693 0.551386 0.025724
0.361728 0.540966 0.029040
0.367097 0.536285 0.030851
0.366064 0.546637 0.027366
0.353324 0.577944 0.018733
0.354304 0.566886 0.021283
0.358679 0.572871 0.019990
0.519728 0.728928 0.008895
0.524655 0.733876 0.008895
0.519724 0.738815 0.008895
0.524660 0.723985 0.008895
0.529592 0.719042 0.008896
0.534518 0.723995 0.008895
0.529587 0.728936 0.008895
0.509865 0.738811 0.008895
0.514797 0.733870 0.008895
0.514793 0.743753 0.008895
0.509870 0.728920 0.008896
0.509877 0.719016 0.008897
0.514810 0.714068 0.008897
0.514802 0.723975 0.008896
0.504931 0.753623 0.008895
0.504934 0.743750 0.008895
0.509862 0.748689 0.008895
0.442055 0.646629 0.010681
0.446754 0.652151 0.010335
0.441642 0.657506 0.010039
0.447208 0.641208 0.011048
0.452378 0.635773 0.011446
0.457031 0.641391 0.011022
0.451884 0.646778 0.010663
0.431802 0.657419 0.010047
0.436919 0.652033 0.010348
0.436549 0.662840 0.009777
0.432226 0.646476 0.010696
0.432750 0.635313 0.011500
0.437953 0.629789 0.011948
0.437386 0.641019 0.011069
0.426418 0.673423 0.009354
0.426704 0.662779 0.009781
0.431474 0.668149 0.009548
0.525670 0.562281 0.024058
0.530131 0.567690 0.022435
0.524872 0.572761 0.021167
0.530941 0.557270 0.025478
0.536215 0.552291 0.026973
0.540661 0.557644 0.025149
0.535395 0.562651 0.023763
0.515135 0.572401 0.021403
0.520401 0.567325 0.022699
0.519617 0.577866 0.019962
0.515950 0.561898 0.024333
0.516801 0.551497 0.027629
0.522088 0.546549 0.029279
0.521226 0.556882 0.025785
0.509123 0.588171 0.017751
0.509874 0.577512 0.020172
0.514367 0.583003 0.018823
0.681716 0.567754 0.017770
0.686255 0.572944 0.016509
0.681073 0.577788 0.015719
0.686933 0.562972 0.018686
0.692162 0.558226 0.019650
0.696672 0.563380 0.018254
0.691453 0.568141 0.017355
0.671332 0.577442 0.016095
0.676517 0.572578 0.016905
0.675906 0.582668 0.014984
0.671971 0.567378 0.018189
0.672660 0.557398 0.020573
0.677895 0.552648 0.021629
0.677187 0.562573 0.019124
0.665599 0.592539 0.013673
0.666159 0.582345 0.015338
0.670749 0.587586 0.014302
0.610518 0.486341 0.054271
0.614845 0.491250 0.050925
0.609520 0.495762 0.048813
0.615837 0.481895 0.056490
0.621155 0.477480 0.058724
0.625485 0.482330 0.055195
0.620166 0.486773 0.053053
0.599865 0.495337 0.049883
0.605193 0.490820 0.052068
0.604195 0.500308 0.046718
0.600880 0.485926 0.055469
0.601902 0.476675 0.061403
0.607221 0.472294 0.063807
0.606203 0.481480 0.057764
0.593559 0.509501 0.042624
0.594535 0.499888 0.047718
0.598875 0.504887 0.044653
0.653109 0.451550 0.072369
0.657436 0.456250 0.068298
0.652100 0.460542 0.066076
0.658454 0.447297 0.074695
0.663802 0.443055 0.077041
0.668117 0.447710 0.072805
0.662775 0.451974 0.070542
0.642436 0.460102 0.067775
0.647769 0.455818 0.070064
0.646769 0.464851 0.063875
0.643449 0.451136 0.074210
0.644482 0.442275 0.081000
0.649834 0.438064 0.083500
0.648790 0.446893 0.076604
0.636121 0.473535 0.059514
0.637110 0.464407 0.065497
0.641443 0.469181 0.061689
0.618825 0.415545 0.109722
0.623099 0.419896 0.104789
0.617816 0.424117 0.102042
0.624071 0.411278 0.112442
0.629307 0.406996 0.115145
0.633633 0.411435 0.110179
0.628371 0.415669 0.107496
0.608292 0.424029 0.104163
0.613566 0.419795 0.106968
0.612520 0.428334 0.099236
0.609305 0.415495 0.111918
0.610234 0.406834 0.119636
0.615426 0.402436 0.122374
0.614539 0.411199 0.114675
0.601892 0.436774 0.093411
0.603001 0.428250 0.101287
0.607209 0.432549 0.096353
0.567954 0.523168 0.037488
0.572345 0.528319 0.034957
0.567053 0.533118 0.033164
0.573262 0.518440 0.039448
0.578573 0.513748 0.041449
0.582943 0.518835 0.038693
0.577642 0.523558 0.036799
0.557355 0.532732 0.033723
0.562652 0.527932 0.035578
0.561765 0.537953 0.031426
0.558271 0.522773 0.038126
0.559231 0.512952 0.042955
0.564560 0.508297 0.045153
0.563583 0.518045 0.040155
0.551204 0.547728 0.028142
0.552063 0.537568 0.031930
0.556483 0.542823 0.029750
0.533465 0.483197 0.062333
0.537736 0.488034 0.058839
0.532366 0.492513 0.056092
0.538831 0.478830 0.065228
0.544196 0.474511 0.068158
0.548468 0.479225 0.064440
0.543103 0.483605 0.061623
0.522726 0.492084 0.056665
0.528098 0.487614 0.059478
0.526998 0.497031 0.053388
0.523828 0.482779 0.062947
0.524918 0.473721 0.069567
0.530281 0.469479 0.072685
0.529193 0.478426 0.065912
0.516287 0.506178 0.048175
0.517358 0.496593 0.053902
0.521638 0.501586 0.050747
0.576365 0.449257 0.086208
0.580603 0.453660 0.081758
0.575258 0.457872 0.078853
0.581712 0.445083 0.089243
0.587048 0.440891 0.092270
0.591260 0.445223 0.087556
0.585937 0.449444 0.084657
0.565652 0.457596 0.080138
0.571011 0.453423 0.083171
0.569907 0.462091 0.075946
0.566761 0.449029 0.087585
0.567876 0.440588 0.095397
0.573245 0.436482 0.098715
0.572124 0.444902 0.090756
0.559193 0.470593 0.070157
0.560290 0.461783 0.077114
0.564551 0.466329 0.073045
0.640377 0.607380 0.012342
0.645041 0.612670 0.011684
0.639908 0.617776 0.011318
0.645526 0.602309 0.012837
0.650678 0.597268 0.013384
0.655315 0.602543 0.012574
0.650177 0.607592 0.012103
0.630085 0.617608 0.011508
0.635229 0.612481 0.011900
0.634776 0.622907 0.011004
0.630563 0.607178 0.012578
0.631083 0.596785 0.013953
0.636260 0.591733 0.014602
0.635723 0.602085 0.013099
0.624526 0.633234 0.010535
0.624948 0.622757 0.011169
0.629648 0.628061 0.010743
0.603603 0.564982 0.021172
0.608138 0.570270 0.019714
0.602918 0.575267 0.018717
0.608841 0.560044 0.022296
0.614083 0.555140 0.023477
0.618601 0.560387 0.021849
0.613366 0.565310 0.020759
0.593147 0.574968 0.019065
0.598372 0.569956 0.020095
0.597703 0.580299 0.017768
0.593846 0.564656 0.021579
0.594585 0.554430 0.024425
0.599838 0.549534 0.025744
0.599086 0.559702 0.022737
0.587295 0.590463 0.016022
0.587930 0.580015 0.018085
0.592496 0.585365 0.016869
0.645649 0.526508 0.031675
0.650122 0.531629 0.029507
0.644855 0.536324 0.028114
0.650930 0.521870 0.033185
0.656218 0.517268 0.034727
0.660676 0.522350 0.032404
0.655396 0.526971 0.030938
0.635104 0.535898 0.028765
0.640374 0.531184 0.030201
0.639594 0.541060 0.026764
0.635908 0.526058 0.032426
0.636749 0.516315 0.036438
0.642046 0.511719 0.038112
0.641190 0.521403 0.033985
0.629087 0.550649 0.024200
0.629841 0.540652 0.027369
0.634337 0.545834 0.025458
0.483641 0.603523 0.015074
0.488197 0.609135 0.014183
0.482981 0.614445 0.013478
0.488877 0.598263 0.015947
0.494118 0.593033 0.016895
0.498648 0.598597 0.015821
0.493419 0.603853 0.014964
0.473190 0.614135 0.013558
0.478412 0.608813 0.014277
0.477772 0.619786 0.012850
0.473866 0.603166 0.015173
0.474598 0.592269 0.017147
0.479859 0.587064 0.018205
0.479108 0.597900 0.016062
0.467376 0.630570 0.011832
0.467975 0.619492 0.012917
0.472570 0.625160 0.012302
0.447985 0.558548 0.025578
0.452372 0.564135 0.023957
0.447057 0.569187 0.022514
0.453307 0.553570 0.027192
0.458629 0.548625 0.028898
0.463005 0.554132 0.027077
0.457688 0.559118 0.025478
0.437342 0.568600 0.022590
0.442662 0.563555 0.024044
0.441748 0.574279 0.021151
0.438284 0.557946 0.025653
0.439249 0.547433 0.029066
0.444582 0.542544 0.030901
0.443611 0.552978 0.027278
0.431145 0.584589 0.018669
0.432027 0.573684 0.021218
0.436443 0.579412 0.019869
0.490612 0.519701 0.041207
0.494940 0.524927 0.038667
0.489611 0.529705 0.036501
0.495953 0.515007 0.043582
0.501298 0.510349 0.046043
0.505606 0.515478 0.043259
0.500272 0.520184 0.040921
0.479940 0.529197 0.036723
0.485275 0.524430 0.038919
0.484286 0.534520 0.034424
0.480949 0.519189 0.041437
0.481988 0.509355 0.046577
0.487347 0.504763 0.049196
0.486295 0.514510 0.043845
0.473641 0.544255 0.030555
0.474609 0.533999 0.034620
0.478962 0.539370 0.032442
0.405530 0.599739 0.015585
0.410007 0.605739 0.014684
0.404737 0.611168 0.013892
0.410818 0.594429 0.016549
0.416111 0.589174 0.017595
0.420564 0.595064 0.016514
0.415283 0.600374 0.015559
0.394970 0.610559 0.013903
0.400247 0.605112 0.014703
0.399471 0.616671 0.013182
0.395781 0.599042 0.015601
0.396641 0.587723 0.017646
0.401952 0.582539 0.018787
0.401075 0.593730 0.016573
0.388952 0.627945 0.012013
0.389696 0.616088 0.013186
0.394210 0.622259 0.012556
0.480378 0.689026 0.008979
0.485270 0.694093 0.008925
0.480324 0.699090 0.008904
0.485361 0.683946 0.009062
0.490361 0.678837 0.009176
0.495216 0.683987 0.009058
0.490234 0.689057 0.008976
0.470466 0.699072 0.008905
0.475413 0.694070 0.008926
0.475389 0.704059 0.008903
0.470522 0.689001 0.008980
0.470655 0.678752 0.009186
0.475678 0.673591 0.009336
0.475506 0.683912 0.009066
0.465519 0.713992 0.008901
0.465530 0.704045 0.008903
0.470454 0.709026 0.008902
0.335693 0.507980 0.040398
0.340040 0.513358 0.038375
0.334661 0.517836 0.036264
0.341060 0.503582 0.042673
0.346420 0.499216 0.045050
0.350773 0.504500 0.042886
0.345410 0.508913 0.040581
0.324929 0.516873 0.036126
0.330316 0.512410 0.038217
0.329271 0.522347 0.034241
0.325967 0.507028 0.040212
0.326981 0.497354 0.044554
0.332339 0.493051 0.046963
0.331340 0.502645 0.042459
0.318453 0.531472 0.030433
0.319529 0.521371 0.034117
0.323869 0.526891 0.032299
0.499012 0.446758 0.092641
0.503375 0.451123 0.088693
0.498029 0.455129 0.085069
0.504355 0.442811 0.096437
0.509700 0.438865 0.100297
0.514072 0.443161 0.096117
0.508721 0.447135 0.092375
0.488327 0.454691 0.085233
0.493670 0.450715 0.088907
0.492682 0.459160 0.081504
0.489289 0.446344 0.092771
0.490218 0.438133 0.100617
0.495551 0.434249 0.104645
0.494627 0.442430 0.096617
0.481976 0.467324 0.074548
0.482980 0.458693 0.081620
0.487331 0.463223 0.077996
0.463174 0.412855 0.123625
0.467770 0.417077 0.120088
0.462536 0.420842 0.115940
0.468351 0.408961 0.127655
0.473506 0.404949 0.131599
0.478172 0.409279 0.128124
0.472982 0.413229 0.124149
0.452746 0.420364 0.115320
0.457974 0.416650 0.119511
0.457277 0.424540 0.111710
0.453369 0.412435 0.122947
0.453867 0.404312 0.130312
0.458986 0.400299 0.134294
0.458541 0.408600 0.127030
0.446698 0.431888 0.103174
0.447488 0.424017 0.111063
0.451997 0.428205 0.107432
0.503987 0.377807 0.153416
0.508864 0.382784 0.150106
0.503805 0.387562 0.146667
0.508982 0.372740 0.156732
0.513947 0.367522 0.159938
0.518894 0.372801 0.156722
0.513894 0.377865 0.153457
0.493918 0.387481 0.146504
0.498966 0.382723 0.150006
0.498722 0.392194 0.143138
0.494095 0.377792 0.153236
0.494147 0.367554 0.159700
0.499085 0.362202 0.162789
0.499080 0.372730 0.156617
0.488488 0.401014 0.135809
0.488848 0.392079 0.142911
0.493616 0.396677 0.139518
0.583273 0.378667 0.148454
0.587972 0.383733 0.143932
0.582862 0.388626 0.141071
0.588331 0.373479 0.151321
0.593350 0.368140 0.154144
0.598101 0.373553 0.149575
0.593053 0.378705 0.146763
0.573080 0.388582 0.142629
0.578191 0.383702 0.145563
0.577725 0.393381 0.138164
0.573437 0.378624 0.149896
0.573618 0.368046 0.156963
0.578608 0.362562 0.159670
0.578490 0.373435 0.152812
0.567361 0.402486 0.132147
0.567940 0.393310 0.139638
0.572558 0.397998 0.135194
0.543530 0.335049 0.174091
0.548575 0.340498 0.172134
0.543632 0.345977 0.170169
0.548463 0.329628 0.175602
0.553388 0.324240 0.176857
0.558437 0.329562 0.175306
0.553511 0.335021 0.173845
0.533664 0.345943 0.170315
0.538594 0.340492 0.172323
0.538685 0.351444 0.167952
0.533575 0.335051 0.174177
0.533485 0.324330 0.177072
0.538400 0.319047 0.178150
0.538495 0.329658 0.175724
0.528805 0.362267 0.162821
0.528741 0.351388 0.168077
0.533743 0.356880 0.165499
0.413256 0.514828 0.041654
0.417577 0.520168 0.039361
0.412224 0.524823 0.037105
0.418612 0.510262 0.044122
0.423970 0.505729 0.046703
0.428287 0.510959 0.044206
0.422931 0.515546 0.041727
0.402545 0.524057 0.037052
0.407900 0.519428 0.039298
0.406870 0.529507 0.034959
0.403577 0.514075 0.041556
0.404610 0.504277 0.046427
0.409969 0.499821 0.049094
0.408934 0.509531 0.044012
0.396163 0.538960 0.030987
0.397189 0.528715 0.034914
0.401517 0.534221 0.032920
0.378484 0.473677 0.061701
0.382872 0.478665 0.059101
0.377527 0.482888 0.056100
0.383817 0.469564 0.064898
0.389146 0.465508 0.068213
0.393550 0.470370 0.065447
0.388213 0.474491 0.062219
0.367808 0.482054 0.055678
0.373148 0.477843 0.058628
0.372181 0.487149 0.053219
0.368755 0.472844 0.061179
0.369668 0.463836 0.066975
0.374982 0.459839 0.070315
0.374082 0.468735 0.064326
0.361484 0.495764 0.047820
0.362467 0.486300 0.052845
0.366834 0.491441 0.050459
0.421018 0.442334 0.090226
0.425474 0.446801 0.086952
0.420163 0.450602 0.083127
0.426317 0.438632 0.094229
0.431616 0.434954 0.098325
0.436088 0.439306 0.094878
0.430782 0.443040 0.090869
0.410411 0.449852 0.082501
0.415716 0.446071 0.086317
0.414849 0.454447 0.079396
0.411252 0.441572 0.089512
0.412059 0.433479 0.096789
0.417343 0.429889 0.100962
0.416546 0.437895 0.093506
0.404209 0.462296 0.072221
0.405102 0.453682 0.078781
0.409532 0.458344 0.075760
0.559215 0.689317 0.008956
0.564114 0.694335 0.008913
0.559173 0.699292 0.008897
0.564186 0.684300 0.009023
0.569171 0.679262 0.009112
0.574037 0.684339 0.009018
0.569068 0.689349 0.008954
0.549319 0.699271 0.008897
0.554260 0.694309 0.008914
0.554243 0.704231 0.008896
0.549361 0.689283 0.008959
0.549471 0.679162 0.009129
0.554474 0.674087 0.009249
0.554334 0.684259 0.009028
0.544381 0.714112 0.008896
0.544387 0.704212 0.008896
0.549312 0.709171 0.008896
0.520707 0.647753 0.010437
0.525447 0.653091 0.010129
0.520369 0.658286 0.009887
0.525819 0.642511 0.010734
0.530948 0.637248 0.011053
0.535649 0.642650 0.010681
0.530540 0.647879 0.010394
0.510528 0.658185 0.009913
0.515609 0.652978 0.010163
0.515307 0.663465 0.009669
0.510873 0.647623 0.010478
0.511299 0.636926 0.011173
0.516453 0.631612 0.011537
0.515990 0.642366 0.010784
0.505229 0.673769 0.009309
0.505462 0.663376 0.009689
0.510260 0.668626 0.009476
0.561932 0.605702 0.013972
0.566553 0.611125 0.013176
0.561383 0.616348 0.012611
0.567119 0.600511 0.014683
0.572312 0.595345 0.015452
0.576911 0.600743 0.014486
0.571728 0.605922 0.013802
0.551577 0.616147 0.012738
0.556751 0.610914 0.013323
0.556219 0.621590 0.012111
0.552137 0.605472 0.014135
0.552747 0.594839 0.015872
0.557956 0.589681 0.016755
0.557330 0.600272 0.014871
0.545912 0.632129 0.011315
0.546409 0.621401 0.012220
0.551062 0.626851 0.011679
0.723789 0.530547 0.026253
0.728272 0.535597 0.024512
0.722976 0.540138 0.023389
0.729095 0.526054 0.027449
0.734407 0.521587 0.028660
0.738887 0.526611 0.026817
0.733576 0.531090 0.025656
0.713201 0.539629 0.023925
0.718490 0.535072 0.025077
0.717690 0.544713 0.022290
0.714004 0.530008 0.026868
0.714824 0.520454 0.030053
0.720135 0.515986 0.031356
0.719306 0.525499 0.028099
0.707153 0.553972 0.020190
0.707922 0.544222 0.022800
0.712415 0.549324 0.021222
0.688068 0.490310 0.044435
0.692500 0.495304 0.041681
0.687182 0.499743 0.040094
0.693389 0.485904 0.046123
0.698712 0.481516 0.047832
0.703144 0.486488 0.044923
0.697821 0.490886 0.043291
0.677432 0.499188 0.041128
0.682749 0.494737 0.042771
0.681868 0.504206 0.038520
0.678329 0.489752 0.045608
0.679245 0.480396 0.050430
0.684568 0.476019 0.052273
0.683650 0.485339 0.047351
0.671259 0.513214 0.035418
0.672119 0.503664 0.039500
0.676560 0.508695 0.036960
0.670480 0.470614 0.057081
0.674855 0.475486 0.053673
0.669533 0.479866 0.051771
0.675808 0.466273 0.059082
0.681138 0.461948 0.061103
0.685508 0.466783 0.057537
0.680180 0.471126 0.055595
0.705869 0.510372 0.034313
0.710345 0.515411 0.032123
0.705036 0.519891 0.030780
0.711186 0.505928 0.035727
0.716508 0.501503 0.037152
0.720977 0.506521 0.034851
0.715659 0.510956 0.033481
0.543639 0.583968 0.018185
0.548183 0.589403 0.016976
0.542968 0.594569 0.016067
0.548871 0.578851 0.019243
0.554108 0.573764 0.020359
0.558630 0.579154 0.018974
0.553404 0.584265 0.017946
0.501994 0.625878 0.012102
0.506635 0.631425 0.011605
0.501476 0.636755 0.011229
0.507178 0.620550 0.012610
0.512368 0.615247 0.013194
0.516984 0.620776 0.012519
0.511806 0.626090 0.012025
0.539801 0.668851 0.009427
0.544626 0.674026 0.009262
0.539620 0.679110 0.009138
0.544839 0.663722 0.009603
0.549892 0.658576 0.009800
0.554683 0.663804 0.009579
0.549647 0.668923 0.009409
0.403038 0.424701 0.103319
0.407557 0.429081 0.100068
0.402279 0.432642 0.095907
0.408289 0.421242 0.107585
0.413517 0.417785 0.111843
0.418088 0.422061 0.108577
0.412830 0.425554 0.104303
0.360804 0.454142 0.072337
0.365241 0.458973 0.069645
0.359931 0.462968 0.066355
0.366100 0.450258 0.075816
0.371389 0.446433 0.079412
0.375846 0.451152 0.076584
0.370546 0.455033 0.073056
0.395946 0.493903 0.051403
0.400281 0.499068 0.048893
0.394923 0.503502 0.046243
0.401303 0.489557 0.054264
0.406660 0.485246 0.057237
0.411000 0.490302 0.054539
0.405640 0.494667 0.051658
0.523528 0.313873 0.179007
0.528498 0.319066 0.178163
0.523599 0.324329 0.177089
0.528428 0.308753 0.179612
0.533336 0.303706 0.179987
0.538317 0.308727 0.179615
0.533403 0.313865 0.179004
0.563681 0.357047 0.164153
0.568675 0.362567 0.160757
0.563687 0.368011 0.158016
0.568641 0.351492 0.166462
0.573588 0.345896 0.168542
0.578602 0.351437 0.165543
0.573646 0.357029 0.163258
0.484266 0.357095 0.165152
0.489206 0.362328 0.162553
0.484273 0.367676 0.159384
0.489183 0.351586 0.167832
0.494096 0.346054 0.170230
0.499050 0.351401 0.168023
0.494130 0.356887 0.165425
0.444392 0.395645 0.136545
0.449150 0.399991 0.133482
0.444032 0.403922 0.129459
0.449459 0.391498 0.140481
0.454504 0.387172 0.144349
0.459314 0.391671 0.141325
0.454244 0.395914 0.137440
0.481334 0.429629 0.108647
0.485788 0.433861 0.104637
0.480462 0.437707 0.100563
0.486639 0.425837 0.112807
0.491932 0.422003 0.116901
0.496429 0.426184 0.112872
0.491112 0.430017 0.108758
0.318235 0.486892 0.048823
0.322613 0.492104 0.046677
0.317251 0.496393 0.044304
0.323578 0.482677 0.051357
0.328912 0.478490 0.053998
0.333306 0.483617 0.051728
0.327964 0.487846 0.049150
0.461020 0.668286 0.009534
0.465826 0.673544 0.009342
0.460802 0.678721 0.009190
0.466083 0.663043 0.009752
0.471164 0.657782 0.010001
0.475928 0.663120 0.009740
0.470868 0.668343 0.009526
0.387832 0.575760 0.020039
0.392227 0.581729 0.018802
0.386911 0.586901 0.017653
0.393164 0.570721 0.021355
0.398501 0.565731 0.022750
0.402876 0.571552 0.021340
0.397549 0.576615 0.020031
0.473392 0.499167 0.052298
0.477687 0.504241 0.049397
0.472325 0.508817 0.046747
0.478768 0.494680 0.055163
0.484149 0.490229 0.058113
0.488429 0.495196 0.054969
0.483055 0.499700 0.052139
0.430559 0.536426 0.032927
0.434899 0.541915 0.030950
0.429562 0.546786 0.029114
0.435903 0.531639 0.034980
0.441247 0.526886 0.037143
0.445578 0.532271 0.034950
0.440238 0.537075 0.032895
0.465643 0.580997 0.019600
0.470110 0.586634 0.018327
0.464842 0.591841 0.017253
0.470929 0.575858 0.020843
0.476219 0.570754 0.022162
0.480662 0.576319 0.020703
0.475383 0.581460 0.019477
0.627925 0.506207 0.041780
0.632328 0.511250 0.039035
0.627030 0.515860 0.037295
0.633237 0.501653 0.043636
0.638555 0.497133 0.045509
0.642942 0.502133 0.042582
0.637632 0.506674 0.040799
0.585634 0.543927 0.028210
0.590101 0.549171 0.026248
0.584844 0.554081 0.024889
0.590903 0.539080 0.029736
0.596177 0.534272 0.031319
0.600627 0.539465 0.029152
0.595361 0.544299 0.027670
0.621852 0.586175 0.015956
0.626459 0.591481 0.014905
0.621279 0.596549 0.014227
0.627049 0.581154 0.016763
0.632254 0.576168 0.017618
0.636841 0.581439 0.016410
0.631646 0.586443 0.015633
0.559338 0.432047 0.104915
0.563615 0.436303 0.100125
0.558235 0.440371 0.096673
0.564723 0.428017 0.108427
0.570081 0.423952 0.111798
0.574367 0.428155 0.106943
0.568995 0.432228 0.103574
0.516344 0.464505 0.077070
0.520636 0.469082 0.073289
0.515278 0.473310 0.070105
0.521701 0.460377 0.080414
0.527063 0.456286 0.083804
0.531360 0.460754 0.079794
0.525996 0.464898 0.076520
0.550585 0.502867 0.048947
0.554899 0.507892 0.045887
0.549565 0.512543 0.043618
0.555937 0.498291 0.051390
0.561294 0.493747 0.053875
0.565585 0.498692 0.050570
0.560239 0.503276 0.048206
0.601526 0.397938 0.129538
0.605900 0.402422 0.124595
0.600720 0.406868 0.121841
0.606656 0.393329 0.132279
0.611769 0.388666 0.135029
0.616207 0.393393 0.130080
0.611061 0.397930 0.127336
0.635905 0.433171 0.090248
0.640185 0.437700 0.085550
0.634846 0.441916 0.082961
0.641247 0.428980 0.092888
0.646583 0.424801 0.095482
0.650893 0.429316 0.090701
0.645537 0.433501 0.088143
0.593342 0.467254 0.069117
0.597615 0.471931 0.065188
0.592291 0.476305 0.062708
0.598662 0.462940 0.071708
0.603979 0.458645 0.074315
0.608249 0.463260 0.070197
0.602934 0.467584 0.067684
0.663619 0.547064 0.023790
0.668137 0.552227 0.022126
0.662902 0.556999 0.021046
0.668870 0.542349 0.024992
0.674128 0.537673 0.026235
0.678631 0.542801 0.024426
0.673380 0.547495 0.023254
0.508006 0.540789 0.031694
0.512394 0.546132 0.029600
0.507102 0.551082 0.027918
0.513310 0.535915 0.033584
0.518617 0.531080 0.035559
0.522989 0.536345 0.033225
0.517689 0.541220 0.031370
0.423577 0.623607 0.012517
0.428149 0.629497 0.011976
0.422938 0.635054 0.011519
0.428814 0.618108 0.013118
0.434056 0.612665 0.013801
0.438600 0.618489 0.013078
0.433371 0.623965 0.012487
0.500028 0.709077 0.008899
0.504952 0.714050 0.008898
0.500019 0.719001 0.008898
0.504961 0.704123 0.008900
0.509895 0.699169 0.008900
0.514818 0.704148 0.008899
0.509885 0.709099 0.008898
0.353058 0.529775 0.032598
0.357393 0.535345 0.030786
0.352015 0.540009 0.028980
0.358430 0.525188 0.034575
0.363797 0.520631 0.036650
0.368130 0.526107 0.034674
0.362765 0.530711 0.032682
0.523262 0.397131 0.139462
0.527974 0.401737 0.135650
0.522766 0.406031 0.132096
0.528407 0.392613 0.142901
0.533529 0.387974 0.146258
0.538326 0.392823 0.142482
0.533162 0.397340 0.139113
0.438740 0.460433 0.077203
0.443128 0.465072 0.073991
0.437782 0.469144 0.070507
0.444074 0.456479 0.080864
0.449406 0.452571 0.084611
0.453811 0.457083 0.081223
0.448471 0.461053 0.077564
0.580517 0.627341 0.011379
0.585205 0.632721 0.010971
0.580081 0.637945 0.010703
0.585662 0.622116 0.011754
0.590812 0.616911 0.012189
0.595480 0.622283 0.011620
0.590339 0.627494 0.011266
0.661771 0.460994 0.064393
0.660792 0.470121 0.058593
0.656441 0.465310 0.062252
0.666119 0.465783 0.060654
0.665156 0.474974 0.055100
0.696945 0.500315 0.039085
0.696088 0.509798 0.035172
0.691629 0.504764 0.037564
0.701402 0.505339 0.036632
0.700558 0.514841 0.032913
0.534613 0.573109 0.020914
0.533878 0.583659 0.018410
0.529364 0.578208 0.019737
0.539115 0.578536 0.019497
0.538412 0.589114 0.017187
0.492774 0.614731 0.013390
0.492184 0.625655 0.012175
0.487572 0.620060 0.012777
0.497374 0.620314 0.012697
0.496818 0.631229 0.011669
0.530210 0.658385 0.009859
0.529954 0.668777 0.009444
0.525151 0.663552 0.009648
0.534995 0.663638 0.009626
0.534777 0.673963 0.009274
0.393906 0.415965 0.109603
0.393246 0.423772 0.102251
0.388696 0.419356 0.105359
0.398490 0.420339 0.106511
0.397771 0.428201 0.099094
0.351902 0.444556 0.077774
0.351065 0.453224 0.071618
0.346618 0.448391 0.074277
0.356358 0.449338 0.075047
0.355503 0.458082 0.068977
0.387244 0.483702 0.056519
0.386246 0.493108 0.051111
0.381893 0.487977 0.053594
0.391601 0.488782 0.053949
0.390589 0.498283 0.048658
0.513607 0.303720 0.179983
0.513661 0.313876 0.179005
0.508705 0.308766 0.179616
0.518564 0.308758 0.179612
0.518627 0.319067 0.178167
0.553620 0.345991 0.169833
0.553701 0.357019 0.164829
0.548671 0.351493 0.167675
0.558659 0.351514 0.167176
0.558712 0.362535 0.161619
0.474415 0.346713 0.169729
0.474420 0.357399 0.164767
0.469503 0.352290 0.167142
0.479335 0.351884 0.167539
0.479345 0.362537 0.162194
0.434758 0.386896 0.142377
0.434532 0.395300 0.135536
0.429724 0.390954 0.138436
0.439594 0.391279 0.139506
0.439302 0.399625 0.132547
0.472330 0.421272 0.116412
0.471554 0.429197 0.108388
0.467060 0.425016 0.112225
0.476849 0.425448 0.112591
0.476019 0.433431 0.104483
0.309441 0.476567 0.053167
0.308501 0.485913 0.048498
0.304112 0.480722 0.050625
0.313843 0.481715 0.050987
0.312880 0.491136 0.046390
0.451483 0.657596 0.010029
0.451172 0.668234 0.009540
0.446394 0.662904 0.009771
0.456239 0.662971 0.009763
0.455975 0.673505 0.009347
0.379092 0.563949 0.022751
0.378118 0.574842 0.020036
0.373746 0.568877 0.021346
0.383454 0.569829 0.021357
0.382505 0.580855 0.018804
0.464806 0.489149 0.058315
0.463723 0.498607 0.052382
0.459425 0.493565 0.055306
0.469100 0.494135 0.055275
0.468022 0.503691 0.049527
0.421900 0.525550 0.037138
0.420880 0.535734 0.032942
0.416549 0.530260 0.034984
0.426227 0.530970 0.034992
0.425217 0.541244 0.030984
0.456775 0.569742 0.022418
0.455907 0.580501 0.019706
0.451471 0.574838 0.021067
0.461199 0.575364 0.020965
0.460363 0.586171 0.018434
0.619186 0.496203 0.047728
0.618231 0.505753 0.042750
0.613865 0.500741 0.045705
0.623545 0.501190 0.044677
0.622620 0.510794 0.039948
0.576756 0.533497 0.032563
0.575912 0.543559 0.028745
0.571473 0.538327 0.030886
0.581185 0.538701 0.030314
0.580369 0.548811 0.026746
0.612691 0.575567 0.018359
0.612063 0.585906 0.016270
0.607481 0.580584 0.017442
0.617263 0.580869 0.017107
0.616663 0.591228 0.015199
0.550681 0.423619 0.114361
0.549645 0.431828 0.106046
0.545309 0.427612 0.110726
0.555034 0.427835 0.109688
0.553949 0.436086 0.101335
0.507716 0.455531 0.084778
0.506687 0.464103 0.077498
0.502368 0.459590 0.081264
0.512038 0.459989 0.080902
0.510989 0.468675 0.073776
0.542008 0.492934 0.055436
0.540932 0.502449 0.049618
0.536642 0.497460 0.052799
0.546288 0.497880 0.052133
0.545240 0.507478 0.046556
0.592583 0.388626 0.139261
0.591958 0.398009 0.131673
0.587452 0.393395 0.136437
0.597099 0.393352 0.134450
0.596376 0.402487 0.126791
0.627368 0.424274 0.099890
0.626309 0.432901 0.092316
0.622062 0.428481 0.097153
0.631635 0.428696 0.095038
0.630567 0.437382 0.087566
0.584840 0.458120 0.077412
0.583758 0.466949 0.070524
0.579506 0.462379 0.074635
0.589084 0.462649 0.073192
0.588017 0.471591 0.066544
0.654610 0.536763 0.027474
0.653859 0.546644 0.024336
0.649351 0.541479 0.026161
0.659109 0.541909 0.025570
0.658376 0.551817 0.022633
0.499281 0.530185 0.036232
0.498325 0.540344 0.031982
0.493961 0.535011 0.034186
0.503636 0.535473 0.033906
0.502706 0.545702 0.029891
0.414507 0.611722 0.013872
0.413786 0.623204 0.012538
0.409249 0.617201 0.013170
0.419030 0.617680 0.013149
0.418347 0.629168 0.011997
0.490181 0.699112 0.008903
0.490170 0.709057 0.008900
0.485247 0.704076 0.008902
0.495104 0.704098 0.008901
0.495094 0.714032 0.008899
0.344382 0.518783 0.036398
0.343340 0.528826 0.032506
0.339001 0.523308 0.034358
0.348721 0.524255 0.034470
0.347677 0.534393 0.030711
0.513704 0.387662 0.146683
0.513373 0.396964 0.139638
0.508609 0.392308 0.143213
0.518504 0.392442 0.143138
0.518093 0.401535 0.135935
0.429913 0.451304 0.083687
0.429007 0.459779 0.076782
0.424593 0.455169 0.079947
0.434335 0.455846 0.080437
0.433403 0.464435 0.073634
0.571191 0.616540 0.012479
0.570698 0.627184 0.011485
0.566032 0.621772 0.011999
0.575846 0.621946 0.011880
0.575379 0.632582 0.011065
0.716905 0.554428 0.019740
0.711647 0.559096 0.018763
0.722176 0.549798 0.020753
0.706404 0.563800 0.017829
0.701181 0.568539 0.016943
0.738056 0.536126 0.023964
0.732754 0.540649 0.022870
0.743365 0.531636 0.025076
0.727460 0.545205 0.021798
0.554238 0.714123 0.008895
0.549307 0.719063 0.008895
0.559168 0.709185 0.008896
0.544376 0.724002 0.008895
0.539445 0.728942 0.008895
0.573968 0.694358 0.008912
0.569028 0.699312 0.008897
0.578921 0.689378 0.008951
0.564099 0.704248 0.008896
0.311910 0.546442 0.025333
0.460577 0.728877 0.008898
0.383091 0.645457 0.010704
0.634362 0.633350 0.010411
0.629253 0.638510 0.010240
0.639479 0.628195 0.010596
0.624157 0.643662 0.010069
0.619075 0.648803 0.009901
0.654840 0.612868 0.011466
0.649718 0.617952 0.011123
0.659963 0.607812 0.011862
0.644598 0.623061 0.010833
0.675350 0.592828 0.013363
0.670217 0.597791 0.012810
0.680491 0.587898 0.013970
0.665088 0.602787 0.012310
0.695982 0.573321 0.016116
0.690803 0.578143 0.015345
0.685641 0.583003 0.014630
0.421231 0.688978 0.008980
0.514790 0.753624 0.008895
0.509860 0.758554 0.008895
0.519721 0.748691 0.008895
0.504930 0.763482 0.008895
0.500000 0.768407 0.008896
0.534514 0.733881 0.008895
0.529583 0.738819 0.008895
0.524651 0.743756 0.008895
0.347036 0.594740 0.015501
0.593871 0.674299 0.009193
0.588873 0.679346 0.009093
0.598884 0.669233 0.009309
0.583890 0.684373 0.009012
0.614006 0.653933 0.009739
0.608951 0.659049 0.009584
0.603911 0.664150 0.009440
0.290271 0.518375 0.033738
0.285954 0.512880 0.035569
0.294591 0.523904 0.031951
0.281637 0.507416 0.037436
0.277318 0.501981 0.039335
0.307570 0.540744 0.026898
0.303239 0.535083 0.028525
0.298913 0.529471 0.030211
0.435953 0.704031 0.008903
0.431030 0.699055 0.008903
0.440877 0.709006 0.008902
0.426120 0.694045 0.008925
0.455651 0.723915 0.008899
0.450726 0.718948 0.008900
0.445801 0.713978 0.008901
0.360386 0.614022 0.013140
0.355922 0.607569 0.013844
0.364867 0.620477 0.012521
0.351472 0.601136 0.014631
0.378474 0.639456 0.011090
0.373900 0.633276 0.011518
0.369368 0.626916 0.011988
0.397165 0.662564 0.009780
0.392439 0.656994 0.010049
0.401923 0.668022 0.009547
0.387747 0.651297 0.010357
0.416366 0.683850 0.009069
0.411525 0.678655 0.009193
0.406710 0.673382 0.009352
0.475357 0.743737 0.008896
0.470429 0.738788 0.008897
0.480284 0.748680 0.008896
0.465503 0.733835 0.008897
0.495070 0.763481 0.008896
0.490141 0.758552 0.008896
0.485212 0.753618 0.008896
0.325006 0.563854 0.021055
0.320630 0.557972 0.022405
0.329392 0.569840 0.019784
0.316265 0.552176 0.023833
0.342610 0.588398 0.016451
0.338195 0.582124 0.017482
0.333789 0.575934 0.018593
