0.579220 0.609209 0.009835
0.579143 0.619325 0.009524
0.574263 0.614224 0.009701
0.424763 0.448146 0.041049
0.424684 0.457711 0.037589
0.419769 0.452945 0.038982
0.501856 0.371756 0.070332
0.502616 0.381207 0.067963
0.497275 0.376506 0.069228
0.344610 0.526895 0.016767
0.344456 0.536932 0.015370
0.339597 0.531936 0.015904
0.500009 0.689470 0.008913
0.500000 0.699360 0.008898
0.495073 0.694422 0.008902
0.421992 0.608221 0.010300
0.421833 0.618491 0.009872
0.416994 0.613339 0.010051
0.501961 0.527169 0.019453
0.501735 0.537275 0.017590
0.496948 0.532171 0.018558
0.658919 0.530105 0.013397
0.658755 0.540103 0.012484
0.653917 0.534995 0.013093
0.582363 0.448540 0.036130
0.582126 0.458410 0.032954
0.577383 0.453411 0.035137
0.621900 0.409404 0.043308
0.621875 0.419317 0.040123
0.617009 0.414290 0.042548
0.581474 0.370782 0.063065
0.582073 0.380364 0.060134
0.576904 0.375687 0.062542
0.542257 0.487497 0.027710
0.541954 0.497491 0.025056
0.537212 0.492412 0.026617
0.503933 0.447996 0.042844
0.503767 0.457658 0.039141
0.498924 0.452801 0.041080
0.543763 0.409583 0.056416
0.543821 0.419173 0.052627
0.538869 0.414383 0.055047
0.618970 0.569398 0.011311
0.618844 0.579455 0.010729
0.613989 0.574342 0.011102
0.580358 0.528360 0.016815
0.580159 0.538438 0.015346
0.575352 0.533302 0.016263
0.620463 0.489106 0.021504
0.620229 0.499112 0.019623
0.615451 0.493985 0.020916
0.461946 0.567456 0.013594
0.461776 0.577664 0.012585
0.456953 0.572530 0.013062
0.423435 0.526778 0.019083
0.423236 0.536856 0.017310
0.418418 0.531808 0.018068
0.463744 0.486834 0.029557
0.463488 0.496777 0.026743
0.458696 0.491782 0.028058
0.383344 0.567212 0.012833
0.383162 0.577397 0.011958
0.378331 0.572294 0.012309
0.460804 0.649310 0.009268
0.460718 0.659437 0.009135
0.455834 0.654374 0.009197
0.305434 0.487478 0.021744
0.305376 0.497318 0.019990
0.300451 0.492430 0.020599
0.464223 0.409918 0.058443
0.464408 0.419383 0.054740
0.459374 0.414693 0.056448
0.422499 0.372853 0.067742
0.423225 0.382261 0.065195
0.417906 0.377681 0.066084
0.459225 0.333741 0.076198
0.459792 0.343455 0.075031
0.454559 0.338637 0.075577
0.538568 0.333337 0.075654
0.539240 0.343004 0.074346
0.533887 0.338240 0.075288
0.497687 0.294443 0.078266
0.497740 0.304295 0.078165
0.492771 0.299374 0.078237
0.384704 0.487002 0.026431
0.384559 0.496873 0.024048
0.379687 0.491948 0.024944
0.345251 0.448461 0.034103
0.345235 0.458058 0.031303
0.340278 0.453270 0.032234
0.384793 0.410745 0.051834
0.384997 0.420037 0.048424
0.379922 0.415404 0.049532
0.539582 0.649476 0.009194
0.539530 0.659543 0.009088
0.534629 0.654505 0.009145
0.500605 0.608586 0.010330
0.500487 0.618808 0.009892
0.495633 0.613670 0.010108
0.540398 0.568166 0.012954
0.540254 0.578330 0.012058
0.535418 0.573188 0.012562
0.699047 0.491213 0.016013
0.698843 0.501142 0.014865
0.694018 0.496053 0.015666
0.660560 0.450236 0.026216
0.660337 0.460221 0.023990
0.655541 0.455092 0.025609
0.584098 0.614312 0.009632
0.429682 0.452896 0.039592
0.507238 0.376455 0.069127
0.349471 0.531885 0.016193
0.504932 0.694422 0.008902
0.426829 0.613371 0.010086
0.506741 0.532269 0.018413
0.663754 0.535209 0.012760
0.587110 0.453539 0.033893
0.626803 0.414437 0.040889
0.586679 0.375457 0.060698
0.547001 0.492560 0.026071
0.508784 0.452846 0.040823
0.548749 0.414359 0.054013
0.623822 0.574512 0.010916
0.585161 0.533494 0.015847
0.625245 0.494233 0.020164
0.466767 0.572586 0.013076
0.428250 0.531819 0.018265
0.468543 0.491808 0.028169
0.388173 0.572308 0.012448
0.465684 0.654387 0.009198
0.310363 0.492356 0.021097
0.469294 0.414607 0.056788
0.427848 0.377443 0.066887
0.464428 0.338578 0.075705
0.543889 0.338106 0.074732
0.502631 0.299371 0.078238
0.389581 0.491907 0.025477
0.350213 0.453235 0.033132
0.389898 0.415359 0.050748
0.544479 0.654526 0.009131
0.505457 0.613725 0.010078
0.545231 0.573307 0.012414
0.703874 0.496303 0.015183
0.665357 0.455367 0.024562
0.659691 0.490164 0.018441
0.664499 0.495283 0.017360
0.659481 0.500142 0.016960
0.664708 0.485309 0.018885
0.679769 0.470757 0.020273
0.684582 0.475881 0.019058
0.679559 0.480728 0.018619
0.698289 0.530935 0.012135
0.703130 0.535995 0.011658
0.698124 0.540872 0.011443
0.703300 0.526067 0.012379
0.718352 0.511501 0.013134
0.723180 0.516548 0.012572
0.718164 0.521402 0.012337
0.539901 0.608860 0.010133
0.544767 0.613985 0.009896
0.539806 0.619037 0.009745
0.544866 0.603813 0.010338
0.559765 0.588722 0.011053
0.564620 0.593853 0.010686
0.559655 0.598874 0.010465
0.500193 0.649384 0.009249
0.505081 0.654449 0.009178
0.500124 0.659484 0.009123
0.505155 0.644326 0.009316
0.520047 0.629111 0.009543
0.524922 0.634227 0.009437
0.519960 0.639293 0.009368
0.539443 0.689476 0.008910
0.544368 0.694425 0.008901
0.539437 0.699362 0.008897
0.544380 0.684516 0.008925
0.559200 0.669584 0.008992
0.564115 0.674577 0.008961
0.559176 0.679552 0.008940
0.385040 0.448329 0.037960
0.389988 0.453079 0.036775
0.384991 0.457887 0.034789
0.390030 0.443554 0.040082
0.404977 0.429303 0.046856
0.409939 0.433992 0.045419
0.404959 0.438748 0.043158
0.345076 0.487215 0.024000
0.349985 0.492101 0.023227
0.344985 0.497060 0.021944
0.350071 0.482287 0.025419
0.365057 0.467613 0.030244
0.369987 0.472431 0.029293
0.364985 0.477321 0.027632
0.384061 0.526785 0.018051
0.388898 0.531802 0.017360
0.383887 0.536837 0.016449
0.389075 0.521767 0.019088
0.404133 0.506759 0.022637
0.408966 0.511742 0.021714
0.403944 0.516745 0.020517
0.498726 0.333602 0.076387
0.503961 0.338427 0.075861
0.499337 0.343258 0.075297
0.503413 0.328741 0.076835
0.517725 0.314047 0.077814
0.522865 0.318899 0.077483
0.518082 0.323814 0.077186
0.541833 0.371543 0.068597
0.547206 0.376228 0.066836
0.542571 0.381015 0.066001
0.546397 0.366763 0.069321
0.560032 0.352251 0.070910
0.565441 0.356903 0.069260
0.560906 0.361784 0.068788
0.462141 0.372108 0.069885
0.467471 0.376775 0.068889
0.462858 0.381564 0.067515
0.466684 0.367319 0.071086
0.480271 0.352937 0.073918
0.485634 0.357668 0.073200
0.481113 0.362446 0.072308
0.424598 0.410389 0.056007
0.429665 0.415021 0.054639
0.424783 0.419767 0.052397
0.429414 0.405637 0.058119
0.443643 0.391294 0.063870
0.448829 0.395935 0.062677
0.444091 0.400718 0.060829
0.464385 0.447967 0.042886
0.469286 0.452759 0.041139
0.464283 0.457575 0.039253
0.469373 0.443169 0.044884
0.484301 0.428787 0.051055
0.489243 0.433561 0.048996
0.484260 0.438358 0.046987
0.305052 0.527194 0.015562
0.309926 0.532177 0.015074
0.304890 0.537283 0.014355
0.310073 0.522130 0.016373
0.325093 0.507073 0.019196
0.329985 0.512008 0.018573
0.324980 0.517019 0.017599
0.460574 0.689467 0.008914
0.465496 0.694421 0.008902
0.460563 0.699360 0.008898
0.465515 0.684500 0.008933
0.480361 0.669518 0.009031
0.485265 0.674529 0.008990
0.480318 0.679521 0.008958
0.382633 0.608108 0.010079
0.387471 0.613258 0.009905
0.382463 0.618388 0.009701
0.387642 0.602988 0.010353
0.402661 0.587657 0.011400
0.407492 0.592790 0.011091
0.402488 0.597899 0.010738
0.462740 0.526878 0.019666
0.467535 0.531950 0.018712
0.462520 0.536977 0.017788
0.467764 0.521866 0.020716
0.482869 0.506883 0.024166
0.487640 0.511936 0.022912
0.482607 0.516926 0.021792
0.422674 0.567293 0.013336
0.427497 0.572406 0.012885
0.422497 0.577494 0.012378
0.427676 0.562216 0.013919
0.442686 0.547020 0.016022
0.447498 0.552114 0.015350
0.442496 0.557177 0.014654
0.461309 0.608377 0.010394
0.466152 0.613525 0.010151
0.461168 0.618630 0.009941
0.466295 0.603277 0.010673
0.481245 0.588008 0.011700
0.486079 0.593154 0.011305
0.481098 0.598239 0.010971
0.619605 0.529193 0.015036
0.624426 0.534324 0.014224
0.619428 0.539238 0.013853
0.624608 0.524288 0.015456
0.639631 0.509625 0.016727
0.644443 0.514753 0.015768
0.639435 0.519635 0.015375
0.579664 0.568734 0.012155
0.584506 0.573865 0.011673
0.579530 0.578847 0.011413
0.584647 0.563762 0.012448
0.599616 0.548898 0.013453
0.604447 0.554029 0.012813
0.599457 0.558975 0.012502
0.618567 0.609623 0.009515
0.623455 0.614699 0.009356
0.618503 0.619669 0.009287
0.623524 0.604659 0.009617
0.638413 0.589816 0.009973
0.643287 0.594897 0.009735
0.638324 0.599838 0.009626
0.543320 0.448217 0.040676
0.548104 0.453122 0.038426
0.543081 0.457954 0.037083
0.548337 0.443388 0.042101
0.563347 0.428831 0.046231
0.568122 0.433718 0.043578
0.563132 0.438591 0.042338
0.503065 0.487042 0.029333
0.507823 0.492062 0.027771
0.502773 0.497015 0.026511
0.508105 0.482134 0.030696
0.523211 0.467532 0.034918
0.527988 0.472480 0.033029
0.522951 0.477345 0.031689
0.541147 0.527660 0.018474
0.545936 0.532783 0.017422
0.540928 0.537760 0.016748
0.546165 0.522696 0.019237
0.561243 0.507859 0.021603
0.566007 0.512976 0.020272
0.560985 0.517913 0.019548
0.582946 0.409305 0.050379
0.587812 0.414151 0.047734
0.582944 0.419042 0.046839
0.587746 0.404416 0.051167
0.602002 0.389724 0.053294
0.607025 0.394572 0.050779
0.602252 0.399472 0.050067
0.621337 0.449196 0.030993
0.626123 0.454296 0.029037
0.621127 0.459161 0.028321
0.626331 0.444326 0.031751
0.641366 0.429729 0.034008
0.646172 0.434853 0.031882
0.641150 0.439716 0.031166
0.581358 0.488202 0.024760
0.586109 0.493306 0.023200
0.581084 0.498213 0.022463
0.586373 0.483314 0.025550
0.601378 0.468683 0.027911
0.606143 0.473770 0.026148
0.601143 0.478645 0.025414
0.658316 0.570105 0.010546
0.663173 0.575181 0.010247
0.658196 0.580103 0.010110
0.663303 0.565190 0.010701
0.678281 0.550474 0.011245
0.683128 0.555543 0.010859
0.678135 0.560445 0.010689
0.501174 0.567743 0.013454
0.505995 0.572883 0.012902
0.501016 0.577939 0.012467
0.506156 0.562699 0.013951
0.521124 0.547622 0.015673
0.525932 0.552754 0.014893
0.520943 0.557772 0.014344
0.421409 0.649253 0.009242
0.426282 0.654340 0.009181
0.421308 0.659401 0.009118
0.426392 0.644162 0.009320
0.441358 0.628823 0.009613
0.446209 0.633969 0.009514
0.441223 0.639080 0.009419
0.500000 0.728939 0.008898
0.504930 0.733869 0.008898
0.500000 0.738798 0.008898
0.504930 0.724009 0.008898
0.519719 0.709221 0.008898
0.524648 0.714151 0.008898
0.519719 0.719080 0.008898
0.343915 0.567291 0.012177
0.348761 0.572340 0.011850
0.343726 0.577474 0.011399
0.348950 0.562176 0.012698
0.364015 0.546938 0.014596
0.368851 0.551987 0.014114
0.363837 0.557053 0.013463
0.503991 0.409662 0.058764
0.509062 0.414415 0.056802
0.504139 0.419192 0.054984
0.508843 0.404893 0.060412
0.523207 0.390608 0.064646
0.528435 0.395339 0.062819
0.523646 0.400108 0.061511
0.424266 0.486865 0.028399
0.429106 0.491795 0.027237
0.424064 0.496770 0.025750
0.429298 0.481936 0.030018
0.444371 0.467270 0.035258
0.449239 0.472114 0.033820
0.444212 0.477000 0.032094
0.578977 0.649592 0.009112
0.583884 0.654622 0.009063
0.578940 0.659616 0.009036
0.583923 0.644586 0.009143
0.598763 0.629566 0.009235
0.603662 0.634630 0.009166
0.598717 0.639628 0.009142
0.640497 0.469657 0.023829
0.640279 0.479641 0.021774
0.635487 0.474512 0.023250
0.645291 0.474784 0.022317
0.654674 0.495022 0.018006
0.678953 0.510605 0.014673
0.678770 0.520567 0.013634
0.673940 0.515470 0.014348
0.683782 0.515700 0.013936
0.693282 0.535810 0.011899
0.520493 0.588311 0.011478
0.520366 0.598511 0.010795
0.515520 0.593370 0.011155
0.525337 0.593454 0.011082
0.534938 0.613914 0.009950
0.480707 0.628951 0.009620
0.480595 0.639174 0.009424
0.475729 0.634053 0.009519
0.485568 0.634084 0.009511
0.495232 0.654432 0.009187
0.519780 0.669548 0.009017
0.519746 0.679535 0.008952
0.514833 0.674545 0.008983
0.524689 0.674551 0.008979
0.534509 0.694424 0.008901
0.365132 0.429438 0.042527
0.365144 0.438892 0.039193
0.360163 0.434163 0.040280
0.370121 0.434150 0.041405
0.380046 0.453120 0.035911
0.325353 0.467820 0.027193
0.325314 0.477553 0.024927
0.320376 0.472710 0.025697
0.330296 0.472650 0.026382
0.340082 0.492159 0.022674
0.364644 0.506869 0.020955
0.364500 0.516823 0.019093
0.359635 0.511859 0.019790
0.369511 0.511824 0.020215
0.379050 0.531811 0.017085
0.478200 0.314130 0.077810
0.478515 0.323917 0.077206
0.473409 0.319038 0.077527
0.483272 0.319021 0.077550
0.494068 0.338452 0.075876
0.520014 0.352754 0.073735
0.520923 0.362236 0.072028
0.515453 0.357530 0.073052
0.525462 0.357479 0.072754
0.537234 0.376315 0.067776
0.440724 0.353328 0.073061
0.441532 0.362912 0.071229
0.436152 0.358237 0.071961
0.446063 0.358057 0.072385
0.457564 0.376903 0.068563
0.403926 0.391999 0.060475
0.404393 0.401293 0.057411
0.399196 0.396715 0.058421
0.409153 0.396572 0.059494
0.419746 0.415127 0.053812
0.444647 0.429007 0.049862
0.444631 0.438504 0.045931
0.439692 0.433788 0.047592
0.449597 0.433717 0.048129
0.459391 0.452773 0.040923
0.285493 0.507355 0.017613
0.285386 0.517332 0.016249
0.280497 0.512365 0.016747
0.290392 0.512299 0.017088
0.300020 0.532287 0.014810
0.440941 0.669495 0.009030
0.440888 0.679511 0.008957
0.435983 0.674509 0.008989
0.445840 0.674512 0.008991
0.455637 0.694421 0.008902
0.363289 0.587580 0.010976
0.363111 0.597813 0.010391
0.358269 0.592701 0.010614
0.368126 0.592697 0.010724
0.377624 0.613235 0.009842
0.443548 0.506733 0.023845
0.443316 0.516752 0.021538
0.438511 0.511733 0.022554
0.448350 0.511746 0.022754
0.457720 0.531900 0.018669
0.403383 0.546940 0.015435
0.403199 0.557077 0.014169
0.398374 0.551998 0.014691
0.408207 0.552012 0.014855
0.417672 0.572376 0.012793
0.441973 0.587794 0.011665
0.441810 0.598038 0.010947
0.436979 0.592894 0.011269
0.446803 0.592936 0.011305
0.456323 0.613482 0.010147
0.600403 0.508671 0.019136
0.600179 0.518711 0.017431
0.595389 0.513581 0.018544
0.605189 0.513800 0.017976
0.614604 0.534106 0.014623
0.560350 0.548183 0.014716
0.560179 0.558303 0.013546
0.555356 0.553164 0.014236
0.565169 0.553322 0.013963
0.574684 0.573715 0.011868
0.599070 0.589231 0.010505
0.598973 0.599321 0.010041
0.594104 0.594212 0.010321
0.603936 0.594341 0.010201
0.613613 0.614596 0.009425
0.523968 0.428785 0.050088
0.523832 0.438432 0.045966
0.518961 0.433592 0.048265
0.528846 0.433619 0.047696
0.538298 0.453042 0.039238
0.483877 0.467280 0.035949
0.483671 0.477049 0.032679
0.478852 0.472137 0.034298
0.488702 0.472175 0.034252
0.498021 0.491975 0.027997
0.522069 0.507256 0.023396
0.521797 0.517310 0.021104
0.517032 0.512221 0.022363
0.526828 0.512343 0.022062
0.536134 0.532635 0.017731
0.562940 0.390311 0.060560
0.563285 0.399876 0.057323
0.558207 0.395147 0.059708
0.568047 0.395021 0.058172
0.578115 0.414192 0.049526
0.602233 0.428972 0.040011
0.602033 0.438891 0.036665
0.597271 0.433876 0.039058
0.607002 0.433996 0.037573
0.616347 0.454067 0.030231
0.562382 0.467994 0.032064
0.562106 0.477877 0.029106
0.557360 0.472854 0.030991
0.567126 0.473007 0.030094
0.576337 0.493101 0.023971
0.638927 0.549703 0.012243
0.638779 0.559732 0.011503
0.633935 0.554616 0.011987
0.643770 0.554817 0.011726
0.653334 0.575025 0.010395
0.481930 0.547238 0.016135
0.481740 0.557400 0.014738
0.476931 0.552280 0.015423
0.486735 0.552354 0.015380
0.496192 0.572798 0.012980
0.401991 0.628724 0.009522
0.401838 0.639007 0.009352
0.396988 0.633862 0.009416
0.406835 0.633880 0.009444
0.416430 0.654330 0.009172
0.480282 0.709220 0.008898
0.480282 0.719080 0.008898
0.475352 0.714150 0.008898
0.485212 0.714150 0.008898
0.495071 0.733869 0.008898
0.324517 0.547178 0.013703
0.324325 0.557334 0.012706
0.319472 0.552312 0.013087
0.329372 0.552195 0.013284
0.338875 0.572429 0.011698
0.483310 0.390808 0.065284
0.483770 0.400277 0.062255
0.478586 0.395585 0.063746
0.488533 0.395503 0.063848
0.499110 0.414438 0.057002
0.404758 0.467425 0.033169
0.404640 0.477131 0.030230
0.399748 0.472289 0.031371
0.409656 0.472248 0.031965
0.419232 0.491816 0.026852
0.559397 0.629316 0.009407
0.559333 0.639444 0.009269
0.554443 0.634360 0.009350
0.564285 0.634409 0.009315
0.574032 0.654595 0.009081
0.569087 0.659596 0.009050
0.569055 0.669595 0.008984
0.564143 0.664593 0.009020
0.573997 0.664608 0.009009
0.578911 0.669607 0.008976
0.578891 0.679563 0.008933
0.573972 0.674585 0.008955
0.559279 0.649531 0.009156
0.564180 0.654571 0.009099
0.559234 0.659577 0.009064
0.564228 0.644510 0.009197
0.569177 0.639486 0.009238
0.574075 0.644547 0.009170
0.569128 0.649560 0.009134
0.549489 0.639403 0.009297
0.549430 0.649503 0.009176
0.544535 0.644442 0.009245
0.554381 0.644475 0.009222
0.554330 0.654548 0.009116
0.414195 0.496788 0.025376
0.413993 0.506745 0.022985
0.409161 0.501770 0.023968
0.419025 0.501754 0.024330
0.423849 0.506736 0.023304
0.423639 0.516738 0.021081
0.418819 0.511734 0.022021
0.404494 0.486925 0.027495
0.409353 0.491842 0.026430
0.404321 0.496811 0.024967
0.409518 0.481999 0.029094
0.414540 0.477094 0.030767
0.419410 0.481966 0.029577
0.414383 0.486893 0.027967
0.394734 0.477172 0.029647
0.394602 0.486961 0.026983
0.389720 0.482077 0.028000
0.399622 0.482036 0.028568
0.399469 0.491872 0.025972
0.494199 0.419218 0.055125
0.494221 0.428765 0.051026
0.489259 0.424001 0.053132
0.499190 0.423976 0.053049
0.504141 0.428757 0.050865
0.504059 0.438368 0.046755
0.499153 0.433556 0.048890
0.484088 0.409759 0.058873
0.489164 0.414479 0.057066
0.484262 0.419258 0.055131
0.488922 0.404983 0.060636
0.493723 0.400209 0.062285
0.498878 0.404928 0.060591
0.494036 0.409702 0.058886
0.473829 0.400363 0.062093
0.474150 0.409831 0.058725
0.469042 0.405141 0.060325
0.478976 0.405054 0.060547
0.479225 0.414536 0.056994
0.333828 0.577590 0.011260
0.333639 0.587805 0.010620
0.328776 0.582773 0.010863
0.338685 0.582629 0.010990
0.343541 0.587683 0.010738
0.343360 0.597914 0.010193
0.338501 0.592852 0.010397
0.324116 0.567533 0.011856
0.328971 0.572559 0.011549
0.323913 0.577749 0.011124
0.329174 0.562362 0.012350
0.334222 0.557219 0.012890
0.339069 0.562252 0.012522
0.334024 0.567393 0.012016
0.314413 0.557479 0.012525
0.314193 0.567711 0.011700
0.309340 0.562684 0.012014
0.319265 0.562505 0.012180
0.319051 0.572731 0.011403
0.490141 0.738798 0.008898
0.490141 0.748657 0.008898
0.485212 0.743728 0.008898
0.495071 0.743728 0.008898
0.500000 0.748657 0.008898
0.500000 0.758516 0.008898
0.495071 0.753587 0.008898
0.480282 0.728939 0.008898
0.485212 0.733869 0.008898
0.480282 0.738798 0.008898
0.485212 0.724009 0.008898
0.490141 0.719080 0.008898
0.495071 0.724009 0.008898
0.490141 0.728939 0.008898
0.470423 0.719080 0.008898
0.470423 0.728939 0.008898
0.465493 0.724010 0.008898
0.475352 0.724010 0.008898
0.475352 0.733869 0.008898
0.411454 0.659394 0.009110
0.411373 0.669482 0.009018
0.406483 0.664443 0.009057
0.416338 0.664448 0.009064
0.421229 0.669486 0.009023
0.421173 0.679507 0.008954
0.416270 0.674503 0.008984
0.401707 0.649230 0.009213
0.406577 0.654321 0.009160
0.401600 0.659387 0.009100
0.406694 0.644134 0.009289
0.411686 0.639024 0.009374
0.416544 0.644148 0.009306
0.411559 0.649241 0.009229
0.391988 0.638992 0.009326
0.391854 0.649220 0.009195
0.386992 0.644109 0.009246
0.396844 0.644121 0.009269
0.396724 0.654313 0.009147
0.491210 0.577860 0.012528
0.491058 0.588075 0.011667
0.486228 0.582931 0.012100
0.496038 0.583003 0.012055
0.500869 0.588148 0.011618
0.500733 0.598365 0.010905
0.495893 0.593220 0.011268
0.481566 0.567584 0.013575
0.486386 0.572720 0.013035
0.481401 0.577788 0.012567
0.486554 0.562527 0.014109
0.491543 0.557478 0.014682
0.496356 0.562609 0.014043
0.491371 0.567660 0.013527
0.471934 0.557330 0.014763
0.471757 0.567516 0.013597
0.466940 0.562389 0.014156
0.476748 0.562453 0.014147
0.476578 0.572649 0.013067
0.648356 0.579951 0.010248
0.648253 0.589961 0.009853
0.643383 0.584880 0.010107
0.653222 0.585030 0.009978
0.658093 0.590097 0.009745
0.658008 0.600085 0.009451
0.653128 0.595029 0.009635
0.638640 0.569761 0.010906
0.643495 0.574861 0.010556
0.638517 0.579789 0.010399
0.643626 0.564840 0.011083
0.648616 0.559923 0.011274
0.653464 0.565019 0.010884
0.648478 0.569937 0.010718
0.628944 0.559536 0.011746
0.628803 0.569577 0.011107
0.623956 0.564463 0.011523
0.633790 0.564652 0.011298
0.633658 0.574687 0.010732
0.571307 0.498012 0.023185
0.571031 0.508048 0.020996
0.566274 0.502931 0.022397
0.576058 0.503127 0.021727
0.580820 0.508248 0.020371
0.580578 0.518296 0.018489
0.575799 0.513170 0.019694
0.561822 0.487818 0.026380
0.566564 0.492904 0.024740
0.561527 0.497821 0.023883
0.566850 0.482928 0.027303
0.571868 0.478049 0.028208
0.576612 0.483115 0.026428
0.571592 0.488004 0.025585
0.552332 0.477722 0.029903
0.552043 0.487649 0.027088
0.547297 0.482601 0.028807
0.557078 0.482756 0.028102
0.556786 0.492724 0.025446
0.611359 0.458939 0.029463
0.611139 0.468898 0.026877
0.606369 0.463811 0.028690
0.616133 0.464029 0.027602
0.620911 0.469133 0.025851
0.620690 0.479113 0.023579
0.615913 0.474000 0.025174
0.601823 0.448812 0.033533
0.606589 0.453866 0.031439
0.601605 0.458740 0.030617
0.606800 0.443930 0.034399
0.611777 0.439044 0.035257
0.616554 0.444112 0.033066
0.611571 0.448990 0.032256
0.592306 0.438772 0.038091
0.592089 0.448663 0.034825
0.587337 0.443660 0.037115
0.597062 0.443780 0.035749
0.596844 0.453690 0.032661
0.573243 0.419078 0.048578
0.573099 0.428828 0.044765
0.568318 0.423958 0.047482
0.578042 0.423934 0.045856
0.582804 0.428840 0.043165
0.582590 0.438686 0.039533
0.577846 0.433740 0.042086
0.563465 0.409477 0.053852
0.568385 0.414263 0.051254
0.563483 0.419125 0.050153
0.568296 0.404620 0.054819
0.573083 0.399748 0.055658
0.578045 0.404506 0.053037
0.573240 0.409388 0.052211
0.553433 0.399968 0.058739
0.553636 0.409540 0.055253
0.548618 0.404779 0.057644
0.558482 0.404714 0.056354
0.558590 0.414321 0.052750
0.531126 0.537621 0.017014
0.530926 0.547745 0.015479
0.526122 0.542616 0.016327
0.535924 0.542747 0.016099
0.540731 0.547880 0.015255
0.540555 0.558017 0.013994
0.535737 0.552879 0.014701
0.521549 0.527389 0.019053
0.526334 0.532501 0.017999
0.521326 0.537494 0.017243
0.526569 0.522410 0.019910
0.531593 0.517440 0.020795
0.536366 0.522546 0.019598
0.531347 0.527519 0.018786
0.512002 0.517194 0.021359
0.511754 0.527273 0.019275
0.506979 0.522177 0.020388
0.516773 0.522287 0.020173
0.516536 0.532379 0.018226
0.492968 0.496933 0.026687
0.492679 0.506955 0.024074
0.487916 0.501905 0.025407
0.497723 0.501981 0.025275
0.502479 0.507041 0.023913
0.502209 0.517091 0.021561
0.497443 0.512017 0.022791
0.483429 0.486908 0.029624
0.488206 0.491904 0.028138
0.483152 0.496867 0.026785
0.488471 0.481992 0.031086
0.493508 0.477100 0.032579
0.498295 0.482055 0.030938
0.493254 0.486967 0.029523
0.473822 0.477014 0.032681
0.473592 0.486864 0.029635
0.468786 0.481912 0.031099
0.478634 0.481944 0.031140
0.478380 0.491848 0.028196
0.533271 0.457866 0.037796
0.533022 0.467629 0.034379
0.528243 0.462695 0.036354
0.538054 0.462788 0.035732
0.542822 0.467737 0.033724
0.542547 0.477581 0.030599
0.537789 0.472591 0.032458
0.523656 0.448093 0.042059
0.528473 0.452969 0.039908
0.523448 0.457787 0.038375
0.528676 0.443283 0.043689
0.533694 0.438469 0.045320
0.538517 0.443334 0.042976
0.533497 0.448152 0.041443
0.513951 0.438397 0.046443
0.513800 0.448041 0.042525
0.508942 0.443196 0.044633
0.518816 0.443237 0.044241
0.518635 0.452903 0.040436
0.608661 0.619578 0.009346
0.608607 0.629635 0.009191
0.603711 0.624568 0.009282
0.613554 0.624648 0.009232
0.618454 0.629707 0.009148
0.618415 0.639733 0.009079
0.613509 0.634692 0.009129
0.598890 0.609408 0.009674
0.603773 0.614498 0.009493
0.598820 0.619490 0.009406
0.603847 0.604422 0.009799
0.608808 0.599444 0.009936
0.613684 0.604538 0.009708
0.608727 0.609514 0.009595
0.589140 0.599203 0.010147
0.589054 0.609307 0.009754
0.584179 0.604202 0.009984
0.594013 0.604309 0.009891
0.593935 0.614403 0.009562
0.569708 0.578707 0.011588
0.569588 0.588842 0.010917
0.564735 0.583710 0.011317
0.574558 0.583840 0.011160
0.579413 0.588967 0.010779
0.579310 0.599088 0.010253
0.574446 0.593968 0.010563
0.560026 0.568433 0.012585
0.564864 0.573571 0.012064
0.559888 0.578573 0.011760
0.565009 0.563442 0.012928
0.569995 0.558462 0.013286
0.574827 0.563600 0.012687
0.569844 0.568580 0.012372
0.550366 0.558155 0.013782
0.550210 0.568295 0.012779
0.545380 0.563156 0.013356
0.555193 0.563294 0.013153
0.555046 0.573435 0.012247
0.609606 0.539028 0.014220
0.609438 0.549090 0.013144
0.604609 0.543959 0.013828
0.614432 0.544160 0.013492
0.619264 0.549289 0.012839
0.619112 0.559343 0.011995
0.614273 0.554219 0.012534
0.599975 0.528762 0.015916
0.604787 0.533895 0.015026
0.599787 0.538825 0.014591
0.604979 0.523842 0.016409
0.609985 0.518929 0.016909
0.614791 0.524061 0.015930
0.609788 0.528974 0.015474
0.590377 0.518500 0.017958
0.590165 0.528558 0.016363
0.585367 0.523426 0.017380
0.595171 0.523630 0.016892
0.594972 0.533691 0.015434
0.451336 0.618591 0.009935
0.451197 0.628852 0.009623
0.446348 0.623705 0.009757
0.456183 0.623739 0.009765
0.461034 0.628883 0.009628
0.460910 0.639124 0.009430
0.456050 0.633995 0.009520
0.441654 0.608292 0.010366
0.446493 0.613442 0.010135
0.441503 0.618556 0.009921
0.446645 0.603185 0.010652
0.451635 0.598082 0.010973
0.456470 0.603229 0.010668
0.451482 0.608333 0.010385
0.431985 0.597998 0.010909
0.431824 0.608255 0.010337
0.426989 0.603107 0.010586
0.436818 0.603144 0.010624
0.436662 0.613405 0.010115
0.412669 0.577464 0.012290
0.412494 0.587686 0.011481
0.407666 0.582558 0.011826
0.417496 0.582588 0.011911
0.422324 0.587719 0.011553
0.422156 0.597962 0.010860
0.417324 0.592822 0.011159
0.403017 0.567244 0.013109
0.407843 0.572349 0.012690
0.402838 0.577438 0.012190
0.408023 0.562167 0.013684
0.413029 0.557095 0.014311
0.417852 0.562189 0.013808
0.412848 0.567266 0.013229
0.393365 0.557064 0.014012
0.393182 0.567226 0.012977
0.388355 0.562135 0.013397
0.398191 0.562149 0.013547
0.398010 0.572326 0.012575
0.452705 0.536930 0.017729
0.452502 0.547059 0.016105
0.447694 0.541971 0.016846
0.457510 0.542014 0.016919
0.462315 0.547108 0.016152
0.462124 0.557269 0.014757
0.457312 0.552159 0.015408
0.443096 0.526806 0.019465
0.447901 0.531861 0.018579
0.442886 0.536896 0.017626
0.448119 0.521786 0.020548
0.453148 0.516775 0.021691
0.457945 0.521819 0.020660
0.452920 0.526836 0.019591
0.433480 0.516742 0.021327
0.433267 0.526789 0.019289
0.428455 0.521757 0.020169
0.438289 0.521766 0.020382
0.438077 0.531835 0.018441
0.372614 0.618367 0.009643
0.372445 0.628667 0.009403
0.367603 0.623506 0.009480
0.377454 0.623524 0.009534
0.382295 0.628684 0.009447
0.382136 0.638978 0.009297
0.377288 0.633829 0.009348
0.362934 0.608071 0.009925
0.367774 0.613215 0.009773
0.362761 0.618353 0.009580
0.367949 0.602944 0.010188
0.372961 0.597827 0.010490
0.377797 0.602964 0.010274
0.372786 0.608087 0.010005
0.353244 0.597839 0.010291
0.353068 0.608095 0.009844
0.348216 0.602995 0.010009
0.358091 0.602946 0.010098
0.357916 0.613215 0.009701
0.450704 0.699361 0.008898
0.450704 0.709221 0.008898
0.445774 0.704291 0.008898
0.455634 0.704291 0.008898
0.460563 0.709221 0.008898
0.460563 0.719080 0.008898
0.455634 0.714150 0.008898
0.440856 0.689466 0.008913
0.445778 0.694421 0.008902
0.440845 0.699361 0.008898
0.445799 0.684497 0.008932
0.450745 0.679513 0.008958
0.455657 0.684498 0.008932
0.450715 0.689467 0.008914
0.431031 0.679509 0.008956
0.430997 0.689466 0.008913
0.426082 0.684495 0.008931
0.435941 0.684496 0.008931
0.435918 0.694421 0.008902
0.294979 0.537408 0.014116
0.294781 0.547593 0.013080
0.289928 0.542556 0.013475
0.299841 0.542422 0.013691
0.304702 0.547437 0.013283
0.304489 0.557654 0.012348
0.299635 0.552626 0.012704
0.285246 0.527386 0.015007
0.290114 0.532395 0.014555
0.285073 0.537520 0.013886
0.290269 0.522309 0.015760
0.295284 0.517255 0.016571
0.300170 0.522221 0.016061
0.295146 0.527295 0.015279
0.275493 0.517396 0.015940
0.275351 0.527465 0.014745
0.270482 0.522451 0.015190
0.280372 0.522386 0.015469
0.280214 0.532488 0.014309
0.454391 0.457590 0.038995
0.454260 0.467250 0.035591
0.449384 0.462421 0.037106
0.459275 0.462404 0.037403
0.464142 0.467245 0.035817
0.463962 0.476994 0.032583
0.459120 0.472107 0.034082
0.444580 0.448037 0.042182
0.449492 0.452802 0.040589
0.444493 0.457620 0.038623
0.449563 0.443239 0.044265
0.454538 0.438448 0.046384
0.459468 0.443197 0.044636
0.454483 0.447995 0.042594
0.434726 0.438572 0.045358
0.434674 0.448091 0.041654
0.429749 0.443356 0.043175
0.439657 0.443295 0.043771
0.439589 0.452844 0.040138
0.414857 0.419854 0.051544
0.414912 0.429242 0.047735
0.409932 0.424577 0.049214
0.419863 0.424505 0.050084
0.424835 0.429172 0.048531
0.424813 0.438637 0.044699
0.419868 0.433932 0.046222
0.404724 0.410599 0.054121
0.409811 0.415219 0.052888
0.404917 0.419929 0.050598
0.409551 0.405889 0.056312
0.414342 0.401163 0.058427
0.419490 0.405769 0.057267
0.414668 0.410501 0.055114
0.394431 0.401408 0.056290
0.394765 0.410681 0.053028
0.389630 0.406082 0.054091
0.399597 0.405994 0.055253
0.399862 0.415297 0.051867
0.452955 0.381701 0.067120
0.453537 0.391147 0.064408
0.448315 0.386499 0.065556
0.458213 0.386356 0.066021
0.463446 0.391016 0.064823
0.463901 0.400465 0.061802
0.458733 0.395801 0.063160
0.442358 0.372398 0.069061
0.447672 0.377048 0.068131
0.443065 0.381856 0.066610
0.446901 0.367579 0.070414
0.451418 0.362763 0.071629
0.456786 0.367440 0.070795
0.452245 0.372242 0.069525
0.431599 0.363134 0.070697
0.432439 0.372607 0.068462
0.427060 0.368003 0.069283
0.437000 0.367760 0.069914
0.437776 0.377224 0.067575
0.532596 0.381082 0.066848
0.533185 0.390568 0.064000
0.527921 0.385846 0.065807
0.537897 0.385794 0.065058
0.543139 0.390511 0.063104
0.543536 0.400032 0.059908
0.538391 0.395296 0.062030
0.521836 0.371673 0.069908
0.527241 0.376375 0.068466
0.522603 0.381130 0.067444
0.526398 0.366928 0.070797
0.530934 0.362178 0.071573
0.536404 0.366861 0.070180
0.531841 0.371619 0.069376
0.510920 0.362279 0.072253
0.511828 0.371712 0.070196
0.506399 0.367016 0.071341
0.516388 0.366975 0.071169
0.517236 0.376418 0.068907
0.489440 0.343291 0.075296
0.490175 0.352879 0.073973
0.484841 0.348120 0.074645
0.494742 0.348075 0.074669
0.500087 0.352835 0.073966
0.500965 0.362321 0.072352
0.495551 0.357612 0.073224
0.478965 0.333657 0.076351
0.484182 0.338485 0.075855
0.479551 0.343335 0.075252
0.483659 0.328781 0.076826
0.488383 0.323898 0.077228
0.493534 0.328758 0.076841
0.488843 0.333626 0.076384
0.468650 0.323941 0.077167
0.469093 0.333695 0.076289
0.463922 0.328842 0.076726
0.473789 0.328809 0.076787
0.474302 0.338527 0.075798
0.374038 0.536845 0.016188
0.373864 0.546930 0.014827
0.369027 0.541887 0.015358
0.378875 0.541880 0.015605
0.383708 0.546928 0.015045
0.383526 0.557055 0.013842
0.378697 0.551986 0.014321
0.364347 0.526820 0.017412
0.369196 0.531825 0.016791
0.364185 0.536859 0.015912
0.369358 0.521804 0.018410
0.374369 0.516795 0.019483
0.379219 0.521782 0.018761
0.374207 0.526799 0.017741
0.354628 0.516859 0.018706
0.354482 0.526852 0.017086
0.349620 0.521871 0.017700
0.359491 0.521832 0.018051
0.359337 0.531848 0.016489
0.335087 0.497118 0.021437
0.334986 0.507013 0.019620
0.330091 0.502089 0.020278
0.339986 0.502030 0.020743
0.344876 0.506959 0.020055
0.344750 0.516904 0.018328
0.339872 0.511951 0.018969
0.325259 0.487340 0.022843
0.330178 0.492220 0.022135
0.325186 0.497180 0.020942
0.330245 0.482407 0.024166
0.335231 0.477492 0.025579
0.340158 0.482346 0.024785
0.335168 0.487275 0.023414
0.315397 0.477617 0.024292
0.315348 0.487407 0.022286
0.310416 0.482540 0.022975
0.320332 0.482472 0.023562
0.320271 0.492286 0.021609
0.375050 0.457931 0.033939
0.374990 0.467562 0.031045
0.370053 0.462762 0.032045
0.379991 0.462714 0.032878
0.384919 0.467514 0.031806
0.384823 0.477217 0.029018
0.379913 0.472380 0.030035
0.365136 0.448403 0.036030
0.370097 0.453162 0.034985
0.365107 0.457975 0.033045
0.370120 0.443627 0.038107
0.375106 0.438867 0.040278
0.380079 0.443593 0.039130
0.375089 0.448368 0.037018
0.355193 0.438908 0.038125
0.355191 0.448433 0.035057
0.350222 0.443674 0.036067
0.360168 0.443652 0.037077
0.360153 0.453199 0.034049
0.529578 0.699361 0.008897
0.529578 0.709221 0.008897
0.524648 0.704291 0.008898
0.534507 0.704292 0.008897
0.539437 0.709223 0.008897
0.539437 0.719083 0.008897
0.534507 0.714152 0.008897
0.519726 0.689473 0.008912
0.524650 0.694423 0.008901
0.519719 0.699361 0.008898
0.524663 0.684511 0.008928
0.529603 0.679539 0.008949
0.534521 0.684514 0.008926
0.529584 0.689474 0.008911
0.509889 0.679531 0.008954
0.509867 0.689471 0.008912
0.504947 0.684507 0.008930
0.514805 0.684509 0.008929
0.514791 0.694422 0.008902
0.490273 0.659471 0.009129
0.490216 0.669525 0.009029
0.485316 0.664500 0.009077
0.495169 0.664510 0.009073
0.500070 0.669532 0.009026
0.500032 0.679528 0.008956
0.495121 0.674534 0.008988
0.480499 0.649345 0.009264
0.485383 0.654417 0.009193
0.480421 0.659460 0.009133
0.485467 0.644278 0.009337
0.490436 0.639201 0.009415
0.495311 0.644301 0.009328
0.490346 0.649364 0.009258
0.470752 0.639148 0.009429
0.470652 0.649327 0.009267
0.465777 0.644234 0.009345
0.475622 0.644256 0.009343
0.475533 0.654402 0.009196
0.529974 0.618974 0.009789
0.529883 0.629158 0.009514
0.525011 0.624040 0.009653
0.534845 0.624095 0.009617
0.539720 0.629208 0.009482
0.539645 0.639364 0.009323
0.534761 0.634269 0.009411
0.520250 0.608714 0.010245
0.525110 0.613847 0.009998
0.520144 0.618915 0.009828
0.525218 0.603650 0.010475
0.530186 0.598594 0.010727
0.535041 0.603729 0.010410
0.530075 0.608784 0.010193
0.510549 0.598435 0.010855
0.510427 0.608648 0.010291
0.505577 0.603508 0.010579
0.515397 0.603576 0.010531
0.515283 0.613783 0.010041
0.688278 0.540692 0.011671
0.688123 0.550647 0.011043
0.683278 0.545580 0.011453
0.693122 0.545756 0.011238
0.697968 0.550811 0.010859
0.697819 0.560749 0.010383
0.692971 0.555703 0.010687
0.678597 0.530533 0.012716
0.683436 0.535617 0.012163
0.678434 0.540503 0.011920
0.683604 0.525657 0.012990
0.688614 0.520787 0.013270
0.693450 0.525865 0.012671
0.688441 0.530738 0.012413
0.668930 0.520342 0.014026
0.668756 0.530322 0.013044
0.663923 0.525220 0.013708
0.673761 0.525441 0.013336
0.673594 0.535416 0.012450
0.649658 0.499884 0.017579
0.649453 0.509876 0.016164
0.644643 0.504752 0.017153
0.654465 0.505006 0.016562
0.659281 0.510123 0.015634
0.659094 0.520111 0.014447
0.654270 0.514996 0.015264
0.640061 0.489630 0.019910
0.644857 0.494759 0.018692
0.639841 0.499624 0.018235
0.645074 0.484770 0.020410
0.650087 0.479912 0.020916
0.654887 0.485040 0.019625
0.649872 0.489898 0.019154
0.630479 0.479371 0.022671
0.630257 0.489363 0.020703
0.625472 0.484235 0.022090
0.635269 0.484500 0.021238
0.635047 0.494494 0.019417
0.598679 0.649659 0.009068
0.603589 0.654678 0.009027
0.598648 0.659660 0.009007
0.603622 0.644669 0.009090
0.608566 0.639680 0.009110
0.613473 0.644714 0.009063
0.608530 0.649696 0.009046
0.588794 0.659638 0.009021
0.593736 0.654649 0.009045
0.593707 0.664641 0.008987
0.588828 0.649625 0.009090
0.588870 0.639579 0.009174
0.593816 0.634571 0.009203
0.593772 0.644627 0.009117
0.583828 0.674593 0.008949
0.583852 0.664624 0.008998
0.588767 0.669619 0.008968
0.444019 0.486823 0.029135
0.448840 0.491772 0.027863
0.443789 0.496748 0.026385
0.449058 0.481894 0.030737
0.454091 0.476989 0.032388
0.458926 0.481895 0.030965
0.453885 0.486821 0.029391
0.433929 0.496755 0.026090
0.438976 0.491777 0.027584
0.438741 0.501736 0.024958
0.434145 0.486841 0.028793
0.434326 0.477027 0.031705
0.439351 0.472138 0.033456
0.439181 0.481909 0.030416
0.428667 0.511732 0.022302
0.428885 0.501743 0.024660
0.433700 0.506731 0.023594
0.523917 0.409631 0.058038
0.528956 0.414399 0.055855
0.524022 0.419186 0.054225
0.528780 0.404854 0.059502
0.533605 0.400076 0.060832
0.538715 0.404823 0.058693
0.533855 0.409612 0.057343
0.514086 0.419187 0.054702
0.519018 0.414408 0.056438
0.519053 0.423976 0.052454
0.513957 0.409644 0.058503
0.513666 0.400130 0.061948
0.518455 0.395369 0.063361
0.518820 0.404876 0.060073
0.509060 0.433568 0.048654
0.509122 0.423969 0.052832
0.514061 0.428769 0.050567
0.363652 0.567200 0.012509
0.368486 0.572284 0.012159
0.363470 0.577375 0.011682
0.368669 0.562122 0.013058
0.373684 0.557051 0.013659
0.378514 0.562127 0.013234
0.373500 0.567202 0.012676
0.353607 0.577402 0.011540
0.358632 0.572292 0.012003
0.358449 0.582482 0.011249
0.353792 0.567227 0.012342
0.353978 0.557079 0.013269
0.358999 0.552001 0.013900
0.358817 0.562132 0.012876
0.348394 0.592752 0.010505
0.348576 0.582533 0.011118
0.353424 0.587607 0.010856
0.519719 0.728940 0.008898
0.524648 0.733870 0.008898
0.519719 0.738799 0.008898
0.524648 0.724010 0.008898
0.529578 0.719081 0.008898
0.534507 0.724012 0.008897
0.529578 0.728941 0.008898
0.509860 0.738798 0.008898
0.514789 0.733869 0.008898
0.514789 0.743728 0.008898
0.509860 0.728939 0.008898
0.509860 0.719080 0.008898
0.514789 0.714150 0.008898
0.514789 0.724010 0.008898
0.504930 0.753587 0.008898
0.504930 0.743728 0.008898
0.509860 0.748657 0.008898
0.441108 0.649280 0.009260
0.445983 0.654362 0.009194
0.441014 0.659418 0.009130
0.446086 0.644196 0.009339
0.451066 0.639101 0.009426
0.455932 0.644215 0.009344
0.450956 0.649294 0.009265
0.431161 0.659409 0.009125
0.436133 0.654350 0.009189
0.436047 0.664460 0.009075
0.431259 0.649266 0.009252
0.431379 0.639060 0.009407
0.436368 0.633945 0.009503
0.436239 0.644178 0.009331
0.426127 0.674506 0.008987
0.426193 0.664454 0.009070
0.431085 0.669490 0.009027
0.520780 0.567937 0.013244
0.525608 0.573078 0.012693
0.520631 0.578118 0.012294
0.525762 0.562908 0.013698
0.530747 0.557889 0.014181
0.535570 0.563027 0.013538
0.530588 0.568047 0.013109
0.510822 0.578025 0.012389
0.515800 0.572976 0.012807
0.515655 0.583168 0.011914
0.510976 0.567836 0.013359
0.511141 0.557664 0.014482
0.516131 0.552638 0.015057
0.515958 0.562799 0.013835
0.505706 0.593292 0.011217
0.505845 0.583082 0.011992
0.510680 0.588226 0.011554
0.677996 0.570414 0.010247
0.682854 0.575465 0.009995
0.677876 0.580380 0.009875
0.682985 0.565506 0.010382
0.687976 0.560602 0.010527
0.692826 0.565649 0.010246
0.687837 0.570554 0.010119
0.668036 0.580246 0.009986
0.673014 0.575328 0.010114
0.672903 0.585300 0.009759
0.668156 0.570264 0.010389
0.668293 0.560279 0.010867
0.673286 0.555374 0.011049
0.673144 0.565352 0.010534
0.662969 0.595153 0.009546
0.663062 0.585170 0.009862
0.667934 0.590224 0.009649
0.600900 0.488631 0.023123
0.605665 0.493748 0.021673
0.600647 0.498642 0.021033
0.605908 0.483748 0.023810
0.610912 0.478872 0.024494
0.615685 0.483985 0.022947
0.610677 0.488862 0.022311
0.590864 0.498423 0.021746
0.595885 0.493522 0.022434
0.595628 0.503545 0.020391
0.591127 0.488411 0.023939
0.591381 0.478433 0.026340
0.596382 0.473557 0.027128
0.596138 0.483525 0.024677
0.585593 0.513372 0.019116
0.585841 0.503332 0.021057
0.590610 0.508455 0.019751
0.640932 0.449697 0.028523
0.645728 0.454821 0.026708
0.640715 0.459676 0.026078
0.645949 0.444839 0.029196
0.650970 0.439979 0.029875
0.655765 0.445106 0.027987
0.650745 0.449964 0.027344
0.630912 0.459408 0.027192
0.635919 0.454553 0.027857
0.635704 0.464530 0.025456
0.631124 0.449434 0.029748
0.631332 0.439458 0.032505
0.636344 0.434594 0.033256
0.636133 0.444575 0.030456
0.625693 0.474248 0.024208
0.625910 0.464269 0.026523
0.630697 0.469387 0.024834
0.602371 0.409257 0.046773
0.607251 0.414195 0.044243
0.602363 0.419088 0.043420
0.607201 0.404364 0.047533
0.612014 0.399468 0.048267
0.616971 0.404413 0.045772
0.612119 0.409304 0.045022
0.592646 0.419044 0.045115
0.597521 0.414150 0.045972
0.597452 0.423985 0.042537
0.592650 0.409259 0.048559
0.592519 0.399524 0.051905
0.597269 0.394627 0.052609
0.597462 0.404367 0.049332
0.587554 0.433791 0.040563
0.587741 0.423940 0.044185
0.592512 0.428887 0.041578
0.560750 0.527985 0.017716
0.565545 0.533117 0.016683
0.560539 0.538075 0.016105
0.565764 0.523037 0.018368
0.570781 0.518100 0.019026
0.575565 0.523228 0.017873
0.570554 0.528168 0.017271
0.550733 0.537911 0.016445
0.555739 0.532943 0.017073
0.555537 0.543045 0.015543
0.550948 0.527816 0.018117
0.551187 0.517741 0.020017
0.556214 0.512795 0.020807
0.555964 0.522859 0.018827
0.545545 0.553016 0.014482
0.545729 0.542890 0.015837
0.550539 0.548025 0.015000
0.522669 0.487239 0.028693
0.527418 0.492280 0.027081
0.522367 0.497223 0.025932
0.527712 0.482338 0.029937
0.532753 0.477456 0.031194
0.537508 0.482462 0.029419
0.532465 0.487360 0.028245
0.512570 0.497112 0.026258
0.517622 0.492163 0.027466
0.517317 0.502179 0.024796
0.512868 0.487133 0.029056
0.513143 0.477248 0.032084
0.518178 0.472382 0.033493
0.517910 0.482228 0.030363
0.507238 0.512112 0.022606
0.507521 0.502073 0.025070
0.512274 0.507141 0.023686
0.562896 0.448363 0.038679
0.567650 0.453305 0.036368
0.562645 0.458159 0.035255
0.567894 0.443504 0.039854
0.572878 0.438630 0.040989
0.577620 0.443570 0.038494
0.572642 0.448442 0.037445
0.552873 0.458052 0.036237
0.557889 0.453210 0.037470
0.557631 0.463009 0.034114
0.553121 0.448287 0.039755
0.553348 0.438550 0.043508
0.558353 0.433698 0.044889
0.558131 0.443445 0.041061
0.547581 0.472715 0.031779
0.547851 0.462893 0.034986
0.552609 0.467859 0.032953
0.638252 0.609854 0.009359
0.643143 0.614910 0.009224
0.638193 0.619862 0.009171
0.643207 0.604907 0.009441
0.648166 0.599966 0.009533
0.653050 0.605022 0.009365
0.648095 0.609964 0.009289
0.628348 0.619764 0.009229
0.633298 0.614805 0.009288
0.633246 0.624818 0.009131
0.628408 0.609737 0.009436
0.628483 0.599703 0.009728
0.633447 0.594755 0.009846
0.633365 0.604784 0.009526
0.623357 0.634756 0.009091
0.623399 0.624732 0.009181
0.628301 0.629783 0.009105
0.599311 0.569055 0.011728
0.604159 0.574178 0.011291
0.599183 0.579141 0.011067
0.604296 0.564102 0.011980
0.609283 0.559156 0.012247
0.614124 0.564280 0.011750
0.609139 0.569224 0.011519
0.589355 0.578992 0.011239
0.594332 0.574019 0.011481
0.594210 0.584114 0.010850
0.589486 0.568892 0.011940
0.589634 0.558799 0.012760
0.594624 0.553844 0.013096
0.594470 0.563929 0.012213
0.584274 0.594088 0.010442
0.584383 0.583975 0.011005
0.589240 0.589096 0.010641
0.639254 0.529652 0.014178
0.644084 0.534775 0.013450
0.639085 0.539675 0.013135
0.644257 0.524761 0.014534
0.649262 0.519875 0.014897
0.654088 0.524993 0.014108
0.649085 0.529881 0.013775
0.629255 0.539454 0.013490
0.634253 0.534549 0.013830
0.634088 0.544581 0.012831
0.629427 0.529420 0.014604
0.629613 0.519392 0.015879
0.634621 0.514505 0.016303
0.634430 0.524523 0.014987
0.624102 0.554415 0.012259
0.624259 0.544367 0.013159
0.629094 0.549493 0.012538
0.480960 0.608475 0.010382
0.485807 0.613619 0.010131
0.480830 0.618714 0.009931
0.485939 0.603385 0.010649
0.490916 0.598300 0.010945
0.495759 0.603444 0.010620
0.490783 0.608529 0.010361
0.470999 0.618670 0.009940
0.475980 0.613571 0.010145
0.475851 0.623813 0.009763
0.471135 0.608425 0.010393
0.471279 0.598182 0.010985
0.476262 0.593092 0.011327
0.476117 0.603329 0.010667
0.465890 0.634023 0.009522
0.466017 0.623774 0.009767
0.470871 0.628916 0.009627
0.442316 0.567359 0.013511
0.447137 0.572482 0.013025
0.442142 0.577567 0.012519
0.447313 0.562285 0.014092
0.452311 0.557218 0.014721
0.457128 0.562333 0.014138
0.452132 0.567403 0.013565
0.432321 0.577528 0.012456
0.437318 0.572441 0.012965
0.437146 0.582658 0.012049
0.432497 0.567323 0.013431
0.432677 0.557144 0.014556
0.437680 0.552079 0.015258
0.437496 0.562247 0.014017
0.427153 0.592856 0.011219
0.427323 0.582621 0.011985
0.432150 0.587754 0.011615
0.482363 0.526999 0.019662
0.487150 0.532086 0.018657
0.482138 0.537103 0.017776
0.487385 0.521996 0.020662
0.492412 0.517002 0.021706
0.497185 0.522080 0.020552
0.492165 0.527078 0.019583
0.472332 0.537034 0.017804
0.477345 0.532012 0.018708
0.477130 0.542131 0.016944
0.472554 0.526932 0.019689
0.472794 0.516862 0.021818
0.477829 0.511868 0.022969
0.477578 0.521924 0.020717
0.467123 0.552214 0.015432
0.467322 0.542067 0.016951
0.472125 0.547168 0.016162
0.402319 0.608159 0.010204
0.407155 0.613309 0.010009
0.402153 0.618435 0.009799
0.407322 0.603042 0.010485
0.412324 0.597929 0.010803
0.417157 0.603073 0.010539
0.412157 0.608189 0.010256
0.392309 0.618411 0.009753
0.397314 0.613282 0.009960
0.397149 0.623566 0.009625
0.392478 0.608133 0.010145
0.392649 0.597872 0.010664
0.397656 0.592762 0.011013
0.397483 0.603013 0.010423
0.387139 0.633845 0.009384
0.387303 0.623545 0.009582
0.392144 0.628703 0.009487
0.480291 0.689469 0.008914
0.485214 0.694422 0.008902
0.480282 0.699360 0.008898
0.485231 0.684503 0.008932
0.490175 0.679524 0.008957
0.495089 0.684505 0.008931
0.490150 0.689469 0.008913
0.470423 0.699360 0.008898
0.475355 0.694422 0.008902
0.475352 0.704290 0.008898
0.470433 0.689468 0.008914
0.470460 0.679518 0.008958
0.475409 0.674524 0.008991
0.475373 0.684501 0.008932
0.465493 0.714150 0.008898
0.465493 0.704290 0.008898
0.470423 0.709220 0.008898
0.324845 0.527019 0.016150
0.329715 0.532001 0.015621
0.324691 0.537073 0.014851
0.329859 0.521979 0.017020
0.334867 0.516957 0.017959
0.339742 0.521920 0.017356
0.334731 0.526951 0.016455
0.314795 0.537169 0.014600
0.319825 0.532082 0.015344
0.319659 0.542170 0.014142
0.314952 0.527100 0.015852
0.315086 0.517090 0.017247
0.320092 0.512072 0.018187
0.319969 0.522049 0.016693
0.309559 0.552456 0.012893
0.309755 0.542286 0.013914
0.314615 0.547296 0.013490
0.484174 0.447953 0.043108
0.489054 0.452773 0.041218
0.484046 0.457587 0.039427
0.489170 0.443154 0.045008
0.494163 0.438356 0.046935
0.499060 0.443167 0.044883
0.494058 0.447967 0.043037
0.474169 0.457574 0.039397
0.479174 0.452759 0.041237
0.479033 0.462413 0.037666
0.474283 0.447953 0.043058
0.474354 0.438375 0.046913
0.479331 0.433580 0.048972
0.479274 0.443154 0.045008
0.468991 0.472114 0.034242
0.469158 0.462401 0.037590
0.474015 0.467255 0.035937
0.444407 0.410136 0.057481
0.449465 0.414792 0.055975
0.444590 0.419561 0.053817
0.449213 0.405363 0.059486
0.453988 0.400584 0.061380
0.459120 0.405245 0.059971
0.454308 0.410020 0.058028
0.434693 0.419666 0.053158
0.439568 0.414904 0.055368
0.439683 0.424327 0.051559
0.434511 0.410264 0.056798
0.434193 0.400869 0.060141
0.438937 0.396085 0.062061
0.439319 0.405495 0.058866
0.429786 0.433863 0.046947
0.429780 0.424421 0.050866
0.434746 0.429091 0.049243
0.481973 0.371893 0.070307
0.487327 0.376576 0.069222
0.482710 0.381347 0.067966
0.486517 0.367130 0.071395
0.491033 0.362374 0.072371
0.496451 0.367064 0.071413
0.491908 0.371815 0.070369
0.472777 0.381446 0.067797
0.477392 0.376666 0.069109
0.478057 0.386123 0.066598
0.472050 0.371991 0.070145
0.471203 0.362534 0.072163
0.475727 0.357741 0.073104
0.476594 0.367215 0.071286
0.468652 0.395684 0.063516
0.468128 0.386230 0.066368
0.473371 0.390903 0.065115
0.561747 0.371270 0.066307
0.567055 0.375922 0.064218
0.562428 0.380777 0.063557
0.566308 0.366413 0.066891
0.570843 0.361526 0.067405
0.576201 0.366140 0.065328
0.571646 0.371042 0.064803
0.552518 0.380917 0.064904
0.557151 0.376103 0.065649
0.557763 0.385611 0.062808
0.551805 0.371431 0.067573
0.550934 0.361967 0.069949
0.555472 0.357134 0.070468
0.556369 0.366619 0.068223
0.548318 0.395234 0.060994
0.547848 0.385719 0.064059
0.553060 0.390429 0.061957
0.518585 0.333529 0.076295
0.523887 0.338331 0.075647
0.519230 0.343181 0.075144
0.523305 0.328643 0.076698
0.528053 0.323731 0.077020
0.533288 0.328545 0.076413
0.528574 0.333452 0.076069
0.509253 0.343228 0.075255
0.513897 0.338390 0.075809
0.514605 0.348003 0.074557
0.508625 0.333578 0.076364
0.508141 0.323863 0.077222
0.512912 0.318966 0.077550
0.513332 0.328707 0.076808
0.505479 0.357570 0.073176
0.504651 0.348042 0.074641
0.510022 0.352800 0.073899
0.403757 0.526772 0.018610
0.408582 0.531801 0.017851
0.403570 0.536837 0.016915
0.408773 0.521752 0.019675
0.413794 0.516739 0.020812
0.418616 0.521752 0.019933
0.413598 0.526772 0.018857
0.393730 0.536835 0.016691
0.398743 0.531799 0.017615
0.398558 0.541880 0.016048
0.393911 0.526776 0.018341
0.394091 0.516756 0.020197
0.399110 0.511754 0.021380
0.398927 0.521756 0.019393
0.388537 0.551990 0.014513
0.388719 0.541878 0.015835
0.393548 0.546932 0.015248
0.364892 0.487102 0.025216
0.369788 0.491995 0.024374
0.364777 0.496957 0.022997
0.369899 0.482175 0.026734
0.374906 0.477267 0.028343
0.379812 0.482123 0.027388
0.374800 0.487049 0.025840
0.354882 0.497006 0.022465
0.359887 0.492047 0.023794
0.359768 0.501930 0.021706
0.354984 0.487157 0.024601
0.355066 0.477376 0.026932
0.360061 0.472485 0.028540
0.359984 0.482230 0.026069
0.349756 0.511902 0.019375
0.349878 0.501978 0.021219
0.354761 0.506911 0.020500
0.404917 0.448244 0.039639
0.409850 0.452991 0.038310
0.404850 0.457799 0.036308
0.409907 0.443465 0.041771
0.414891 0.438696 0.043966
0.419832 0.443413 0.042509
0.414844 0.448197 0.040378
0.394924 0.457843 0.035578
0.399922 0.453036 0.037574
0.399848 0.462625 0.034375
0.394982 0.448288 0.038834
0.395017 0.438794 0.042275
0.400000 0.434044 0.044535
0.399973 0.443512 0.040962
0.389833 0.472332 0.030728
0.389923 0.462668 0.033655
0.394842 0.467468 0.032514
0.559160 0.689479 0.008908
0.564086 0.694429 0.008900
0.559155 0.699365 0.008897
0.564096 0.684522 0.008921
0.569033 0.679557 0.008936
0.573954 0.684526 0.008918
0.569019 0.689482 0.008907
0.549296 0.699364 0.008897
0.554227 0.694427 0.008900
0.554226 0.704295 0.008897
0.549302 0.689477 0.008909
0.549318 0.679547 0.008943
0.554258 0.674569 0.008966
0.554238 0.684519 0.008923
0.544366 0.714154 0.008897
0.544366 0.704293 0.008897
0.549296 0.709224 0.008897
0.519886 0.649427 0.009225
0.524779 0.654485 0.009158
0.519826 0.659512 0.009108
0.524844 0.644380 0.009285
0.529802 0.639327 0.009347
0.534689 0.644410 0.009266
0.529734 0.649451 0.009210
0.509975 0.659498 0.009116
0.514930 0.654467 0.009169
0.514875 0.664531 0.009063
0.510039 0.649405 0.009238
0.510118 0.639260 0.009387
0.515082 0.634188 0.009461
0.514999 0.644352 0.009301
0.504977 0.674539 0.008986
0.505021 0.664520 0.009068
0.509925 0.669540 0.009022
0.559558 0.609025 0.009995
0.564430 0.614140 0.009770
0.559472 0.619174 0.009642
0.564519 0.603998 0.010170
0.569482 0.598979 0.010360
0.574348 0.604098 0.010077
0.569388 0.609115 0.009916
0.549638 0.619103 0.009696
0.554598 0.614060 0.009836
0.554515 0.624214 0.009533
0.549729 0.608940 0.010067
0.549831 0.598774 0.010561
0.554796 0.593744 0.010801
0.554692 0.603903 0.010258
0.544602 0.634313 0.009382
0.544680 0.624153 0.009577
0.549558 0.629261 0.009446
0.717986 0.531304 0.011639
0.722823 0.536338 0.011223
0.717817 0.541208 0.011039
0.722997 0.526443 0.011849
0.728010 0.521586 0.012065
0.732841 0.526615 0.011609
0.727832 0.531474 0.011413
0.707971 0.541045 0.011235
0.712977 0.536171 0.011434
0.712814 0.546085 0.010862
0.708139 0.531124 0.011880
0.708315 0.521206 0.012627
0.713332 0.516351 0.012879
0.713150 0.526260 0.012106
0.702815 0.555855 0.010532
0.702968 0.545925 0.011043
0.707813 0.550966 0.010693
0.679352 0.490693 0.017141
0.684171 0.495800 0.016190
0.679148 0.500649 0.015837
0.684375 0.485845 0.017538
0.689400 0.481000 0.017946
0.694222 0.486111 0.016932
0.689195 0.490954 0.016555
0.669311 0.500397 0.016380
0.674331 0.495543 0.016755
0.674129 0.505504 0.015486
0.669517 0.490429 0.017769
0.669726 0.480456 0.019338
0.674746 0.475606 0.019801
0.674537 0.485578 0.018189
0.664102 0.515235 0.014790
0.664294 0.505256 0.016006
0.669114 0.510366 0.015137
0.660118 0.470203 0.021953
0.664920 0.475331 0.020592
0.659903 0.480184 0.020104
0.665136 0.465350 0.022484
0.670156 0.460498 0.023022
0.674960 0.465628 0.021593
0.669939 0.470479 0.021088
0.698648 0.511069 0.013845
0.703481 0.516142 0.013206
0.698463 0.521000 0.012936
0.703672 0.506221 0.014139
0.708699 0.501379 0.014434
0.713525 0.506445 0.013753
0.708502 0.511291 0.013478
0.540125 0.588503 0.011290
0.544975 0.593641 0.010905
0.540007 0.598681 0.010649
0.545096 0.583470 0.011597
0.550070 0.578448 0.011917
0.554915 0.583586 0.011464
0.549944 0.588609 0.011178
0.500377 0.629026 0.009591
0.505244 0.634151 0.009481
0.500277 0.639230 0.009403
0.505346 0.623941 0.009712
0.510315 0.618860 0.009862
0.515178 0.623989 0.009684
0.510211 0.629068 0.009569
0.539490 0.669565 0.009006
0.544402 0.674563 0.008971
0.539461 0.679543 0.008946
0.544435 0.664566 0.009040
0.549382 0.659560 0.009077
0.554289 0.664579 0.009030
0.549345 0.669574 0.008999
0.385071 0.429394 0.044844
0.390050 0.434087 0.043571
0.385066 0.438833 0.041315
0.390032 0.424686 0.047207
0.394964 0.419990 0.049558
0.399988 0.424638 0.048255
0.395029 0.429353 0.045893
0.345201 0.467714 0.028683
0.350138 0.472539 0.027804
0.345148 0.477433 0.026247
0.350185 0.462855 0.030376
0.355169 0.458017 0.032165
0.360117 0.462809 0.031202
0.355128 0.467664 0.029455
0.384398 0.506802 0.021852
0.389248 0.511772 0.021019
0.384232 0.516773 0.019853
0.389418 0.501817 0.023150
0.394442 0.496839 0.024525
0.399292 0.501791 0.023575
0.394268 0.506778 0.022259
0.497926 0.314110 0.077826
0.503008 0.318996 0.077559
0.498255 0.323882 0.077232
0.502747 0.309204 0.078028
0.507608 0.304284 0.078168
0.512638 0.309176 0.078032
0.507801 0.314096 0.077825
0.540035 0.352594 0.072763
0.545479 0.357295 0.071458
0.540941 0.362092 0.070879
0.544627 0.347742 0.073234
0.549246 0.342850 0.073640
0.554630 0.347566 0.072368
0.550041 0.352453 0.071944
0.460489 0.353096 0.073622
0.465829 0.357830 0.072937
0.461305 0.362640 0.071937
0.465064 0.348247 0.074440
0.469668 0.343390 0.075164
0.474949 0.348177 0.074569
0.470375 0.353009 0.073801
0.423818 0.391648 0.062397
0.429026 0.396253 0.061315
0.424276 0.401021 0.059337
0.428504 0.386858 0.064234
0.433156 0.382048 0.065963
0.438422 0.386664 0.064961
0.433741 0.391466 0.063192
0.464465 0.428871 0.050718
0.469418 0.433612 0.048819
0.464446 0.438405 0.046711
0.469408 0.424092 0.052898
0.474331 0.419314 0.055002
0.479331 0.424040 0.053082
0.474381 0.428822 0.050952
0.305295 0.507212 0.018380
0.310195 0.512144 0.017810
0.305187 0.517170 0.016904
0.310291 0.502221 0.019385
0.315283 0.497247 0.020459
0.320193 0.502152 0.019826
0.315196 0.507139 0.018783
0.460651 0.669506 0.009032
0.465553 0.674520 0.008992
0.460603 0.679516 0.008959
0.465609 0.664482 0.009080
0.470570 0.659448 0.009135
0.475462 0.664491 0.009079
0.470506 0.669512 0.009032
0.382983 0.587610 0.011207
0.387816 0.592737 0.010926
0.382807 0.597848 0.010581
0.387993 0.582510 0.011624
0.393002 0.577415 0.012080
0.397831 0.582532 0.011730
0.392824 0.587632 0.011309
0.463224 0.506780 0.024143
0.468009 0.511814 0.022961
0.462974 0.516812 0.021784
0.468271 0.501794 0.025449
0.473325 0.496814 0.026803
0.478098 0.501842 0.025465
0.473051 0.506824 0.024189
0.423042 0.546970 0.015762
0.427860 0.552052 0.015139
0.422856 0.557117 0.014441
0.428051 0.541918 0.016587
0.433063 0.536873 0.017480
0.437874 0.541939 0.016733
0.432866 0.546992 0.015903
0.461613 0.587891 0.011715
0.466444 0.593035 0.011335
0.461458 0.598130 0.010985
0.466601 0.582803 0.012136
0.471590 0.577723 0.012586
0.476416 0.582864 0.012127
0.471430 0.587947 0.011716
0.620004 0.509130 0.017920
0.624804 0.514261 0.016856
0.619796 0.519157 0.016391
0.625016 0.504242 0.018424
0.630031 0.499363 0.018925
0.634826 0.504495 0.017779
0.629814 0.509373 0.017319
0.579978 0.548528 0.014082
0.584803 0.553665 0.013382
0.579814 0.558628 0.013021
0.584974 0.543574 0.014514
0.589972 0.538628 0.014966
0.594790 0.543763 0.014169
0.589795 0.548710 0.013765
0.618736 0.589514 0.010236
0.623607 0.594613 0.009964
0.618644 0.599571 0.009831
0.623706 0.584563 0.010397
0.628680 0.579620 0.010563
0.633544 0.584722 0.010248
0.628574 0.589663 0.010103
0.543719 0.428815 0.048553
0.548546 0.433673 0.046010
0.543534 0.438509 0.044501
0.548713 0.423986 0.050099
0.553673 0.419155 0.051501
0.558537 0.423978 0.048898
0.553551 0.428826 0.047492
0.503565 0.467376 0.035652
0.508361 0.472298 0.033850
0.503330 0.477166 0.032381
0.508588 0.462540 0.037227
0.513612 0.457718 0.038823
0.518420 0.462612 0.036852
0.513391 0.467448 0.035342
0.541659 0.507528 0.022626
0.546419 0.512630 0.021284
0.541390 0.517583 0.020433
0.546699 0.502584 0.023563
0.551743 0.497648 0.024507
0.556488 0.502750 0.023015
0.551452 0.507686 0.022146
0.582516 0.389975 0.057035
0.587538 0.394727 0.054478
0.582805 0.399619 0.053780
0.587184 0.385077 0.057658
0.591832 0.380169 0.058270
0.596938 0.384924 0.055796
0.592248 0.389830 0.055145
0.621739 0.429265 0.036952
0.626535 0.434354 0.034670
0.621542 0.439233 0.033870
0.626717 0.424382 0.037758
0.631682 0.419508 0.038525
0.636538 0.424611 0.036228
0.631537 0.429478 0.035463
0.581879 0.468306 0.030003
0.586628 0.473359 0.028114
0.581623 0.478235 0.027272
0.586874 0.463436 0.030894
0.591862 0.458564 0.031781
0.596617 0.463613 0.029788
0.591626 0.468486 0.028953
0.658600 0.550104 0.011706
0.663446 0.555197 0.011257
0.658454 0.560106 0.011062
0.663596 0.545202 0.011943
0.668593 0.540306 0.012191
0.673435 0.545395 0.011688
0.668440 0.550293 0.011466
0.501529 0.547408 0.015971
0.506332 0.552533 0.015194
0.501343 0.557566 0.014596
0.506527 0.542388 0.016682
0.511528 0.537378 0.017435
0.516323 0.542497 0.016521
0.511325 0.547510 0.015837
0.421678 0.628770 0.009577
0.426525 0.633922 0.009487
0.421533 0.639041 0.009392
0.426674 0.623644 0.009721
0.431669 0.618522 0.009900
0.436512 0.623673 0.009742
0.431519 0.628796 0.009598
0.500000 0.709220 0.008898
0.504930 0.714150 0.008898
0.500000 0.719079 0.008898
0.504930 0.704290 0.008898
0.509859 0.699360 0.008898
0.514789 0.704290 0.008898
0.509860 0.709220 0.008898
0.344288 0.547012 0.014140
0.349135 0.552040 0.013691
0.344107 0.557134 0.013078
0.349309 0.541942 0.014857
0.354325 0.536888 0.015638
0.359172 0.541905 0.015105
0.354156 0.546964 0.014366
0.503228 0.390674 0.065249
0.508465 0.395395 0.063667
0.503687 0.400159 0.062184
0.507928 0.385916 0.066570
0.512598 0.381164 0.067791
0.517926 0.385884 0.066305
0.513212 0.390638 0.065043
0.424575 0.467344 0.034323
0.429458 0.472173 0.033008
0.424436 0.477059 0.031258
0.429586 0.462497 0.036201
0.434591 0.457664 0.038141
0.439487 0.462454 0.036698
0.434475 0.467305 0.034823
0.579078 0.629435 0.009321
0.583971 0.634515 0.009240
0.579023 0.639532 0.009206
0.584029 0.624417 0.009384
0.588980 0.619406 0.009465
0.593869 0.624491 0.009333
0.588919 0.629499 0.009278
0.650523 0.459947 0.025009
0.650304 0.469929 0.022867
0.645509 0.464802 0.024415
0.655319 0.465075 0.023425
0.655102 0.475057 0.021431
0.688992 0.500897 0.015332
0.688797 0.510840 0.014243
0.683970 0.505747 0.015002
0.693818 0.505987 0.014553
0.693629 0.515924 0.013555
0.530441 0.578220 0.012184
0.530308 0.588404 0.011390
0.525466 0.583262 0.011822
0.535280 0.583362 0.011716
0.535155 0.593544 0.010999
0.490659 0.618760 0.009915
0.490542 0.628988 0.009608
0.485683 0.623853 0.009752
0.495515 0.623896 0.009735
0.495406 0.634116 0.009498
0.529678 0.659527 0.009099
0.529635 0.669556 0.009012
0.524728 0.664542 0.009056
0.534581 0.664554 0.009048
0.534545 0.674556 0.008975
0.375018 0.420068 0.047196
0.375100 0.429424 0.043709
0.370086 0.424743 0.044848
0.380063 0.424722 0.046069
0.380090 0.434123 0.042527
0.335304 0.458099 0.030460
0.335277 0.467766 0.027929
0.330329 0.462950 0.028780
0.340256 0.462902 0.029569
0.340216 0.472594 0.027084
0.374670 0.496912 0.023537
0.374523 0.506832 0.021416
0.369655 0.501887 0.022204
0.379539 0.501849 0.022693
0.379382 0.511795 0.020630
0.487880 0.304299 0.078163
0.488062 0.314119 0.077823
0.483023 0.309218 0.078021
0.492884 0.309211 0.078027
0.493138 0.319008 0.077560
0.529232 0.343110 0.074849
0.530024 0.352690 0.073362
0.524607 0.347948 0.074333
0.534617 0.347865 0.073891
0.535473 0.357405 0.072222
0.449923 0.343531 0.074855
0.450611 0.353196 0.073381
0.445314 0.348426 0.074021
0.455187 0.348329 0.074259
0.455942 0.357935 0.072697
0.413280 0.382483 0.064315
0.413879 0.391827 0.061491
0.408620 0.387255 0.062442
0.418569 0.387057 0.063394
0.419097 0.396417 0.060458
0.454494 0.419465 0.054345
0.454553 0.428933 0.050355
0.449582 0.424236 0.052137
0.459491 0.424158 0.052583
0.459506 0.433658 0.048538
0.295468 0.497392 0.019534
0.295391 0.507288 0.017989
0.290483 0.502365 0.018541
0.300386 0.502295 0.018956
0.300292 0.512224 0.017443
0.450866 0.659427 0.009134
0.450796 0.669500 0.009031
0.445901 0.664467 0.009078
0.455755 0.664475 0.009080
0.455696 0.674516 0.008992
0.373319 0.577382 0.011825
0.373138 0.587591 0.011096
0.368305 0.582476 0.011381
0.378151 0.582491 0.011508
0.377973 0.592715 0.010829
0.453642 0.496755 0.026603
0.453389 0.506749 0.024028
0.448591 0.501740 0.025195
0.458435 0.501759 0.025359
0.458183 0.511774 0.022890
0.413405 0.536844 0.017121
0.413215 0.546953 0.015606
0.408393 0.541889 0.016244
0.418224 0.541901 0.016424
0.418035 0.552029 0.015004
0.451960 0.577612 0.012562
0.451794 0.587840 0.011698
0.446966 0.582700 0.012096
0.456785 0.582749 0.012125
0.456624 0.592983 0.011327
0.610435 0.498872 0.020326
0.610201 0.508896 0.018525
0.605418 0.503768 0.019731
0.615214 0.504000 0.019075
0.614994 0.514026 0.017413
0.570348 0.538252 0.015730
0.570163 0.548352 0.014402
0.565347 0.543212 0.015215
0.575160 0.543390 0.014863
0.574985 0.553491 0.013671
0.609012 0.579296 0.010897
0.608902 0.589370 0.010370
0.604039 0.584259 0.010698
0.613872 0.584408 0.010547
0.613771 0.594474 0.010082
0.533936 0.419182 0.053534
0.533856 0.428801 0.049417
0.528965 0.423982 0.051874
0.538854 0.423986 0.051090
0.538709 0.433646 0.046945
0.493912 0.457615 0.039342
0.493728 0.467320 0.035854
0.488897 0.462441 0.037631
0.498749 0.462482 0.037484
0.498538 0.472228 0.034102
0.532162 0.497350 0.025531
0.531864 0.507385 0.023043
0.527113 0.502299 0.024454
0.536907 0.502434 0.024043
0.536623 0.512479 0.021702
0.572290 0.380581 0.061964
0.572768 0.390148 0.058912
0.567634 0.385457 0.061308
0.577443 0.385261 0.059555
0.577822 0.394865 0.056383
0.612104 0.419178 0.041755
0.611973 0.429097 0.038469
0.607180 0.424072 0.040914
0.616933 0.424203 0.039321
0.616756 0.434155 0.036109
0.572394 0.458276 0.034136
0.572136 0.468142 0.031058
0.567394 0.463136 0.033115
0.577135 0.463277 0.032009
0.576878 0.473176 0.029107
0.648918 0.539892 0.012798
0.648763 0.549907 0.011965
0.643922 0.544795 0.012514
0.653757 0.545002 0.012218
0.653607 0.555011 0.011482
0.491939 0.537184 0.017705
0.491732 0.547318 0.016071
0.486933 0.542206 0.016896
0.496732 0.542291 0.016809
0.496535 0.552439 0.015304
0.411994 0.618462 0.009838
0.411836 0.628746 0.009552
0.406993 0.623590 0.009662
0.416835 0.623616 0.009694
0.416681 0.633900 0.009468
0.490141 0.699360 0.008898
0.490141 0.709220 0.008898
0.485211 0.704290 0.008898
0.495071 0.704290 0.008898
0.495071 0.714150 0.008898
0.334578 0.536994 0.015108
0.334408 0.547084 0.013919
0.329552 0.542074 0.014375
0.339435 0.541998 0.014613
0.339259 0.552104 0.013486
0.492656 0.381267 0.068022
0.493263 0.390732 0.065329
0.488001 0.386034 0.066708
0.497958 0.385965 0.066699
0.498492 0.395439 0.063822
0.414770 0.457756 0.036978
0.414669 0.467384 0.033772
0.409766 0.462582 0.035039
0.419679 0.462539 0.035648
0.419559 0.472209 0.032511
0.569307 0.619248 0.009584
0.569237 0.629374 0.009365
0.564352 0.624278 0.009486
0.574190 0.624346 0.009435
0.574127 0.634461 0.009278
0.712659 0.555997 0.010389
0.707663 0.560887 0.010252
0.717658 0.551113 0.010535
0.702669 0.565784 0.010126
0.697679 0.570685 0.010007
0.732668 0.536496 0.011024
0.727662 0.541363 0.010854
0.737675 0.531634 0.011201
0.722659 0.546235 0.010691
0.554226 0.714156 0.008897
0.549296 0.719085 0.008897
0.559155 0.709226 0.008897
0.544366 0.724014 0.008897
0.539437 0.728942 0.008897
0.573945 0.694430 0.008900
0.569014 0.699367 0.008897
0.578878 0.689484 0.008906
0.564085 0.704297 0.008897
0.304253 0.567929 0.011545
0.460563 0.728940 0.008898
0.382000 0.649211 0.009175
0.633207 0.634822 0.009054
0.628266 0.639789 0.009047
0.638149 0.629860 0.009062
0.623324 0.644760 0.009037
0.618383 0.649734 0.009024
0.652987 0.615007 0.009167
0.648039 0.619953 0.009119
0.657938 0.610066 0.009227
0.643093 0.624904 0.009084
0.672809 0.595267 0.009468
0.667849 0.600196 0.009379
0.677774 0.590342 0.009565
0.662892 0.605129 0.009298
0.692695 0.575592 0.009890
0.687716 0.580504 0.009777
0.682743 0.585421 0.009668
0.421139 0.689466 0.008912
0.514789 0.753587 0.008898
0.509860 0.758516 0.008898
0.519719 0.748658 0.008898
0.504930 0.763446 0.008898
0.500000 0.768375 0.008898
0.534507 0.733871 0.008898
0.529578 0.738800 0.008898
0.524648 0.743729 0.008898
0.343184 0.608167 0.009765
0.593685 0.674602 0.008944
0.588748 0.679569 0.008929
0.598623 0.669632 0.008960
0.583812 0.684530 0.008916
0.613442 0.654709 0.009009
0.608502 0.659684 0.008993
0.603562 0.664659 0.008976
0.280021 0.542673 0.013268
0.275173 0.537617 0.013665
0.284867 0.547733 0.012886
0.270320 0.532568 0.014074
0.265462 0.527529 0.014493
0.299401 0.562897 0.011850
0.294555 0.557850 0.012175
0.289711 0.552794 0.012521
0.435915 0.704291 0.008897
0.430985 0.699361 0.008898
0.440845 0.709221 0.008898
0.426059 0.694422 0.008902
0.455634 0.724010 0.008898
0.450704 0.719080 0.008898
0.445774 0.714150 0.008898
0.357744 0.623506 0.009424
0.352895 0.618374 0.009516
0.362590 0.628654 0.009355
0.348041 0.613261 0.009630
0.377138 0.644098 0.009220
0.372283 0.638966 0.009264
0.367435 0.633815 0.009307
0.396627 0.664438 0.009049
0.391745 0.659381 0.009089
0.401517 0.669478 0.009012
0.386869 0.654305 0.009131
0.416224 0.684494 0.008929
0.411315 0.679506 0.008952
0.406413 0.674500 0.008980
0.475352 0.743728 0.008898
0.470423 0.738799 0.008898
0.480282 0.748658 0.008898
0.465493 0.733869 0.008898
0.495071 0.763446 0.008898
0.490141 0.758516 0.008898
0.485212 0.753587 0.008898
0.318849 0.582963 0.010737
0.313980 0.577954 0.010988
0.323719 0.587976 0.010505
0.309114 0.572945 0.011258
0.338323 0.603093 0.009920
0.333457 0.598038 0.010096
0.328589 0.593000 0.010291
