0.580649 0.607495 0.011943
0.580290 0.617890 0.011063
0.575557 0.612619 0.011536
0.435119 0.445267 0.073376
0.434428 0.454120 0.067390
0.429853 0.449485 0.070062
0.517940 0.374512 0.124313
0.517844 0.384335 0.119052
0.512935 0.379429 0.121787
0.350995 0.516691 0.031314
0.350272 0.526683 0.028061
0.345742 0.521389 0.029531
0.500030 0.689440 0.008942
0.500000 0.699393 0.008896
0.495079 0.694434 0.008909
0.423804 0.604241 0.013214
0.423279 0.615121 0.012051
0.418636 0.609510 0.012593
0.506995 0.523449 0.032532
0.506267 0.533500 0.028848
0.501766 0.528313 0.030775
0.662902 0.528680 0.023497
0.662314 0.538537 0.021029
0.657714 0.533411 0.022512
0.591291 0.449182 0.066085
0.590403 0.458410 0.060304
0.586038 0.453689 0.063912
0.633257 0.413201 0.083075
0.632419 0.422396 0.077013
0.628028 0.417682 0.081081
0.597222 0.374793 0.116094
0.596846 0.384700 0.110090
0.592216 0.379806 0.114119
0.549113 0.485491 0.048658
0.548249 0.495121 0.043716
0.543828 0.490135 0.046505
0.513684 0.447592 0.074435
0.512848 0.456564 0.068138
0.508385 0.451945 0.071437
0.556210 0.412755 0.098383
0.555431 0.421698 0.091780
0.550940 0.417182 0.095699
0.621573 0.567265 0.016576
0.621099 0.577423 0.014909
0.616435 0.572207 0.015877
0.584826 0.525851 0.028631
0.584172 0.535837 0.025440
0.579622 0.530682 0.027288
0.626626 0.488110 0.040430
0.625874 0.497779 0.036385
0.621391 0.492744 0.038899
0.465286 0.563060 0.020607
0.464659 0.573521 0.018312
0.460087 0.568117 0.019454
0.429110 0.520667 0.033066
0.428367 0.530731 0.029434
0.423862 0.525477 0.031150
0.471341 0.483088 0.051747
0.470500 0.492659 0.046624
0.466044 0.487679 0.049143
0.387197 0.559697 0.020419
0.386506 0.570194 0.018179
0.381963 0.564647 0.019219
0.461324 0.648234 0.010020
0.461050 0.658720 0.009617
0.456257 0.653460 0.009811
0.314504 0.475613 0.044595
0.313868 0.485142 0.040680
0.309279 0.480066 0.042342
0.477118 0.411612 0.101305
0.476566 0.420360 0.094878
0.471912 0.415907 0.097964
0.438426 0.375143 0.121349
0.438363 0.384347 0.116075
0.433412 0.379824 0.118254
0.477962 0.333534 0.139717
0.478034 0.343936 0.136735
0.473060 0.338878 0.138222
0.557313 0.332997 0.139102
0.557507 0.343540 0.135958
0.552414 0.338298 0.137888
0.517145 0.292611 0.144528
0.517183 0.302503 0.144353
0.512227 0.297547 0.144488
0.393022 0.479922 0.049247
0.392298 0.489457 0.044602
0.387762 0.484429 0.046644
0.356256 0.441132 0.066569
0.355663 0.450117 0.061289
0.351042 0.445302 0.063438
0.397845 0.409179 0.094614
0.397425 0.417621 0.088617
0.392689 0.413105 0.091020
0.540052 0.648759 0.009829
0.539831 0.659055 0.009497
0.535012 0.653893 0.009667
0.502190 0.606197 0.012885
0.501752 0.616801 0.011787
0.497064 0.611413 0.012338
0.543347 0.565239 0.019203
0.542806 0.575570 0.017116
0.538187 0.570277 0.018247
0.704631 0.491595 0.032034
0.703961 0.501229 0.029002
0.699397 0.496172 0.030916
0.668597 0.451679 0.053015
0.667796 0.461118 0.048310
0.663337 0.456192 0.051391
0.585374 0.612763 0.011406
0.439697 0.449860 0.070623
0.522888 0.379504 0.121623
0.355525 0.521954 0.029776
0.504938 0.694435 0.008909
0.428438 0.609824 0.012598
0.511486 0.528610 0.030498
0.667494 0.533795 0.021954
0.595653 0.453890 0.062393
0.637670 0.417934 0.078989
0.601878 0.379795 0.112075
0.553530 0.490437 0.045768
0.518149 0.452188 0.071030
0.560724 0.417291 0.094472
0.626228 0.572469 0.015549
0.589367 0.530990 0.026695
0.631108 0.493131 0.037839
0.469849 0.568437 0.019388
0.433610 0.525885 0.031257
0.475801 0.488017 0.049137
0.391734 0.565198 0.019309
0.466100 0.653525 0.009802
0.319096 0.480662 0.042872
0.481802 0.416091 0.098265
0.443397 0.379713 0.119192
0.482936 0.338611 0.138383
0.562406 0.338209 0.137308
0.522087 0.297543 0.144489
0.397563 0.484903 0.047128
0.360883 0.445909 0.064361
0.402609 0.413671 0.092234
0.544858 0.653942 0.009639
0.506870 0.611576 0.012262
0.547958 0.570515 0.018000
0.709194 0.496648 0.030061
0.673049 0.456594 0.049868
0.665548 0.489767 0.035980
0.670071 0.494806 0.033692
0.664843 0.499422 0.032461
0.670780 0.485177 0.037293
0.686497 0.471482 0.041340
0.691010 0.476488 0.038796
0.685771 0.481049 0.037493
0.702047 0.530320 0.021267
0.706637 0.535413 0.019931
0.701441 0.540100 0.019117
0.707255 0.525666 0.022148
0.722916 0.511810 0.024876
0.727497 0.516864 0.023358
0.722274 0.521475 0.022481
0.541406 0.606872 0.012477
0.546111 0.612192 0.011888
0.541011 0.617369 0.011472
0.546519 0.601718 0.013014
0.561882 0.586370 0.014901
0.566553 0.591656 0.014037
0.561436 0.596762 0.013433
0.500685 0.648520 0.009947
0.505476 0.653745 0.009739
0.500438 0.658895 0.009572
0.505748 0.643328 0.010151
0.520998 0.627657 0.010863
0.525736 0.632991 0.010551
0.520656 0.638205 0.010328
0.539464 0.689452 0.008937
0.544374 0.694436 0.008907
0.539437 0.699392 0.008895
0.544423 0.684444 0.008984
0.559367 0.669322 0.009211
0.564230 0.674397 0.009111
0.559251 0.679431 0.009039
0.395688 0.443467 0.070415
0.400303 0.448141 0.067963
0.395055 0.452342 0.064750
0.400932 0.439344 0.073796
0.416678 0.427115 0.084439
0.421306 0.431623 0.081682
0.416052 0.435725 0.078125
0.353767 0.477888 0.046922
0.358339 0.482903 0.045023
0.353098 0.487417 0.042646
0.359005 0.473443 0.049476
0.374720 0.460336 0.057811
0.379314 0.465189 0.055658
0.374068 0.469558 0.052829
0.390085 0.518846 0.032360
0.394598 0.524100 0.030687
0.389352 0.528884 0.028897
0.395336 0.514118 0.034334
0.411112 0.500058 0.040866
0.415615 0.505169 0.038842
0.410354 0.509870 0.036651
0.517479 0.333131 0.139899
0.522494 0.338350 0.138529
0.517613 0.343570 0.137028
0.522359 0.327940 0.141066
0.537056 0.312499 0.143548
0.542096 0.317564 0.142822
0.537187 0.322737 0.142021
0.557835 0.374856 0.122191
0.562731 0.379875 0.118869
0.557667 0.384763 0.116621
0.562833 0.369785 0.124366
0.577638 0.353954 0.130112
0.582659 0.359231 0.127076
0.577730 0.364533 0.125203
0.478196 0.374546 0.123894
0.483120 0.379399 0.121491
0.478091 0.384214 0.118689
0.483168 0.369542 0.126548
0.497925 0.354029 0.133461
0.502943 0.359197 0.131481
0.498034 0.364363 0.129235
0.437542 0.410800 0.098854
0.442259 0.415228 0.096171
0.437047 0.419364 0.092601
0.442706 0.406594 0.102312
0.458057 0.393476 0.112185
0.462866 0.398044 0.109641
0.457750 0.402460 0.106417
0.474478 0.446583 0.074952
0.479013 0.451165 0.071862
0.473727 0.455484 0.068752
0.479761 0.442308 0.078215
0.495627 0.429467 0.088318
0.500172 0.433965 0.084827
0.494878 0.438271 0.081506
0.311804 0.514372 0.030212
0.316343 0.519648 0.028779
0.311063 0.524362 0.027143
0.317069 0.509722 0.031979
0.332819 0.495940 0.037796
0.337373 0.501084 0.036135
0.332125 0.505685 0.034163
0.460596 0.689427 0.008945
0.465501 0.694427 0.008910
0.460563 0.699386 0.008896
0.465563 0.684393 0.009002
0.480543 0.669130 0.009295
0.485391 0.674257 0.009173
0.480399 0.679340 0.009077
0.384614 0.602597 0.013087
0.389228 0.608349 0.012505
0.384048 0.613678 0.011943
0.389806 0.597358 0.013793
0.405404 0.581865 0.016326
0.409984 0.587455 0.015453
0.404790 0.592625 0.014613
0.468086 0.522164 0.033242
0.472578 0.527354 0.031293
0.467340 0.532229 0.029518
0.473338 0.517347 0.035207
0.489137 0.503042 0.041573
0.493589 0.508107 0.039187
0.488327 0.512883 0.037100
0.426253 0.561611 0.020669
0.430800 0.567047 0.019504
0.425591 0.572113 0.018388
0.431470 0.556601 0.021927
0.447136 0.541690 0.026236
0.451658 0.547005 0.024707
0.446440 0.551982 0.023280
0.462991 0.605363 0.013140
0.467648 0.610832 0.012508
0.462510 0.616089 0.011988
0.468143 0.600144 0.013799
0.483621 0.584620 0.016153
0.488241 0.590020 0.015222
0.483087 0.595192 0.014451
0.623818 0.527183 0.026051
0.628391 0.532314 0.024295
0.623206 0.537113 0.023221
0.629015 0.522423 0.027230
0.644643 0.508299 0.030886
0.649188 0.513380 0.028845
0.643980 0.518076 0.027673
0.582439 0.566219 0.017959
0.587074 0.571457 0.016833
0.581935 0.576470 0.016080
0.587593 0.561247 0.018809
0.603086 0.546487 0.021653
0.607688 0.551673 0.020217
0.602526 0.556580 0.019302
0.619910 0.608145 0.011301
0.624654 0.613364 0.010823
0.619584 0.618430 0.010560
0.624993 0.603099 0.011660
0.640274 0.588089 0.012951
0.644977 0.593293 0.012246
0.639892 0.598278 0.011835
0.552687 0.448487 0.071560
0.557081 0.453110 0.067895
0.551776 0.457543 0.065365
0.558002 0.444083 0.074216
0.573938 0.430815 0.082161
0.578279 0.435356 0.077992
0.572988 0.439816 0.075484
0.510287 0.484316 0.050983
0.514707 0.489241 0.048180
0.509419 0.493918 0.045853
0.515574 0.479728 0.053448
0.531455 0.466189 0.061061
0.535873 0.470942 0.057848
0.530577 0.475461 0.055384
0.545889 0.524644 0.030968
0.550403 0.529792 0.028932
0.545193 0.534668 0.027462
0.551117 0.519817 0.032592
0.566840 0.505483 0.037699
0.571310 0.510544 0.035240
0.566074 0.515320 0.033611
0.594922 0.412796 0.091501
0.599283 0.417340 0.087293
0.594067 0.421868 0.085110
0.600094 0.408213 0.093601
0.615517 0.394328 0.099708
0.619981 0.399065 0.095535
0.614826 0.403656 0.093515
0.629809 0.450186 0.059600
0.634231 0.455040 0.056144
0.628982 0.459558 0.054356
0.635066 0.445689 0.061473
0.650904 0.432271 0.067131
0.655312 0.437089 0.063375
0.650031 0.441566 0.061547
0.587859 0.486703 0.044828
0.592294 0.491682 0.042009
0.587044 0.496362 0.040285
0.593107 0.482074 0.046645
0.608835 0.468315 0.052158
0.613261 0.473212 0.049021
0.608023 0.477797 0.047255
0.660718 0.568421 0.015174
0.665365 0.573593 0.014257
0.660257 0.578480 0.013700
0.665852 0.563571 0.015816
0.681308 0.549171 0.017967
0.685918 0.554305 0.016834
0.680764 0.559089 0.016136
0.504308 0.564225 0.020106
0.508891 0.569543 0.018870
0.503723 0.574627 0.017877
0.509486 0.559185 0.021227
0.525048 0.544219 0.025008
0.529600 0.549457 0.023392
0.524416 0.554440 0.022164
0.421969 0.647852 0.010038
0.426729 0.653239 0.009822
0.421664 0.658494 0.009627
0.427065 0.642536 0.010282
0.442426 0.626490 0.011162
0.447119 0.632011 0.010825
0.442003 0.637346 0.010541
0.500000 0.728990 0.008894
0.504929 0.733920 0.008894
0.500000 0.738849 0.008894
0.504929 0.724060 0.008894
0.519718 0.709262 0.008895
0.524648 0.714195 0.008894
0.519718 0.719128 0.008894
0.348075 0.557354 0.019922
0.352616 0.562857 0.018862
0.347355 0.567814 0.017723
0.353340 0.552465 0.021187
0.369099 0.537938 0.025433
0.373620 0.543335 0.024089
0.368376 0.548183 0.022667
0.516725 0.412168 0.101357
0.521365 0.416707 0.097939
0.516079 0.421046 0.094794
0.521958 0.407746 0.104346
0.537518 0.394134 0.112643
0.542287 0.398878 0.109310
0.537097 0.403427 0.106652
0.432219 0.481650 0.050970
0.436721 0.486593 0.048613
0.431435 0.491200 0.046029
0.437501 0.477138 0.053720
0.453350 0.463850 0.062448
0.457871 0.468592 0.059745
0.452584 0.473030 0.056859
0.579427 0.648989 0.009674
0.584245 0.654138 0.009509
0.579228 0.659220 0.009396
0.584465 0.643879 0.009809
0.599626 0.628504 0.010250
0.604401 0.633725 0.010011
0.599349 0.638839 0.009882
0.647582 0.469785 0.046615
0.646815 0.479319 0.042239
0.642338 0.474340 0.045057
0.652055 0.474750 0.043732
0.660317 0.494373 0.034684
0.683720 0.509987 0.027653
0.683082 0.519712 0.024877
0.678506 0.514628 0.026588
0.688292 0.515063 0.025890
0.696848 0.534996 0.020405
0.522734 0.585537 0.015643
0.522246 0.596020 0.014031
0.517592 0.590670 0.014872
0.527380 0.590874 0.014729
0.536299 0.612043 0.011992
0.481706 0.627163 0.011062
0.481324 0.637840 0.010471
0.476595 0.632449 0.010762
0.486422 0.632573 0.010729
0.495632 0.653695 0.009759
0.519953 0.669220 0.009261
0.519825 0.679381 0.009062
0.514955 0.674303 0.009156
0.524810 0.674320 0.009148
0.534515 0.694436 0.008907
0.377112 0.424885 0.080145
0.376544 0.433552 0.074221
0.371896 0.428882 0.076601
0.381768 0.429517 0.077722
0.390445 0.447623 0.067124
0.335393 0.458074 0.054702
0.334775 0.467367 0.050102
0.330174 0.462410 0.052010
0.339999 0.462997 0.052733
0.348531 0.482365 0.044481
0.371993 0.498126 0.039434
0.371274 0.507902 0.035501
0.366742 0.502735 0.037246
0.376526 0.503260 0.037618
0.384837 0.523593 0.030485
0.497534 0.312593 0.143573
0.497614 0.322817 0.142073
0.492644 0.317739 0.142912
0.502503 0.317657 0.142908
0.512596 0.338343 0.138557
0.537686 0.354093 0.133170
0.537851 0.364509 0.128794
0.532773 0.359289 0.131234
0.542775 0.359342 0.130873
0.552805 0.379817 0.119944
0.458302 0.354895 0.132360
0.458364 0.364978 0.127915
0.453353 0.360154 0.129925
0.463296 0.359809 0.130478
0.473197 0.379442 0.121129
0.418273 0.392994 0.108506
0.418042 0.401609 0.102819
0.413194 0.397150 0.105119
0.423148 0.397457 0.106236
0.432355 0.414941 0.095325
0.456184 0.428510 0.087384
0.455506 0.437198 0.080771
0.450918 0.432691 0.083787
0.460776 0.432988 0.084281
0.469196 0.450867 0.071743
0.293601 0.493520 0.036192
0.292911 0.503264 0.032838
0.288365 0.498050 0.034321
0.298159 0.498696 0.034667
0.306528 0.519052 0.028522
0.441134 0.669029 0.009309
0.440975 0.679298 0.009083
0.436119 0.674172 0.009185
0.445973 0.674191 0.009185
0.455643 0.694424 0.008910
0.366278 0.579673 0.016028
0.365631 0.590519 0.014349
0.361052 0.584774 0.015103
0.370845 0.585374 0.015202
0.379425 0.607886 0.012451
0.450166 0.501663 0.041722
0.449373 0.511493 0.037310
0.444890 0.506377 0.039414
0.454642 0.506747 0.039512
0.462840 0.527008 0.031361
0.408138 0.540034 0.025992
0.407425 0.550324 0.023117
0.402902 0.544925 0.024465
0.412658 0.545397 0.024553
0.421036 0.566639 0.019480
0.444513 0.583438 0.016378
0.443937 0.594104 0.014647
0.439330 0.588598 0.015485
0.449111 0.588920 0.015465
0.457844 0.610606 0.012546
0.605691 0.506788 0.034358
0.604981 0.516607 0.030689
0.600467 0.511517 0.032882
0.610196 0.511865 0.032082
0.618626 0.531968 0.024899
0.564041 0.545335 0.023521
0.563446 0.555499 0.020890
0.558859 0.550273 0.022358
0.568619 0.550542 0.021953
0.577291 0.571217 0.017142
0.601064 0.587194 0.013976
0.600653 0.597490 0.012685
0.595953 0.592238 0.013411
0.605755 0.592439 0.013189
0.614832 0.613209 0.010978
0.534974 0.430239 0.086816
0.534099 0.439131 0.079917
0.529637 0.434579 0.083680
0.539430 0.434775 0.082938
0.547374 0.452893 0.068911
0.492510 0.465117 0.062710
0.491684 0.474333 0.056997
0.487220 0.469557 0.059894
0.496975 0.469847 0.059715
0.504999 0.488948 0.048559
0.527989 0.504261 0.040210
0.527191 0.514104 0.035842
0.522727 0.509019 0.038202
0.532442 0.509322 0.037740
0.540669 0.529498 0.029392
0.576977 0.394415 0.107905
0.576410 0.403751 0.101757
0.571834 0.399114 0.105685
0.581573 0.399097 0.103959
0.589728 0.417353 0.089341
0.612296 0.431152 0.074843
0.611394 0.440355 0.068704
0.607041 0.435658 0.072650
0.616643 0.435849 0.070821
0.624559 0.454697 0.057732
0.570241 0.467227 0.057393
0.569361 0.476588 0.051997
0.564962 0.471756 0.055203
0.574632 0.472024 0.054078
0.582607 0.491358 0.043023
0.642192 0.547760 0.019737
0.641660 0.557768 0.017659
0.637030 0.552596 0.018884
0.646814 0.552921 0.018444
0.655595 0.573298 0.014565
0.486106 0.543057 0.025940
0.485435 0.553322 0.022986
0.480895 0.548022 0.024484
0.490637 0.548329 0.024335
0.499131 0.569290 0.019037
0.403154 0.625535 0.011145
0.402687 0.636643 0.010524
0.398001 0.630964 0.010802
0.407825 0.631222 0.010822
0.416887 0.653147 0.009819
0.480281 0.709259 0.008895
0.480281 0.719124 0.008895
0.475352 0.714191 0.008895
0.485211 0.714193 0.008895
0.495070 0.733919 0.008895
0.329944 0.535639 0.024695
0.329190 0.545864 0.022026
0.324659 0.540448 0.023236
0.334475 0.541025 0.023422
0.342804 0.562270 0.018716
0.497732 0.393708 0.113628
0.497388 0.402919 0.107797
0.492612 0.398304 0.110705
0.502540 0.398384 0.110763
0.511474 0.416547 0.098257
0.414065 0.462301 0.060612
0.413358 0.471474 0.055277
0.408803 0.466644 0.057633
0.418625 0.467080 0.058177
0.426938 0.486203 0.048308
0.560306 0.628089 0.010592
0.559997 0.638528 0.010131
0.555230 0.633273 0.010378
0.565063 0.633362 0.010312
0.574398 0.654090 0.009545
0.569378 0.659179 0.009424
0.569220 0.669349 0.009196
0.564367 0.664257 0.009312
0.574219 0.664290 0.009291
0.579074 0.669376 0.009180
0.578964 0.679458 0.009025
0.574086 0.674416 0.009101
0.559739 0.648876 0.009756
0.564551 0.654041 0.009578
0.559529 0.659138 0.009449
0.564782 0.643746 0.009911
0.569835 0.638604 0.010074
0.574623 0.643812 0.009862
0.569582 0.648932 0.009716
0.550161 0.638450 0.010185
0.549895 0.648817 0.009793
0.545102 0.643612 0.010002
0.554942 0.643679 0.009958
0.554704 0.653992 0.009610
0.421657 0.490796 0.045734
0.420881 0.500490 0.041136
0.416382 0.495416 0.043250
0.426154 0.495833 0.043533
0.430646 0.500899 0.041370
0.429870 0.510722 0.037046
0.425377 0.505592 0.039066
0.412629 0.480830 0.050204
0.417151 0.485791 0.047959
0.411876 0.490370 0.045399
0.417899 0.476342 0.052934
0.423170 0.471896 0.055756
0.427702 0.476752 0.053352
0.422426 0.481251 0.050610
0.403542 0.471029 0.054745
0.402827 0.480386 0.049749
0.398282 0.475455 0.051948
0.408093 0.475910 0.052467
0.407359 0.485358 0.047566
0.506205 0.420886 0.095046
0.505474 0.429656 0.088186
0.500919 0.425190 0.091722
0.510779 0.425359 0.091534
0.515314 0.429842 0.087903
0.514506 0.438698 0.081026
0.510000 0.434163 0.084603
0.496920 0.411906 0.101639
0.501585 0.416406 0.098413
0.496329 0.420729 0.095141
0.502126 0.407493 0.104755
0.507310 0.403015 0.107766
0.512040 0.407607 0.104632
0.506822 0.412033 0.101577
0.487469 0.402818 0.107676
0.487018 0.411766 0.101548
0.482304 0.407252 0.104543
0.492214 0.407378 0.104725
0.491694 0.416257 0.098415
0.337529 0.567231 0.017573
0.336827 0.577904 0.015645
0.332251 0.572251 0.016495
0.342091 0.572827 0.016650
0.346662 0.578481 0.015789
0.346000 0.589369 0.014129
0.341410 0.583612 0.014856
0.328429 0.556202 0.019601
0.332975 0.561694 0.018558
0.327685 0.566659 0.017408
0.333723 0.551307 0.020870
0.339006 0.546440 0.022200
0.343539 0.551883 0.021034
0.338260 0.556774 0.019768
0.319361 0.545291 0.021843
0.318583 0.555637 0.019422
0.314047 0.550169 0.020512
0.323893 0.550735 0.020697
0.323129 0.561127 0.018385
0.490140 0.738848 0.008895
0.490141 0.748703 0.008895
0.485211 0.743775 0.008895
0.495070 0.743777 0.008895
0.500000 0.748705 0.008895
0.500000 0.758557 0.008895
0.495070 0.753631 0.008895
0.480281 0.728986 0.008895
0.485211 0.733917 0.008895
0.480281 0.738845 0.008895
0.485211 0.724057 0.008895
0.490140 0.719126 0.008895
0.495070 0.724058 0.008895
0.490140 0.728988 0.008895
0.470422 0.719121 0.008895
0.470422 0.728983 0.008895
0.465492 0.724051 0.008896
0.475352 0.724054 0.008895
0.475352 0.733914 0.008895
0.411818 0.658419 0.009622
0.411578 0.668928 0.009306
0.406765 0.663665 0.009450
0.416614 0.663725 0.009455
0.421430 0.668967 0.009309
0.421263 0.679272 0.009083
0.416411 0.674128 0.009183
0.402292 0.647588 0.010021
0.407044 0.653043 0.009811
0.401972 0.658334 0.009615
0.407397 0.642230 0.010268
0.412516 0.636851 0.010539
0.417231 0.642392 0.010278
0.412130 0.647728 0.010032
0.392857 0.636414 0.010502
0.392453 0.647433 0.010005
0.387728 0.641849 0.010230
0.397562 0.642048 0.010252
0.397201 0.652926 0.009800
0.493958 0.574378 0.018020
0.493398 0.584869 0.016051
0.488788 0.579488 0.017058
0.498559 0.579737 0.016937
0.503175 0.585098 0.015930
0.502664 0.595626 0.014266
0.498024 0.590248 0.015120
0.484799 0.563678 0.020412
0.489371 0.569024 0.019179
0.484192 0.574111 0.018140
0.489989 0.558636 0.021585
0.495181 0.553617 0.022828
0.499738 0.558917 0.021421
0.494554 0.563960 0.020273
0.475688 0.553011 0.023110
0.475043 0.563378 0.020524
0.470486 0.558024 0.021821
0.480238 0.558339 0.021719
0.479611 0.568740 0.019296
0.650482 0.578202 0.013991
0.650065 0.588330 0.012694
0.645375 0.583133 0.013453
0.655158 0.583393 0.013179
0.659843 0.588582 0.012446
0.659471 0.598714 0.011411
0.654764 0.593525 0.012014
0.641157 0.567825 0.015860
0.645814 0.573012 0.014884
0.640694 0.577934 0.014293
0.646297 0.562943 0.016538
0.651443 0.558085 0.017257
0.656078 0.563252 0.016171
0.650942 0.568119 0.015511
0.631871 0.557460 0.018073
0.631364 0.567541 0.016219
0.626719 0.562349 0.017305
0.636509 0.562642 0.016919
0.636023 0.572736 0.015215
0.577350 0.496043 0.041235
0.576549 0.505793 0.036893
0.572093 0.500751 0.039459
0.581795 0.501066 0.038575
0.586260 0.506113 0.036055
0.585521 0.515943 0.032170
0.581026 0.510858 0.034462
0.568500 0.486089 0.046915
0.572921 0.491046 0.044020
0.567654 0.495732 0.042147
0.573768 0.481467 0.048893
0.579029 0.476869 0.050866
0.583437 0.481764 0.047780
0.578182 0.486391 0.045895
0.559680 0.476306 0.053012
0.558810 0.485789 0.047835
0.554397 0.480883 0.050829
0.564087 0.481174 0.049914
0.563229 0.490740 0.044940
0.619316 0.459223 0.055868
0.618499 0.468644 0.050794
0.614075 0.463762 0.054010
0.623739 0.464093 0.052572
0.628178 0.469001 0.049414
0.627393 0.478517 0.044772
0.622939 0.473564 0.047715
0.610519 0.449606 0.062878
0.614909 0.454393 0.059303
0.609667 0.458921 0.057364
0.615765 0.445094 0.064904
0.621014 0.440589 0.066936
0.625403 0.445368 0.063197
0.620153 0.449875 0.061247
0.601792 0.440168 0.070455
0.600900 0.449375 0.064490
0.596543 0.444675 0.068266
0.606147 0.444864 0.066594
0.605275 0.454124 0.060857
0.584504 0.421881 0.087092
0.583564 0.430873 0.080464
0.579238 0.426368 0.084702
0.588830 0.426378 0.082841
0.593137 0.430918 0.078611
0.592202 0.440025 0.072188
0.587876 0.435423 0.076258
0.575703 0.412877 0.095420
0.580131 0.417389 0.091295
0.574872 0.421871 0.088890
0.580915 0.408325 0.097711
0.586093 0.403705 0.099891
0.590535 0.408259 0.095716
0.585354 0.412851 0.093565
0.566659 0.403731 0.103366
0.565985 0.412838 0.097026
0.561451 0.408275 0.100936
0.571214 0.408328 0.099450
0.570457 0.417366 0.093004
0.535455 0.534377 0.027871
0.534791 0.544500 0.024687
0.530249 0.539284 0.026408
0.539988 0.539571 0.026045
0.544538 0.544780 0.024332
0.543923 0.554974 0.021582
0.539350 0.549730 0.023078
0.526435 0.524047 0.031850
0.530937 0.529203 0.029806
0.525722 0.534086 0.028238
0.531668 0.519214 0.033585
0.536909 0.514407 0.035374
0.541391 0.519515 0.033116
0.536161 0.524346 0.031434
0.517475 0.513802 0.036250
0.516713 0.523748 0.032217
0.512231 0.518612 0.034358
0.521948 0.518913 0.033999
0.521210 0.528906 0.030175
0.499707 0.493621 0.046177
0.498859 0.503355 0.041344
0.494418 0.498321 0.043843
0.504135 0.498624 0.043569
0.508570 0.503656 0.041039
0.507763 0.513500 0.036597
0.503306 0.508414 0.038927
0.490842 0.483729 0.051563
0.495280 0.488650 0.048845
0.489983 0.493314 0.046414
0.496135 0.479156 0.054137
0.501424 0.474621 0.056758
0.505861 0.479443 0.053845
0.500572 0.484027 0.051322
0.481929 0.474030 0.057126
0.481098 0.483415 0.051704
0.476635 0.478539 0.054409
0.486392 0.478855 0.054325
0.485547 0.488340 0.049038
0.542064 0.457307 0.066275
0.541171 0.466453 0.060336
0.536758 0.461738 0.063657
0.546473 0.461989 0.062844
0.550876 0.466713 0.059484
0.549988 0.476024 0.053915
0.545580 0.471214 0.057086
0.533219 0.448059 0.073324
0.537648 0.452666 0.069771
0.532337 0.457065 0.067040
0.538540 0.443694 0.076195
0.543866 0.439328 0.079089
0.548284 0.443896 0.075293
0.542964 0.448279 0.072524
0.524310 0.438919 0.080561
0.523457 0.447830 0.073960
0.518992 0.443253 0.077478
0.528774 0.443480 0.076923
0.527905 0.452431 0.070477
0.609759 0.618291 0.010694
0.609457 0.628612 0.010153
0.604690 0.623390 0.010451
0.614518 0.623513 0.010336
0.619290 0.628722 0.010050
0.619029 0.639002 0.009735
0.614236 0.633820 0.009925
0.600277 0.607814 0.011635
0.605011 0.613057 0.011127
0.599935 0.618155 0.010823
0.605366 0.602737 0.012039
0.610461 0.597680 0.012482
0.615179 0.602916 0.011853
0.610093 0.607978 0.011471
0.590847 0.597303 0.012882
0.590463 0.607653 0.011792
0.585746 0.602389 0.012393
0.595555 0.602562 0.012219
0.595193 0.612909 0.011269
0.572150 0.576243 0.016360
0.571676 0.586571 0.014681
0.567013 0.581295 0.015612
0.576803 0.581508 0.015362
0.581470 0.586774 0.014452
0.581042 0.597120 0.013073
0.576351 0.591846 0.013835
0.562888 0.565729 0.018619
0.567511 0.570983 0.017446
0.562365 0.576021 0.016629
0.568047 0.560732 0.019539
0.573212 0.555760 0.020503
0.577819 0.560987 0.019176
0.572663 0.565972 0.018294
0.553683 0.555237 0.021249
0.553116 0.565486 0.018922
0.548512 0.560226 0.020200
0.558278 0.560480 0.019881
0.557733 0.570751 0.017732
0.613440 0.536781 0.023779
0.612855 0.546793 0.021177
0.608260 0.541620 0.022696
0.618028 0.541939 0.022180
0.622630 0.547107 0.020699
0.622086 0.557159 0.018486
0.617464 0.551973 0.019775
0.604311 0.526497 0.027348
0.608868 0.531633 0.025501
0.603680 0.536457 0.024336
0.609513 0.521714 0.028630
0.614719 0.516956 0.029941
0.619260 0.522063 0.027932
0.614061 0.526835 0.026701
0.595248 0.516270 0.031432
0.594566 0.526169 0.027991
0.590034 0.521048 0.030014
0.599771 0.521375 0.029324
0.599114 0.531306 0.026100
0.452701 0.615873 0.012017
0.452245 0.626677 0.011147
0.447561 0.621168 0.011556
0.457375 0.621370 0.011534
0.462065 0.626852 0.011125
0.461662 0.637611 0.010516
0.456944 0.632168 0.010809
0.443397 0.604842 0.013200
0.448041 0.610363 0.012573
0.442893 0.615642 0.012038
0.448558 0.599610 0.013876
0.453723 0.594403 0.014620
0.458350 0.599886 0.013844
0.453194 0.605111 0.013175
0.434151 0.593786 0.014660
0.433600 0.604556 0.013213
0.428976 0.599000 0.013903
0.438766 0.599316 0.013896
0.438239 0.610104 0.012591
0.415822 0.571689 0.018360
0.415183 0.582315 0.016363
0.410611 0.576763 0.017309
0.420385 0.577201 0.017341
0.424961 0.582725 0.016384
0.424365 0.593438 0.014659
0.419767 0.587875 0.015479
0.406728 0.560722 0.020578
0.411270 0.566194 0.019439
0.406051 0.571228 0.018316
0.411955 0.555745 0.021841
0.417182 0.550783 0.023185
0.421713 0.556189 0.021892
0.416492 0.561184 0.020632
0.397666 0.549834 0.023030
0.396964 0.560226 0.020507
0.392431 0.554760 0.021685
0.402194 0.555269 0.021772
0.401503 0.565714 0.019382
0.457600 0.531876 0.029565
0.456881 0.542054 0.026223
0.452365 0.536770 0.027856
0.462108 0.537129 0.027827
0.466625 0.542404 0.026169
0.465940 0.552684 0.023201
0.461405 0.547360 0.024670
0.448604 0.521443 0.033256
0.453099 0.526647 0.031376
0.447857 0.531509 0.029563
0.453858 0.516638 0.035263
0.459120 0.511860 0.037357
0.463600 0.516999 0.035266
0.458346 0.521810 0.033277
0.439623 0.511115 0.037198
0.438858 0.521063 0.033178
0.434363 0.515879 0.035082
0.444112 0.516265 0.035198
0.443355 0.526273 0.031339
0.374240 0.613228 0.011887
0.373698 0.624510 0.011034
0.369058 0.618632 0.011396
0.378872 0.619063 0.011452
0.383517 0.624882 0.011081
0.383028 0.636162 0.010474
0.378352 0.630368 0.010735
0.365015 0.601545 0.012945
0.369622 0.607385 0.012385
0.364431 0.612745 0.011821
0.370218 0.596296 0.013655
0.375423 0.591103 0.014436
0.380012 0.596847 0.013731
0.374815 0.602090 0.013022
0.355825 0.589938 0.014247
0.355201 0.601004 0.012854
0.350597 0.595169 0.013461
0.360417 0.595727 0.013566
0.359812 0.606865 0.012307
0.450704 0.699383 0.008897
0.450704 0.709249 0.008896
0.445774 0.704315 0.008896
0.455633 0.704318 0.008896
0.460563 0.709253 0.008896
0.460563 0.719117 0.008896
0.455633 0.714184 0.008896
0.440879 0.689418 0.008946
0.445783 0.694422 0.008910
0.440844 0.699379 0.008897
0.445848 0.684381 0.009003
0.450831 0.679309 0.009082
0.455705 0.684387 0.009003
0.450737 0.689423 0.008946
0.431119 0.679286 0.009083
0.431020 0.689413 0.008946
0.426133 0.684366 0.009003
0.435990 0.684373 0.009004
0.435925 0.694418 0.008911
0.301241 0.523764 0.026906
0.300465 0.533892 0.024077
0.295944 0.528514 0.025358
0.305770 0.529110 0.025577
0.310300 0.534478 0.024288
0.309517 0.544720 0.021651
0.304989 0.539295 0.022841
0.292185 0.513143 0.029665
0.296713 0.518442 0.028270
0.291425 0.523160 0.026676
0.297453 0.508503 0.031374
0.302712 0.503897 0.033160
0.307260 0.509122 0.031674
0.301991 0.513765 0.029934
0.283120 0.502612 0.032530
0.282387 0.512511 0.029408
0.277865 0.507215 0.030812
0.287654 0.507866 0.031086
0.286906 0.517826 0.028028
0.463914 0.455169 0.068588
0.463157 0.464192 0.062691
0.458632 0.459495 0.065489
0.468442 0.459823 0.065694
0.472954 0.464517 0.062816
0.472159 0.473711 0.057146
0.467666 0.468929 0.059909
0.454810 0.445964 0.074405
0.459369 0.450550 0.071493
0.454091 0.454837 0.068297
0.460083 0.441728 0.077756
0.465358 0.437498 0.081165
0.469925 0.442028 0.078054
0.464647 0.446283 0.074745
0.445653 0.436877 0.080241
0.444968 0.445626 0.073935
0.440386 0.441066 0.076770
0.450237 0.441408 0.077320
0.449536 0.450215 0.071112
0.427148 0.419028 0.091738
0.426564 0.427533 0.085308
0.421920 0.423078 0.088099
0.431813 0.423459 0.088968
0.436446 0.427895 0.086094
0.435791 0.436533 0.079616
0.431183 0.432021 0.082468
0.417699 0.410141 0.096917
0.422443 0.414589 0.094385
0.417244 0.418626 0.090787
0.422852 0.406063 0.100427
0.427985 0.401915 0.103877
0.432783 0.406364 0.101419
0.427623 0.410508 0.097931
0.408097 0.401220 0.101671
0.407773 0.409698 0.095811
0.402981 0.405223 0.098167
0.412917 0.405684 0.099343
0.412528 0.414166 0.093355
0.468173 0.384230 0.118256
0.467963 0.393535 0.112762
0.463126 0.388907 0.115274
0.473038 0.388926 0.115779
0.477878 0.393591 0.113196
0.477554 0.402709 0.107405
0.472773 0.398137 0.110143
0.458363 0.374766 0.122928
0.463282 0.379507 0.120637
0.458262 0.384255 0.117685
0.463336 0.369817 0.125742
0.468280 0.364742 0.128420
0.473248 0.369660 0.126204
0.468278 0.374641 0.123477
0.448393 0.365307 0.127238
0.448410 0.374941 0.122213
0.443419 0.370305 0.124350
0.453402 0.370028 0.125129
0.453360 0.379595 0.119995
0.547741 0.384679 0.117610
0.547446 0.394256 0.111852
0.542645 0.389449 0.115179
0.552573 0.389553 0.114286
0.557338 0.394351 0.110797
0.556850 0.403663 0.104720
0.552181 0.398992 0.108362
0.537896 0.374700 0.123727
0.542848 0.379727 0.120759
0.537785 0.384569 0.118335
0.542890 0.369689 0.126047
0.547848 0.364569 0.128259
0.552872 0.369754 0.125331
0.547876 0.374791 0.123088
0.527856 0.364436 0.129087
0.527904 0.374596 0.124107
0.522913 0.369518 0.126750
0.532894 0.369603 0.126507
0.532869 0.379616 0.121311
0.507709 0.343566 0.137039
0.507838 0.354003 0.133507
0.502819 0.348795 0.135342
0.512729 0.348791 0.135355
0.517759 0.354016 0.133482
0.517901 0.364378 0.129238
0.512869 0.359201 0.131489
0.497708 0.333172 0.139879
0.502702 0.338352 0.138545
0.497812 0.343601 0.137002
0.502596 0.327951 0.141071
0.507483 0.322778 0.142079
0.512475 0.327940 0.141080
0.507589 0.333133 0.139901
0.487753 0.322950 0.142055
0.487833 0.333305 0.139818
0.482860 0.328219 0.140992
0.492725 0.328037 0.141046
0.492817 0.338434 0.138491
0.379590 0.528358 0.028707
0.378864 0.538503 0.025600
0.374345 0.533139 0.027023
0.384107 0.533684 0.027202
0.388624 0.539041 0.025751
0.387905 0.549314 0.022926
0.383383 0.543894 0.024233
0.370551 0.517796 0.031854
0.375072 0.523061 0.030258
0.369825 0.527808 0.028496
0.375800 0.513101 0.033792
0.381051 0.508425 0.035832
0.385570 0.513620 0.034077
0.380320 0.518332 0.032119
0.361493 0.507365 0.035167
0.360776 0.517248 0.031585
0.356245 0.512017 0.033191
0.366025 0.512565 0.033492
0.365302 0.522511 0.030019
0.343295 0.486869 0.042151
0.342617 0.496507 0.038203
0.338058 0.491395 0.039923
0.347858 0.491952 0.040373
0.352412 0.497061 0.038612
0.351709 0.506817 0.034833
0.347167 0.501647 0.036505
0.334139 0.476780 0.045752
0.338722 0.481812 0.043942
0.333489 0.486308 0.041658
0.339368 0.472343 0.048210
0.344596 0.467938 0.050779
0.349186 0.472901 0.048841
0.343954 0.477341 0.046336
0.324952 0.466781 0.049428
0.324323 0.476204 0.045172
0.319729 0.471184 0.046957
0.329549 0.471771 0.047582
0.328910 0.481244 0.043406
0.385202 0.451818 0.063922
0.384561 0.460864 0.058594
0.379960 0.456054 0.060813
0.389808 0.456582 0.061626
0.394400 0.461369 0.059328
0.393722 0.470560 0.054158
0.389149 0.465697 0.056375
0.375957 0.442342 0.068514
0.380584 0.447072 0.066213
0.375349 0.451267 0.063042
0.381186 0.438231 0.071851
0.386420 0.434160 0.075297
0.391061 0.438808 0.072862
0.385822 0.442921 0.069491
0.366682 0.432923 0.073151
0.366103 0.441746 0.067540
0.361469 0.437006 0.069807
0.371323 0.437627 0.070827
0.370730 0.446498 0.065285
0.529578 0.699393 0.008895
0.529577 0.709262 0.008895
0.524648 0.704328 0.008895
0.534507 0.704327 0.008895
0.539437 0.709260 0.008895
0.539437 0.719125 0.008894
0.534507 0.714194 0.008894
0.519747 0.689446 0.008940
0.524656 0.694436 0.008908
0.519719 0.699394 0.008895
0.524708 0.684430 0.008990
0.529681 0.679392 0.009057
0.534566 0.684437 0.008987
0.529605 0.689449 0.008939
0.509968 0.679370 0.009067
0.509888 0.689443 0.008941
0.504993 0.684417 0.008995
0.514850 0.684423 0.008993
0.514797 0.694436 0.008908
0.490591 0.658856 0.009587
0.490395 0.669153 0.009288
0.485561 0.664001 0.009432
0.495411 0.664032 0.009422
0.500247 0.669174 0.009280
0.500112 0.679360 0.009071
0.495246 0.674272 0.009168
0.481003 0.648387 0.009990
0.485788 0.653642 0.009776
0.480743 0.658813 0.009599
0.486074 0.643174 0.010207
0.491156 0.637940 0.010442
0.495911 0.643254 0.010181
0.490844 0.648456 0.009970
0.471493 0.637730 0.010496
0.471163 0.648313 0.010007
0.466402 0.642991 0.010248
0.476238 0.643086 0.010230
0.475944 0.653586 0.009790
0.531195 0.617232 0.011559
0.530824 0.627769 0.010802
0.526095 0.622436 0.011182
0.535916 0.622561 0.011109
0.540650 0.627878 0.010736
0.540325 0.638371 0.010236
0.535566 0.633087 0.010497
0.521795 0.606542 0.012697
0.526488 0.611891 0.012089
0.521379 0.617091 0.011641
0.526916 0.601367 0.013271
0.532041 0.596211 0.013898
0.536716 0.601544 0.013147
0.531600 0.606708 0.012591
0.512454 0.595824 0.014154
0.511992 0.606371 0.012795
0.507320 0.601000 0.013491
0.517117 0.601185 0.013386
0.516678 0.611735 0.012179
0.691658 0.539697 0.019566
0.691082 0.549545 0.017566
0.686479 0.544421 0.018753
0.696256 0.544810 0.018328
0.700852 0.549927 0.017181
0.700279 0.559802 0.015458
0.695683 0.554672 0.016469
0.682467 0.529482 0.022338
0.687061 0.534587 0.020901
0.681876 0.539301 0.020035
0.687665 0.524802 0.023280
0.692872 0.520144 0.024241
0.697458 0.525230 0.022702
0.692255 0.529896 0.021791
0.673298 0.519289 0.025539
0.672682 0.529077 0.022907
0.668096 0.523973 0.024507
0.677878 0.524383 0.023882
0.677277 0.534186 0.021418
0.655088 0.498996 0.033406
0.654401 0.508707 0.030035
0.649863 0.503637 0.032139
0.659620 0.504054 0.031242
0.664166 0.509124 0.029213
0.663519 0.518875 0.026225
0.658954 0.513786 0.028066
0.646069 0.488918 0.038162
0.650572 0.493949 0.035710
0.645342 0.498579 0.034383
0.651303 0.484319 0.039572
0.656539 0.479736 0.040999
0.661037 0.484742 0.038415
0.655804 0.489338 0.037054
0.637098 0.478910 0.043509
0.636342 0.488507 0.039299
0.631861 0.483499 0.041967
0.641577 0.483904 0.040764
0.640836 0.493535 0.036769
0.599117 0.649105 0.009582
0.603942 0.654235 0.009433
0.598928 0.659300 0.009337
0.604149 0.644015 0.009695
0.609189 0.638920 0.009810
0.613992 0.644085 0.009634
0.608963 0.649163 0.009532
0.589078 0.659260 0.009367
0.594093 0.654187 0.009472
0.593923 0.664356 0.009247
0.589272 0.649047 0.009629
0.589511 0.638759 0.009949
0.594565 0.633632 0.010093
0.594307 0.643947 0.009754
0.583941 0.674435 0.009089
0.584071 0.664323 0.009270
0.588928 0.669401 0.009164
0.451794 0.482394 0.051535
0.456277 0.487329 0.049055
0.450980 0.491954 0.046483
0.457086 0.477865 0.054265
0.462376 0.473378 0.057057
0.466866 0.478209 0.054389
0.461572 0.482748 0.051691
0.441209 0.491583 0.046283
0.446502 0.486967 0.048873
0.445689 0.496608 0.043983
0.442008 0.482029 0.051283
0.442783 0.472668 0.056554
0.448067 0.468240 0.059467
0.447296 0.477508 0.054036
0.435135 0.505994 0.039257
0.435923 0.496229 0.043778
0.440407 0.501288 0.041570
0.536527 0.412497 0.100354
0.541114 0.417044 0.096684
0.535812 0.421407 0.093740
0.541774 0.408057 0.103148
0.546993 0.403558 0.105815
0.551635 0.408181 0.102169
0.546389 0.412639 0.099493
0.525954 0.421230 0.094375
0.531252 0.416885 0.097430
0.530487 0.425735 0.090657
0.526633 0.412333 0.100968
0.527171 0.403275 0.107228
0.532359 0.398740 0.109994
0.531879 0.407910 0.103872
0.519822 0.434369 0.084228
0.520636 0.425542 0.091187
0.525152 0.430045 0.087458
0.367658 0.558538 0.020195
0.372191 0.564059 0.019113
0.366954 0.569014 0.017978
0.372900 0.553644 0.021462
0.378142 0.548763 0.022804
0.382667 0.554219 0.021582
0.377429 0.559132 0.020315
0.357163 0.568408 0.017858
0.362412 0.563453 0.018994
0.361717 0.574015 0.016913
0.357874 0.557942 0.020065
0.358599 0.547599 0.022520
0.363851 0.542757 0.023933
0.363127 0.553053 0.021329
0.351240 0.584186 0.014988
0.351913 0.573415 0.016789
0.356479 0.579070 0.015916
0.519718 0.728990 0.008894
0.524648 0.733920 0.008894
0.519718 0.738849 0.008894
0.524648 0.724059 0.008894
0.529577 0.719127 0.008894
0.534507 0.724057 0.008894
0.529577 0.728989 0.008894
0.509859 0.738849 0.008894
0.514789 0.733920 0.008894
0.514789 0.743778 0.008894
0.509859 0.728990 0.008894
0.509859 0.719128 0.008894
0.514789 0.714196 0.008894
0.514789 0.724060 0.008894
0.504929 0.753632 0.008895
0.504929 0.743778 0.008894
0.509859 0.748705 0.008895
0.441646 0.648058 0.010036
0.446414 0.653392 0.009818
0.441357 0.658616 0.009627
0.446733 0.642779 0.010273
0.451832 0.637483 0.010531
0.456567 0.642889 0.010263
0.451485 0.648149 0.010030
0.431511 0.658559 0.009628
0.436572 0.653318 0.009821
0.436312 0.663820 0.009457
0.431807 0.647961 0.010040
0.432174 0.637200 0.010547
0.437296 0.631842 0.010835
0.436899 0.642663 0.010280
0.426265 0.674152 0.009185
0.426463 0.663777 0.009457
0.431282 0.669000 0.009310
0.523821 0.564738 0.019699
0.528418 0.570035 0.018475
0.523259 0.575105 0.017532
0.528992 0.559711 0.020763
0.534168 0.554708 0.021886
0.538750 0.559970 0.020494
0.533582 0.564990 0.019462
0.513489 0.574869 0.017713
0.518653 0.569791 0.018682
0.518104 0.580201 0.016637
0.514063 0.564483 0.019914
0.514668 0.554169 0.022414
0.519855 0.549180 0.023675
0.519237 0.559449 0.021007
0.507807 0.590461 0.015002
0.508330 0.579971 0.016795
0.512953 0.585320 0.015793
0.680242 0.569052 0.014536
0.684871 0.574210 0.013674
0.679770 0.579064 0.013149
0.685377 0.564235 0.015146
0.690524 0.559441 0.015790
0.695127 0.564580 0.014829
0.689989 0.569382 0.014235
0.670020 0.578767 0.013420
0.675124 0.573897 0.013960
0.674683 0.583941 0.012660
0.670484 0.568732 0.014849
0.670995 0.558746 0.016496
0.676147 0.553946 0.017214
0.675619 0.563898 0.015474
0.664536 0.593768 0.011790
0.664927 0.583662 0.012915
0.669606 0.588842 0.012207
0.607227 0.487373 0.042654
0.611684 0.492374 0.039947
0.606444 0.497041 0.038354
0.612465 0.482748 0.044334
0.617702 0.478146 0.046021
0.622157 0.483114 0.043157
0.616921 0.487732 0.041548
0.596741 0.496694 0.039325
0.601986 0.492021 0.040984
0.601206 0.501731 0.036772
0.597540 0.487030 0.043747
0.598353 0.477469 0.048474
0.603595 0.472883 0.050312
0.602783 0.482402 0.045497
0.590744 0.511182 0.033675
0.591498 0.501393 0.037678
0.595973 0.506445 0.035210
0.649188 0.450912 0.056267
0.653630 0.455801 0.052949
0.648372 0.460317 0.051290
0.654457 0.446418 0.058009
0.659730 0.441929 0.059768
0.664157 0.446791 0.056314
0.658891 0.451292 0.054624
0.638669 0.459928 0.052827
0.643925 0.455415 0.054541
0.643119 0.464844 0.049649
0.639489 0.450537 0.057937
0.640333 0.441206 0.063352
0.645612 0.436734 0.065238
0.644755 0.446047 0.059736
0.632631 0.473941 0.046393
0.633420 0.464455 0.051118
0.637873 0.469384 0.048018
0.614047 0.412860 0.087308
0.618423 0.417500 0.083163
0.613199 0.422005 0.081086
0.619238 0.408323 0.089346
0.624420 0.403779 0.091362
0.628843 0.408487 0.087204
0.623637 0.412994 0.085197
0.603627 0.421906 0.083104
0.608845 0.417388 0.085233
0.607962 0.426507 0.078950
0.604479 0.412795 0.089410
0.605250 0.403607 0.095658
0.610390 0.398977 0.097689
0.609659 0.408233 0.091478
0.597454 0.435517 0.074463
0.598392 0.426416 0.080903
0.602710 0.431009 0.076736
0.565354 0.525242 0.029884
0.569880 0.530382 0.027875
0.564677 0.535248 0.026520
0.570573 0.520422 0.031378
0.575797 0.515627 0.032903
0.580302 0.520730 0.030699
0.575089 0.525542 0.029267
0.554933 0.534958 0.027012
0.560140 0.530086 0.028427
0.559479 0.540140 0.025208
0.555620 0.524943 0.030451
0.556351 0.515014 0.034259
0.561593 0.510237 0.035964
0.560844 0.520119 0.032013
0.549102 0.550003 0.022733
0.549732 0.539856 0.025645
0.554288 0.545058 0.023944
0.529704 0.484900 0.050013
0.534123 0.489835 0.047153
0.528834 0.494516 0.044951
0.534994 0.480303 0.052346
0.540286 0.475742 0.054705
0.544699 0.480592 0.051639
0.539410 0.485195 0.049384
0.519126 0.494216 0.045443
0.524415 0.489537 0.047712
0.523551 0.499225 0.042780
0.519996 0.484607 0.050546
0.520865 0.475180 0.055952
0.526158 0.470668 0.058491
0.525285 0.480015 0.052949
0.513016 0.508716 0.038598
0.513843 0.498924 0.043213
0.518279 0.503958 0.040660
0.572054 0.448865 0.069131
0.576417 0.453511 0.065391
0.571138 0.457992 0.063104
0.577339 0.444403 0.071526
0.582615 0.439923 0.073900
0.586947 0.444526 0.069920
0.581687 0.449022 0.067661
0.561468 0.457771 0.064308
0.566763 0.453317 0.066723
0.565853 0.462476 0.060805
0.562386 0.448683 0.070429
0.563316 0.439674 0.076874
0.568628 0.435251 0.079529
0.567689 0.444254 0.072961
0.555277 0.471486 0.056205
0.556172 0.462235 0.061893
0.560566 0.466972 0.058504
0.639546 0.608491 0.010943
0.644292 0.613686 0.010501
0.639235 0.618718 0.010276
0.644617 0.603480 0.011262
0.649689 0.598491 0.011619
0.654410 0.603684 0.011070
0.649351 0.608675 0.010766
0.629410 0.618572 0.010420
0.634477 0.613522 0.010663
0.634178 0.623768 0.010090
0.629729 0.608315 0.011124
0.630081 0.598074 0.012056
0.635176 0.593070 0.012486
0.634809 0.603286 0.011461
0.624073 0.633917 0.009835
0.624348 0.623639 0.010215
0.629124 0.628835 0.009943
0.602000 0.566730 0.017276
0.606645 0.571951 0.016201
0.601513 0.576936 0.015506
0.607149 0.561785 0.018064
0.612304 0.556866 0.018896
0.616932 0.562064 0.017686
0.611785 0.566994 0.016928
0.591723 0.576700 0.015795
0.596859 0.571701 0.016519
0.596386 0.581946 0.014844
0.592219 0.566472 0.017619
0.592752 0.556300 0.019706
0.597916 0.551380 0.020655
0.597370 0.561513 0.018438
0.586152 0.592040 0.013626
0.586594 0.581725 0.015106
0.591266 0.586982 0.014217
0.643351 0.527912 0.024744
0.647937 0.533036 0.023089
0.642756 0.537807 0.022098
0.648546 0.523179 0.025828
0.653747 0.518471 0.026937
0.658319 0.523571 0.025156
0.653125 0.528291 0.024110
0.632979 0.537455 0.022659
0.638162 0.532670 0.023687
0.637580 0.542604 0.021141
0.633581 0.527542 0.025397
0.634219 0.517690 0.028431
0.639428 0.512983 0.029650
0.638778 0.522796 0.026524
0.627244 0.552281 0.019331
0.627801 0.542267 0.021662
0.632409 0.547428 0.020218
0.482590 0.605814 0.013035
0.487258 0.611235 0.012405
0.482130 0.616475 0.011905
0.487731 0.600606 0.013671
0.492876 0.595418 0.014366
0.497525 0.600810 0.013587
0.492390 0.606014 0.012966
0.472319 0.616290 0.011951
0.477452 0.611042 0.012461
0.477005 0.621734 0.011469
0.472790 0.605597 0.013093
0.473298 0.594947 0.014522
0.478458 0.589773 0.015307
0.477936 0.600384 0.013741
0.466769 0.632314 0.010788
0.467190 0.621559 0.011505
0.471885 0.627014 0.011096
0.445770 0.562374 0.020689
0.450325 0.567779 0.019495
0.445125 0.572858 0.018393
0.450979 0.557346 0.021934
0.456190 0.552341 0.023257
0.460733 0.557694 0.021893
0.455528 0.562725 0.020662
0.435358 0.572499 0.018399
0.440562 0.567423 0.019511
0.439929 0.577963 0.017357
0.436012 0.562005 0.020689
0.436689 0.551607 0.023269
0.441910 0.546636 0.024706
0.441225 0.556982 0.021944
0.429549 0.588255 0.015489
0.430158 0.577600 0.017357
0.434737 0.583096 0.016389
0.487552 0.522833 0.033001
0.492041 0.528008 0.031000
0.486811 0.532892 0.029279
0.492797 0.518003 0.034905
0.498049 0.513197 0.036881
0.502517 0.518311 0.034662
0.497276 0.523147 0.032795
0.477078 0.532568 0.029423
0.482312 0.527688 0.031172
0.481587 0.537803 0.027637
0.477821 0.522506 0.033150
0.478597 0.512555 0.037252
0.483864 0.507787 0.039375
0.483071 0.517682 0.035086
0.471151 0.547698 0.024595
0.471848 0.537473 0.027754
0.476366 0.542738 0.026075
0.404210 0.603497 0.013177
0.408834 0.609160 0.012576
0.403664 0.614470 0.012020
0.409392 0.598258 0.013875
0.414578 0.593051 0.014643
0.419184 0.598649 0.013896
0.414007 0.603888 0.013202
0.393856 0.614092 0.011987
0.399031 0.608773 0.012547
0.398498 0.619822 0.011533
0.394412 0.603067 0.013138
0.395001 0.592158 0.014568
0.400201 0.586995 0.015413
0.399599 0.597827 0.013841
0.388177 0.630679 0.010773
0.388685 0.619460 0.011498
0.393335 0.625224 0.011118
0.480313 0.689434 0.008944
0.485220 0.694432 0.008909
0.480282 0.699391 0.008896
0.485278 0.684405 0.008999
0.490256 0.679350 0.009074
0.495135 0.684411 0.008997
0.490171 0.689437 0.008943
0.470422 0.699389 0.008896
0.475361 0.694430 0.008910
0.475352 0.704324 0.008896
0.470454 0.689430 0.008945
0.470543 0.679330 0.009079
0.475537 0.674241 0.009177
0.475420 0.684400 0.009001
0.465492 0.714188 0.008896
0.465493 0.704322 0.008896
0.470422 0.709256 0.008896
0.331414 0.515550 0.030767
0.335950 0.520816 0.029283
0.330686 0.525534 0.027610
0.336669 0.510891 0.032587
0.341920 0.506257 0.034498
0.346460 0.511459 0.032890
0.341208 0.516125 0.031042
0.320879 0.524951 0.027378
0.326151 0.520236 0.029033
0.325412 0.530282 0.026016
0.321613 0.514965 0.030491
0.322326 0.505102 0.033828
0.327575 0.500509 0.035765
0.326873 0.510312 0.032284
0.314831 0.539872 0.023042
0.315596 0.529698 0.025799
0.320128 0.535060 0.024495
0.494108 0.447122 0.074963
0.498609 0.451703 0.071710
0.493318 0.456057 0.068699
0.499401 0.442805 0.078125
0.504697 0.438487 0.081338
0.509201 0.443027 0.077873
0.503902 0.447361 0.074767
0.483530 0.455779 0.068789
0.488818 0.451444 0.071851
0.488029 0.460429 0.065737
0.484299 0.446862 0.075025
0.485046 0.438034 0.081533
0.490334 0.433752 0.084906
0.489587 0.442567 0.078239
0.477450 0.469251 0.059958
0.478242 0.460135 0.065777
0.482740 0.464825 0.062822
0.457336 0.411252 0.100367
0.462027 0.415704 0.097512
0.456811 0.419911 0.094017
0.462502 0.406960 0.103726
0.467647 0.402591 0.106985
0.472399 0.407113 0.104209
0.467223 0.411441 0.100911
0.446936 0.419653 0.093365
0.452148 0.415480 0.096910
0.451573 0.424075 0.090430
0.447448 0.411042 0.099671
0.447848 0.402313 0.105693
0.452966 0.397942 0.108988
0.452611 0.406788 0.103090
0.441055 0.432370 0.083172
0.441699 0.423783 0.089748
0.446320 0.428216 0.086791
0.498054 0.374455 0.124352
0.502989 0.379389 0.121818
0.497954 0.384230 0.119144
0.503026 0.369446 0.126877
0.507964 0.364352 0.129285
0.512966 0.369465 0.126870
0.507994 0.374467 0.124392
0.488019 0.384213 0.118985
0.493052 0.379380 0.121721
0.492891 0.388984 0.116367
0.488122 0.374482 0.124186
0.488111 0.364433 0.129075
0.493025 0.359250 0.131384
0.493095 0.369470 0.126773
0.482689 0.398222 0.110498
0.482961 0.388950 0.116144
0.487802 0.393648 0.113485
0.577649 0.374858 0.119647
0.582453 0.379858 0.115960
0.577393 0.384803 0.113869
0.582655 0.369726 0.121709
0.587623 0.364490 0.123707
0.592482 0.369693 0.120007
0.587484 0.374817 0.118001
0.567555 0.384807 0.115373
0.572617 0.379886 0.117541
0.572304 0.389653 0.111715
0.567763 0.374880 0.121043
0.567798 0.364589 0.126457
0.572725 0.359299 0.128371
0.572765 0.369767 0.123159
0.562033 0.399075 0.107153
0.562462 0.389626 0.113130
0.567185 0.394408 0.109481
0.537341 0.333121 0.139779
0.542420 0.338342 0.138273
0.537510 0.343598 0.136825
0.542250 0.327890 0.140908
0.547153 0.322670 0.141847
0.552227 0.327816 0.140611
0.547326 0.333079 0.139535
0.527533 0.343588 0.136964
0.532432 0.338356 0.138459
0.532599 0.348837 0.135189
0.527380 0.333136 0.139863
0.527246 0.322770 0.142064
0.532146 0.317622 0.142893
0.532278 0.327929 0.141029
0.522802 0.359235 0.131408
0.522644 0.348810 0.135305
0.527697 0.354052 0.133380
0.409605 0.519804 0.032765
0.414110 0.525042 0.031020
0.408865 0.529859 0.029210
0.414857 0.515045 0.034764
0.420114 0.510307 0.036864
0.424612 0.515474 0.034937
0.419359 0.520247 0.032928
0.399110 0.529384 0.029065
0.404356 0.524584 0.030865
0.403623 0.534695 0.027498
0.399847 0.519337 0.032575
0.400590 0.509410 0.036409
0.405849 0.504723 0.038586
0.405099 0.514592 0.034563
0.393144 0.544424 0.024358
0.393867 0.534203 0.027360
0.398383 0.539551 0.025881
0.373396 0.478935 0.048104
0.377956 0.483935 0.046116
0.372702 0.488467 0.043643
0.378646 0.474481 0.050756
0.383897 0.470068 0.053516
0.388466 0.474978 0.051378
0.383211 0.479438 0.048696
0.362901 0.487949 0.043143
0.368147 0.483426 0.045567
0.367452 0.493023 0.041278
0.363581 0.478419 0.047511
0.364242 0.469034 0.052142
0.369480 0.464664 0.054921
0.368824 0.473969 0.050114
0.356956 0.502198 0.036875
0.357656 0.492494 0.040825
0.362203 0.497600 0.039022
0.415410 0.444446 0.072041
0.420006 0.449073 0.069431
0.414748 0.453297 0.066202
0.420665 0.440292 0.075433
0.425923 0.436153 0.078909
0.430527 0.440700 0.076139
0.425266 0.444877 0.072744
0.404903 0.452835 0.065509
0.410156 0.448625 0.068732
0.409491 0.457554 0.063057
0.405551 0.443976 0.071265
0.406178 0.435249 0.077263
0.411426 0.431173 0.080816
0.410800 0.439840 0.074652
0.398978 0.466183 0.057033
0.399652 0.457082 0.062374
0.404235 0.461848 0.060000
0.559180 0.689457 0.008934
0.564092 0.694435 0.008906
0.559155 0.699387 0.008895
0.564139 0.684459 0.008976
0.569107 0.679445 0.009032
0.573996 0.684466 0.008972
0.569039 0.689460 0.008932
0.549296 0.699390 0.008895
0.554233 0.694436 0.008906
0.554226 0.704323 0.008895
0.549321 0.689455 0.008936
0.549394 0.679418 0.009045
0.554375 0.674377 0.009122
0.554281 0.684452 0.008980
0.544366 0.714191 0.008894
0.544366 0.704325 0.008895
0.549296 0.709257 0.008895
0.520367 0.648640 0.009892
0.525166 0.653843 0.009693
0.520133 0.658973 0.009537
0.525424 0.643472 0.010081
0.530490 0.638289 0.010283
0.535262 0.643543 0.010043
0.530209 0.648700 0.009862
0.510286 0.658934 0.009556
0.515321 0.653794 0.009717
0.515111 0.664092 0.009397
0.510526 0.648580 0.009921
0.510822 0.638120 0.010369
0.515906 0.632892 0.010602
0.515585 0.643401 0.010117
0.505100 0.674287 0.009162
0.505261 0.664061 0.009410
0.510100 0.669196 0.009271
0.561025 0.607187 0.012226
0.565741 0.612479 0.011661
0.560649 0.617633 0.011279
0.566129 0.602054 0.012720
0.571238 0.596940 0.013257
0.575937 0.602221 0.012560
0.570836 0.607341 0.012088
0.550829 0.617503 0.011378
0.555925 0.612337 0.011778
0.555561 0.622802 0.010947
0.551215 0.607031 0.012356
0.551635 0.596582 0.013599
0.556756 0.591466 0.014229
0.556323 0.601887 0.012872
0.545398 0.633181 0.010439
0.545738 0.622684 0.011030
0.550477 0.627986 0.010666
0.721642 0.531173 0.020281
0.726227 0.536243 0.019036
0.721017 0.540911 0.018275
0.726858 0.526537 0.021102
0.732079 0.521917 0.021937
0.736663 0.526968 0.020607
0.731443 0.531596 0.019814
0.711227 0.540507 0.018688
0.716430 0.535830 0.019475
0.715816 0.545601 0.017532
0.711842 0.530748 0.020765
0.712471 0.521031 0.023045
0.717692 0.516413 0.023955
0.717055 0.526102 0.021616
0.705444 0.555047 0.016120
0.706033 0.545206 0.017921
0.710624 0.550313 0.016813
0.685067 0.490658 0.033936
0.689611 0.495706 0.031807
0.684382 0.500304 0.030667
0.690300 0.486079 0.035158
0.695538 0.481511 0.036399
0.700078 0.486547 0.034146
0.694843 0.491121 0.032967
0.674608 0.499858 0.031548
0.679835 0.495251 0.032733
0.679158 0.504919 0.029537
0.675301 0.490207 0.034940
0.676016 0.480600 0.038625
0.681255 0.476036 0.039974
0.680535 0.485622 0.036207
0.668727 0.514203 0.027314
0.669384 0.504482 0.030375
0.673939 0.509551 0.028419
0.667022 0.470612 0.043904
0.671512 0.475596 0.041190
0.666273 0.480162 0.039794
0.672268 0.466068 0.045381
0.677517 0.461533 0.046875
0.681999 0.466496 0.044032
0.676754 0.471041 0.042603
0.703307 0.510890 0.026208
0.707888 0.515960 0.024574
0.702668 0.520585 0.023630
0.708534 0.506290 0.027210
0.713764 0.501702 0.028221
0.718338 0.506756 0.026495
0.713112 0.511352 0.025530
0.542303 0.585960 0.015299
0.546962 0.591272 0.014408
0.541837 0.596398 0.013753
0.547441 0.580867 0.016069
0.552585 0.575797 0.016882
0.557226 0.581082 0.015849
0.552091 0.586166 0.015107
0.501351 0.627424 0.010973
0.506077 0.632791 0.010649
0.500989 0.638033 0.010407
0.506456 0.622178 0.011315
0.511565 0.616948 0.011717
0.516275 0.622309 0.011251
0.511174 0.627543 0.010920
0.539660 0.669270 0.009238
0.544520 0.674357 0.009131
0.539537 0.679405 0.009051
0.544665 0.664189 0.009350
0.549680 0.659096 0.009474
0.554516 0.664222 0.009331
0.549513 0.669296 0.009225
0.396895 0.426108 0.082447
0.401543 0.430671 0.079867
0.396301 0.434727 0.076321
0.402124 0.422130 0.086102
0.407336 0.418156 0.089747
0.412024 0.422635 0.087144
0.406788 0.426639 0.083486
0.355051 0.459237 0.056250
0.359651 0.464124 0.054188
0.354419 0.468494 0.051459
0.360277 0.454947 0.059152
0.365503 0.450700 0.062164
0.370116 0.455508 0.059980
0.364883 0.459794 0.057029
0.391562 0.499132 0.040220
0.396079 0.504257 0.038296
0.390823 0.508928 0.036136
0.396823 0.494517 0.042570
0.402089 0.489924 0.045021
0.406605 0.494977 0.042929
0.401339 0.499606 0.040561
0.517259 0.312553 0.143565
0.522242 0.317643 0.142906
0.517359 0.322774 0.142080
0.522150 0.307503 0.144045
0.527051 0.302492 0.144355
0.532039 0.307476 0.144048
0.527134 0.312544 0.143562
0.557687 0.354108 0.132086
0.562759 0.359361 0.129434
0.557833 0.364601 0.127477
0.562596 0.348795 0.133734
0.567499 0.343442 0.135218
0.572581 0.348689 0.132824
0.567673 0.354052 0.131208
0.478113 0.354310 0.133101
0.483111 0.359373 0.131184
0.478193 0.364561 0.128803
0.483020 0.349023 0.135106
0.487921 0.343724 0.136902
0.492917 0.348867 0.135264
0.488017 0.354132 0.133326
0.438196 0.393336 0.110576
0.443042 0.397826 0.108186
0.437923 0.402140 0.104841
0.443272 0.388878 0.113808
0.448327 0.384300 0.116950
0.453214 0.388890 0.114618
0.448139 0.393414 0.111448
0.475910 0.429030 0.088142
0.480486 0.433518 0.084841
0.475205 0.437776 0.081419
0.481184 0.424806 0.091649
0.486448 0.420554 0.095085
0.491054 0.425008 0.091760
0.485771 0.429259 0.088303
0.313210 0.494767 0.036984
0.317772 0.499920 0.035397
0.312521 0.504507 0.033493
0.318448 0.490238 0.039029
0.323680 0.485732 0.041168
0.328255 0.490824 0.039475
0.323017 0.495360 0.037389
0.460838 0.669082 0.009305
0.465682 0.674225 0.009181
0.460687 0.679320 0.009081
0.465861 0.663934 0.009447
0.470896 0.658768 0.009609
0.475711 0.663968 0.009440
0.470690 0.669107 0.009301
0.385844 0.580847 0.016207
0.390416 0.586495 0.015357
0.385212 0.591651 0.014509
0.391059 0.575773 0.017197
0.396279 0.570730 0.018255
0.400836 0.576287 0.017261
0.395624 0.581375 0.016275
0.469666 0.502378 0.041801
0.474130 0.507453 0.039492
0.468861 0.512213 0.037338
0.474952 0.497674 0.044145
0.480247 0.492993 0.046563
0.484691 0.498004 0.044035
0.479406 0.502717 0.041725
0.427641 0.540914 0.026156
0.432161 0.546251 0.024674
0.426936 0.551210 0.023236
0.432875 0.536011 0.027786
0.438113 0.531130 0.029513
0.442621 0.536398 0.027840
0.437389 0.541312 0.026209
0.464067 0.584067 0.016303
0.468675 0.589507 0.015376
0.463511 0.594685 0.014578
0.469244 0.578934 0.017239
0.474426 0.573826 0.018238
0.479016 0.579221 0.017159
0.473844 0.584353 0.016237
0.625150 0.507516 0.032633
0.629676 0.512597 0.030466
0.624465 0.517317 0.029188
0.630373 0.502833 0.034004
0.635603 0.498173 0.035385
0.640114 0.503229 0.033066
0.634892 0.507901 0.031761
0.583557 0.545897 0.022597
0.588148 0.551094 0.021091
0.582981 0.556028 0.020106
0.588738 0.541006 0.023720
0.593924 0.536143 0.024889
0.598497 0.541309 0.023209
0.593320 0.546188 0.022127
0.620665 0.587631 0.013475
0.625367 0.592855 0.012727
0.620270 0.597875 0.012272
0.625777 0.582641 0.014023
0.630896 0.577676 0.014603
0.635580 0.582883 0.013737
0.630470 0.587857 0.013215
0.554533 0.430574 0.084908
0.558931 0.435113 0.080864
0.553607 0.439510 0.078075
0.559868 0.426201 0.087752
0.565178 0.421804 0.090452
0.569580 0.426306 0.086340
0.564258 0.430709 0.083640
0.512002 0.465656 0.062129
0.516438 0.470394 0.059015
0.511148 0.474899 0.056410
0.517296 0.461223 0.064877
0.522597 0.456817 0.067660
0.527031 0.461482 0.064335
0.521732 0.465923 0.061658
0.547415 0.504869 0.039097
0.551875 0.509931 0.036622
0.546630 0.514711 0.034847
0.552681 0.500136 0.041020
0.557953 0.495425 0.042973
0.562388 0.500443 0.040278
0.557128 0.505175 0.038434
0.596329 0.394288 0.103989
0.600810 0.398964 0.099833
0.595682 0.403627 0.097793
0.601409 0.389516 0.105991
0.606474 0.384709 0.107994
0.611018 0.389548 0.103866
0.605921 0.394270 0.101853
0.631538 0.431609 0.071011
0.635926 0.436391 0.067113
0.630659 0.440873 0.065152
0.636812 0.427143 0.073006
0.642082 0.422689 0.074959
0.646494 0.427470 0.070999
0.641207 0.431924 0.069073
0.589536 0.467732 0.054836
0.593938 0.472577 0.051587
0.588689 0.477160 0.049678
0.594785 0.463186 0.056835
0.600031 0.458651 0.058843
0.604424 0.463460 0.055431
0.599183 0.468011 0.053505
0.661754 0.548449 0.018819
0.666373 0.553596 0.017609
0.661222 0.558411 0.016869
0.666921 0.543669 0.019655
0.672094 0.538915 0.020522
0.676700 0.544041 0.019195
0.671533 0.548806 0.018385
0.505576 0.543651 0.025548
0.510114 0.548902 0.023928
0.504924 0.553896 0.022636
0.510781 0.538708 0.027020
0.515992 0.533794 0.028564
0.520513 0.538997 0.026733
0.515310 0.543936 0.025295
0.422790 0.626067 0.011172
0.427472 0.631661 0.010839
0.422345 0.637036 0.010547
0.427936 0.620715 0.011577
0.433086 0.615395 0.012050
0.437749 0.620950 0.011570
0.432608 0.626290 0.011171
0.500000 0.709262 0.008895
0.504929 0.714196 0.008895
0.500000 0.719128 0.008895
0.504930 0.704329 0.008895
0.509859 0.699394 0.008895
0.514789 0.704329 0.008895
0.509859 0.709263 0.008895
0.349543 0.536792 0.025077
0.354071 0.542179 0.023770
0.348809 0.547018 0.022364
0.354800 0.532008 0.026635
0.360053 0.527249 0.028281
0.364577 0.532576 0.026831
0.359326 0.537366 0.025258
0.517610 0.393864 0.113475
0.522411 0.398591 0.110424
0.517236 0.403127 0.107580
0.522721 0.389189 0.116181
0.527808 0.384442 0.118793
0.532690 0.389322 0.115806
0.527563 0.393992 0.113168
0.433715 0.463121 0.061657
0.438256 0.467873 0.059095
0.432979 0.472293 0.056181
0.438988 0.458787 0.064731
0.444262 0.454487 0.067884
0.448813 0.459149 0.065161
0.443534 0.463493 0.062089
0.579964 0.628293 0.010431
0.584730 0.633540 0.010170
0.579673 0.638681 0.010014
0.585037 0.623150 0.010666
0.590112 0.618021 0.010946
0.594863 0.623269 0.010561
0.589795 0.628398 0.010343
0.658081 0.460713 0.049783
0.657298 0.470194 0.045241
0.652830 0.465244 0.048190
0.662545 0.465651 0.046768
0.661779 0.475168 0.042443
0.694167 0.500762 0.029818
0.693509 0.510434 0.026916
0.688940 0.505366 0.028731
0.698732 0.505824 0.027955
0.698086 0.515507 0.025218
0.533031 0.575340 0.017333
0.532517 0.585750 0.015478
0.527880 0.580427 0.016464
0.537659 0.580648 0.016275
0.537169 0.591075 0.014575
0.491941 0.616645 0.011851
0.491528 0.627300 0.011021
0.486821 0.621895 0.011425
0.496638 0.622042 0.011373
0.496250 0.632687 0.010692
0.529982 0.659014 0.009518
0.529806 0.669244 0.009250
0.524962 0.664123 0.009382
0.534813 0.664156 0.009366
0.534665 0.674338 0.009140
0.387512 0.417019 0.087395
0.386999 0.425521 0.081321
0.382318 0.420939 0.083757
0.392221 0.421564 0.084971
0.391656 0.430119 0.078835
0.345828 0.449517 0.060416
0.345221 0.458663 0.055475
0.340611 0.453775 0.057504
0.350443 0.454369 0.058327
0.349824 0.463568 0.053459
0.382503 0.488971 0.044141
0.381780 0.498638 0.039843
0.377246 0.493538 0.041734
0.387037 0.494038 0.042171
0.386304 0.503769 0.037974
0.507322 0.302505 0.144351
0.507393 0.312557 0.143563
0.502426 0.307516 0.144050
0.512286 0.307508 0.144045
0.512371 0.317647 0.142911
0.547508 0.343587 0.136496
0.547688 0.354116 0.132743
0.542598 0.348855 0.134924
0.552599 0.348845 0.134437
0.552772 0.359370 0.130271
0.468152 0.344233 0.136502
0.468214 0.354560 0.132786
0.463234 0.349578 0.134552
0.473127 0.349261 0.134870
0.473202 0.359560 0.130882
0.428381 0.384349 0.115078
0.428236 0.393208 0.109587
0.423335 0.388733 0.111827
0.433308 0.388843 0.112869
0.433100 0.397679 0.107262
0.466686 0.420146 0.094522
0.466047 0.428781 0.087835
0.461441 0.424341 0.090984
0.471312 0.424584 0.091390
0.470633 0.433264 0.084632
0.304054 0.484534 0.040196
0.303401 0.494156 0.036581
0.298830 0.489017 0.038148
0.308637 0.489639 0.038584
0.307964 0.499319 0.035029
0.451203 0.658670 0.009623
0.450986 0.669056 0.009308
0.446162 0.663860 0.009456
0.456011 0.663898 0.009452
0.455828 0.674208 0.009183
0.376731 0.569621 0.018086
0.376062 0.580278 0.016125
0.371503 0.574627 0.017022
0.381282 0.575219 0.017117
0.380631 0.585955 0.015287
0.460744 0.492313 0.046598
0.459919 0.502027 0.041800
0.455450 0.496975 0.044119
0.465205 0.497330 0.044173
0.464389 0.507107 0.039537
0.418617 0.530308 0.029333
0.417891 0.540488 0.026084
0.413376 0.535161 0.027615
0.423127 0.535599 0.027711
0.422411 0.545838 0.024623
0.454892 0.573198 0.018364
0.454290 0.583762 0.016350
0.449701 0.578306 0.017338
0.459472 0.578629 0.017299
0.458893 0.589223 0.015429
0.616154 0.497403 0.037374
0.615416 0.507146 0.033499
0.610920 0.502084 0.035858
0.620642 0.502451 0.034935
0.619932 0.512224 0.031277
0.574423 0.535539 0.025988
0.573798 0.545613 0.023066
0.569229 0.540423 0.024733
0.578983 0.540711 0.024229
0.578382 0.550815 0.021524
0.611304 0.577177 0.015210
0.610864 0.587410 0.013728
0.606181 0.582173 0.014576
0.615978 0.582405 0.014302
0.615560 0.592645 0.012961
0.545641 0.421564 0.092875
0.544769 0.430417 0.085966
0.540314 0.425912 0.089909
0.550110 0.426068 0.088941
0.549197 0.434954 0.082000
0.503091 0.456315 0.068483
0.502264 0.465391 0.062479
0.497800 0.460704 0.065573
0.507554 0.460964 0.065287
0.506712 0.470121 0.059423
0.538542 0.494817 0.044375
0.537702 0.504564 0.039689
0.533262 0.499527 0.042270
0.542971 0.499830 0.041684
0.542158 0.509626 0.037214
0.587170 0.384757 0.112109
0.586703 0.394364 0.106071
0.582089 0.389630 0.110042
0.591795 0.389561 0.108105
0.591230 0.399021 0.101970
0.622793 0.422167 0.079056
0.621902 0.431351 0.072934
0.617550 0.426656 0.076982
0.627164 0.426868 0.075000
0.626270 0.436092 0.068974
0.580781 0.458198 0.061747
0.579895 0.467475 0.056150
0.575515 0.462710 0.059577
0.585151 0.462938 0.058222
0.584285 0.472292 0.052846
0.652534 0.538168 0.021554
0.651974 0.548100 0.019270
0.647360 0.542951 0.020628
0.657140 0.543306 0.020132
0.656595 0.553254 0.018019
0.496541 0.533203 0.029088
0.495843 0.543361 0.025764
0.491321 0.538118 0.027475
0.501052 0.538418 0.027269
0.500376 0.548621 0.024150
0.413472 0.614813 0.012041
0.412972 0.625815 0.011163
0.408311 0.620152 0.011558
0.418124 0.620450 0.011573
0.417648 0.631454 0.010835
0.490141 0.699392 0.008896
0.490141 0.709261 0.008895
0.485211 0.704326 0.008895
0.495070 0.704328 0.008895
0.495070 0.714195 0.008895
0.340483 0.526111 0.027837
0.339749 0.536216 0.024889
0.335218 0.530861 0.026227
0.345014 0.531436 0.026434
0.344279 0.541601 0.023600
0.507896 0.384269 0.119166
0.507668 0.393775 0.113626
0.502827 0.389029 0.116448
0.512770 0.389092 0.116388
0.512472 0.398473 0.110672
0.424589 0.453725 0.066828
0.423891 0.462725 0.061164
0.419327 0.457996 0.063678
0.429159 0.458407 0.064236
0.428442 0.467490 0.058664
0.570469 0.617761 0.011174
0.570135 0.628191 0.010514
0.565385 0.622918 0.010858
0.575211 0.623033 0.010765
0.574896 0.633450 0.010243
0.715212 0.555416 0.015788
0.710034 0.560165 0.015142
0.720403 0.550691 0.016462
0.704869 0.564933 0.014527
0.699725 0.569721 0.013945
0.736028 0.536653 0.018614
0.730813 0.541310 0.017878
0.741248 0.532016 0.019366
0.725604 0.545989 0.017160
0.554225 0.714188 0.008895
0.549296 0.719122 0.008894
0.559155 0.709254 0.008895
0.544366 0.724055 0.008894
0.539436 0.728987 0.008894
0.573951 0.694433 0.008906
0.569014 0.699384 0.008896
0.578897 0.689462 0.008930
0.564085 0.704319 0.008895
0.308719 0.555081 0.019231
0.460563 0.728979 0.008896
0.382614 0.647262 0.009984
0.633911 0.634016 0.009741
0.628870 0.639086 0.009657
0.638956 0.628950 0.009832
0.623835 0.644156 0.009569
0.618809 0.649222 0.009480
0.654093 0.613859 0.010345
0.649047 0.618871 0.010134
0.659139 0.608867 0.010595
0.644002 0.623901 0.009963
0.674292 0.594019 0.011575
0.669237 0.598947 0.011211
0.679353 0.589113 0.011976
0.664187 0.603896 0.010884
0.694606 0.574533 0.013399
0.689507 0.579370 0.012889
0.684424 0.584230 0.012414
0.421162 0.689408 0.008946
0.514789 0.753632 0.008895
0.509859 0.758558 0.008895
0.519718 0.748705 0.008894
0.504930 0.763483 0.008895
0.500000 0.768407 0.008896
0.534507 0.733918 0.008894
0.529577 0.738848 0.008894
0.524648 0.743777 0.008894
0.345370 0.600474 0.012747
0.593796 0.674453 0.009077
0.588821 0.679470 0.009017
0.598782 0.669425 0.009146
0.583854 0.684473 0.008968
0.613789 0.654284 0.009392
0.608779 0.659340 0.009305
0.603776 0.664387 0.009223
0.286122 0.527930 0.025147
0.281614 0.522560 0.026456
0.290632 0.533316 0.023873
0.277106 0.517206 0.027796
0.272597 0.511868 0.029162
0.304187 0.549607 0.020316
0.299664 0.544150 0.021453
0.295146 0.538721 0.022640
0.435915 0.704310 0.008897
0.430985 0.699376 0.008897
0.440844 0.709244 0.008896
0.426066 0.694414 0.008911
0.455633 0.724046 0.008896
0.450703 0.719113 0.008896
0.445774 0.714179 0.008896
0.359239 0.618185 0.011329
0.354608 0.612264 0.011741
0.363879 0.624110 0.010979
0.349986 0.606357 0.012213
0.377893 0.641629 0.010202
0.373198 0.635887 0.010438
0.368529 0.630028 0.010690
0.396915 0.663597 0.009442
0.392126 0.658238 0.009604
0.401726 0.668882 0.009301
0.387358 0.652795 0.009785
0.416276 0.684357 0.009003
0.411407 0.679255 0.009081
0.406557 0.674099 0.009181
0.475352 0.743772 0.008895
0.470422 0.738842 0.008895
0.480281 0.748701 0.008895
0.465492 0.733911 0.008895
0.495070 0.763482 0.008896
0.490141 0.758556 0.008895
0.485211 0.753629 0.008895
0.322393 0.571687 0.016325
0.317823 0.566098 0.017229
0.326972 0.577338 0.015485
0.313266 0.560569 0.018199
0.340760 0.594623 0.013340
0.336157 0.588812 0.013994
0.331561 0.583048 0.014709
