0.584469 0.600098 0.019452
0.583444 0.611064 0.017011
0.579078 0.605289 0.018311
0.456035 0.437455 0.134547
0.454532 0.444330 0.124735
0.450518 0.440241 0.129536
0.540200 0.382588 0.220684
0.539861 0.392595 0.209628
0.535236 0.387564 0.215275
0.366819 0.490013 0.067416
0.365124 0.499338 0.060954
0.361212 0.493851 0.064242
0.500662 0.685150 0.009633
0.500457 0.696072 0.009351
0.495634 0.690507 0.009478
0.429807 0.586375 0.024018
0.428445 0.598225 0.020873
0.424325 0.591642 0.022509
0.518613 0.511091 0.061656
0.516980 0.520670 0.054899
0.513044 0.515344 0.058521
0.671763 0.524090 0.048461
0.670469 0.533515 0.043078
0.666277 0.528385 0.046131
0.607165 0.450048 0.121957
0.605666 0.457694 0.112116
0.601736 0.453615 0.117843
0.650121 0.421577 0.155857
0.648914 0.429168 0.145096
0.644822 0.425167 0.151643
0.616544 0.385426 0.211207
0.615822 0.395349 0.199324
0.611576 0.390347 0.206335
0.563230 0.479117 0.090067
0.561555 0.487619 0.081547
0.557666 0.482925 0.086259
0.531984 0.445316 0.132342
0.530412 0.452504 0.122098
0.526484 0.448480 0.127532
0.575460 0.419528 0.172565
0.574189 0.426831 0.161327
0.570143 0.422999 0.167640
0.627957 0.560234 0.031559
0.626744 0.570497 0.027567
0.622494 0.565026 0.029768
0.594844 0.517946 0.055488
0.593387 0.527516 0.049288
0.589322 0.522320 0.052738
0.639003 0.484875 0.079769
0.637519 0.493604 0.072158
0.633499 0.488840 0.076571
0.474078 0.546808 0.039596
0.472513 0.557493 0.034748
0.468516 0.551532 0.037314
0.442756 0.501755 0.065481
0.441033 0.511282 0.058665
0.437155 0.505800 0.062184
0.487659 0.471665 0.096137
0.485911 0.479960 0.087433
0.482055 0.475201 0.091956
0.398000 0.535755 0.042518
0.396335 0.546413 0.037548
0.392421 0.540229 0.040150
0.463756 0.637850 0.013720
0.462971 0.649489 0.012317
0.458481 0.643338 0.013032
0.335113 0.449284 0.095906
0.333542 0.457523 0.088508
0.329535 0.452567 0.092081
0.499380 0.415047 0.177458
0.498303 0.421851 0.166633
0.494095 0.418116 0.172040
0.463202 0.381712 0.217306
0.463000 0.390126 0.207015
0.458352 0.385879 0.211614
0.500828 0.335099 0.256135
0.500998 0.347173 0.249577
0.496069 0.341383 0.252906
0.579643 0.334605 0.255707
0.579610 0.347094 0.248953
0.574721 0.340781 0.252828
0.539834 0.291428 0.265513
0.539862 0.301343 0.265284
0.534912 0.296370 0.265454
0.411637 0.461439 0.097359
0.409971 0.469634 0.089130
0.406045 0.464776 0.093183
0.379479 0.425677 0.131242
0.378028 0.432708 0.122154
0.373970 0.428336 0.126389
0.422777 0.406710 0.173293
0.421737 0.412927 0.163285
0.417487 0.409036 0.167902
0.541789 0.642393 0.012717
0.541137 0.653472 0.011548
0.536558 0.647716 0.012160
0.506820 0.594671 0.021792
0.505646 0.605994 0.018977
0.501379 0.599919 0.020458
0.550703 0.554589 0.035842
0.549323 0.565090 0.031352
0.545193 0.559414 0.033781
0.715754 0.491593 0.068311
0.714425 0.500396 0.061963
0.710253 0.495510 0.065745
0.682816 0.454593 0.106332
0.681425 0.462686 0.097595
0.677356 0.458272 0.102902
0.588818 0.605846 0.018034
0.460061 0.441462 0.129651
0.544883 0.387907 0.214985
0.370731 0.495423 0.064036
0.505456 0.690750 0.009446
0.433910 0.592883 0.022262
0.522541 0.516336 0.057896
0.675949 0.529180 0.045311
0.611106 0.454086 0.116110
0.654256 0.425616 0.149228
0.620816 0.390728 0.204096
0.567126 0.483722 0.085236
0.535922 0.449281 0.126777
0.579540 0.423431 0.166202
0.632196 0.565655 0.029251
0.598901 0.523084 0.051912
0.643031 0.489591 0.075244
0.478067 0.552694 0.036915
0.446630 0.507144 0.061841
0.491526 0.476322 0.091506
0.401909 0.541843 0.039817
0.468212 0.644011 0.012932
0.339123 0.454176 0.092248
0.503639 0.418849 0.172042
0.467908 0.386128 0.212666
0.505778 0.340891 0.253217
0.584523 0.340829 0.252279
0.544771 0.296365 0.265456
0.415573 0.466202 0.093212
0.383548 0.429972 0.126927
0.427071 0.410583 0.168685
0.546334 0.648166 0.012043
0.511067 0.600703 0.020189
0.554824 0.560206 0.033301
0.719932 0.496460 0.064428
0.686889 0.458972 0.100914
0.677233 0.488016 0.074002
0.681335 0.492813 0.069771
0.675831 0.496801 0.067006
0.682726 0.484101 0.076904
0.699177 0.472564 0.085796
0.703300 0.477237 0.081137
0.697815 0.481082 0.078249
0.710520 0.527456 0.045033
0.714741 0.532508 0.042104
0.709255 0.536737 0.040043
0.716016 0.523316 0.047204
0.732525 0.511185 0.053850
0.736739 0.516126 0.050629
0.731235 0.520150 0.048467
0.545587 0.597638 0.020628
0.549892 0.603507 0.019119
0.544499 0.608757 0.017996
0.551012 0.592465 0.021965
0.567353 0.577202 0.026517
0.571589 0.582906 0.024540
0.566147 0.587994 0.023050
0.502725 0.640359 0.013234
0.507238 0.646284 0.012502
0.502015 0.651685 0.011949
0.508009 0.634951 0.013905
0.524018 0.618758 0.016248
0.528401 0.624748 0.015221
0.523071 0.630130 0.014465
0.539930 0.686189 0.009470
0.544744 0.691657 0.009307
0.539765 0.696872 0.009235
0.544960 0.680937 0.009647
0.560200 0.665184 0.010461
0.564895 0.670756 0.010072
0.559821 0.675982 0.009810
0.417788 0.432064 0.133392
0.421851 0.436193 0.128812
0.416331 0.438929 0.123935
0.423285 0.429480 0.138463
0.439701 0.421977 0.154300
0.443824 0.425777 0.149357
0.438347 0.428328 0.144055
0.373424 0.455538 0.096733
0.377402 0.460355 0.092847
0.371812 0.463746 0.088903
0.379001 0.452303 0.100893
0.395686 0.443107 0.114129
0.399704 0.447593 0.109912
0.394140 0.450652 0.105457
0.404836 0.496111 0.066630
0.408718 0.501537 0.063101
0.403114 0.505560 0.059947
0.410443 0.492232 0.070022
0.427270 0.480967 0.080950
0.431146 0.486045 0.076966
0.425537 0.489824 0.073312
0.540085 0.334545 0.256477
0.545045 0.340638 0.253483
0.540175 0.346758 0.250077
0.544966 0.328621 0.258987
0.559703 0.311680 0.263963
0.564712 0.317125 0.262654
0.559779 0.322810 0.261024
0.578826 0.383983 0.217965
0.583324 0.389409 0.211551
0.578244 0.394221 0.206472
0.583852 0.378547 0.223179
0.598728 0.360459 0.238130
0.603308 0.367111 0.232055
0.598376 0.373098 0.227043
0.501506 0.381856 0.220398
0.506265 0.386852 0.215158
0.501320 0.391405 0.209621
0.506336 0.376652 0.226010
0.520699 0.359012 0.241820
0.525655 0.365136 0.237083
0.520850 0.371069 0.231809
0.461129 0.411715 0.176124
0.465427 0.415467 0.171173
0.460093 0.418142 0.165693
0.466363 0.408856 0.181608
0.481736 0.399041 0.198139
0.486232 0.403178 0.193107
0.481110 0.406556 0.187623
0.494130 0.441860 0.134403
0.498112 0.445827 0.129146
0.492593 0.448868 0.124318
0.499626 0.438909 0.139441
0.516033 0.429999 0.155159
0.520058 0.433754 0.149393
0.514588 0.436785 0.144171
0.328645 0.483626 0.068078
0.332585 0.489018 0.064828
0.326955 0.492834 0.061832
0.334263 0.479932 0.071245
0.351074 0.469153 0.081415
0.355027 0.474261 0.077856
0.349426 0.477873 0.074428
0.461437 0.683842 0.009773
0.466195 0.689633 0.009567
0.461181 0.695048 0.009450
0.466506 0.678394 0.010011
0.481866 0.662061 0.011067
0.486505 0.667937 0.010601
0.481389 0.673362 0.010259
0.391616 0.580749 0.025041
0.395648 0.587563 0.023215
0.390159 0.593003 0.021731
0.397125 0.575551 0.026729
0.413718 0.560582 0.032341
0.417697 0.566969 0.030074
0.412168 0.571969 0.028220
0.480673 0.506770 0.063922
0.484566 0.512093 0.060189
0.478977 0.516332 0.057068
0.486271 0.502684 0.067290
0.503078 0.490791 0.078038
0.506940 0.495763 0.073752
0.501345 0.499756 0.070204
0.435984 0.541724 0.041122
0.439921 0.547731 0.038428
0.434352 0.552440 0.036197
0.441561 0.537149 0.043557
0.458307 0.523752 0.051576
0.462224 0.529427 0.048387
0.456645 0.533918 0.045727
0.468208 0.590984 0.022931
0.472384 0.597243 0.021247
0.466940 0.602556 0.019943
0.473685 0.585792 0.024458
0.490189 0.570570 0.029623
0.494294 0.576581 0.027456
0.488798 0.581662 0.025758
0.633200 0.520985 0.051990
0.637327 0.526094 0.048621
0.631835 0.530508 0.046187
0.638699 0.516678 0.054599
0.655211 0.504096 0.062701
0.659317 0.509032 0.058882
0.653816 0.513210 0.056247
0.589259 0.557543 0.033731
0.593442 0.563056 0.031306
0.587968 0.567936 0.029497
0.594746 0.552768 0.035721
0.611218 0.538789 0.042215
0.615370 0.544106 0.039316
0.609885 0.548758 0.037186
0.623447 0.602284 0.018196
0.627835 0.607949 0.016871
0.622476 0.613132 0.015959
0.628833 0.597165 0.019306
0.645052 0.582076 0.023123
0.649379 0.587600 0.021346
0.643981 0.592616 0.020107
0.569687 0.448113 0.128282
0.573602 0.452072 0.122483
0.568110 0.455471 0.118094
0.575161 0.444786 0.132867
0.591483 0.434725 0.146892
0.595406 0.438474 0.140462
0.589983 0.441903 0.135908
0.525456 0.475709 0.093703
0.529315 0.480326 0.088920
0.523727 0.484105 0.085000
0.531022 0.472091 0.097803
0.547656 0.461581 0.110499
0.551553 0.465836 0.105239
0.546010 0.469373 0.101067
0.556651 0.514774 0.058827
0.560642 0.519953 0.055121
0.555100 0.524355 0.052287
0.562203 0.510502 0.061885
0.578871 0.497998 0.071531
0.582827 0.502890 0.067267
0.577279 0.507077 0.064121
0.612784 0.420435 0.165090
0.616798 0.424282 0.158449
0.611505 0.427915 0.154021
0.618006 0.416649 0.169555
0.633470 0.404900 0.183059
0.637649 0.409215 0.176162
0.632486 0.413052 0.171709
0.644792 0.452056 0.114503
0.648821 0.456298 0.108824
0.643367 0.459963 0.105164
0.650233 0.448454 0.118317
0.666556 0.437777 0.129910
0.670621 0.441887 0.123731
0.665175 0.445462 0.119954
0.601044 0.482007 0.085205
0.604995 0.486645 0.080454
0.599464 0.490633 0.077078
0.606553 0.478134 0.088731
0.622997 0.466763 0.099548
0.626983 0.471169 0.094355
0.621504 0.474975 0.090822
0.666770 0.562808 0.029328
0.671038 0.568154 0.027111
0.665613 0.572914 0.025547
0.672217 0.558164 0.031075
0.688595 0.544617 0.036730
0.692832 0.549808 0.034133
0.687372 0.554296 0.032275
0.512315 0.551062 0.037810
0.516366 0.556806 0.035178
0.510839 0.561666 0.033112
0.517851 0.546318 0.040076
0.534465 0.532438 0.047505
0.538488 0.537914 0.044349
0.532955 0.542552 0.041905
0.424955 0.634657 0.014162
0.429345 0.641071 0.013318
0.424078 0.646675 0.012640
0.430287 0.629062 0.014985
0.446441 0.612397 0.017833
0.450696 0.618874 0.016643
0.445316 0.624414 0.015721
0.500144 0.728040 0.009041
0.505037 0.733208 0.009006
0.500085 0.738266 0.008984
0.505105 0.722880 0.009072
0.520003 0.707181 0.009183
0.524875 0.712557 0.009127
0.519912 0.717776 0.009093
0.360032 0.529071 0.043790
0.363952 0.535142 0.041102
0.358363 0.539579 0.038793
0.365632 0.524775 0.046269
0.382428 0.512177 0.054297
0.386318 0.517945 0.051209
0.380725 0.522170 0.048530
0.537545 0.417415 0.176509
0.541734 0.421334 0.170638
0.536362 0.424548 0.165369
0.542830 0.413968 0.181765
0.558465 0.402578 0.197354
0.562828 0.407061 0.191279
0.557616 0.410891 0.186178
0.449698 0.466865 0.097199
0.453592 0.471572 0.092804
0.447980 0.475095 0.088669
0.455290 0.463521 0.101531
0.472011 0.453923 0.115111
0.475953 0.458232 0.110314
0.470379 0.461462 0.105806
0.580883 0.644184 0.012184
0.585455 0.649849 0.011567
0.580274 0.655079 0.011127
0.586126 0.638926 0.012725
0.602024 0.623104 0.014608
0.606476 0.628854 0.013738
0.601176 0.634120 0.013137
0.660947 0.469461 0.092809
0.659519 0.477831 0.084639
0.655468 0.473255 0.089511
0.665003 0.473994 0.087828
0.671734 0.491969 0.071132
0.693741 0.507474 0.058183
0.692416 0.516535 0.052274
0.688241 0.511549 0.055703
0.697914 0.512430 0.054664
0.705030 0.531653 0.042894
0.528694 0.574208 0.028096
0.527401 0.585139 0.024416
0.523210 0.579245 0.026379
0.532867 0.580051 0.026015
0.540176 0.602854 0.019386
0.485138 0.615967 0.017055
0.484110 0.627627 0.015111
0.479755 0.621421 0.016124
0.489466 0.622168 0.015947
0.497468 0.645776 0.012614
0.521024 0.663718 0.010777
0.520600 0.674750 0.010046
0.515897 0.669068 0.010414
0.525696 0.669421 0.010348
0.534923 0.691437 0.009343
0.401363 0.415849 0.151777
0.400026 0.422278 0.141938
0.395919 0.418194 0.146489
0.405490 0.419870 0.147169
0.412281 0.434710 0.128422
0.357371 0.436832 0.112552
0.355842 0.444512 0.104283
0.351817 0.439832 0.108192
0.361403 0.441437 0.108561
0.367841 0.458849 0.092706
0.389239 0.475219 0.081359
0.387547 0.484009 0.074017
0.383634 0.478829 0.077678
0.393154 0.480322 0.077603
0.399230 0.500048 0.063363
0.520207 0.311766 0.263976
0.520293 0.322844 0.261057
0.515328 0.317287 0.262717
0.525170 0.317190 0.262726
0.535216 0.340580 0.253517
0.559867 0.359531 0.241417
0.559793 0.371927 0.231101
0.554943 0.365666 0.236691
0.564738 0.365905 0.236244
0.573777 0.389078 0.212792
0.482009 0.360348 0.239952
0.482235 0.371598 0.229919
0.477352 0.366359 0.234619
0.486895 0.365825 0.235538
0.496633 0.386676 0.214801
0.443437 0.396205 0.194962
0.442785 0.402997 0.184931
0.438350 0.399091 0.189510
0.447921 0.400157 0.190387
0.455843 0.414424 0.170649
0.477971 0.426552 0.155675
0.476574 0.433071 0.145016
0.472516 0.429262 0.150243
0.482051 0.430294 0.150343
0.488621 0.444825 0.129455
0.312796 0.462713 0.081405
0.311172 0.471394 0.074774
0.307207 0.466190 0.078086
0.316773 0.467855 0.078033
0.323018 0.487370 0.065010
0.442822 0.659872 0.011320
0.442276 0.671500 0.010439
0.437656 0.665406 0.010869
0.447410 0.665984 0.010820
0.456393 0.689289 0.009593
0.375735 0.554046 0.033583
0.374144 0.565538 0.029356
0.370189 0.558855 0.031564
0.379677 0.560597 0.031274
0.386115 0.586078 0.023442
0.465195 0.486202 0.079930
0.463444 0.495115 0.072120
0.459579 0.489994 0.076135
0.469056 0.491233 0.075783
0.475078 0.510921 0.060663
0.420362 0.518305 0.053038
0.418662 0.528426 0.047201
0.414768 0.522591 0.050233
0.424253 0.524053 0.049885
0.430408 0.546346 0.038784
0.451862 0.566059 0.031033
0.450382 0.577307 0.027025
0.446331 0.571032 0.029132
0.455899 0.572256 0.028810
0.462745 0.596239 0.021505
0.616936 0.501014 0.067194
0.615447 0.510136 0.060225
0.611412 0.505168 0.064169
0.620964 0.505930 0.063127
0.627702 0.525348 0.049442
0.572762 0.535804 0.044968
0.571342 0.545858 0.039625
0.567244 0.540418 0.042544
0.576851 0.541181 0.041911
0.583775 0.562372 0.031814
0.606145 0.579755 0.024862
0.605012 0.590421 0.021626
0.600711 0.584772 0.023386
0.610431 0.585364 0.022991
0.618073 0.607441 0.017170
0.553921 0.432744 0.152446
0.552410 0.439725 0.141284
0.548449 0.435896 0.147303
0.557888 0.436537 0.146281
0.564199 0.451446 0.123750
0.509929 0.458150 0.113607
0.508278 0.465803 0.104162
0.504385 0.461448 0.109128
0.513830 0.462412 0.108529
0.519878 0.479393 0.089671
0.540919 0.494675 0.075192
0.539245 0.503698 0.067490
0.535337 0.498694 0.071664
0.544819 0.499602 0.070877
0.551101 0.519102 0.055856
0.596336 0.404022 0.191862
0.595347 0.412400 0.180491
0.591173 0.408177 0.187066
0.600536 0.408394 0.185197
0.607529 0.424147 0.160621
0.628769 0.435843 0.138900
0.627356 0.443345 0.128369
0.623381 0.439388 0.134599
0.632756 0.439787 0.132549
0.639350 0.455688 0.110714
0.585338 0.464384 0.105744
0.583746 0.472353 0.096561
0.579835 0.468006 0.101770
0.589254 0.468650 0.100401
0.595520 0.485929 0.081721
0.649841 0.541650 0.039471
0.648585 0.551495 0.034746
0.644368 0.546202 0.037381
0.654052 0.546902 0.036728
0.661330 0.567520 0.027655
0.496338 0.528465 0.049751
0.494740 0.538620 0.043978
0.490771 0.532960 0.047044
0.500299 0.534043 0.046544
0.506778 0.555858 0.035630
0.407944 0.608046 0.018560
0.406701 0.620583 0.016270
0.402501 0.613760 0.017436
0.412118 0.614842 0.017292
0.419650 0.640288 0.013402
0.480663 0.706533 0.009260
0.480542 0.717304 0.009145
0.475682 0.711858 0.009206
0.485517 0.712023 0.009192
0.495186 0.733158 0.009013
0.344366 0.505669 0.055383
0.342658 0.515504 0.049696
0.338737 0.509709 0.052628
0.348284 0.511388 0.052364
0.354430 0.533414 0.041390
0.520105 0.400793 0.199062
0.519397 0.408849 0.188186
0.514984 0.404691 0.193661
0.524572 0.405127 0.193554
0.532221 0.420726 0.171221
0.433913 0.448902 0.115134
0.432326 0.456387 0.106104
0.428360 0.451919 0.110537
0.437891 0.453272 0.110608
0.444098 0.470286 0.092972
0.562985 0.621082 0.015440
0.562095 0.632242 0.013810
0.557649 0.626412 0.014674
0.567406 0.626920 0.014491
0.575670 0.649437 0.011686
0.570486 0.654686 0.011233
0.569994 0.665529 0.010378
0.565329 0.659936 0.010824
0.575120 0.660305 0.010730
0.579792 0.665875 0.010297
0.579433 0.676567 0.009688
0.574696 0.671074 0.010000
0.561332 0.643313 0.012452
0.565889 0.649023 0.011806
0.560702 0.654293 0.011339
0.566581 0.638019 0.013025
0.571858 0.632721 0.013644
0.576351 0.638475 0.012876
0.571105 0.643750 0.012318
0.552334 0.631746 0.013975
0.551560 0.642861 0.012585
0.547047 0.637071 0.013322
0.556813 0.637554 0.013174
0.556112 0.648601 0.011925
0.438490 0.473781 0.088852
0.436756 0.482331 0.080743
0.432880 0.477341 0.084841
0.442367 0.478681 0.084645
0.446236 0.483660 0.080502
0.444492 0.492547 0.072765
0.440626 0.487399 0.076714
0.430685 0.464225 0.097387
0.434598 0.468959 0.093103
0.428993 0.472430 0.088994
0.436271 0.460933 0.101695
0.441848 0.457719 0.106106
0.445783 0.462249 0.101635
0.440195 0.465565 0.097316
0.422795 0.455012 0.106040
0.421167 0.462849 0.097403
0.417221 0.458184 0.101647
0.426751 0.459578 0.101701
0.425091 0.467597 0.093184
0.526860 0.423916 0.165897
0.525517 0.430712 0.154708
0.521461 0.426997 0.160535
0.530954 0.427664 0.160052
0.534994 0.431405 0.154119
0.533513 0.438308 0.143010
0.529529 0.434485 0.148843
0.518477 0.416286 0.177272
0.522702 0.420129 0.171635
0.517351 0.423276 0.166273
0.523741 0.412896 0.182625
0.528966 0.409330 0.187963
0.533290 0.413420 0.182284
0.528015 0.416849 0.176971
0.509823 0.408355 0.188262
0.508932 0.415694 0.177433
0.504622 0.411801 0.182863
0.514184 0.412367 0.182813
0.513174 0.419514 0.171904
0.348829 0.537822 0.039067
0.347192 0.548732 0.034404
0.343231 0.542316 0.036818
0.352776 0.544101 0.036562
0.356727 0.550523 0.034150
0.355126 0.562036 0.029869
0.351157 0.555308 0.032086
0.340952 0.525628 0.044346
0.344888 0.531671 0.041663
0.339275 0.536049 0.039324
0.346578 0.521388 0.046844
0.352200 0.517194 0.049421
0.356115 0.523089 0.046563
0.350502 0.527357 0.044075
0.333099 0.513800 0.049959
0.331383 0.523883 0.044603
0.327451 0.517940 0.047368
0.337024 0.519672 0.047113
0.335326 0.529912 0.041919
0.490231 0.738239 0.008988
0.490191 0.748290 0.008950
0.485280 0.743289 0.008968
0.495136 0.743291 0.008965
0.500049 0.748252 0.008949
0.500034 0.758046 0.008934
0.495109 0.753206 0.008939
0.480447 0.727867 0.009056
0.485334 0.733097 0.009018
0.480378 0.738201 0.008992
0.485413 0.722672 0.009093
0.490382 0.717441 0.009133
0.495258 0.722782 0.009083
0.490294 0.727959 0.009049
0.470703 0.717156 0.009157
0.470600 0.727767 0.009063
0.465728 0.722424 0.009111
0.475569 0.722552 0.009102
0.475484 0.733027 0.009024
0.414373 0.645958 0.012706
0.413620 0.657990 0.011473
0.409122 0.651667 0.012075
0.418836 0.652315 0.012025
0.423349 0.658597 0.011429
0.422761 0.670412 0.010515
0.418167 0.664237 0.010955
0.405607 0.632990 0.014344
0.409962 0.639519 0.013477
0.404675 0.645262 0.012763
0.410960 0.627262 0.015212
0.416340 0.621566 0.016145
0.420620 0.628163 0.015103
0.415277 0.633821 0.014258
0.397072 0.619583 0.016388
0.395944 0.632166 0.014422
0.391667 0.625449 0.015405
0.401309 0.626357 0.015313
0.400281 0.638764 0.013544
0.501242 0.560707 0.033538
0.499800 0.571556 0.029249
0.495712 0.565610 0.031535
0.505316 0.566584 0.031135
0.509422 0.572482 0.028868
0.508080 0.583492 0.025092
0.503923 0.577518 0.027100
0.493180 0.549041 0.038735
0.497198 0.554858 0.036073
0.491656 0.559691 0.033954
0.498731 0.544330 0.041058
0.504281 0.539674 0.043483
0.508287 0.545350 0.040574
0.502743 0.550079 0.038279
0.485205 0.537517 0.044450
0.483624 0.547951 0.039174
0.479641 0.542135 0.041970
0.489182 0.543258 0.041524
0.487628 0.553803 0.036501
0.655899 0.572305 0.026064
0.654783 0.582640 0.022666
0.650472 0.577157 0.024553
0.660195 0.577743 0.024066
0.664509 0.583206 0.022201
0.663464 0.593669 0.019293
0.659114 0.588145 0.020912
0.647360 0.561511 0.030456
0.651620 0.566893 0.028194
0.646180 0.571700 0.026574
0.652817 0.556815 0.032255
0.658278 0.552182 0.034128
0.662518 0.557485 0.031666
0.657067 0.562156 0.029894
0.638895 0.550819 0.035362
0.637655 0.560874 0.031012
0.633425 0.555498 0.033421
0.643119 0.556154 0.032842
0.641907 0.566272 0.028728
0.589980 0.489904 0.078280
0.588374 0.498754 0.070473
0.584428 0.493928 0.074881
0.593921 0.494668 0.073746
0.597884 0.499505 0.069386
0.596342 0.508609 0.062188
0.592345 0.503649 0.066241
0.582135 0.480611 0.087794
0.586054 0.485216 0.082969
0.580502 0.489170 0.079444
0.587665 0.476789 0.091477
0.593175 0.473006 0.095185
0.597104 0.477458 0.090116
0.591588 0.481313 0.086523
0.574315 0.471664 0.097828
0.572682 0.479881 0.088972
0.568780 0.475366 0.093925
0.578222 0.476093 0.092749
0.576589 0.484484 0.084143
0.633905 0.459351 0.106954
0.632450 0.467399 0.097924
0.628454 0.463042 0.103232
0.637911 0.463663 0.101529
0.641926 0.468059 0.096269
0.640471 0.476360 0.087806
0.636456 0.471839 0.092782
0.625923 0.450974 0.118307
0.629909 0.455120 0.112546
0.624470 0.458771 0.108705
0.631343 0.447379 0.122313
0.636759 0.443802 0.126362
0.640770 0.447891 0.120348
0.635342 0.451494 0.116429
0.617987 0.442937 0.130335
0.616533 0.450493 0.120149
0.612583 0.446490 0.126121
0.621949 0.446913 0.124236
0.620496 0.454587 0.114344
0.602232 0.427777 0.156123
0.600809 0.435004 0.145038
0.596881 0.431301 0.151551
0.606178 0.431489 0.149558
0.610104 0.435229 0.143038
0.608646 0.442576 0.132260
0.604722 0.438749 0.138571
0.594205 0.420186 0.169238
0.598242 0.424024 0.162687
0.592917 0.427572 0.158058
0.599462 0.416447 0.173884
0.604675 0.412554 0.178503
0.608751 0.416543 0.171785
0.603523 0.420348 0.167258
0.585973 0.412136 0.182262
0.584849 0.419904 0.171010
0.580736 0.415914 0.177434
0.590118 0.416232 0.175767
0.588907 0.423781 0.164547
0.545553 0.523487 0.052976
0.544023 0.533334 0.046897
0.540008 0.527932 0.050191
0.549560 0.528815 0.049544
0.553591 0.534195 0.046272
0.552126 0.544281 0.040790
0.548062 0.538785 0.043763
0.537610 0.513002 0.060304
0.541570 0.518215 0.056564
0.536018 0.522583 0.053641
0.543174 0.508770 0.063461
0.548740 0.504596 0.066709
0.552684 0.509653 0.062691
0.547125 0.513906 0.059582
0.529759 0.502769 0.068230
0.528106 0.512064 0.060996
0.524185 0.506900 0.064893
0.533674 0.507852 0.064195
0.532050 0.517293 0.057244
0.514283 0.483141 0.085709
0.512536 0.491824 0.077403
0.508682 0.486941 0.081825
0.518132 0.487938 0.081155
0.521991 0.492808 0.076718
0.520284 0.501804 0.068930
0.516403 0.496779 0.073103
0.506580 0.473789 0.095078
0.510437 0.478421 0.090354
0.504835 0.482130 0.086355
0.512156 0.470244 0.099259
0.517717 0.466755 0.103515
0.521591 0.471187 0.098571
0.516022 0.474773 0.094426
0.498825 0.464795 0.104725
0.497126 0.472752 0.095652
0.493250 0.468198 0.100394
0.502710 0.469248 0.099871
0.500987 0.477396 0.090970
0.558696 0.454796 0.119274
0.557084 0.462345 0.109469
0.553182 0.458172 0.114857
0.562604 0.458892 0.113755
0.566508 0.463066 0.108336
0.564881 0.470938 0.098996
0.560983 0.466599 0.104180
0.550859 0.446810 0.130588
0.554782 0.450771 0.124888
0.549273 0.454075 0.120335
0.556352 0.443584 0.135351
0.561834 0.440359 0.140184
0.565766 0.444213 0.134183
0.560281 0.447487 0.129505
0.542967 0.439039 0.142226
0.541425 0.446085 0.131534
0.537478 0.442174 0.137240
0.546921 0.442904 0.136369
0.545355 0.450049 0.125896
0.612710 0.612632 0.016229
0.611796 0.623588 0.014391
0.607360 0.617854 0.015374
0.617129 0.618346 0.015131
0.621573 0.624064 0.014171
0.620746 0.635031 0.012792
0.616256 0.629322 0.013543
0.603946 0.601217 0.018835
0.608315 0.606921 0.017464
0.602949 0.612120 0.016495
0.609340 0.596083 0.020004
0.614745 0.590990 0.021256
0.619083 0.596631 0.019658
0.613693 0.601757 0.018519
0.595287 0.589836 0.021991
0.594205 0.600664 0.019146
0.589872 0.594947 0.020679
0.599603 0.595522 0.020344
0.598564 0.606390 0.017752
0.578294 0.567261 0.029972
0.577041 0.577864 0.026112
0.572819 0.572206 0.028205
0.582501 0.572873 0.027765
0.586735 0.578509 0.025700
0.585567 0.589237 0.022350
0.581289 0.583542 0.024161
0.569963 0.556122 0.034806
0.574115 0.561677 0.032320
0.568627 0.566571 0.030439
0.575463 0.551333 0.036870
0.580964 0.546600 0.039019
0.585100 0.552056 0.036296
0.579607 0.556840 0.034272
0.561728 0.545088 0.040214
0.560327 0.555375 0.035328
0.556215 0.549813 0.037982
0.565833 0.550590 0.037432
0.564464 0.560960 0.032814
0.622206 0.529770 0.046959
0.620857 0.539514 0.041529
0.616711 0.534249 0.044549
0.626345 0.534981 0.043821
0.630507 0.540230 0.040845
0.629215 0.550143 0.035970
0.625025 0.544814 0.038671
0.613998 0.519472 0.053738
0.618090 0.524599 0.050264
0.612588 0.529024 0.047734
0.619507 0.515158 0.056458
0.625017 0.510899 0.059240
0.629096 0.515919 0.055529
0.623592 0.520230 0.052864
0.605889 0.509373 0.061207
0.604416 0.518711 0.054613
0.600366 0.513631 0.058312
0.609931 0.514396 0.057385
0.608490 0.523843 0.051088
0.457297 0.601557 0.020179
0.456096 0.613368 0.017641
0.451861 0.606942 0.018955
0.461511 0.607929 0.018741
0.465764 0.614287 0.017448
0.464689 0.626117 0.015420
0.460370 0.619773 0.016472
0.448981 0.588797 0.023480
0.453120 0.595177 0.021759
0.447666 0.600504 0.020412
0.454468 0.583607 0.025048
0.459967 0.578482 0.026716
0.464070 0.584728 0.024755
0.458588 0.589919 0.023207
0.440810 0.576076 0.027329
0.439387 0.587619 0.023750
0.435302 0.581189 0.025624
0.444878 0.582429 0.025337
0.443508 0.594060 0.022012
0.424836 0.551024 0.036543
0.423238 0.562052 0.032021
0.419272 0.555765 0.034396
0.428790 0.557211 0.034062
0.432769 0.563457 0.031696
0.431251 0.574775 0.027631
0.427230 0.568392 0.029764
0.416982 0.538846 0.041834
0.420902 0.544902 0.039135
0.415328 0.549547 0.036883
0.422565 0.534336 0.044284
0.428151 0.529876 0.046844
0.432061 0.535770 0.043924
0.426480 0.540312 0.041481
0.409175 0.526930 0.047547
0.407489 0.537326 0.042179
0.403585 0.531321 0.044979
0.413074 0.532854 0.044636
0.411402 0.543400 0.039479
0.469485 0.515133 0.057519
0.467806 0.524999 0.051165
0.463894 0.519411 0.054489
0.473390 0.520633 0.054059
0.477311 0.526200 0.050723
0.475677 0.536365 0.044899
0.471733 0.530652 0.047966
0.461709 0.504346 0.064783
0.465592 0.509703 0.061096
0.459996 0.513892 0.057932
0.467313 0.500310 0.068197
0.472921 0.496339 0.071726
0.476792 0.501519 0.067769
0.471190 0.505580 0.064375
0.453967 0.493850 0.072457
0.452231 0.503070 0.065143
0.448359 0.497771 0.068905
0.457835 0.499061 0.068572
0.456109 0.508444 0.061485
0.380622 0.591551 0.021934
0.379199 0.604357 0.019039
0.375132 0.597196 0.020516
0.384678 0.598593 0.020339
0.388768 0.605630 0.018885
0.387453 0.618563 0.016499
0.383301 0.611500 0.017706
0.372597 0.577538 0.025531
0.376596 0.584525 0.023667
0.371096 0.590041 0.022134
0.378112 0.572321 0.027261
0.383634 0.567247 0.029076
0.387612 0.573971 0.026996
0.382101 0.579177 0.025287
0.364645 0.563800 0.029623
0.363086 0.575866 0.025762
0.359102 0.568896 0.027759
0.368615 0.570622 0.027519
0.367083 0.582923 0.023885
0.451374 0.694732 0.009472
0.451187 0.705886 0.009308
0.446370 0.700186 0.009393
0.456183 0.700469 0.009376
0.461009 0.706119 0.009293
0.460867 0.716998 0.009167
0.456020 0.711487 0.009233
0.441860 0.683013 0.009833
0.446597 0.688917 0.009618
0.441572 0.694391 0.009492
0.446939 0.677512 0.010085
0.452043 0.672016 0.010397
0.456719 0.677969 0.010049
0.451645 0.683443 0.009804
0.432516 0.670950 0.010479
0.432081 0.682555 0.009861
0.427399 0.676518 0.010151
0.437166 0.677023 0.010120
0.436806 0.688518 0.009642
0.317383 0.491161 0.062037
0.315666 0.500612 0.056109
0.311739 0.495005 0.059151
0.321315 0.496699 0.058928
0.325246 0.502316 0.055874
0.323522 0.512079 0.050211
0.319593 0.506304 0.053126
0.309509 0.480310 0.068389
0.313448 0.485700 0.065193
0.307811 0.489478 0.062244
0.315127 0.476655 0.071487
0.320739 0.473051 0.074685
0.324696 0.478306 0.071365
0.319076 0.481978 0.068230
0.301611 0.469718 0.074876
0.299945 0.478632 0.068557
0.296004 0.473302 0.071764
0.305563 0.474985 0.071618
0.303880 0.484022 0.065382
0.483098 0.447816 0.124592
0.481514 0.455062 0.114903
0.477561 0.450846 0.119811
0.487060 0.451943 0.119571
0.491002 0.456146 0.114581
0.489357 0.463735 0.105188
0.485445 0.459356 0.110026
0.475109 0.439773 0.134707
0.479114 0.443761 0.129639
0.473588 0.446706 0.124744
0.480611 0.436932 0.139808
0.486100 0.434099 0.145005
0.490126 0.437952 0.139690
0.484627 0.440848 0.134620
0.467037 0.431978 0.144896
0.465578 0.438639 0.134670
0.461542 0.434704 0.139667
0.471083 0.435847 0.139793
0.469593 0.442638 0.129697
0.450507 0.417016 0.165186
0.449284 0.423245 0.154755
0.445123 0.419520 0.159732
0.454709 0.420722 0.160213
0.458862 0.424418 0.155147
0.457483 0.430831 0.144685
0.453400 0.427011 0.149724
0.441945 0.409488 0.174826
0.446250 0.413273 0.170056
0.440915 0.415779 0.164618
0.447183 0.406855 0.180264
0.452370 0.404063 0.185725
0.456774 0.407916 0.180972
0.451537 0.410664 0.175505
0.433210 0.401775 0.184089
0.432358 0.408171 0.174088
0.428018 0.404301 0.178687
0.437597 0.405655 0.179501
0.436659 0.411997 0.169401
0.491715 0.391131 0.209225
0.491306 0.399545 0.198598
0.486750 0.395244 0.203673
0.496335 0.395629 0.204102
0.500896 0.399996 0.198903
0.500246 0.407818 0.188198
0.495807 0.403735 0.193441
0.482315 0.381752 0.219254
0.487042 0.386503 0.214278
0.482142 0.390832 0.208667
0.487086 0.376764 0.224962
0.491797 0.371316 0.230680
0.496680 0.376679 0.225576
0.491886 0.381793 0.219915
0.472689 0.371991 0.228892
0.472751 0.381736 0.218373
0.467981 0.377099 0.223070
0.477529 0.376907 0.224133
0.477477 0.386322 0.213570
0.568702 0.393855 0.207644
0.568000 0.403023 0.196352
0.563599 0.398346 0.202503
0.573137 0.398751 0.201411
0.577491 0.403417 0.195096
0.576561 0.411786 0.183807
0.572319 0.407496 0.190117
0.559559 0.383303 0.219817
0.564177 0.388711 0.213783
0.559114 0.393447 0.208559
0.564555 0.377951 0.225132
0.569535 0.372206 0.230449
0.574233 0.378258 0.224277
0.569215 0.383659 0.219017
0.550036 0.371634 0.231507
0.549874 0.382926 0.220352
0.545129 0.377292 0.226098
0.554843 0.377617 0.225732
0.554539 0.388311 0.214511
0.530359 0.346695 0.250093
0.530477 0.359060 0.241875
0.525519 0.352852 0.246197
0.535317 0.352915 0.246208
0.540254 0.359177 0.241829
0.540306 0.371381 0.231744
0.535412 0.365257 0.237070
0.520408 0.334542 0.256441
0.525387 0.340555 0.253500
0.520546 0.346694 0.250040
0.525268 0.328593 0.258987
0.530141 0.322807 0.261074
0.535115 0.328597 0.259000
0.530244 0.334517 0.256479
0.510467 0.323021 0.261013
0.510592 0.334716 0.256330
0.505631 0.328964 0.258829
0.515433 0.328691 0.258935
0.515568 0.340636 0.253410
0.393627 0.504039 0.060219
0.391914 0.513767 0.054003
0.388026 0.508082 0.057198
0.397513 0.509637 0.056915
0.401397 0.515320 0.053695
0.399691 0.525388 0.047885
0.395801 0.519536 0.050895
0.385844 0.493096 0.067050
0.389739 0.498525 0.063600
0.384136 0.502487 0.060473
0.391450 0.489272 0.070406
0.397056 0.485504 0.073891
0.400950 0.490767 0.070230
0.395343 0.494618 0.066853
0.378030 0.482500 0.074130
0.376337 0.491561 0.067237
0.372425 0.486229 0.070710
0.381942 0.487756 0.070563
0.380240 0.496980 0.063822
0.362255 0.462228 0.088812
0.360626 0.470702 0.081408
0.356666 0.465664 0.085049
0.366220 0.467196 0.085091
0.370171 0.472226 0.081398
0.368503 0.480979 0.074234
0.364571 0.475804 0.077802
0.354281 0.452464 0.096335
0.358275 0.457317 0.092560
0.352692 0.460685 0.088717
0.359855 0.449238 0.100397
0.365423 0.446086 0.104592
0.369430 0.450784 0.100649
0.363855 0.454015 0.096537
0.346256 0.442910 0.103963
0.344701 0.450887 0.096125
0.340687 0.446063 0.099867
0.350274 0.447664 0.100137
0.348703 0.455759 0.092407
0.406760 0.437427 0.123552
0.405257 0.444623 0.114482
0.401228 0.440222 0.118783
0.410800 0.441736 0.119158
0.414819 0.446098 0.114772
0.413254 0.453597 0.105910
0.409266 0.449079 0.110190
0.398631 0.428941 0.132372
0.402703 0.433162 0.127952
0.397184 0.435875 0.123103
0.404124 0.426389 0.137413
0.409607 0.423913 0.142571
0.413707 0.427974 0.137977
0.408211 0.430533 0.132914
0.390454 0.420611 0.141296
0.389054 0.427323 0.131816
0.384974 0.423103 0.136212
0.394547 0.424760 0.136820
0.393125 0.431578 0.127448
0.529939 0.696679 0.009265
0.529838 0.707322 0.009162
0.524971 0.701922 0.009223
0.534801 0.702088 0.009198
0.539674 0.707457 0.009140
0.539599 0.717942 0.009064
0.534715 0.712666 0.009109
0.520297 0.685681 0.009554
0.525101 0.691213 0.009378
0.520112 0.696481 0.009295
0.525339 0.680373 0.009746
0.530405 0.675068 0.009989
0.535150 0.680658 0.009697
0.530113 0.685937 0.009512
0.510794 0.674425 0.010102
0.510479 0.685418 0.009594
0.505715 0.679787 0.009841
0.515527 0.680084 0.009794
0.515279 0.690984 0.009412
0.492240 0.651198 0.012045
0.491648 0.662515 0.010998
0.487039 0.656625 0.011529
0.496817 0.657097 0.011447
0.501437 0.662932 0.010926
0.500988 0.674094 0.010156
0.496297 0.668337 0.010541
0.483219 0.639193 0.013483
0.487706 0.645229 0.012723
0.482474 0.650669 0.012139
0.488514 0.633751 0.014191
0.493837 0.628310 0.014952
0.498257 0.634371 0.014049
0.492967 0.639798 0.013360
0.474394 0.626896 0.015267
0.473482 0.638543 0.013603
0.469060 0.632370 0.014465
0.478781 0.633084 0.014329
0.477955 0.644642 0.012829
0.534776 0.608113 0.018241
0.533753 0.619378 0.016046
0.529390 0.613414 0.017194
0.539119 0.614048 0.016971
0.543493 0.619971 0.015844
0.542577 0.631229 0.014139
0.538147 0.625326 0.015039
0.526188 0.596223 0.021210
0.530466 0.602170 0.019654
0.525060 0.607438 0.018486
0.531626 0.591042 0.022596
0.537075 0.585907 0.024077
0.541315 0.591771 0.022281
0.535884 0.596948 0.020919
0.517736 0.584333 0.024754
0.516500 0.595465 0.021501
0.512273 0.589476 0.023225
0.521945 0.590277 0.022911
0.520763 0.601453 0.019921
0.699544 0.535912 0.040793
0.698299 0.545387 0.036052
0.694067 0.540233 0.038736
0.703773 0.541030 0.038024
0.708008 0.546165 0.035377
0.706779 0.555746 0.031036
0.702538 0.550558 0.033488
0.691117 0.525740 0.046731
0.695325 0.530814 0.043693
0.689844 0.535099 0.041549
0.696607 0.521549 0.049002
0.702103 0.517415 0.051305
0.706306 0.522424 0.048097
0.700813 0.526590 0.045878
0.682745 0.515674 0.053253
0.681433 0.524907 0.047592
0.677251 0.519854 0.050837
0.686923 0.520692 0.049915
0.685632 0.529990 0.044498
0.666229 0.495966 0.068293
0.664819 0.504907 0.061557
0.660720 0.500008 0.065481
0.670325 0.500831 0.064267
0.674444 0.505740 0.060422
0.673087 0.514833 0.054242
0.668943 0.509850 0.057813
0.658084 0.486398 0.076899
0.662150 0.491152 0.072503
0.656643 0.495157 0.069589
0.663579 0.482478 0.079950
0.669068 0.478600 0.083033
0.673143 0.483275 0.078424
0.667650 0.487193 0.075447
0.649986 0.477085 0.086242
0.648534 0.485626 0.078351
0.644497 0.480957 0.082995
0.654030 0.481708 0.081481
0.652582 0.490361 0.073880
0.600453 0.645045 0.011916
0.605040 0.650672 0.011332
0.599863 0.655862 0.010920
0.605691 0.639818 0.012422
0.610959 0.634577 0.012965
0.615480 0.640260 0.012270
0.610245 0.645473 0.011782
0.590066 0.655470 0.011023
0.595245 0.650262 0.011449
0.594714 0.661045 0.010548
0.590666 0.644616 0.012050
0.591399 0.633659 0.013308
0.596701 0.628381 0.013930
0.595906 0.639373 0.012574
0.584500 0.671394 0.009931
0.584915 0.660674 0.010638
0.589594 0.666221 0.010218
0.468693 0.469352 0.096831
0.472574 0.474035 0.092320
0.466955 0.477610 0.088192
0.474290 0.465953 0.101149
0.479874 0.462623 0.105549
0.483776 0.467100 0.100820
0.478181 0.470532 0.096530
0.457468 0.476370 0.088454
0.463086 0.472823 0.092598
0.461334 0.481248 0.084158
0.459197 0.468126 0.097042
0.460874 0.460252 0.105964
0.466448 0.457056 0.110494
0.464793 0.464758 0.101380
0.450102 0.488716 0.076436
0.451850 0.479983 0.084417
0.455716 0.484949 0.080235
0.556571 0.418570 0.174995
0.560709 0.422500 0.168861
0.555336 0.425796 0.163764
0.561862 0.415052 0.180077
0.567111 0.411367 0.185115
0.571320 0.415515 0.178873
0.566037 0.419080 0.173894
0.545859 0.425191 0.164668
0.551237 0.421943 0.169860
0.549918 0.428983 0.158597
0.547069 0.418006 0.175862
0.548081 0.410365 0.186991
0.553293 0.406577 0.192186
0.552364 0.414533 0.181041
0.538993 0.435203 0.148153
0.540441 0.428330 0.159414
0.544466 0.432096 0.153372
0.379034 0.532459 0.043175
0.382938 0.538561 0.040477
0.377367 0.543048 0.038193
0.384619 0.528109 0.045642
0.390208 0.523800 0.048212
0.394101 0.529740 0.045314
0.388516 0.534130 0.042850
0.367875 0.541321 0.038502
0.373454 0.536857 0.040797
0.371802 0.547619 0.035995
0.369542 0.530771 0.043490
0.371232 0.520525 0.048839
0.376830 0.516324 0.051513
0.375133 0.526447 0.045962
0.360683 0.557092 0.031835
0.362299 0.545869 0.036287
0.366241 0.552293 0.033876
0.519843 0.728161 0.009024
0.524742 0.733274 0.008993
0.519794 0.738294 0.008974
0.524798 0.723032 0.009050
0.529756 0.717863 0.009079
0.534645 0.723091 0.009038
0.529692 0.728204 0.009015
0.509940 0.738283 0.008979
0.514890 0.733245 0.009000
0.514849 0.743271 0.008959
0.509993 0.728108 0.009032
0.510069 0.717677 0.009107
0.515035 0.712440 0.009144
0.514952 0.722963 0.009061
0.504969 0.753131 0.008938
0.504992 0.743281 0.008962
0.509907 0.748211 0.008946
0.444335 0.636328 0.013948
0.448759 0.642622 0.013130
0.443506 0.648146 0.012485
0.449651 0.630805 0.014730
0.454997 0.625289 0.015572
0.459350 0.631611 0.014599
0.454040 0.637110 0.013835
0.433788 0.647412 0.012565
0.439047 0.641863 0.013226
0.438281 0.653682 0.011900
0.434640 0.635501 0.014058
0.435647 0.623492 0.015868
0.441034 0.617925 0.016812
0.439964 0.629954 0.014859
0.427909 0.664807 0.010915
0.428556 0.652989 0.011966
0.433083 0.659232 0.011377
0.531487 0.552902 0.036843
0.535573 0.558584 0.034253
0.530060 0.563456 0.032243
0.537011 0.548142 0.039050
0.542535 0.543435 0.041354
0.546607 0.548996 0.038521
0.541090 0.553765 0.036347
0.520444 0.562581 0.032680
0.525965 0.557715 0.034719
0.524553 0.568383 0.030318
0.521896 0.552002 0.037330
0.523387 0.541631 0.042444
0.528925 0.537004 0.044921
0.527425 0.547248 0.039568
0.513562 0.578401 0.026740
0.514929 0.567503 0.030728
0.519053 0.573365 0.028483
0.686174 0.564132 0.028185
0.690443 0.569437 0.026006
0.685026 0.574145 0.024494
0.691619 0.559542 0.029888
0.697075 0.555017 0.031656
0.701320 0.560241 0.029290
0.695874 0.564803 0.027607
0.675322 0.573527 0.025024
0.680742 0.568793 0.026562
0.679622 0.578926 0.023068
0.676472 0.563467 0.028759
0.677671 0.553583 0.032893
0.683131 0.549067 0.034780
0.681919 0.558849 0.030483
0.668842 0.588692 0.020468
0.669912 0.578333 0.023571
0.674229 0.583775 0.021727
0.619994 0.483421 0.082521
0.623983 0.488100 0.077880
0.618463 0.492105 0.074641
0.625491 0.479519 0.085905
0.630979 0.475659 0.089326
0.634985 0.480229 0.084464
0.629489 0.484143 0.081154
0.608957 0.491366 0.075865
0.614482 0.487369 0.079174
0.612936 0.496157 0.071441
0.610513 0.482710 0.083871
0.612048 0.474306 0.092297
0.617528 0.470517 0.095903
0.616015 0.478821 0.087328
0.601873 0.504408 0.065207
0.603423 0.495411 0.072598
0.607404 0.500259 0.068293
0.663778 0.453290 0.110457
0.667833 0.457596 0.104887
0.662368 0.461284 0.101413
0.669234 0.449664 0.114080
0.674684 0.446056 0.117739
0.678748 0.450289 0.111940
0.673293 0.453932 0.108397
0.652857 0.460613 0.103313
0.658318 0.456939 0.106870
0.656898 0.465001 0.097973
0.654273 0.452662 0.112507
0.655674 0.444876 0.122155
0.661115 0.441320 0.126019
0.659725 0.449052 0.116215
0.645952 0.472534 0.091172
0.647393 0.464318 0.099780
0.651427 0.468749 0.094561
0.631367 0.420835 0.160590
0.635436 0.424789 0.153969
0.630124 0.428390 0.149668
0.636608 0.417136 0.164953
0.641818 0.413407 0.169328
0.645976 0.417517 0.162558
0.640720 0.421165 0.158263
0.620797 0.428116 0.151868
0.626097 0.424496 0.156233
0.624787 0.431962 0.145349
0.622058 0.420592 0.162863
0.623195 0.412794 0.174032
0.628351 0.408876 0.178530
0.627288 0.416847 0.167279
0.614038 0.439043 0.136606
0.615468 0.431693 0.147476
0.619421 0.435507 0.140991
0.575730 0.516405 0.057222
0.579753 0.521552 0.053562
0.574225 0.525983 0.050836
0.581269 0.512098 0.060160
0.586807 0.507846 0.063165
0.590813 0.512866 0.059238
0.585283 0.517179 0.056362
0.564657 0.525187 0.051574
0.570193 0.520767 0.054357
0.568697 0.530472 0.048189
0.566186 0.515607 0.058041
0.567758 0.506284 0.065026
0.573314 0.502116 0.068243
0.571732 0.511315 0.061043
0.557647 0.539621 0.043161
0.559123 0.529662 0.048877
0.563171 0.535018 0.045629
0.544333 0.477483 0.092033
0.548210 0.482093 0.087213
0.542627 0.485930 0.083397
0.549895 0.473800 0.096026
0.555445 0.470174 0.100076
0.559337 0.474601 0.095016
0.553780 0.478318 0.091087
0.533173 0.485034 0.084229
0.538760 0.481226 0.088100
0.537038 0.489818 0.079646
0.534892 0.476613 0.092905
0.536577 0.468534 0.101970
0.542122 0.465034 0.106202
0.540456 0.472963 0.096954
0.525865 0.497753 0.072406
0.527581 0.488894 0.080429
0.531450 0.493758 0.075980
0.588456 0.449199 0.125401
0.592373 0.453160 0.119528
0.586908 0.456677 0.115354
0.593901 0.445741 0.129757
0.599324 0.442259 0.134145
0.603239 0.446106 0.127969
0.597817 0.449637 0.123730
0.577514 0.456098 0.116790
0.582993 0.452646 0.121078
0.581424 0.460201 0.111209
0.579079 0.448685 0.126917
0.580619 0.441455 0.137501
0.586060 0.438104 0.142183
0.584539 0.445301 0.131393
0.570411 0.467322 0.103025
0.572018 0.459569 0.112541
0.575926 0.463746 0.107098
0.642970 0.603299 0.017532
0.647372 0.608925 0.016252
0.642024 0.614098 0.015401
0.648345 0.598196 0.018578
0.653726 0.593144 0.019705
0.658093 0.598705 0.018198
0.652729 0.603792 0.017185
0.632247 0.613622 0.015683
0.637604 0.608444 0.016567
0.636684 0.619304 0.014632
0.633206 0.602798 0.017868
0.634229 0.592087 0.020498
0.639637 0.587054 0.021771
0.638589 0.597685 0.018948
0.626041 0.629784 0.013345
0.626904 0.618830 0.014884
0.631356 0.624533 0.013947
0.608590 0.558914 0.032647
0.612801 0.564383 0.030283
0.607340 0.569245 0.028539
0.614066 0.554157 0.034571
0.619545 0.549456 0.036578
0.623741 0.554834 0.033996
0.618268 0.559580 0.032104
0.597649 0.568597 0.029020
0.603118 0.563726 0.030796
0.601884 0.574164 0.026872
0.598921 0.558235 0.033190
0.600235 0.548049 0.037796
0.605726 0.543389 0.039962
0.604402 0.553468 0.035146
0.590997 0.584164 0.023776
0.592189 0.573526 0.027321
0.596436 0.579139 0.025284
0.652456 0.522505 0.050224
0.656616 0.527606 0.046958
0.651132 0.531985 0.044632
0.657949 0.518230 0.052709
0.663445 0.514012 0.055240
0.667593 0.519032 0.051769
0.662104 0.523289 0.049339
0.641477 0.531242 0.045414
0.646966 0.526843 0.047792
0.645650 0.536429 0.042366
0.642821 0.521739 0.051113
0.644201 0.512428 0.057258
0.649705 0.508235 0.059960
0.648317 0.517445 0.053657
0.634691 0.545511 0.038027
0.635992 0.535706 0.043096
0.640169 0.540937 0.040163
0.487488 0.592942 0.022369
0.491701 0.599084 0.020724
0.486267 0.604385 0.019466
0.492954 0.587747 0.023850
0.498433 0.582606 0.025427
0.502608 0.588637 0.023539
0.497148 0.593835 0.022082
0.476597 0.603498 0.019706
0.482036 0.598192 0.020987
0.480848 0.609741 0.018308
0.477842 0.591991 0.022652
0.479175 0.580660 0.026083
0.484677 0.575587 0.027805
0.483313 0.586798 0.024156
0.470056 0.620622 0.016299
0.471173 0.608862 0.018526
0.475445 0.615153 0.017253
0.455013 0.544369 0.040387
0.458974 0.550317 0.037699
0.453412 0.555077 0.035492
0.460584 0.539739 0.042801
0.466157 0.535166 0.045324
0.470109 0.540962 0.042395
0.464541 0.545613 0.040000
0.443877 0.553790 0.035847
0.449443 0.549051 0.038069
0.447856 0.559900 0.033381
0.445494 0.543075 0.040758
0.447140 0.532623 0.046108
0.452722 0.528157 0.048782
0.451068 0.538468 0.043187
0.436774 0.569750 0.029449
0.438318 0.558591 0.033723
0.442310 0.564791 0.031366
0.499642 0.509024 0.062873
0.503549 0.514309 0.059115
0.497972 0.518594 0.056053
0.505228 0.504885 0.066179
0.510815 0.500804 0.069589
0.514705 0.505914 0.065555
0.509127 0.510082 0.062282
0.488473 0.517485 0.056579
0.494057 0.513223 0.059673
0.492397 0.522945 0.053098
0.490157 0.507919 0.063421
0.491872 0.498660 0.070768
0.497475 0.494697 0.074351
0.495750 0.503807 0.066760
0.481249 0.531829 0.047518
0.482891 0.521811 0.053595
0.486821 0.527356 0.050252
0.410685 0.583692 0.024538
0.414752 0.590343 0.022749
0.409276 0.595726 0.021312
0.416188 0.578503 0.026186
0.421703 0.573406 0.027928
0.425739 0.579878 0.025908
0.420240 0.585065 0.024281
0.399711 0.594394 0.021524
0.405193 0.588984 0.022984
0.403809 0.601226 0.019971
0.401144 0.582254 0.024791
0.402645 0.570464 0.028509
0.408176 0.565478 0.030379
0.406650 0.577061 0.026460
0.392895 0.612646 0.017574
0.394236 0.599936 0.020157
0.398349 0.606859 0.018725
0.481038 0.684554 0.009706
0.485816 0.690242 0.009509
0.480810 0.695607 0.009403
0.486098 0.679150 0.009930
0.491185 0.673743 0.010208
0.495904 0.679482 0.009886
0.490847 0.684866 0.009670
0.470993 0.695339 0.009427
0.476003 0.689951 0.009539
0.475821 0.700971 0.009337
0.471235 0.684212 0.009741
0.471599 0.672947 0.010307
0.476720 0.667501 0.010659
0.476299 0.678788 0.009971
0.465849 0.711679 0.009220
0.466000 0.700730 0.009357
0.470834 0.706334 0.009277
0.347754 0.486859 0.067758
0.351681 0.492259 0.064443
0.346066 0.496122 0.061406
0.353364 0.483122 0.070987
0.358969 0.479437 0.074333
0.362899 0.484686 0.070851
0.357292 0.488446 0.067589
0.336517 0.494487 0.061623
0.342139 0.490648 0.064639
0.340444 0.500037 0.058472
0.338206 0.485252 0.067921
0.339873 0.476288 0.074519
0.345476 0.472695 0.077906
0.343819 0.481537 0.071119
0.329173 0.508015 0.052882
0.330887 0.498376 0.058704
0.334814 0.504001 0.055633
0.513084 0.443695 0.133594
0.517040 0.447650 0.128174
0.511531 0.450796 0.123414
0.518574 0.440629 0.138572
0.524055 0.437561 0.143653
0.528029 0.441412 0.137969
0.522538 0.444524 0.133024
0.502072 0.449862 0.123923
0.507584 0.446770 0.128714
0.506010 0.453968 0.118741
0.503617 0.442810 0.134058
0.505108 0.435956 0.144576
0.510578 0.432985 0.149820
0.509108 0.439800 0.139063
0.494923 0.460429 0.109631
0.496544 0.452984 0.119213
0.500474 0.457176 0.114148
0.480270 0.413538 0.177070
0.484546 0.417310 0.171893
0.479219 0.420147 0.166430
0.485495 0.410479 0.182530
0.490674 0.407221 0.187985
0.495058 0.411175 0.182771
0.489825 0.414329 0.177338
0.469667 0.419182 0.166114
0.474994 0.416428 0.171598
0.473844 0.422868 0.160945
0.470709 0.412667 0.176653
0.471543 0.405815 0.187104
0.476668 0.402554 0.192616
0.475937 0.409708 0.182138
0.462967 0.428165 0.150026
0.464286 0.421829 0.160624
0.468426 0.425516 0.155461
0.520846 0.382106 0.220861
0.525580 0.387281 0.215394
0.520593 0.391942 0.209941
0.525732 0.376829 0.226365
0.530580 0.371191 0.231844
0.535435 0.377028 0.226306
0.530527 0.382317 0.220850
0.510952 0.391669 0.209858
0.515920 0.387049 0.215356
0.515565 0.396313 0.204494
0.511169 0.381956 0.220710
0.511127 0.371044 0.231611
0.515903 0.365108 0.236961
0.516029 0.376703 0.226270
0.505393 0.404235 0.193624
0.505944 0.395980 0.204373
0.510499 0.400406 0.199054
0.597852 0.384624 0.215122
0.602233 0.390034 0.208332
0.597170 0.394841 0.203393
0.602857 0.379255 0.220230
0.607805 0.373614 0.225360
0.612219 0.379742 0.218330
0.607254 0.384995 0.213312
0.587735 0.394547 0.205053
0.592811 0.389722 0.210066
0.592071 0.399413 0.198485
0.588375 0.384295 0.216667
0.588850 0.372735 0.228428
0.593815 0.366633 0.233495
0.593396 0.378862 0.221838
0.581766 0.407871 0.188709
0.582629 0.399107 0.200069
0.586936 0.403752 0.193596
0.559843 0.334619 0.256352
0.564822 0.340757 0.253210
0.559877 0.346951 0.249837
0.564783 0.328628 0.258834
0.569720 0.322758 0.260861
0.574704 0.328583 0.258556
0.569771 0.334621 0.256111
0.550001 0.346853 0.249997
0.554911 0.340704 0.253403
0.554946 0.353162 0.245989
0.549936 0.334588 0.256438
0.549861 0.322827 0.261062
0.554776 0.317176 0.262718
0.554849 0.328638 0.258951
0.545163 0.365438 0.236940
0.545115 0.353025 0.246137
0.550041 0.359342 0.241684
0.423805 0.499000 0.066105
0.427680 0.504414 0.062512
0.422078 0.508494 0.059343
0.429410 0.495070 0.069516
0.435017 0.491203 0.073053
0.438886 0.496441 0.069221
0.433282 0.500396 0.065804
0.412598 0.507045 0.059654
0.418200 0.502993 0.062817
0.416478 0.512634 0.056297
0.414323 0.497572 0.066380
0.416050 0.488414 0.073539
0.421660 0.484658 0.077182
0.419929 0.493667 0.069784
0.405284 0.521084 0.050570
0.406997 0.511155 0.056614
0.410880 0.516832 0.053373
0.392546 0.458523 0.097098
0.396506 0.463319 0.093098
0.390909 0.466722 0.089063
0.398128 0.455288 0.101346
0.403702 0.452142 0.105714
0.407680 0.456754 0.101528
0.402097 0.459996 0.097256
0.381364 0.465241 0.088989
0.386958 0.461843 0.092979
0.385309 0.470194 0.085157
0.382988 0.457039 0.096922
0.384572 0.449150 0.105181
0.390134 0.446084 0.109594
0.388568 0.453802 0.101127
0.374106 0.477326 0.077743
0.375768 0.468704 0.085128
0.379708 0.473730 0.081383
0.436924 0.434907 0.134109
0.440969 0.438959 0.129362
0.435446 0.441752 0.124471
0.442425 0.432248 0.139198
0.447918 0.429620 0.144400
0.451988 0.433511 0.139464
0.446482 0.436216 0.134358
0.425892 0.440370 0.124240
0.431413 0.437610 0.129124
0.429914 0.444604 0.119680
0.427359 0.433522 0.133789
0.428771 0.426946 0.143639
0.434245 0.424448 0.148925
0.432858 0.430905 0.138868
0.418818 0.450521 0.110398
0.420362 0.443197 0.119456
0.424371 0.447525 0.114989
0.559561 0.686675 0.009383
0.564386 0.692080 0.009232
0.559417 0.697243 0.009173
0.564582 0.681475 0.009543
0.569626 0.676274 0.009748
0.574392 0.681738 0.009490
0.569376 0.686910 0.009338
0.549591 0.697060 0.009204
0.554565 0.691871 0.009270
0.554464 0.702408 0.009145
0.549745 0.686435 0.009427
0.550016 0.675684 0.009871
0.555095 0.670434 0.010143
0.554771 0.681209 0.009595
0.544554 0.712769 0.009091
0.544633 0.702250 0.009172
0.549509 0.707586 0.009118
0.522253 0.641409 0.012977
0.526784 0.647253 0.012275
0.521573 0.652603 0.011751
0.527523 0.636049 0.013615
0.532822 0.630690 0.014302
0.537284 0.636569 0.013469
0.532020 0.641910 0.012848
0.511794 0.652150 0.011851
0.517010 0.646775 0.012389
0.516389 0.657961 0.011277
0.512488 0.640893 0.013106
0.513322 0.629549 0.014628
0.518660 0.624146 0.015402
0.517765 0.635509 0.013760
0.506096 0.668708 0.010478
0.506603 0.657536 0.011363
0.511230 0.663329 0.010852
0.565015 0.598921 0.020045
0.569344 0.604719 0.018583
0.563960 0.609958 0.017507
0.570429 0.593751 0.021330
0.575854 0.588625 0.022703
0.580148 0.594356 0.021007
0.574739 0.599517 0.019751
0.554227 0.609373 0.017751
0.559615 0.604128 0.018851
0.558591 0.615232 0.016526
0.555297 0.598296 0.020337
0.556448 0.587333 0.023394
0.561895 0.582246 0.024912
0.560717 0.593124 0.021648
0.547896 0.625881 0.014857
0.548853 0.614654 0.016748
0.553236 0.620539 0.015642
0.729953 0.529223 0.043377
0.734175 0.534242 0.040558
0.728681 0.538421 0.038575
0.735454 0.525129 0.045452
0.740958 0.521080 0.047546
0.745179 0.526046 0.044594
0.739675 0.530119 0.042566
0.718967 0.537576 0.039303
0.724457 0.533372 0.041325
0.723194 0.542658 0.036624
0.720235 0.528336 0.044199
0.721516 0.519228 0.049401
0.727020 0.515186 0.051618
0.725732 0.524219 0.046322
0.712242 0.551319 0.032846
0.713483 0.541839 0.037318
0.717714 0.546957 0.034711
0.696453 0.489746 0.071138
0.700593 0.494583 0.067076
0.695090 0.498547 0.064461
0.701947 0.485843 0.073889
0.707437 0.481972 0.076668
0.711588 0.486760 0.072392
0.706093 0.490656 0.069720
0.685452 0.497661 0.065728
0.690955 0.493684 0.068418
0.689586 0.502550 0.061868
0.686833 0.488866 0.072566
0.688215 0.480224 0.079838
0.693698 0.476379 0.082802
0.692327 0.484957 0.075392
0.678584 0.510689 0.056753
0.679946 0.501678 0.063062
0.684084 0.506596 0.059297
0.680030 0.470953 0.089296
0.684116 0.475554 0.084473
0.678632 0.479397 0.081432
0.685504 0.467177 0.092475
0.690973 0.463428 0.095685
0.695068 0.467959 0.090646
0.689595 0.471743 0.087544
0.713107 0.509298 0.055988
0.717307 0.514253 0.052620
0.711804 0.518314 0.050346
0.718612 0.505307 0.058357
0.724120 0.501350 0.060739
0.728318 0.506259 0.057217
0.722812 0.510238 0.054911
0.548004 0.575781 0.027313
0.552211 0.581551 0.025282
0.546757 0.586639 0.023736
0.553483 0.570789 0.029064
0.558970 0.565849 0.030899
0.563146 0.571516 0.028637
0.557674 0.576510 0.026917
0.504563 0.617438 0.016653
0.508922 0.623520 0.015584
0.503577 0.628945 0.014790
0.509949 0.612060 0.017641
0.515350 0.606732 0.018731
0.519667 0.612751 0.017417
0.514288 0.618112 0.016450
0.540612 0.664468 0.010622
0.545296 0.670104 0.010213
0.540211 0.675380 0.009931
0.545752 0.659176 0.011009
0.550918 0.653888 0.011444
0.555541 0.659561 0.010918
0.550405 0.664831 0.010542
0.420528 0.419118 0.153178
0.424662 0.423020 0.148418
0.419191 0.425474 0.143146
0.425947 0.416777 0.158574
0.431325 0.414416 0.163986
0.435535 0.418208 0.159188
0.430115 0.420602 0.153777
0.376535 0.440022 0.113369
0.380560 0.444560 0.109262
0.374999 0.447630 0.104892
0.382076 0.437119 0.117943
0.387607 0.434304 0.122637
0.391654 0.438679 0.118371
0.386112 0.441574 0.113757
0.408272 0.478149 0.081239
0.412166 0.483241 0.077361
0.406557 0.486973 0.073733
0.413880 0.474566 0.085102
0.419487 0.471047 0.089088
0.423385 0.475969 0.084995
0.417775 0.479572 0.081115
0.539919 0.311728 0.263974
0.544885 0.317188 0.262728
0.539996 0.322815 0.261078
0.544818 0.306446 0.264819
0.549727 0.301332 0.265287
0.554704 0.306420 0.264823
0.549788 0.311722 0.263972
0.579479 0.359863 0.240229
0.584212 0.366333 0.234647
0.579231 0.372459 0.229557
0.584427 0.353542 0.244453
0.589334 0.347240 0.248228
0.594070 0.353802 0.243521
0.589164 0.360079 0.239304
0.501203 0.359326 0.241258
0.506168 0.365202 0.236672
0.501430 0.371126 0.231240
0.505959 0.353090 0.245822
0.510749 0.346836 0.249874
0.515727 0.352893 0.246081
0.510933 0.359089 0.241621
0.462584 0.397840 0.196746
0.467090 0.401857 0.191974
0.461959 0.404992 0.186462
0.467607 0.394329 0.202313
0.472571 0.390504 0.207919
0.477184 0.394812 0.203077
0.472165 0.398477 0.197511
0.497029 0.428411 0.155690
0.501085 0.432155 0.150129
0.495612 0.435060 0.144857
0.502448 0.425547 0.161109
0.507832 0.422595 0.166518
0.511960 0.426301 0.160884
0.506538 0.429237 0.155488
0.331945 0.465985 0.081413
0.335915 0.471106 0.077952
0.330310 0.474681 0.074604
0.337536 0.462525 0.084952
0.343121 0.459116 0.088615
0.347105 0.464107 0.085003
0.341514 0.467580 0.081417
0.462327 0.661041 0.011198
0.466942 0.667030 0.010715
0.461818 0.672498 0.010353
0.467509 0.655565 0.011685
0.472718 0.650100 0.012229
0.477270 0.656115 0.011609
0.472092 0.661569 0.011134
0.394709 0.557444 0.032969
0.398665 0.563920 0.030681
0.393134 0.568890 0.028794
0.400263 0.552687 0.035049
0.405828 0.548010 0.037218
0.409763 0.554258 0.034725
0.404209 0.559046 0.032657
0.484146 0.488584 0.079119
0.488005 0.493585 0.074891
0.482397 0.497520 0.071276
0.489762 0.484797 0.082977
0.495377 0.481068 0.086934
0.499225 0.485892 0.082436
0.493615 0.489709 0.078612
0.439328 0.521125 0.052327
0.443227 0.526842 0.049156
0.437643 0.531278 0.046479
0.444918 0.516836 0.055255
0.450512 0.512608 0.058307
0.454403 0.518145 0.054885
0.448814 0.522462 0.051958
0.471003 0.568428 0.030345
0.475072 0.574533 0.028147
0.469565 0.579600 0.026402
0.476537 0.563493 0.032304
0.482079 0.558619 0.034357
0.486119 0.564580 0.031924
0.480590 0.569527 0.029988
0.636042 0.502535 0.064976
0.640109 0.507458 0.061030
0.634601 0.511661 0.058253
0.641557 0.498429 0.067915
0.647072 0.494371 0.070888
0.651130 0.499208 0.066703
0.645619 0.503307 0.063849
0.591971 0.537314 0.043592
0.596092 0.542663 0.040610
0.590595 0.547330 0.038407
0.597476 0.532763 0.046010
0.602983 0.528273 0.048510
0.607089 0.533510 0.045278
0.601590 0.538056 0.042902
0.625584 0.580942 0.024005
0.629894 0.586506 0.022184
0.624483 0.591546 0.020880
0.631016 0.575994 0.025501
0.636458 0.571102 0.027076
0.640745 0.576575 0.025033
0.635315 0.581514 0.023569
0.572754 0.433871 0.150042
0.576691 0.437647 0.143725
0.571238 0.440937 0.138924
0.578181 0.430601 0.154963
0.583567 0.427247 0.159795
0.587545 0.431002 0.153354
0.582130 0.434338 0.148561
0.528799 0.459937 0.112249
0.532692 0.464194 0.107071
0.527148 0.467661 0.102786
0.534325 0.456603 0.116726
0.539844 0.453310 0.121276
0.543755 0.457408 0.115847
0.538228 0.460778 0.111425
0.559882 0.496405 0.073465
0.563808 0.501313 0.069167
0.558245 0.505458 0.065888
0.565455 0.492385 0.076963
0.571027 0.488411 0.080529
0.574940 0.493171 0.075955
0.569374 0.497218 0.072525
0.614951 0.404343 0.187703
0.619085 0.408641 0.180842
0.613935 0.412635 0.176303
0.620026 0.400070 0.192343
0.625058 0.395707 0.197030
0.629274 0.400414 0.190016
0.624200 0.404564 0.185410
0.647586 0.436709 0.134556
0.651626 0.440762 0.128273
0.646199 0.444315 0.124298
0.652992 0.433185 0.138632
0.658375 0.429653 0.142683
0.662476 0.433704 0.136236
0.657055 0.437231 0.132265
0.604145 0.465552 0.102719
0.608092 0.469881 0.097428
0.602605 0.473649 0.093751
0.609609 0.461873 0.106550
0.615058 0.458219 0.110425
0.619021 0.462446 0.104905
0.613563 0.466148 0.101146
0.669207 0.543111 0.038094
0.673433 0.548335 0.035427
0.667973 0.552878 0.033511
0.674677 0.538674 0.040174
0.680151 0.534300 0.042311
0.684368 0.539447 0.039453
0.678898 0.543859 0.037410
0.515385 0.530535 0.048667
0.519374 0.536058 0.045478
0.513830 0.540673 0.042970
0.520938 0.526058 0.051422
0.526492 0.521645 0.054282
0.530467 0.527013 0.050816
0.524919 0.531505 0.048094
0.427168 0.610302 0.018209
0.431385 0.616926 0.016979
0.425989 0.622535 0.016011
0.432603 0.604805 0.019377
0.438049 0.599396 0.020644
0.442225 0.605901 0.019167
0.436798 0.611375 0.018023
0.500329 0.706881 0.009223
0.505195 0.712313 0.009160
0.500225 0.717566 0.009120
0.505306 0.701574 0.009271
0.510284 0.696279 0.009323
0.515138 0.701750 0.009247
0.510166 0.707035 0.009203
0.363425 0.508954 0.054858
0.367330 0.514694 0.051807
0.361724 0.518867 0.049136
0.369031 0.504910 0.057731
0.374636 0.500918 0.060718
0.378534 0.506502 0.057469
0.372933 0.510572 0.054582
0.539301 0.401613 0.198600
0.543725 0.406058 0.192841
0.538526 0.409828 0.187572
0.544411 0.397432 0.203903
0.549489 0.393008 0.209206
0.554019 0.397899 0.203332
0.548890 0.402092 0.198094
0.452975 0.451503 0.115238
0.456935 0.455835 0.110584
0.451363 0.459006 0.106058
0.458525 0.448492 0.119959
0.464065 0.445539 0.124779
0.468049 0.449693 0.119933
0.462497 0.452732 0.115210
0.582495 0.622112 0.015031
0.586931 0.627901 0.014120
0.581626 0.633193 0.013477
0.587838 0.616839 0.015847
0.593194 0.611598 0.016755
0.597596 0.617352 0.015613
0.592257 0.622612 0.014821
0.671890 0.461973 0.099504
0.670481 0.470194 0.091051
0.666421 0.465701 0.096140
0.675955 0.466426 0.094307
0.674551 0.474760 0.086149
0.704748 0.499459 0.063206
0.703415 0.508375 0.057079
0.699243 0.503445 0.060685
0.708919 0.504366 0.059514
0.707603 0.513332 0.053636
0.539686 0.564292 0.031800
0.538344 0.575013 0.027706
0.534186 0.569224 0.029904
0.543829 0.570026 0.029486
0.542534 0.580820 0.025650
0.495950 0.605217 0.019223
0.494844 0.616728 0.016856
0.490537 0.610566 0.018088
0.500238 0.611336 0.017866
0.499189 0.622866 0.015766
0.531354 0.653043 0.011650
0.530818 0.664098 0.010700
0.526176 0.658377 0.011189
0.535964 0.658782 0.011100
0.535496 0.669766 0.010281
0.412152 0.411312 0.162512
0.410940 0.417527 0.152501
0.406775 0.413569 0.157128
0.416359 0.415229 0.157886
0.415076 0.421493 0.147833
0.368448 0.431082 0.121654
0.366954 0.438442 0.112968
0.362915 0.433914 0.117041
0.372497 0.435532 0.117500
0.370983 0.443013 0.108917
0.400445 0.468191 0.089121
0.398760 0.476696 0.081319
0.394843 0.471673 0.085175
0.404367 0.473134 0.085163
0.402664 0.481796 0.077502
0.530003 0.301346 0.265281
0.530059 0.311729 0.263970
0.525100 0.306458 0.264820
0.534957 0.306451 0.264817
0.535026 0.317184 0.262731
0.569769 0.347031 0.249491
0.569695 0.359707 0.240932
0.564812 0.353300 0.245687
0.574660 0.353412 0.245171
0.574510 0.366118 0.235560
0.491354 0.347747 0.249130
0.491562 0.359746 0.240712
0.486671 0.354102 0.244805
0.496260 0.353491 0.245402
0.496487 0.365445 0.236202
0.453439 0.389648 0.206000
0.453004 0.397095 0.195879
0.448466 0.393072 0.200453
0.458031 0.393768 0.201419
0.457504 0.401071 0.191216
0.488764 0.421036 0.166604
0.487505 0.427516 0.155753
0.483387 0.423833 0.161142
0.492923 0.424726 0.161197
0.491575 0.431258 0.150305
0.323957 0.455903 0.088395
0.322368 0.464364 0.081405
0.318378 0.459285 0.084839
0.327958 0.460920 0.084895
0.326345 0.469495 0.077991
0.453234 0.648838 0.012402
0.452571 0.660475 0.011260
0.448015 0.654349 0.011831
0.457757 0.654977 0.011760
0.457172 0.666525 0.010768
0.386849 0.544758 0.037873
0.385218 0.555775 0.033278
0.381287 0.549356 0.035685
0.390771 0.551052 0.035369
0.389166 0.562293 0.030979
0.476436 0.478807 0.087853
0.474672 0.487415 0.079559
0.470814 0.482474 0.083839
0.480291 0.483657 0.083445
0.478532 0.492431 0.075368
0.431556 0.509908 0.059012
0.429845 0.519736 0.052689
0.425959 0.514076 0.055964
0.435438 0.515478 0.055616
0.433739 0.525471 0.049525
0.462957 0.556312 0.035126
0.461426 0.567271 0.030693
0.457405 0.561153 0.033032
0.466966 0.562351 0.032673
0.465479 0.573423 0.028482
0.627983 0.492852 0.073405
0.626481 0.501773 0.066088
0.622461 0.496909 0.070275
0.632001 0.497665 0.069101
0.630528 0.506692 0.062081
0.583802 0.526754 0.050067
0.582362 0.536565 0.044284
0.578281 0.531249 0.047477
0.587874 0.532010 0.046743
0.586467 0.541927 0.041260
0.617037 0.569878 0.028055
0.615861 0.580356 0.024436
0.611587 0.574789 0.026419
0.621298 0.575399 0.025962
0.620160 0.585942 0.022590
0.564781 0.426344 0.162650
0.563352 0.433337 0.151335
0.559370 0.429583 0.157582
0.568792 0.430124 0.156371
0.567302 0.437123 0.145089
0.520976 0.451670 0.122807
0.519369 0.459066 0.112974
0.515458 0.454893 0.118165
0.524895 0.455765 0.117497
0.523264 0.463321 0.107845
0.552088 0.486792 0.082503
0.550397 0.495557 0.074354
0.546504 0.490708 0.078808
0.555976 0.491564 0.077914
0.554309 0.500475 0.070045
0.606544 0.395102 0.201490
0.605685 0.404210 0.189900
0.601461 0.399664 0.196666
0.610783 0.399853 0.194604
0.609839 0.408512 0.183100
0.639495 0.428740 0.147420
0.638156 0.436243 0.136762
0.634143 0.432298 0.143176
0.643546 0.432707 0.140946
0.642171 0.440244 0.130449
0.596290 0.457195 0.113777
0.594743 0.464974 0.104267
0.590824 0.460784 0.109748
0.600212 0.461322 0.108168
0.598668 0.469261 0.098930
0.660796 0.532743 0.043852
0.659521 0.542375 0.038781
0.655318 0.537164 0.041630
0.664993 0.537913 0.040900
0.663740 0.547614 0.036077
0.507474 0.519658 0.055490
0.505859 0.529525 0.049220
0.501906 0.524031 0.052567
0.511419 0.525068 0.052006
0.509833 0.535074 0.046020
0.418854 0.597003 0.021096
0.417550 0.609192 0.018388
0.413394 0.602465 0.019780
0.422992 0.603658 0.019582
0.421746 0.615897 0.017139
0.490631 0.695851 0.009378
0.490494 0.706715 0.009242
0.485646 0.701192 0.009316
0.495474 0.701391 0.009294
0.495355 0.712175 0.009177
0.355601 0.497739 0.061183
0.353902 0.507320 0.055125
0.349986 0.501679 0.058233
0.359515 0.503303 0.057986
0.357814 0.513049 0.052090
0.530231 0.392245 0.209868
0.529707 0.401187 0.198916
0.525187 0.396649 0.204464
0.534803 0.397015 0.204274
0.534153 0.405574 0.193288
0.444992 0.443071 0.124632
0.443447 0.450228 0.115214
0.439457 0.445956 0.119832
0.448994 0.447250 0.119922
0.447416 0.454577 0.110620
0.573700 0.610518 0.017261
0.572738 0.621603 0.015237
0.568335 0.615783 0.016302
0.578084 0.616316 0.016077
0.577166 0.627415 0.014307
0.721944 0.552085 0.032218
0.716476 0.556485 0.030425
0.727421 0.547752 0.034059
0.711017 0.560949 0.028691
0.705570 0.565479 0.027024
0.743896 0.535120 0.039801
0.738398 0.539272 0.037858
0.749400 0.531022 0.041766
0.732905 0.543481 0.035942
0.554394 0.712867 0.009072
0.549442 0.718015 0.009049
0.559345 0.707712 0.009095
0.544491 0.723143 0.009026
0.539542 0.728241 0.009005
0.574207 0.692287 0.009194
0.569243 0.697422 0.009140
0.579194 0.687147 0.009294
0.564294 0.702561 0.009118
0.321793 0.522124 0.044844
0.460755 0.727661 0.009069
0.386289 0.631349 0.014491
0.635830 0.630240 0.013145
0.630538 0.635482 0.012616
0.641143 0.624990 0.013718
0.625275 0.640700 0.012116
0.620042 0.645900 0.011648
0.657134 0.609397 0.015929
0.651796 0.614561 0.015110
0.662481 0.604277 0.016828
0.646465 0.619761 0.014373
0.678564 0.589236 0.020017
0.673195 0.594192 0.018872
0.683941 0.584344 0.021245
0.667834 0.599207 0.017809
0.700141 0.570085 0.025445
0.694727 0.574766 0.023957
0.689328 0.579520 0.022558
0.422306 0.682109 0.009885
0.514828 0.753072 0.008936
0.509895 0.757948 0.008933
0.519764 0.748183 0.008944
0.504964 0.762831 0.008934
0.500038 0.767734 0.008940
0.534593 0.733296 0.008986
0.529648 0.738304 0.008969
0.524705 0.743264 0.008955
0.353559 0.574164 0.025973
0.594308 0.671717 0.009864
0.589244 0.676862 0.009630
0.599400 0.666570 0.010141
0.584206 0.682005 0.009439
0.614838 0.651084 0.011215
0.609664 0.656255 0.010818
0.604518 0.661416 0.010459
0.302161 0.493321 0.059374
0.298238 0.487801 0.062456
0.306083 0.498913 0.056342
0.294313 0.482346 0.065580
0.290384 0.476950 0.068740
0.317858 0.516192 0.047610
0.313931 0.510342 0.050454
0.310006 0.504584 0.053367
0.436562 0.699881 0.009409
0.431774 0.694027 0.009511
0.441369 0.705637 0.009322
0.427019 0.688105 0.009664
0.455888 0.722290 0.009119
0.451033 0.716832 0.009177
0.446193 0.711283 0.009245
0.365592 0.595753 0.020686
0.361565 0.588496 0.022320
0.369641 0.603036 0.019188
0.357556 0.581291 0.024085
0.382033 0.624533 0.015489
0.377844 0.617524 0.016602
0.373720 0.610318 0.017832
0.399413 0.651045 0.012117
0.394983 0.644585 0.012812
0.403897 0.657414 0.011510
0.390606 0.638024 0.013601
0.417636 0.676043 0.010178
0.413010 0.669908 0.010545
0.408429 0.663699 0.010988
0.475425 0.743278 0.008970
0.470525 0.738156 0.008995
0.480333 0.748315 0.008952
0.465635 0.732950 0.009028
0.495103 0.762966 0.008935
0.490174 0.758151 0.008935
0.485250 0.753271 0.008940
0.333664 0.540513 0.037056
0.329699 0.534259 0.039563
0.337635 0.546920 0.034641
0.325742 0.528137 0.042160
0.349570 0.567140 0.027980
0.345588 0.560244 0.030097
0.341610 0.553497 0.032319
