0.587102 0.594947 0.023160
0.585733 0.606088 0.020041
0.581563 0.600110 0.021687
0.462980 0.437606 0.156059
0.461482 0.443280 0.145099
0.457534 0.439671 0.150596
0.542681 0.389822 0.254040
0.543021 0.399823 0.240742
0.538196 0.394872 0.247453
0.373648 0.480366 0.081583
0.371746 0.489123 0.073957
0.367985 0.483796 0.077925
0.501463 0.681919 0.010086
0.501061 0.693548 0.009657
0.496360 0.687563 0.009856
0.433807 0.576927 0.028790
0.432138 0.589007 0.024865
0.428238 0.582144 0.026930
0.524106 0.505475 0.072911
0.522250 0.514524 0.065131
0.518462 0.509332 0.069312
0.676338 0.521022 0.059911
0.674848 0.530162 0.053398
0.670785 0.525104 0.056978
0.612367 0.451572 0.142829
0.611068 0.458365 0.131618
0.607078 0.454732 0.137932
0.653395 0.425822 0.184315
0.652768 0.432685 0.171766
0.648417 0.429135 0.179041
0.616900 0.392169 0.246075
0.617064 0.401925 0.232029
0.612475 0.397093 0.239935
0.569029 0.477092 0.105506
0.567282 0.484785 0.095843
0.563465 0.480426 0.101124
0.537905 0.446732 0.152513
0.536448 0.452873 0.141076
0.532525 0.449316 0.147131
0.579454 0.424930 0.198544
0.578676 0.431372 0.185748
0.574475 0.428016 0.192748
0.631749 0.555758 0.038592
0.630220 0.565964 0.033679
0.626153 0.560423 0.036323
0.599882 0.513842 0.066477
0.598203 0.523006 0.059210
0.594280 0.517921 0.063180
0.644315 0.483309 0.095890
0.642768 0.491448 0.086977
0.638819 0.486949 0.091978
0.478853 0.538573 0.047391
0.476994 0.549112 0.041632
0.473190 0.543069 0.044710
0.448850 0.494109 0.077989
0.446913 0.503048 0.070087
0.443188 0.497715 0.074244
0.494037 0.468309 0.112272
0.492183 0.475664 0.102468
0.488426 0.471252 0.107632
0.403555 0.525327 0.051491
0.401645 0.535799 0.045514
0.397908 0.529572 0.048693
0.465989 0.631125 0.015592
0.464899 0.643350 0.013739
0.460619 0.636749 0.014688
0.343089 0.441728 0.115650
0.341333 0.449109 0.107040
0.337465 0.444445 0.111313
0.505003 0.420488 0.203239
0.504224 0.426256 0.191003
0.499972 0.423023 0.197175
0.467836 0.389752 0.250386
0.468205 0.397782 0.238202
0.463427 0.393800 0.243739
0.501200 0.338569 0.298346
0.501978 0.351898 0.290044
0.496784 0.345519 0.294268
0.579237 0.337857 0.298274
0.579408 0.351456 0.289896
0.574520 0.344531 0.294590
0.539422 0.292903 0.310120
0.539456 0.302872 0.309823
0.534501 0.297852 0.310047
0.418799 0.456062 0.115314
0.416982 0.463297 0.105924
0.413185 0.458774 0.110679
0.387522 0.423678 0.154968
0.385996 0.429475 0.144668
0.382046 0.425552 0.149639
0.429899 0.411151 0.200730
0.429027 0.416090 0.189453
0.424791 0.412739 0.194847
0.543319 0.637553 0.014271
0.542384 0.649084 0.012705
0.537976 0.643006 0.013524
0.509963 0.587599 0.025878
0.508453 0.599153 0.022371
0.504397 0.592812 0.024225
0.554898 0.548486 0.042928
0.553195 0.558884 0.037561
0.549259 0.553130 0.040448
0.720543 0.490483 0.084977
0.719150 0.498862 0.077308
0.715045 0.494137 0.081733
0.687586 0.455565 0.128734
0.686364 0.463029 0.118422
0.682247 0.458944 0.124452
0.591254 0.600885 0.021383
0.466949 0.441118 0.150467
0.547574 0.395157 0.247228
0.377409 0.485594 0.077521
0.506129 0.687929 0.009811
0.437693 0.583692 0.026592
0.527894 0.510558 0.068589
0.680402 0.526025 0.056222
0.616387 0.455157 0.136386
0.657819 0.429420 0.176928
0.621528 0.397363 0.238038
0.572867 0.481341 0.100109
0.541854 0.450219 0.146325
0.583713 0.428379 0.191476
0.635811 0.561231 0.035832
0.603804 0.518845 0.062374
0.648286 0.487746 0.090763
0.482653 0.544517 0.044192
0.452577 0.499325 0.073708
0.497814 0.472601 0.107000
0.407288 0.531437 0.048205
0.470234 0.637710 0.014551
0.346961 0.446309 0.111289
0.509323 0.423816 0.197037
0.472697 0.393982 0.244769
0.506369 0.344904 0.294664
0.584060 0.344654 0.294178
0.544357 0.297848 0.310050
0.422611 0.460469 0.110463
0.391490 0.427503 0.149913
0.434192 0.414495 0.195334
0.547688 0.643629 0.013372
0.514000 0.593872 0.023890
0.558830 0.554160 0.039921
0.724664 0.495184 0.080431
0.691727 0.459613 0.122568
0.682284 0.486619 0.090498
0.686326 0.491199 0.085622
0.680818 0.494914 0.082160
0.687759 0.482992 0.094124
0.704086 0.472326 0.105260
0.708197 0.476746 0.099887
0.702752 0.480306 0.096260
0.714878 0.524864 0.056740
0.718993 0.529838 0.053274
0.713442 0.533879 0.050626
0.720424 0.520935 0.059514
0.737042 0.509492 0.067990
0.741174 0.514318 0.064185
0.735634 0.518113 0.061424
0.548434 0.591596 0.024482
0.552536 0.597674 0.022605
0.547005 0.602919 0.021176
0.554000 0.586468 0.026155
0.570774 0.571441 0.031808
0.574813 0.577274 0.029414
0.569225 0.582287 0.027553
0.504556 0.634684 0.014941
0.508878 0.640976 0.013974
0.503552 0.646542 0.013239
0.509954 0.629157 0.015827
0.526329 0.612733 0.018907
0.530510 0.619014 0.017572
0.525054 0.624471 0.016572
0.540522 0.683429 0.009853
0.545236 0.689238 0.009608
0.540203 0.694716 0.009490
0.545617 0.677937 0.010105
0.561088 0.661560 0.011232
0.565651 0.667431 0.010695
0.560501 0.672861 0.010333
0.425274 0.431251 0.155986
0.429258 0.434885 0.150684
0.423784 0.436874 0.145369
0.430700 0.429439 0.161495
0.446800 0.424255 0.178679
0.450900 0.427505 0.173005
0.445532 0.429295 0.167245
0.381004 0.449060 0.115642
0.384849 0.453541 0.111046
0.379221 0.456347 0.106616
0.386607 0.446457 0.120286
0.403313 0.439305 0.134937
0.407218 0.443375 0.130000
0.401652 0.445749 0.125083
0.411290 0.487425 0.079971
0.415021 0.492670 0.075773
0.409357 0.496287 0.072157
0.416952 0.484003 0.083825
0.433920 0.474274 0.096123
0.437662 0.479076 0.091458
0.432006 0.482341 0.087354
0.540133 0.337804 0.298835
0.545219 0.344430 0.295086
0.540620 0.351171 0.290753
0.544843 0.331394 0.301991
0.559326 0.313479 0.308185
0.564360 0.319160 0.306594
0.559494 0.325166 0.304565
0.580209 0.391006 0.251753
0.584928 0.396428 0.244305
0.580337 0.401225 0.238031
0.584747 0.385409 0.258252
0.598224 0.366220 0.277253
0.602907 0.373388 0.270058
0.598473 0.379693 0.263689
0.505026 0.389431 0.253572
0.510011 0.394383 0.247227
0.505517 0.398876 0.240635
0.509352 0.384046 0.260376
0.522115 0.364886 0.280138
0.527380 0.371576 0.274124
0.523096 0.378013 0.267513
0.467515 0.416800 0.202575
0.471852 0.420058 0.196845
0.466715 0.422068 0.190816
0.472508 0.414531 0.208671
0.486966 0.406092 0.227379
0.491585 0.409877 0.221438
0.486779 0.412827 0.215204
0.500546 0.442775 0.155043
0.504500 0.446256 0.149111
0.499064 0.448652 0.143804
0.505926 0.440472 0.160578
0.521852 0.433436 0.177976
0.525910 0.436670 0.171523
0.520609 0.439096 0.165712
0.335846 0.473084 0.083029
0.339639 0.478298 0.079093
0.333955 0.481734 0.075604
0.341518 0.469809 0.086692
0.358487 0.460429 0.098352
0.362297 0.465280 0.094096
0.356643 0.468421 0.090175
0.462529 0.679914 0.010279
0.467121 0.686217 0.009977
0.462020 0.691966 0.009791
0.467683 0.674172 0.010619
0.483302 0.657090 0.012063
0.487764 0.663412 0.011432
0.482563 0.669083 0.010963
0.396148 0.570153 0.030206
0.399969 0.577201 0.027905
0.394405 0.582633 0.026045
0.401727 0.565023 0.032283
0.418540 0.550411 0.039071
0.422323 0.556934 0.036287
0.416714 0.561814 0.034049
0.486444 0.500170 0.075717
0.490194 0.505324 0.071382
0.484530 0.509161 0.067818
0.492106 0.496532 0.079537
0.509065 0.486100 0.091658
0.512813 0.490799 0.086766
0.507166 0.494316 0.082753
0.441128 0.532362 0.049463
0.444881 0.538414 0.046216
0.439226 0.542910 0.043584
0.446789 0.528046 0.052313
0.463782 0.515577 0.061608
0.467532 0.521191 0.057837
0.461867 0.525375 0.054753
0.471737 0.582751 0.027333
0.475696 0.589269 0.025238
0.470143 0.594566 0.023616
0.477325 0.577622 0.029200
0.494175 0.562724 0.035435
0.498071 0.568896 0.032811
0.492454 0.573871 0.030758
0.638007 0.517428 0.063172
0.642002 0.522426 0.059274
0.636429 0.526615 0.056260
0.643571 0.513372 0.066391
0.660222 0.501582 0.076423
0.664227 0.506346 0.072018
0.658682 0.510268 0.068740
0.593243 0.552314 0.040713
0.597242 0.557878 0.037833
0.591628 0.562624 0.035587
0.598859 0.547707 0.043165
0.615676 0.534308 0.051149
0.619669 0.539593 0.047761
0.614069 0.544061 0.045125
0.625893 0.598023 0.021846
0.630080 0.603916 0.020158
0.624566 0.609097 0.018906
0.631435 0.592925 0.023331
0.648119 0.577931 0.028399
0.652259 0.583598 0.026206
0.646701 0.588600 0.024542
0.575188 0.449745 0.148547
0.579157 0.453232 0.142157
0.573785 0.456143 0.137101
0.580498 0.446903 0.153835
0.596173 0.438198 0.170200
0.600250 0.441445 0.163145
0.595041 0.444446 0.157779
0.531518 0.473138 0.109277
0.535304 0.477389 0.103902
0.529702 0.480647 0.099473
0.537072 0.470060 0.113896
0.553584 0.461159 0.128246
0.557463 0.464988 0.122401
0.551962 0.468006 0.117658
0.561904 0.509992 0.069824
0.565759 0.515020 0.065580
0.560129 0.519101 0.062249
0.567531 0.506080 0.073400
0.584371 0.494708 0.084712
0.588224 0.499355 0.079889
0.582620 0.503180 0.076173
0.616269 0.425347 0.192132
0.620543 0.428732 0.184813
0.615561 0.432035 0.179399
0.621128 0.421843 0.197645
0.635338 0.410761 0.214521
0.639897 0.414710 0.206866
0.635149 0.418326 0.201280
0.649765 0.453281 0.136277
0.653872 0.457119 0.129935
0.648531 0.460449 0.125442
0.655054 0.450011 0.140969
0.670804 0.440277 0.155336
0.675040 0.443975 0.148399
0.669781 0.447246 0.143697
0.606610 0.480289 0.100866
0.610505 0.484599 0.095546
0.604964 0.488210 0.091523
0.612101 0.476810 0.105061
0.628400 0.466583 0.118041
0.632388 0.470609 0.112255
0.626959 0.474052 0.107982
0.670403 0.558966 0.036528
0.674510 0.564355 0.033852
0.668947 0.569038 0.031792
0.675973 0.554433 0.038795
0.692665 0.541300 0.046091
0.696769 0.546466 0.042999
0.691207 0.550819 0.040589
0.516772 0.543949 0.045167
0.520632 0.549755 0.042046
0.514984 0.554429 0.039586
0.522421 0.539434 0.047845
0.539358 0.526352 0.056579
0.543215 0.531784 0.052909
0.537572 0.536164 0.050024
0.427710 0.626683 0.016201
0.431877 0.633532 0.015084
0.426522 0.639292 0.014186
0.433129 0.620988 0.017277
0.449558 0.604137 0.020965
0.453588 0.610971 0.019422
0.448112 0.616580 0.018225
0.500322 0.727291 0.009130
0.505166 0.732657 0.009072
0.500181 0.737863 0.009032
0.505327 0.721933 0.009186
0.520371 0.705511 0.009382
0.525167 0.711201 0.009288
0.520160 0.716653 0.009227
0.366013 0.517707 0.053422
0.369771 0.523778 0.050122
0.364128 0.528012 0.047367
0.371670 0.513656 0.056358
0.388644 0.501939 0.065774
0.392373 0.507619 0.062038
0.386719 0.511547 0.058903
0.542338 0.422947 0.202112
0.546631 0.426422 0.195488
0.541542 0.429149 0.189476
0.547291 0.419905 0.208189
0.561739 0.409394 0.226582
0.566285 0.413599 0.219616
0.561480 0.417146 0.213561
0.456446 0.462545 0.114166
0.460232 0.466890 0.109096
0.454599 0.469812 0.104510
0.462041 0.459833 0.118946
0.478704 0.452193 0.133879
0.482573 0.456071 0.128413
0.477021 0.458658 0.123451
0.582185 0.640030 0.013593
0.586586 0.645978 0.012755
0.581300 0.651298 0.012148
0.587552 0.634713 0.014340
0.603866 0.618819 0.016968
0.608119 0.624836 0.015799
0.602678 0.630118 0.014947
0.666105 0.469196 0.111927
0.664717 0.476929 0.102342
0.660685 0.472668 0.107856
0.670156 0.473409 0.106287
0.676791 0.490288 0.086916
0.698493 0.505338 0.072169
0.697038 0.514029 0.065032
0.692963 0.509170 0.069039
0.702573 0.510156 0.068060
0.709329 0.528862 0.054004
0.532359 0.567475 0.033583
0.530727 0.578464 0.029112
0.526742 0.572399 0.031496
0.536328 0.573466 0.031070
0.542884 0.596787 0.022919
0.487799 0.608895 0.019935
0.486444 0.620970 0.017407
0.482303 0.614407 0.018730
0.491913 0.615432 0.018498
0.499192 0.640244 0.014122
0.522147 0.659525 0.011666
0.521492 0.671148 0.010668
0.516933 0.665086 0.011173
0.526668 0.665595 0.011082
0.535455 0.688932 0.009662
0.409099 0.417139 0.177340
0.407800 0.422205 0.166298
0.403760 0.418650 0.171600
0.413172 0.420618 0.171977
0.419822 0.433131 0.150577
0.365464 0.431833 0.134331
0.363789 0.438461 0.124840
0.359894 0.434150 0.129468
0.369371 0.436050 0.129617
0.375388 0.451767 0.111125
0.396272 0.467484 0.097449
0.394389 0.475504 0.088938
0.390620 0.470573 0.093292
0.400045 0.472317 0.092997
0.405627 0.490931 0.076239
0.519893 0.313589 0.308172
0.520169 0.325260 0.304540
0.515107 0.319377 0.306601
0.524923 0.319262 0.306622
0.535493 0.344405 0.295089
0.560503 0.365181 0.279951
0.561051 0.378608 0.267063
0.555994 0.371923 0.273908
0.565555 0.372126 0.273538
0.575647 0.396167 0.245353
0.484356 0.366955 0.277844
0.485502 0.379129 0.265331
0.480348 0.373665 0.271179
0.489560 0.372850 0.272248
0.500629 0.394292 0.246870
0.449585 0.403081 0.224721
0.449267 0.408895 0.213208
0.444785 0.405447 0.218619
0.454136 0.406610 0.219294
0.462442 0.418867 0.196532
0.484447 0.429560 0.179122
0.483180 0.434843 0.167244
0.479142 0.431569 0.173181
0.488523 0.432760 0.173074
0.495132 0.445083 0.149613
0.320570 0.453055 0.099108
0.318749 0.461044 0.091286
0.314926 0.456068 0.095283
0.324406 0.457953 0.095049
0.330164 0.476429 0.079465
0.444694 0.653830 0.012411
0.443851 0.666246 0.011211
0.439442 0.659597 0.011801
0.449073 0.660471 0.011733
0.457398 0.685679 0.010012
0.381037 0.542841 0.040852
0.379205 0.554328 0.035653
0.375434 0.547514 0.038407
0.384795 0.549501 0.037988
0.390578 0.575445 0.028220
0.471489 0.480549 0.094242
0.469566 0.488679 0.085335
0.465831 0.483809 0.089994
0.475227 0.485304 0.089451
0.480781 0.503891 0.072011
0.426195 0.509053 0.063764
0.424257 0.518792 0.056873
0.420531 0.513005 0.060518
0.429920 0.514728 0.059991
0.435470 0.536746 0.046717
0.456238 0.557044 0.037266
0.454451 0.568331 0.032408
0.450609 0.561876 0.034990
0.460068 0.563396 0.034559
0.466167 0.587965 0.025575
0.622202 0.498157 0.080575
0.620559 0.506764 0.072422
0.616636 0.501992 0.076920
0.626127 0.502859 0.075945
0.632435 0.521548 0.060032
0.577430 0.530589 0.053874
0.575730 0.540382 0.047563
0.571802 0.534957 0.050973
0.581357 0.535926 0.050321
0.587624 0.556989 0.038350
0.609375 0.574844 0.030087
0.607898 0.585578 0.026044
0.603792 0.579784 0.028203
0.613468 0.580582 0.027804
0.620364 0.603165 0.020466
0.559108 0.436357 0.175218
0.557892 0.442310 0.162709
0.553863 0.438983 0.169371
0.563165 0.439644 0.168400
0.569839 0.452580 0.143345
0.516208 0.457203 0.131628
0.514545 0.463840 0.121065
0.510710 0.459899 0.126660
0.520064 0.461036 0.125925
0.525937 0.476283 0.104740
0.546644 0.490780 0.088428
0.544808 0.499116 0.079641
0.541016 0.494350 0.084386
0.550438 0.495442 0.083542
0.556273 0.513972 0.066350
0.598717 0.410495 0.221870
0.598422 0.418316 0.208632
0.593996 0.414456 0.215981
0.603194 0.414544 0.214404
0.611351 0.428748 0.186659
0.633185 0.438865 0.163286
0.632154 0.445543 0.151184
0.628027 0.442056 0.158046
0.637351 0.442335 0.156287
0.644457 0.456572 0.131632
0.590984 0.464209 0.123682
0.589442 0.471327 0.113270
0.585544 0.467380 0.119048
0.594902 0.468062 0.117767
0.601090 0.483816 0.096734
0.654092 0.537791 0.048590
0.652575 0.547460 0.042837
0.648516 0.542171 0.045954
0.658152 0.543021 0.045354
0.664832 0.563579 0.034350
0.501499 0.521370 0.059214
0.499635 0.531185 0.052473
0.495839 0.525545 0.056082
0.505293 0.526900 0.055459
0.511118 0.548533 0.042586
0.411599 0.598566 0.021959
0.410036 0.611541 0.018978
0.406065 0.604353 0.020506
0.415546 0.605708 0.020309
0.422315 0.632448 0.015200
0.481170 0.704542 0.009488
0.480882 0.715970 0.009298
0.476119 0.710172 0.009397
0.485919 0.710419 0.009378
0.495325 0.732585 0.009081
0.350971 0.494537 0.067609
0.349057 0.503984 0.060775
0.345288 0.498259 0.064368
0.354737 0.500163 0.063922
0.360359 0.521823 0.050569
0.524392 0.407760 0.228079
0.524191 0.415184 0.215410
0.519655 0.411379 0.221764
0.529003 0.411795 0.221651
0.537316 0.425802 0.196055
0.441061 0.446203 0.134869
0.439390 0.452583 0.124697
0.435527 0.448528 0.129833
0.444944 0.450142 0.129641
0.450833 0.465347 0.109491
0.565037 0.615930 0.017927
0.563817 0.627393 0.015756
0.559563 0.621310 0.016901
0.569265 0.622007 0.016681
0.576857 0.645370 0.012909
0.571565 0.650738 0.012288
0.570833 0.662022 0.011118
0.566309 0.656138 0.011729
0.576049 0.656645 0.011602
0.580581 0.662515 0.011004
0.580025 0.673668 0.010154
0.575406 0.667866 0.010594
0.562741 0.638815 0.013933
0.567129 0.644798 0.013064
0.561833 0.650207 0.012429
0.568116 0.633421 0.014711
0.573527 0.628050 0.015554
0.577832 0.634055 0.014525
0.572461 0.639411 0.013763
0.554114 0.626712 0.015959
0.553027 0.638198 0.014102
0.548699 0.632123 0.015082
0.558403 0.632787 0.014897
0.557405 0.644226 0.013219
0.445204 0.468238 0.104922
0.443313 0.475902 0.095685
0.439566 0.471212 0.100463
0.448959 0.472815 0.100036
0.452702 0.477492 0.095223
0.450782 0.485591 0.086373
0.447050 0.480695 0.090985
0.437637 0.459385 0.114839
0.441432 0.463759 0.109860
0.435805 0.466624 0.105304
0.443229 0.456734 0.119590
0.448803 0.454175 0.124444
0.452636 0.458308 0.119284
0.447043 0.460988 0.114519
0.429971 0.450943 0.124895
0.428223 0.457742 0.115107
0.424395 0.453452 0.120055
0.433817 0.455114 0.119853
0.432026 0.462131 0.110189
0.532225 0.428488 0.190012
0.531173 0.434217 0.177462
0.527067 0.431020 0.183980
0.536386 0.431735 0.183462
0.540489 0.434963 0.176846
0.539256 0.440790 0.164423
0.535231 0.437474 0.170919
0.523690 0.421793 0.202887
0.527994 0.425181 0.196484
0.522902 0.427804 0.190431
0.528645 0.418842 0.209013
0.533529 0.415656 0.215186
0.537972 0.419366 0.208677
0.533018 0.422374 0.202564
0.514844 0.414692 0.215521
0.514351 0.421173 0.203108
0.509960 0.417720 0.209350
0.519307 0.418304 0.209230
0.518664 0.424529 0.196804
0.354707 0.526024 0.047793
0.352857 0.536818 0.042084
0.349060 0.530330 0.045091
0.358491 0.532351 0.044690
0.362274 0.538846 0.041693
0.360449 0.550344 0.036404
0.356654 0.543493 0.039186
0.347146 0.513807 0.054309
0.350925 0.519849 0.051000
0.345263 0.524014 0.048202
0.352823 0.509821 0.057275
0.358498 0.505899 0.060323
0.362256 0.511748 0.056823
0.356590 0.515767 0.053872
0.339598 0.502050 0.061216
0.337681 0.511825 0.054732
0.333899 0.505907 0.058144
0.343371 0.507874 0.057715
0.341470 0.517853 0.051417
0.490335 0.737819 0.009038
0.490234 0.748116 0.008971
0.485353 0.743001 0.009001
0.495204 0.743013 0.008998
0.500089 0.748083 0.008969
0.500043 0.758009 0.008939
0.495131 0.753115 0.008950
0.480656 0.727047 0.009150
0.485485 0.732498 0.009088
0.480490 0.737763 0.009042
0.485672 0.721638 0.009213
0.490696 0.716170 0.009282
0.495498 0.721794 0.009200
0.490487 0.727177 0.009141
0.471073 0.715753 0.009313
0.470828 0.726906 0.009159
0.466034 0.721280 0.009236
0.475851 0.721466 0.009225
0.475647 0.732399 0.009095
0.416940 0.638302 0.014276
0.415862 0.651076 0.012620
0.411580 0.644252 0.013430
0.421185 0.645139 0.013364
0.425480 0.651935 0.012562
0.424574 0.664583 0.011313
0.420194 0.657852 0.011916
0.408616 0.624476 0.016448
0.412749 0.631418 0.015301
0.407352 0.637376 0.014351
0.414069 0.618603 0.017589
0.419542 0.612799 0.018807
0.423597 0.619782 0.017440
0.418162 0.625560 0.016332
0.400538 0.610289 0.019136
0.399071 0.623429 0.016550
0.395027 0.616311 0.017845
0.404545 0.617447 0.017724
0.403181 0.630440 0.015388
0.505466 0.553189 0.040103
0.503699 0.564000 0.034967
0.499817 0.557918 0.037719
0.509338 0.559178 0.037225
0.513239 0.565210 0.034500
0.511561 0.576276 0.029925
0.507613 0.570122 0.032368
0.497788 0.541372 0.046296
0.501617 0.547252 0.043128
0.495961 0.551886 0.040620
0.503446 0.536905 0.049024
0.509102 0.532513 0.051863
0.512929 0.538199 0.048434
0.507274 0.542692 0.045732
0.490177 0.529805 0.053068
0.488314 0.539998 0.046850
0.484515 0.534150 0.050173
0.493975 0.535553 0.049606
0.492128 0.545911 0.043665
0.659262 0.568279 0.032269
0.657820 0.578665 0.027969
0.653691 0.573065 0.030285
0.663383 0.573809 0.029831
0.667520 0.579387 0.027535
0.666129 0.590004 0.023768
0.661967 0.584312 0.025796
0.651066 0.557368 0.037564
0.655156 0.562799 0.034847
0.649577 0.567515 0.032744
0.656648 0.552795 0.039872
0.662225 0.548297 0.042270
0.666309 0.553614 0.039333
0.660734 0.558168 0.037046
0.642931 0.546628 0.043406
0.641402 0.556569 0.038080
0.637342 0.551160 0.040951
0.646991 0.551978 0.040414
0.645481 0.562018 0.035343
0.595538 0.487397 0.092663
0.593817 0.495585 0.083684
0.589963 0.491027 0.088654
0.599399 0.491870 0.087564
0.603270 0.496447 0.082642
0.601572 0.504990 0.074287
0.597686 0.500241 0.078893
0.587818 0.478769 0.103307
0.591681 0.483028 0.097917
0.586117 0.486567 0.093780
0.593332 0.475378 0.107620
0.598811 0.472021 0.111982
0.602713 0.476096 0.106345
0.597213 0.479538 0.102102
0.580071 0.470577 0.114472
0.578423 0.477955 0.104437
0.574566 0.473812 0.109956
0.583948 0.474620 0.108826
0.582273 0.482206 0.099044
0.639128 0.459888 0.127038
0.637791 0.467194 0.116595
0.633776 0.463225 0.122505
0.643172 0.463807 0.120993
0.647206 0.467829 0.115109
0.645797 0.475442 0.105263
0.641798 0.471267 0.110847
0.631007 0.452359 0.139621
0.635073 0.456072 0.133247
0.629752 0.459361 0.128581
0.636268 0.449121 0.144499
0.641504 0.445891 0.149451
0.645642 0.449538 0.142782
0.640369 0.452797 0.137984
0.622841 0.445237 0.152884
0.621674 0.451952 0.141234
0.617621 0.448408 0.147812
0.626929 0.448748 0.146166
0.625718 0.455603 0.134824
0.606366 0.432034 0.181203
0.605413 0.438384 0.168576
0.601304 0.435181 0.175722
0.610519 0.435253 0.173995
0.614637 0.438498 0.166840
0.613560 0.444969 0.154561
0.609492 0.441630 0.161487
0.597899 0.425389 0.195658
0.602159 0.428764 0.188425
0.597149 0.431946 0.182875
0.602790 0.421956 0.201294
0.607611 0.418329 0.206956
0.611965 0.421901 0.199521
0.607101 0.425416 0.193970
0.589212 0.418171 0.210141
0.588681 0.425218 0.197186
0.584365 0.421656 0.204336
0.593584 0.421869 0.202898
0.592942 0.428637 0.190031
0.550638 0.518023 0.062983
0.548855 0.527480 0.055911
0.545000 0.522149 0.059725
0.554493 0.523253 0.059025
0.558367 0.528562 0.055237
0.556622 0.538366 0.048796
0.552729 0.532887 0.052267
0.542979 0.507822 0.071397
0.546800 0.512878 0.067108
0.541162 0.516901 0.063707
0.548614 0.503977 0.075049
0.554245 0.500201 0.078808
0.558066 0.505050 0.074234
0.552435 0.508930 0.070618
0.535384 0.497988 0.080451
0.533536 0.506670 0.072161
0.529747 0.501695 0.076625
0.539174 0.502858 0.075846
0.537341 0.511740 0.067854
0.520328 0.479494 0.100284
0.518453 0.487350 0.090893
0.514702 0.482766 0.095918
0.524083 0.483966 0.095131
0.527841 0.488540 0.090101
0.525972 0.496815 0.081240
0.522209 0.492033 0.085998
0.512792 0.470856 0.110876
0.516569 0.475122 0.105537
0.510952 0.478280 0.101060
0.518360 0.467882 0.115542
0.523899 0.464965 0.120296
0.527717 0.468998 0.114745
0.522156 0.472028 0.110098
0.505181 0.462641 0.121783
0.503419 0.469613 0.111608
0.499623 0.465441 0.116989
0.508997 0.466696 0.116295
0.507195 0.473893 0.106295
0.564453 0.455420 0.138227
0.562935 0.462011 0.127223
0.559034 0.458276 0.133195
0.568377 0.459066 0.132123
0.572287 0.462804 0.126125
0.570699 0.469775 0.115598
0.566822 0.465842 0.121355
0.556557 0.448373 0.150738
0.560514 0.451858 0.144434
0.555118 0.454632 0.139264
0.561895 0.445675 0.156151
0.567195 0.442966 0.161668
0.571201 0.446328 0.155051
0.565877 0.449094 0.149696
0.548577 0.441582 0.163627
0.547232 0.447584 0.151677
0.543257 0.444159 0.158009
0.552579 0.444952 0.157136
0.551185 0.451071 0.145427
0.614850 0.608347 0.019192
0.613585 0.619560 0.016726
0.609350 0.613566 0.018025
0.619067 0.614313 0.017762
0.623308 0.620311 0.016482
0.622128 0.631607 0.014538
0.617842 0.625581 0.015576
0.606484 0.596505 0.022504
0.610654 0.602411 0.020773
0.605138 0.607596 0.019476
0.612029 0.591407 0.024035
0.617586 0.586358 0.025669
0.621728 0.592172 0.023683
0.616185 0.597269 0.022175
0.598219 0.584781 0.026420
0.596789 0.595732 0.022832
0.592654 0.589837 0.024738
0.602338 0.590629 0.024386
0.600951 0.601652 0.021078
0.582004 0.561737 0.036077
0.580412 0.572325 0.031375
0.576386 0.566556 0.033896
0.586017 0.567440 0.033433
0.590057 0.573185 0.030942
0.588546 0.583969 0.026797
0.584464 0.578130 0.029009
0.574048 0.550472 0.041819
0.578015 0.556080 0.038873
0.572388 0.560828 0.036569
0.579676 0.545866 0.044330
0.585301 0.541330 0.046942
0.589263 0.546795 0.043743
0.583641 0.551404 0.041264
0.566169 0.539397 0.048180
0.564465 0.549503 0.042372
0.560534 0.543908 0.045501
0.570099 0.544909 0.044916
0.568416 0.555143 0.039395
0.626857 0.525733 0.056978
0.625262 0.535198 0.050498
0.621270 0.529985 0.054016
0.630849 0.530872 0.053333
0.634860 0.536072 0.049858
0.633299 0.545790 0.043970
0.629272 0.540468 0.047150
0.618923 0.515655 0.064801
0.622881 0.520659 0.060800
0.617294 0.524837 0.057710
0.624500 0.511617 0.068110
0.630069 0.507640 0.071504
0.634029 0.512498 0.067247
0.628459 0.516547 0.063981
0.611061 0.505881 0.073350
0.609398 0.514754 0.065633
0.605476 0.509829 0.069868
0.614983 0.510728 0.068983
0.613337 0.519758 0.061581
0.460614 0.593266 0.023927
0.459089 0.605416 0.020707
0.455077 0.598656 0.022390
0.464607 0.599947 0.022106
0.468639 0.606635 0.020450
0.467240 0.618892 0.017818
0.463140 0.612176 0.019192
0.452736 0.579961 0.028060
0.456657 0.586601 0.025913
0.451103 0.591907 0.024239
0.458323 0.574838 0.029975
0.463926 0.569804 0.031998
0.467815 0.576260 0.029588
0.462228 0.581386 0.027696
0.444993 0.566801 0.032818
0.443263 0.578478 0.028424
0.439392 0.571816 0.030752
0.448849 0.573359 0.030363
0.447166 0.585178 0.026251
0.429817 0.541210 0.044072
0.427944 0.552162 0.038621
0.424172 0.545761 0.041524
0.433580 0.547489 0.041054
0.437362 0.553856 0.038168
0.435552 0.565201 0.033231
0.431737 0.558645 0.035856
0.422328 0.528935 0.050486
0.426068 0.535024 0.047217
0.420417 0.539457 0.044556
0.427987 0.524684 0.053360
0.433649 0.520509 0.056346
0.437385 0.526390 0.052837
0.431725 0.530671 0.049977
0.414868 0.517037 0.057392
0.412938 0.527153 0.050991
0.409208 0.521147 0.054386
0.418595 0.522937 0.053876
0.416674 0.533254 0.047713
0.475115 0.507699 0.068424
0.473198 0.517094 0.061044
0.469448 0.511593 0.064956
0.478864 0.513083 0.064371
0.482624 0.518565 0.060456
0.480730 0.528376 0.053646
0.476958 0.522690 0.057271
0.467636 0.497227 0.076915
0.471373 0.502413 0.072608
0.465707 0.506192 0.069000
0.473300 0.493650 0.080779
0.478963 0.490159 0.084760
0.482702 0.495114 0.080179
0.477038 0.498721 0.076335
0.460171 0.487155 0.085864
0.458240 0.495688 0.077459
0.454511 0.490589 0.081862
0.463903 0.492141 0.081337
0.461971 0.500890 0.073170
0.385013 0.580916 0.026325
0.383278 0.594092 0.022608
0.379446 0.586599 0.024521
0.388844 0.588253 0.024279
0.392703 0.595616 0.022400
0.391050 0.609036 0.019282
0.387141 0.601594 0.020867
0.377411 0.566420 0.030894
0.381205 0.573628 0.028532
0.375637 0.579147 0.026601
0.382983 0.561270 0.033031
0.388564 0.556288 0.035253
0.392348 0.563177 0.032658
0.386773 0.568315 0.030551
0.369837 0.552347 0.036039
0.368043 0.564499 0.031223
0.364245 0.557353 0.033747
0.373622 0.559322 0.033399
0.371839 0.571770 0.028838
0.452287 0.691469 0.009818
0.451841 0.703542 0.009548
0.447185 0.697303 0.009681
0.456931 0.697750 0.009660
0.461609 0.703905 0.009530
0.461269 0.715518 0.009326
0.456537 0.709609 0.009429
0.443143 0.678622 0.010359
0.447688 0.685096 0.010045
0.442565 0.690931 0.009843
0.448313 0.672813 0.010719
0.453505 0.667035 0.011154
0.457991 0.673518 0.010671
0.452829 0.679293 0.010321
0.434212 0.665401 0.011266
0.433470 0.677902 0.010395
0.428999 0.671269 0.010807
0.438651 0.672054 0.010765
0.437991 0.684466 0.010074
0.324475 0.479841 0.075997
0.322560 0.488807 0.068894
0.318778 0.483323 0.072616
0.328261 0.485238 0.072206
0.332044 0.490735 0.068473
0.330120 0.500097 0.061647
0.326340 0.494398 0.065234
0.316889 0.469333 0.083716
0.320685 0.474542 0.079837
0.314995 0.477941 0.076390
0.322563 0.466090 0.087314
0.328229 0.462919 0.091013
0.332042 0.467961 0.087004
0.326367 0.471217 0.083371
0.309274 0.459154 0.091567
0.307413 0.467445 0.084064
0.303612 0.462316 0.087950
0.313086 0.464206 0.087628
0.311207 0.472651 0.080208
0.489686 0.447413 0.144279
0.488099 0.453548 0.133459
0.484209 0.449779 0.139035
0.493596 0.451078 0.138589
0.497482 0.454835 0.132938
0.495805 0.461375 0.122429
0.491964 0.457412 0.127921
0.481788 0.440338 0.155758
0.485749 0.443834 0.150003
0.480294 0.446101 0.144645
0.487189 0.438184 0.161336
0.492558 0.436032 0.167027
0.496565 0.439369 0.161016
0.491173 0.441595 0.155458
0.473789 0.433570 0.167344
0.472390 0.439002 0.155945
0.468400 0.435576 0.161641
0.477801 0.436918 0.161537
0.476355 0.442510 0.150282
0.457294 0.420772 0.190539
0.456230 0.425728 0.178875
0.452077 0.422551 0.184586
0.461504 0.423941 0.184822
0.465654 0.427092 0.179028
0.464381 0.432227 0.167364
0.460328 0.428947 0.173120
0.448694 0.414275 0.201722
0.453022 0.417552 0.196171
0.447868 0.419350 0.190222
0.453710 0.412283 0.207724
0.458649 0.410078 0.213794
0.463112 0.413476 0.208222
0.458105 0.415607 0.202167
0.439900 0.407547 0.212600
0.439290 0.412790 0.201244
0.434936 0.409433 0.206643
0.444317 0.410939 0.207197
0.443604 0.416097 0.195772
0.496156 0.398664 0.240272
0.496308 0.406593 0.227747
0.491604 0.402586 0.233777
0.500951 0.402938 0.234143
0.505666 0.407025 0.227974
0.505489 0.414148 0.215534
0.500938 0.410444 0.221666
0.486356 0.389549 0.252390
0.491291 0.394201 0.246358
0.486831 0.398418 0.239755
0.490616 0.384420 0.259234
0.494775 0.378650 0.266185
0.499945 0.384194 0.259896
0.495659 0.389474 0.253071
0.476290 0.379759 0.264183
0.477080 0.389653 0.251481
0.472126 0.385100 0.257202
0.481352 0.384727 0.258341
0.481989 0.394101 0.245662
0.571053 0.400928 0.239034
0.571023 0.409783 0.225702
0.566421 0.405327 0.232782
0.575704 0.405668 0.231835
0.580278 0.410102 0.224615
0.579987 0.417918 0.211474
0.575542 0.413970 0.218598
0.561497 0.390431 0.253328
0.566320 0.395858 0.246203
0.561735 0.400576 0.239829
0.566015 0.384900 0.259889
0.570532 0.378849 0.266510
0.575416 0.385163 0.259165
0.570876 0.390737 0.252641
0.551549 0.378359 0.267392
0.552085 0.390103 0.253778
0.547124 0.384337 0.260689
0.556573 0.384612 0.260397
0.556957 0.395510 0.246830
0.530934 0.351155 0.290732
0.531703 0.364852 0.280244
0.526471 0.358002 0.285752
0.536111 0.358003 0.285806
0.541288 0.364906 0.280247
0.542067 0.378161 0.267564
0.536916 0.371618 0.274166
0.520610 0.337870 0.298750
0.525765 0.344423 0.295043
0.521251 0.351215 0.290641
0.525259 0.331410 0.301955
0.529978 0.325203 0.304570
0.535050 0.331390 0.301986
0.530369 0.337805 0.298813
0.510385 0.325470 0.304471
0.510876 0.338102 0.298601
0.505742 0.331872 0.301735
0.515482 0.331545 0.301880
0.516049 0.344564 0.294915
0.399964 0.494521 0.072629
0.398032 0.503765 0.065290
0.394303 0.498191 0.069141
0.403694 0.499986 0.068663
0.407419 0.505561 0.064794
0.405483 0.515244 0.057903
0.401758 0.509449 0.061541
0.392485 0.483918 0.080810
0.396229 0.489165 0.076681
0.390568 0.492730 0.073083
0.398145 0.480541 0.084639
0.403804 0.477250 0.088595
0.407552 0.482285 0.084249
0.401890 0.485683 0.080404
0.384966 0.473751 0.089264
0.383071 0.482145 0.081203
0.379308 0.477017 0.085362
0.388731 0.478781 0.085007
0.386824 0.487382 0.077107
0.369762 0.454571 0.106739
0.367945 0.462219 0.098141
0.364128 0.457460 0.102482
0.373587 0.459241 0.102315
0.377395 0.463988 0.097923
0.375533 0.471991 0.089576
0.371746 0.467061 0.093837
0.362063 0.445442 0.115677
0.365921 0.449971 0.111193
0.360295 0.452772 0.106852
0.367671 0.442831 0.120238
0.373263 0.440322 0.124929
0.377142 0.444656 0.120270
0.371537 0.447264 0.115666
0.354306 0.436574 0.124731
0.352582 0.443597 0.115672
0.348704 0.439102 0.120124
0.358192 0.440978 0.120190
0.356446 0.448152 0.111248
0.414342 0.435092 0.145264
0.412763 0.441111 0.135026
0.408839 0.437145 0.140047
0.418285 0.438946 0.140149
0.422205 0.442866 0.135048
0.420542 0.449256 0.125026
0.416665 0.445145 0.130018
0.406394 0.427558 0.155542
0.410377 0.431296 0.150389
0.404895 0.433248 0.145091
0.411826 0.425800 0.161030
0.417230 0.424128 0.166632
0.421265 0.427669 0.161301
0.415835 0.429442 0.155796
0.398381 0.420236 0.165951
0.396957 0.425638 0.155267
0.392968 0.421909 0.160406
0.402394 0.423874 0.160728
0.400934 0.429414 0.150163
0.530414 0.694443 0.009535
0.530178 0.705714 0.009352
0.525392 0.699971 0.009454
0.535190 0.700209 0.009418
0.539988 0.705905 0.009320
0.539810 0.716896 0.009186
0.534985 0.711359 0.009262
0.520987 0.682705 0.009974
0.525677 0.688612 0.009714
0.520628 0.694158 0.009577
0.526098 0.677145 0.010249
0.531238 0.671604 0.010587
0.535856 0.677549 0.010178
0.530752 0.683074 0.009914
0.511749 0.670675 0.010745
0.511223 0.682320 0.010031
0.506591 0.676287 0.010383
0.516343 0.676725 0.010317
0.515901 0.688278 0.009763
0.493862 0.645832 0.013369
0.492995 0.657764 0.011968
0.488565 0.651446 0.012682
0.498257 0.652140 0.012571
0.502704 0.658381 0.011870
0.502009 0.670184 0.010821
0.497476 0.664010 0.011348
0.485236 0.633022 0.015272
0.489521 0.639458 0.014268
0.484190 0.645063 0.013495
0.490638 0.627461 0.016201
0.496074 0.621921 0.017199
0.500288 0.628336 0.016015
0.494887 0.633882 0.015108
0.476832 0.619961 0.017614
0.475603 0.632102 0.015433
0.471394 0.625531 0.016567
0.481006 0.626525 0.016385
0.479869 0.638614 0.014411
0.537349 0.602039 0.021467
0.535991 0.613588 0.018658
0.531830 0.607354 0.020130
0.541489 0.608223 0.019859
0.545663 0.614405 0.018412
0.544419 0.625998 0.016162
0.540185 0.619814 0.017347
0.529172 0.589686 0.025169
0.533243 0.595858 0.023237
0.527705 0.601118 0.021764
0.534744 0.584554 0.026887
0.540330 0.579487 0.028715
0.544365 0.585533 0.026519
0.538797 0.590663 0.024823
0.521136 0.577392 0.029516
0.519561 0.588665 0.025520
0.515543 0.582459 0.027642
0.525137 0.583529 0.027262
0.523615 0.594886 0.023561
0.703777 0.532933 0.051311
0.702329 0.542192 0.045481
0.698222 0.537079 0.048670
0.707887 0.537997 0.048027
0.712000 0.543090 0.044874
0.710553 0.552505 0.039482
0.706441 0.547334 0.042422
0.695581 0.522912 0.058311
0.699674 0.527904 0.054736
0.694123 0.532000 0.051999
0.701125 0.518933 0.061197
0.706665 0.515020 0.064125
0.710768 0.519924 0.060354
0.705222 0.523879 0.057524
0.687427 0.513059 0.065948
0.685952 0.521960 0.059107
0.681884 0.517008 0.062903
0.691497 0.517962 0.062046
0.690032 0.526958 0.055475
0.671281 0.494004 0.083377
0.669765 0.502482 0.075352
0.665757 0.497768 0.079877
0.675296 0.498673 0.078735
0.679325 0.503409 0.074285
0.677830 0.512108 0.066872
0.673791 0.507264 0.071020
0.663266 0.484904 0.093233
0.667273 0.489411 0.088210
0.661761 0.493126 0.084595
0.668743 0.481289 0.097011
0.674201 0.477717 0.100835
0.678242 0.482122 0.095571
0.672767 0.485744 0.091868
0.655247 0.476174 0.103830
0.653782 0.484094 0.094585
0.649791 0.479718 0.099842
0.659259 0.480490 0.098443
0.657771 0.488565 0.089499
0.601638 0.641361 0.013254
0.606052 0.647302 0.012447
0.600775 0.652535 0.011869
0.607000 0.636107 0.013968
0.612402 0.630849 0.014743
0.616727 0.636849 0.013782
0.611369 0.642076 0.013085
0.591036 0.651896 0.012008
0.596318 0.646622 0.012601
0.595535 0.657783 0.011351
0.591911 0.640679 0.013423
0.592958 0.629409 0.015149
0.598399 0.624109 0.016020
0.597274 0.635396 0.014154
0.585161 0.668344 0.010493
0.585791 0.657192 0.011476
0.590331 0.663051 0.010892
0.475250 0.465531 0.113359
0.479031 0.469850 0.108190
0.473394 0.472835 0.103608
0.480846 0.462751 0.118131
0.486418 0.460047 0.122986
0.490239 0.464125 0.117603
0.484647 0.466948 0.112856
0.463996 0.471343 0.104077
0.469633 0.468394 0.108673
0.467746 0.475896 0.099121
0.465848 0.464059 0.113785
0.467618 0.457209 0.123828
0.473173 0.454666 0.128809
0.471445 0.461318 0.118573
0.456439 0.482272 0.090495
0.458351 0.474375 0.099589
0.462094 0.479040 0.094746
0.560949 0.424076 0.200709
0.565222 0.427561 0.193844
0.560154 0.430407 0.187952
0.565884 0.420933 0.206659
0.570746 0.417572 0.212617
0.575134 0.421339 0.205592
0.570214 0.424546 0.199719
0.550856 0.429806 0.188798
0.555939 0.427027 0.194758
0.555010 0.433103 0.182036
0.551653 0.423533 0.201504
0.552177 0.416655 0.214292
0.556992 0.413161 0.220421
0.556603 0.420450 0.207526
0.544548 0.438250 0.170208
0.545701 0.432434 0.182822
0.549804 0.435691 0.176104
0.384802 0.521548 0.052478
0.388536 0.527660 0.049179
0.382905 0.531943 0.046463
0.390447 0.517447 0.055389
0.396100 0.513413 0.058407
0.399826 0.519319 0.054890
0.394176 0.523457 0.051987
0.373526 0.529982 0.046925
0.379162 0.525720 0.049659
0.377281 0.536333 0.043833
0.375416 0.519630 0.052958
0.377328 0.509673 0.059389
0.382985 0.505766 0.062526
0.381066 0.515553 0.055881
0.366056 0.545514 0.038807
0.367897 0.534350 0.044271
0.371666 0.540850 0.041283
0.519996 0.727468 0.009107
0.524852 0.732762 0.009054
0.519876 0.737920 0.009019
0.524988 0.722154 0.009155
0.529984 0.716780 0.009207
0.534820 0.722243 0.009138
0.529834 0.727535 0.009094
0.510029 0.737895 0.009026
0.515009 0.732715 0.009064
0.514907 0.743013 0.008990
0.510158 0.727388 0.009119
0.510337 0.716510 0.009246
0.515352 0.711031 0.009312
0.515156 0.722052 0.009171
0.504990 0.753042 0.008949
0.505055 0.743013 0.008994
0.509945 0.748048 0.008966
0.446816 0.628996 0.015903
0.451021 0.635729 0.014823
0.445679 0.641406 0.013970
0.452225 0.623369 0.016926
0.457667 0.617764 0.018022
0.461800 0.624478 0.016747
0.456393 0.630087 0.015749
0.436097 0.640349 0.014082
0.441441 0.634652 0.014955
0.440369 0.647121 0.013193
0.437257 0.627847 0.016056
0.438576 0.615340 0.018427
0.444055 0.609710 0.019651
0.442668 0.622203 0.017103
0.429823 0.658689 0.011864
0.430779 0.646102 0.013284
0.435085 0.652875 0.012491
0.535805 0.546311 0.044043
0.539702 0.552052 0.040977
0.534061 0.556751 0.038565
0.541449 0.541764 0.046671
0.547090 0.537288 0.049410
0.550984 0.542859 0.046086
0.545344 0.547422 0.043485
0.524514 0.555614 0.039073
0.530160 0.550927 0.041510
0.528423 0.561523 0.036251
0.526282 0.545154 0.044603
0.528069 0.534994 0.050637
0.533715 0.530633 0.053549
0.531928 0.540621 0.047258
0.517171 0.571285 0.031929
0.518873 0.560375 0.036736
0.522792 0.566367 0.034038
0.689748 0.560555 0.035492
0.693869 0.565893 0.032850
0.688315 0.570536 0.030830
0.695313 0.556069 0.037724
0.700878 0.551661 0.040036
0.704989 0.556882 0.037190
0.699426 0.561343 0.034973
0.678631 0.569790 0.031312
0.684188 0.565127 0.033352
0.682766 0.575273 0.028913
0.680074 0.559762 0.036010
0.681540 0.549977 0.041146
0.687105 0.545600 0.043581
0.685641 0.555251 0.038259
0.671673 0.585013 0.025382
0.673075 0.574546 0.029374
0.677219 0.580100 0.027097
0.625437 0.481793 0.098390
0.629368 0.486165 0.093169
0.623842 0.489830 0.089250
0.630915 0.478247 0.102482
0.636369 0.474739 0.106636
0.640344 0.478972 0.101181
0.634868 0.482547 0.097147
0.614398 0.489021 0.090386
0.619931 0.485382 0.094358
0.618295 0.493541 0.085391
0.616019 0.481040 0.099629
0.617564 0.473371 0.109321
0.622996 0.469963 0.113647
0.621502 0.477527 0.103774
0.607157 0.501119 0.077902
0.608843 0.492708 0.086475
0.612731 0.497304 0.081605
0.668649 0.454372 0.132591
0.672777 0.458309 0.126313
0.667419 0.461681 0.122006
0.673960 0.451056 0.137091
0.679246 0.447750 0.141650
0.683428 0.451612 0.135095
0.678113 0.454954 0.130676
0.657963 0.461052 0.123759
0.663315 0.457703 0.128149
0.662040 0.465078 0.117754
0.659194 0.453812 0.134473
0.660323 0.446757 0.145708
0.665574 0.443515 0.150496
0.664497 0.450523 0.139058
0.651230 0.471953 0.109387
0.652594 0.464426 0.119413
0.656645 0.468500 0.113550
0.634721 0.425420 0.188352
0.639072 0.428921 0.181034
0.634061 0.432216 0.175701
0.639605 0.421990 0.193800
0.644430 0.418505 0.199285
0.648931 0.422195 0.191768
0.644029 0.425580 0.186388
0.624787 0.432092 0.177564
0.629781 0.428789 0.182941
0.629001 0.435461 0.170387
0.625469 0.425343 0.190256
0.625928 0.418239 0.203210
0.630667 0.414542 0.208835
0.630338 0.421873 0.195742
0.618742 0.441822 0.159778
0.619740 0.435328 0.172204
0.623891 0.438656 0.165076
0.580877 0.511981 0.068186
0.584765 0.516985 0.063996
0.579147 0.521119 0.060751
0.586490 0.508006 0.071667
0.592093 0.504093 0.075234
0.595979 0.508922 0.070763
0.590376 0.512919 0.067333
0.569632 0.520133 0.061505
0.575258 0.516023 0.064796
0.573522 0.525324 0.057603
0.571386 0.511010 0.069013
0.573152 0.502232 0.077077
0.578766 0.498442 0.080850
0.577007 0.507063 0.072546
0.562258 0.533946 0.051621
0.564001 0.524311 0.058318
0.567892 0.529599 0.054558
0.550257 0.475214 0.107491
0.554069 0.479462 0.102094
0.548472 0.482810 0.097737
0.555806 0.472039 0.112037
0.561328 0.468917 0.116659
0.565184 0.472952 0.111025
0.559639 0.476178 0.106524
0.539082 0.481751 0.098624
0.544682 0.478449 0.103020
0.542860 0.486215 0.093459
0.540883 0.474200 0.108408
0.542602 0.467043 0.118597
0.548106 0.464078 0.123380
0.546435 0.471074 0.112994
0.531606 0.493214 0.085205
0.533466 0.485113 0.094312
0.537236 0.489682 0.089279
0.593791 0.450817 0.145910
0.597780 0.454312 0.139450
0.592435 0.457386 0.134555
0.599071 0.447797 0.151028
0.604306 0.444736 0.156217
0.608341 0.448099 0.149439
0.603082 0.451216 0.144408
0.583112 0.456799 0.135881
0.588470 0.453812 0.140861
0.587053 0.460456 0.129721
0.584492 0.450321 0.147289
0.585766 0.444042 0.159208
0.590992 0.441144 0.164669
0.589787 0.447398 0.152495
0.576184 0.466639 0.120240
0.577717 0.459793 0.130967
0.581636 0.463537 0.124949
0.645332 0.599494 0.021182
0.649533 0.605367 0.019534
0.644020 0.610582 0.018329
0.650871 0.594375 0.022619
0.656416 0.589311 0.024157
0.660591 0.595066 0.022255
0.655059 0.600191 0.020843
0.634288 0.609849 0.018619
0.639803 0.604657 0.019848
0.638519 0.615823 0.017229
0.635608 0.598769 0.021516
0.636986 0.587872 0.024920
0.642550 0.582870 0.026611
0.641150 0.593662 0.022978
0.627569 0.626345 0.015352
0.628790 0.615066 0.017496
0.633035 0.621076 0.016237
0.612475 0.554075 0.039636
0.616506 0.559596 0.036820
0.610905 0.564335 0.034623
0.618079 0.549472 0.042039
0.623679 0.544935 0.044542
0.627705 0.550325 0.041490
0.622106 0.554926 0.039110
0.601261 0.563490 0.035102
0.606869 0.558746 0.037323
0.605306 0.569146 0.032520
0.602855 0.553205 0.040170
0.604470 0.543168 0.045720
0.610076 0.538702 0.048383
0.608464 0.548598 0.042597
0.594124 0.578966 0.028605
0.595657 0.568303 0.032974
0.599711 0.574025 0.030513
0.657146 0.519194 0.061542
0.661179 0.524198 0.057740
0.655616 0.528367 0.054827
0.662700 0.515153 0.064642
0.668249 0.511178 0.067803
0.672286 0.516071 0.063769
0.666736 0.520100 0.060723
0.646016 0.527488 0.055548
0.651584 0.523306 0.058510
0.650046 0.532611 0.051988
0.647569 0.518306 0.062364
0.649128 0.509380 0.069677
0.654679 0.505452 0.073022
0.653129 0.514254 0.065521
0.638887 0.541325 0.046551
0.640441 0.531744 0.052661
0.644469 0.536930 0.049228
0.490813 0.585298 0.026607
0.494810 0.591694 0.024563
0.489259 0.596983 0.022994
0.496398 0.580164 0.028421
0.501999 0.575106 0.030341
0.505963 0.581341 0.028029
0.500379 0.586481 0.026242
0.479691 0.595805 0.023305
0.485243 0.590512 0.024901
0.483725 0.602349 0.021537
0.481266 0.584055 0.026970
0.482927 0.572575 0.031173
0.488545 0.567610 0.033252
0.486852 0.578923 0.028811
0.472712 0.613321 0.018961
0.474156 0.601178 0.021821
0.478209 0.607795 0.020193
0.459966 0.535569 0.048442
0.463741 0.541569 0.045219
0.458083 0.546121 0.042616
0.465629 0.531194 0.051268
0.471293 0.526900 0.054208
0.475067 0.532697 0.050727
0.469403 0.537095 0.047923
0.448648 0.544546 0.043099
0.454305 0.540017 0.045719
0.452432 0.550757 0.040114
0.450541 0.533993 0.048952
0.452451 0.523805 0.055284
0.458116 0.519647 0.058384
0.456203 0.529644 0.051795
0.441165 0.560297 0.035421
0.442999 0.549158 0.040582
0.446792 0.555483 0.037715
0.505269 0.502931 0.074367
0.509034 0.508052 0.070024
0.503379 0.511948 0.066517
0.510922 0.499227 0.078129
0.516569 0.495595 0.082007
0.520332 0.500488 0.077386
0.514686 0.504233 0.073647
0.493951 0.510577 0.067182
0.499612 0.506712 0.070718
0.497719 0.515928 0.063124
0.495855 0.501574 0.075060
0.497765 0.492977 0.083469
0.503418 0.489502 0.087509
0.501513 0.497905 0.078851
0.486394 0.524140 0.056687
0.488288 0.514528 0.063761
0.492057 0.519991 0.059847
0.414946 0.573652 0.029508
0.418798 0.580548 0.027261
0.413239 0.585912 0.025469
0.420528 0.568535 0.031527
0.426126 0.563536 0.033643
0.429953 0.570204 0.031142
0.424369 0.575317 0.029152
0.403814 0.584298 0.025760
0.409375 0.578901 0.027585
0.407689 0.591424 0.023777
0.405539 0.571932 0.029859
0.407317 0.560032 0.034452
0.412921 0.555165 0.036715
0.411120 0.566809 0.031907
0.396596 0.602983 0.020691
0.398258 0.589861 0.024031
0.402143 0.597106 0.022184
0.481970 0.681011 0.010188
0.486602 0.687157 0.009899
0.481519 0.692835 0.009729
0.487111 0.675327 0.010507
0.492279 0.669659 0.010894
0.496846 0.675829 0.010446
0.491710 0.681488 0.010139
0.471765 0.692420 0.009761
0.476856 0.686709 0.009940
0.476452 0.698535 0.009612
0.472243 0.680486 0.010235
0.472862 0.668454 0.011030
0.478067 0.662759 0.011512
0.477390 0.674775 0.010564
0.466325 0.709902 0.009414
0.466687 0.698160 0.009637
0.471386 0.704238 0.009510
0.354770 0.476762 0.082321
0.358548 0.481982 0.078321
0.352877 0.485465 0.074796
0.360434 0.473450 0.086042
0.366093 0.470215 0.089879
0.369876 0.475242 0.085705
0.364214 0.478574 0.081956
0.343423 0.483608 0.075204
0.349100 0.480149 0.078711
0.347200 0.489020 0.071373
0.345314 0.474932 0.082679
0.347182 0.466607 0.090463
0.352838 0.463479 0.094347
0.350982 0.471639 0.086371
0.335823 0.496338 0.064806
0.337738 0.487137 0.071794
0.341516 0.492645 0.068045
0.519245 0.444895 0.153921
0.523192 0.448367 0.147856
0.517776 0.450906 0.142572
0.524606 0.442436 0.159448
0.529935 0.439966 0.165112
0.533933 0.443317 0.158775
0.528577 0.445840 0.153255
0.508427 0.449818 0.143227
0.513852 0.447351 0.148517
0.512330 0.453466 0.137397
0.509903 0.443876 0.154520
0.511272 0.438157 0.166239
0.516582 0.435812 0.172044
0.515273 0.441493 0.160049
0.501343 0.458688 0.127334
0.502970 0.452308 0.138038
0.506852 0.456056 0.132320
0.486284 0.418849 0.203153
0.490610 0.422137 0.197191
0.485499 0.424359 0.191146
0.491248 0.416323 0.209269
0.496132 0.413533 0.215436
0.500606 0.417066 0.209371
0.495646 0.419717 0.203261
0.476119 0.423261 0.191027
0.481242 0.421149 0.197074
0.480314 0.426416 0.185117
0.476912 0.417876 0.202912
0.477417 0.412021 0.214830
0.482238 0.409222 0.221066
0.481888 0.415480 0.209031
0.469745 0.430294 0.173186
0.470920 0.425222 0.185007
0.475062 0.428367 0.179118
0.523855 0.389489 0.254105
0.528807 0.394656 0.247521
0.524281 0.399284 0.240964
0.528244 0.384018 0.260833
0.532585 0.378044 0.267604
0.537690 0.384138 0.260832
0.533273 0.389620 0.254144
0.514898 0.399075 0.240863
0.519409 0.394499 0.247444
0.519691 0.403528 0.234482
0.514436 0.389431 0.253914
0.513613 0.378098 0.267256
0.517848 0.371649 0.273943
0.518795 0.383987 0.260686
0.510298 0.410937 0.221768
0.510318 0.403243 0.234372
0.515031 0.407405 0.228082
0.598691 0.391520 0.249382
0.603347 0.396883 0.241611
0.598793 0.401661 0.235439
0.603173 0.386040 0.255794
0.607588 0.380218 0.262258
0.612260 0.386488 0.254180
0.607840 0.391820 0.247863
0.589583 0.401466 0.236832
0.594161 0.396662 0.243062
0.594180 0.406147 0.229349
0.589482 0.391256 0.250671
0.589261 0.379332 0.264841
0.593756 0.372855 0.271277
0.593999 0.385685 0.257141
0.584778 0.414259 0.217382
0.584957 0.405941 0.230688
0.589509 0.410342 0.223335
0.559729 0.337835 0.298768
0.564779 0.344501 0.294893
0.560052 0.351302 0.290601
0.564540 0.331368 0.301888
0.569380 0.325108 0.304432
0.574343 0.331340 0.301674
0.569561 0.337826 0.298572
0.550314 0.351231 0.290713
0.554979 0.344470 0.295043
0.555412 0.358167 0.285682
0.549905 0.337825 0.298822
0.549618 0.325194 0.304585
0.554451 0.319220 0.306643
0.554668 0.331394 0.301977
0.546444 0.371738 0.274093
0.545747 0.358065 0.285780
0.550878 0.365025 0.280156
0.430076 0.490826 0.079025
0.433801 0.496063 0.074773
0.428137 0.499730 0.071154
0.435737 0.487360 0.082887
0.441395 0.483984 0.086873
0.445124 0.488995 0.082380
0.439464 0.492485 0.078514
0.418748 0.498024 0.071665
0.424413 0.494381 0.075283
0.422472 0.503484 0.067659
0.420685 0.489139 0.079510
0.422612 0.480670 0.087803
0.428268 0.477426 0.091902
0.426347 0.485695 0.083371
0.411143 0.511245 0.061034
0.413083 0.501751 0.068168
0.416807 0.507324 0.064285
0.399919 0.452595 0.115543
0.403749 0.457045 0.110834
0.398120 0.459849 0.106328
0.405519 0.450004 0.120259
0.411102 0.447522 0.125087
0.414963 0.451749 0.120191
0.409364 0.454345 0.115458
0.388674 0.458104 0.106482
0.394303 0.455297 0.110950
0.392482 0.462750 0.101946
0.390465 0.450835 0.115602
0.392195 0.443961 0.125053
0.397764 0.441577 0.129937
0.396067 0.448236 0.120283
0.381187 0.468823 0.093570
0.383038 0.461002 0.102138
0.386837 0.465741 0.097694
0.444136 0.434598 0.156136
0.448114 0.438154 0.150680
0.442644 0.440220 0.145349
0.449561 0.432687 0.161670
0.454960 0.430808 0.167327
0.458984 0.434172 0.161679
0.453561 0.436142 0.156120
0.433217 0.438582 0.145396
0.438689 0.436558 0.150715
0.437152 0.442352 0.140122
0.434708 0.432968 0.156097
0.436100 0.427679 0.167111
0.441468 0.425957 0.172844
0.440133 0.431110 0.161613
0.426101 0.446863 0.129961
0.427723 0.440682 0.140174
0.431638 0.444564 0.134994
0.560069 0.684091 0.009723
0.564805 0.689809 0.009495
0.559789 0.695224 0.009396
0.565151 0.678662 0.009953
0.570263 0.673249 0.010243
0.574921 0.679021 0.009874
0.569848 0.684403 0.009655
0.549995 0.694977 0.009444
0.555019 0.689531 0.009553
0.554794 0.700653 0.009340
0.550294 0.683768 0.009789
0.550743 0.672460 0.010420
0.555899 0.667001 0.010795
0.555382 0.678308 0.010030
0.544804 0.711505 0.009236
0.544991 0.700437 0.009380
0.549798 0.706086 0.009288
0.523924 0.636177 0.014606
0.528270 0.642356 0.013675
0.522956 0.647862 0.012975
0.529311 0.630702 0.015453
0.534732 0.625250 0.016367
0.539001 0.631428 0.015268
0.533618 0.636879 0.014439
0.513251 0.647214 0.013108
0.518571 0.641680 0.013825
0.517674 0.653397 0.012340
0.514236 0.635445 0.014774
0.515385 0.623658 0.016779
0.520845 0.618178 0.017800
0.519628 0.629945 0.015640
0.507202 0.664560 0.011262
0.507963 0.652782 0.012456
0.512423 0.658963 0.011769
0.567748 0.593335 0.023815
0.571878 0.599325 0.021990
0.566350 0.604559 0.020603
0.573309 0.588207 0.025442
0.578881 0.583138 0.027174
0.582978 0.589030 0.025090
0.577421 0.594149 0.023487
0.556671 0.603759 0.020888
0.562202 0.598519 0.022296
0.560838 0.609846 0.019329
0.558084 0.592488 0.024146
0.559579 0.581398 0.027936
0.565171 0.576390 0.029821
0.563648 0.587358 0.025796
0.549869 0.620579 0.017123
0.551158 0.609054 0.019592
0.555345 0.615186 0.018169
0.734215 0.526879 0.055188
0.738339 0.531822 0.051835
0.732784 0.535809 0.049275
0.739763 0.522996 0.057851
0.745309 0.519170 0.060535
0.749443 0.524042 0.057030
0.743892 0.527902 0.054422
0.723111 0.534840 0.049947
0.728664 0.530826 0.052551
0.727228 0.539868 0.046751
0.724543 0.525867 0.055961
0.725967 0.517067 0.062319
0.731506 0.513255 0.065146
0.730090 0.521961 0.058680
0.716113 0.548213 0.041845
0.717556 0.538927 0.047385
0.721671 0.544001 0.044272
0.701370 0.488476 0.087750
0.705450 0.493122 0.083032
0.699943 0.496824 0.079731
0.706846 0.484846 0.091214
0.712309 0.481252 0.094713
0.716425 0.485834 0.089740
0.710943 0.489460 0.086369
0.690372 0.495853 0.080944
0.695878 0.492144 0.084326
0.694426 0.500569 0.076461
0.691817 0.487529 0.089125
0.693218 0.479404 0.097793
0.698660 0.475850 0.101505
0.697293 0.483900 0.092671
0.683369 0.508206 0.070025
0.684852 0.499607 0.077596
0.688901 0.504361 0.073224
0.685064 0.470684 0.108621
0.689143 0.474998 0.103110
0.683701 0.478541 0.099319
0.690469 0.467210 0.112586
0.695855 0.463757 0.116600
0.699973 0.467995 0.110830
0.694567 0.471485 0.106947
0.717734 0.507371 0.070071
0.721848 0.512203 0.066113
0.716309 0.516033 0.063219
0.723262 0.503626 0.073078
0.728786 0.499921 0.076100
0.732911 0.504692 0.071959
0.727382 0.508425 0.069028
0.551537 0.569552 0.032686
0.555543 0.575461 0.030232
0.549947 0.580466 0.028323
0.557158 0.564682 0.034826
0.562785 0.559879 0.037063
0.566765 0.565641 0.034359
0.561149 0.570520 0.032246
0.507036 0.610911 0.019416
0.511189 0.617307 0.018030
0.505723 0.622811 0.016989
0.512546 0.605497 0.020683
0.518073 0.600157 0.022065
0.522183 0.606445 0.020404
0.516677 0.611842 0.019160
0.541608 0.660584 0.011453
0.546152 0.666551 0.010893
0.540989 0.672041 0.010505
0.546840 0.655109 0.011979
0.552105 0.649657 0.012568
0.556572 0.655635 0.011855
0.551345 0.661082 0.011344
0.427937 0.420945 0.178131
0.432035 0.424296 0.172626
0.426665 0.425959 0.166910
0.433220 0.419391 0.183981
0.438444 0.417790 0.189863
0.442648 0.421036 0.184308
0.437367 0.422662 0.178435
0.384398 0.435629 0.134679
0.388304 0.439761 0.129851
0.382732 0.442155 0.125000
0.389934 0.433447 0.139730
0.395447 0.431377 0.144892
0.399389 0.435308 0.139901
0.393857 0.437478 0.134820
0.415113 0.470932 0.096875
0.418868 0.475750 0.092308
0.413211 0.478973 0.088217
0.420760 0.467909 0.101199
0.426398 0.464975 0.105641
0.430167 0.469575 0.100855
0.424520 0.472617 0.096521
0.539575 0.313537 0.308182
0.544587 0.319241 0.306642
0.539793 0.325195 0.304586
0.544430 0.308080 0.309235
0.549318 0.302860 0.309829
0.554307 0.308051 0.309244
0.549428 0.313526 0.308186
0.579639 0.365491 0.278977
0.584477 0.372530 0.272224
0.579945 0.379074 0.265770
0.584234 0.358557 0.284451
0.588821 0.351696 0.289334
0.593535 0.358919 0.283700
0.589012 0.365751 0.278229
0.503015 0.365449 0.279424
0.508335 0.371868 0.273583
0.504157 0.378308 0.266819
0.507239 0.358439 0.285253
0.511587 0.351443 0.290421
0.516841 0.358128 0.285584
0.512543 0.365073 0.279873
0.468270 0.404833 0.226205
0.472875 0.408470 0.220557
0.468037 0.411111 0.214350
0.472941 0.401689 0.232570
0.477515 0.398131 0.239053
0.482276 0.402172 0.233253
0.477623 0.405508 0.226854
0.503178 0.431669 0.178761
0.507244 0.434878 0.172489
0.501923 0.437136 0.166687
0.508404 0.429432 0.184743
0.513569 0.427068 0.190760
0.517741 0.430261 0.184402
0.512521 0.432592 0.178410
0.339542 0.456787 0.098744
0.343369 0.461658 0.094589
0.337710 0.464774 0.090742
0.345185 0.453831 0.102787
0.350819 0.450951 0.106953
0.354661 0.455656 0.102640
0.349020 0.458618 0.098554
0.463964 0.655574 0.012243
0.468386 0.662052 0.011588
0.463176 0.667772 0.011093
0.469235 0.649889 0.012895
0.474536 0.644236 0.013618
0.478892 0.650697 0.012790
0.473624 0.656360 0.012154
0.399767 0.546739 0.039963
0.403534 0.553337 0.037140
0.397934 0.558190 0.034853
0.405390 0.542144 0.042454
0.411026 0.537654 0.045036
0.414776 0.543980 0.041990
0.409148 0.548604 0.039518
0.490280 0.483424 0.093063
0.494021 0.488150 0.088208
0.488363 0.491591 0.084138
0.495930 0.480175 0.097378
0.501570 0.477000 0.101795
0.505318 0.481499 0.096673
0.499673 0.484787 0.092388
0.444977 0.512408 0.062690
0.448710 0.518059 0.058917
0.443047 0.522185 0.055813
0.450641 0.508482 0.066054
0.456306 0.504641 0.069548
0.460040 0.510059 0.065514
0.454375 0.514015 0.062152
0.475175 0.559999 0.036358
0.479036 0.566263 0.033690
0.473418 0.571219 0.031586
0.480819 0.555222 0.038693
0.486471 0.550527 0.041129
0.490311 0.556599 0.038209
0.484668 0.561391 0.035899
0.641181 0.499851 0.078530
0.645145 0.504579 0.074012
0.639591 0.508509 0.070594
0.646724 0.496037 0.082144
0.652256 0.492276 0.085805
0.656232 0.496890 0.081020
0.650693 0.500707 0.077490
0.596535 0.532481 0.052491
0.600494 0.537794 0.049017
0.594881 0.542258 0.046325
0.602142 0.528168 0.055422
0.607744 0.523928 0.058454
0.611701 0.529084 0.054713
0.606100 0.533402 0.051814
0.628727 0.576426 0.029242
0.632846 0.582127 0.027008
0.627282 0.587122 0.025294
0.634307 0.571553 0.031179
0.639893 0.566748 0.033214
0.643997 0.572313 0.030736
0.638418 0.577189 0.028823
0.577662 0.437459 0.173006
0.581724 0.440732 0.166052
0.576485 0.443545 0.160502
0.582822 0.434646 0.178723
0.587916 0.431716 0.184393
0.592067 0.434976 0.177299
0.586920 0.437881 0.171678
0.534894 0.459287 0.130072
0.538756 0.463115 0.124292
0.533250 0.466028 0.119476
0.540351 0.456517 0.135096
0.545782 0.453782 0.140214
0.549691 0.457426 0.134186
0.544236 0.460251 0.129195
0.565490 0.492836 0.086635
0.569314 0.497488 0.081775
0.563694 0.501239 0.077954
0.571101 0.489241 0.090693
0.576698 0.485699 0.094836
0.580531 0.490155 0.089697
0.574928 0.493795 0.085692
0.617024 0.410523 0.218388
0.621491 0.414473 0.210758
0.616758 0.418247 0.205109
0.621624 0.406399 0.224205
0.626150 0.402150 0.230099
0.630754 0.406594 0.222261
0.626158 0.410585 0.216475
0.651910 0.439465 0.159522
0.656126 0.443072 0.152533
0.650895 0.446298 0.147633
0.657075 0.436253 0.164573
0.662196 0.433017 0.169624
0.666525 0.436630 0.162420
0.661339 0.439856 0.157475
0.609670 0.465395 0.120900
0.613621 0.469325 0.115030
0.608182 0.472694 0.110654
0.615051 0.462117 0.125466
0.620400 0.458855 0.130106
0.624403 0.462664 0.123991
0.619027 0.465984 0.119475
0.673362 0.539533 0.047329
0.677447 0.544736 0.044167
0.671880 0.549136 0.041706
0.678924 0.535267 0.049977
0.684480 0.531076 0.052694
0.688568 0.536169 0.049320
0.683010 0.540414 0.046707
0.520407 0.523962 0.057906
0.524229 0.529439 0.054188
0.518579 0.533778 0.051250
0.526055 0.519808 0.061106
0.531698 0.515735 0.064423
0.535520 0.521001 0.060419
0.529875 0.525180 0.057245
0.430550 0.601411 0.021479
0.434540 0.608393 0.019880
0.429056 0.614065 0.018624
0.436074 0.595895 0.022962
0.441612 0.590489 0.024552
0.445566 0.597306 0.022675
0.440045 0.602800 0.021223
0.500761 0.705067 0.009438
0.505538 0.710846 0.009335
0.500515 0.716349 0.009265
0.505801 0.699459 0.009523
0.510843 0.693860 0.009618
0.515595 0.699721 0.009490
0.510565 0.705296 0.009411
0.369835 0.498264 0.066710
0.373584 0.503911 0.063001
0.367921 0.507794 0.059862
0.375499 0.494557 0.070062
0.381162 0.490929 0.073526
0.384907 0.496376 0.069607
0.379246 0.500104 0.066248
0.543084 0.408511 0.227678
0.547669 0.412676 0.221006
0.542856 0.416140 0.214822
0.547759 0.404508 0.234004
0.552381 0.400186 0.240388
0.557105 0.404931 0.233508
0.552418 0.408952 0.227234
0.459891 0.449304 0.134465
0.463767 0.453205 0.129127
0.458211 0.455715 0.124153
0.465404 0.446978 0.139634
0.470893 0.444717 0.144906
0.474811 0.448409 0.139377
0.469300 0.450772 0.134202
0.584442 0.617366 0.017449
0.588684 0.623396 0.016241
0.583241 0.628721 0.015352
0.589930 0.612082 0.018549
0.595432 0.606844 0.019759
0.599637 0.612823 0.018288
0.594152 0.618089 0.017209
0.676885 0.462339 0.120224
0.675577 0.469922 0.110282
0.671505 0.465754 0.116049
0.680980 0.466464 0.114326
0.679642 0.474185 0.104705
0.709535 0.497827 0.078521
0.708103 0.506341 0.071120
0.704017 0.501558 0.075333
0.713629 0.502578 0.074205
0.712201 0.511167 0.067085
0.543621 0.557841 0.038061
0.541941 0.568537 0.033132
0.537986 0.562623 0.035772
0.547564 0.563676 0.035297
0.545928 0.574487 0.030649
0.498846 0.598099 0.022683
0.497408 0.609934 0.019676
0.493314 0.603460 0.021252
0.502922 0.604507 0.020966
0.501543 0.616398 0.018264
0.532667 0.648484 0.012841
0.531876 0.660065 0.011560
0.527391 0.653991 0.012222
0.537113 0.654561 0.012101
0.536408 0.666082 0.010989
0.419618 0.414237 0.188984
0.418510 0.419096 0.177756
0.414386 0.415686 0.183143
0.423798 0.417608 0.183592
0.422601 0.422516 0.172337
0.376542 0.427534 0.144421
0.374933 0.433748 0.134517
0.371015 0.429627 0.139317
0.380476 0.431556 0.139535
0.378840 0.437921 0.129744
0.407556 0.461587 0.106152
0.405697 0.469220 0.097184
0.401918 0.464489 0.101738
0.411343 0.466214 0.101494
0.409460 0.474046 0.092673
0.529601 0.302876 0.309819
0.529729 0.313544 0.308173
0.524728 0.308098 0.309230
0.534578 0.308087 0.309231
0.534754 0.319245 0.306636
0.569794 0.351364 0.290318
0.570118 0.365331 0.279547
0.565105 0.358277 0.285441
0.574747 0.358383 0.285021
0.575069 0.372316 0.272968
0.492516 0.352656 0.289483
0.493603 0.366060 0.278762
0.488384 0.359858 0.283995
0.497720 0.358991 0.284733
0.498883 0.372262 0.273025
0.458911 0.397321 0.237258
0.458920 0.404035 0.225475
0.454295 0.400392 0.230927
0.463611 0.401113 0.231771
0.463504 0.407612 0.219949
0.494867 0.425355 0.191139
0.493819 0.430660 0.179005
0.489689 0.427516 0.185118
0.499053 0.428520 0.184991
0.497891 0.433862 0.172842
0.331837 0.447243 0.107115
0.330055 0.454933 0.098925
0.326206 0.450114 0.103050
0.335697 0.451985 0.102921
0.333889 0.459818 0.094820
0.455280 0.642407 0.013856
0.454321 0.654730 0.012328
0.449973 0.648100 0.013096
0.459595 0.649024 0.012997
0.458722 0.661289 0.011662
0.392272 0.533894 0.045989
0.390398 0.544816 0.040408
0.386648 0.538310 0.043377
0.396015 0.540254 0.042916
0.394158 0.551449 0.037564
0.482790 0.474275 0.103072
0.480884 0.482011 0.093681
0.477143 0.477372 0.098604
0.486537 0.478798 0.098023
0.484623 0.486751 0.088856
0.437525 0.501407 0.070626
0.435585 0.510750 0.063232
0.431860 0.505187 0.067134
0.441249 0.506856 0.066596
0.439313 0.516416 0.059455
0.467532 0.547643 0.042127
0.465699 0.558549 0.036814
0.461880 0.552300 0.039645
0.471342 0.553789 0.039172
0.469544 0.564858 0.034126
0.633298 0.490638 0.088116
0.631684 0.499005 0.079551
0.627757 0.494373 0.084310
0.637233 0.495202 0.083233
0.635629 0.503718 0.074980
0.588671 0.522071 0.059980
0.586978 0.531545 0.053181
0.583053 0.526294 0.056879
0.592594 0.527238 0.056145
0.590920 0.536868 0.049663
0.620557 0.565160 0.034148
0.619046 0.575645 0.029663
0.614963 0.569969 0.032069
0.624631 0.570771 0.031622
0.623153 0.581364 0.027405
0.569426 0.430932 0.186935
0.568394 0.436949 0.174186
0.564300 0.433700 0.181091
0.573569 0.434217 0.179986
0.572451 0.440230 0.167294
0.527114 0.451918 0.141858
0.525554 0.458276 0.130879
0.521676 0.454546 0.136691
0.531014 0.455557 0.135929
0.529410 0.462101 0.125139
0.557873 0.483821 0.096810
0.556062 0.491831 0.087547
0.552264 0.487271 0.092572
0.561678 0.488280 0.091650
0.559870 0.496489 0.082672
0.607963 0.401808 0.233848
0.607898 0.410547 0.220227
0.603374 0.406280 0.227824
0.612524 0.406332 0.226100
0.612357 0.414510 0.212647
0.643388 0.432411 0.173787
0.642524 0.439130 0.161453
0.638309 0.435653 0.168539
0.647667 0.435918 0.166614
0.646717 0.442672 0.154464
0.601752 0.457893 0.133117
0.600327 0.464815 0.122316
0.596387 0.461052 0.128372
0.605714 0.461583 0.126929
0.604257 0.468694 0.116406
0.665227 0.529258 0.054109
0.663724 0.538658 0.047957
0.659663 0.533486 0.051311
0.669288 0.534373 0.050640
0.667796 0.543876 0.044758
0.512811 0.513267 0.065829
0.510949 0.522696 0.058564
0.507157 0.517278 0.062463
0.516602 0.518571 0.061788
0.514757 0.528197 0.054825
0.422681 0.587481 0.025171
0.421069 0.599999 0.021724
0.417136 0.592948 0.023514
0.426598 0.594438 0.023243
0.425038 0.607053 0.020101
0.491285 0.693211 0.009694
0.490962 0.704819 0.009464
0.486227 0.698876 0.009585
0.496010 0.699182 0.009555
0.495726 0.710644 0.009357
0.362318 0.487303 0.074380
0.360411 0.496410 0.067164
0.356647 0.490884 0.070944
0.366080 0.492729 0.070507
0.364168 0.502046 0.063466
0.533657 0.399527 0.240928
0.533744 0.408120 0.227952
0.529058 0.403816 0.234468
0.538414 0.404136 0.234317
0.538341 0.412219 0.221407
0.452065 0.441785 0.145246
0.450477 0.447784 0.134688
0.446573 0.443959 0.140005
0.455991 0.445499 0.139840
0.454357 0.451701 0.129402
0.576039 0.605328 0.020322
0.574737 0.616647 0.017688
0.570530 0.610601 0.019068
0.580227 0.611342 0.018809
0.578973 0.622696 0.016461
0.725784 0.549097 0.041280
0.720224 0.553358 0.038934
0.731344 0.544916 0.043681
0.714662 0.557702 0.036655
0.709103 0.562129 0.034452
0.748019 0.532827 0.051126
0.742461 0.536786 0.048612
0.753574 0.528934 0.053662
0.736903 0.540814 0.046128
0.554624 0.711641 0.009208
0.549637 0.717001 0.009164
0.559611 0.706256 0.009254
0.544653 0.722323 0.009121
0.539672 0.727593 0.009081
0.574593 0.690091 0.009437
0.569586 0.695462 0.009346
0.579628 0.684743 0.009587
0.564599 0.700857 0.009298
0.328194 0.509825 0.055142
0.461002 0.726753 0.009167
0.389529 0.622416 0.016637
0.637299 0.627126 0.015127
0.631858 0.632392 0.014333
0.642769 0.621830 0.015990
0.626458 0.637621 0.013595
0.621102 0.642827 0.012915
0.659265 0.606044 0.019217
0.653755 0.611275 0.018036
0.664784 0.600859 0.020501
0.648255 0.616542 0.016960
0.681377 0.585695 0.024964
0.675842 0.590677 0.023375
0.686916 0.580798 0.026655
0.670310 0.595734 0.021887
0.703550 0.566652 0.032346
0.698001 0.571272 0.030345
0.692457 0.575989 0.028449
0.423796 0.677214 0.010425
0.514847 0.752986 0.008947
0.509903 0.757912 0.008937
0.519799 0.748024 0.008963
0.504966 0.762825 0.008935
0.500038 0.767734 0.008940
0.534696 0.732801 0.009044
0.529724 0.737941 0.009012
0.524759 0.743014 0.008985
0.358653 0.562556 0.031528
0.594918 0.668868 0.010394
0.589789 0.674131 0.010066
0.600082 0.663631 0.010781
0.584693 0.679423 0.009797
0.615788 0.648021 0.012294
0.610515 0.653215 0.011731
0.605280 0.658415 0.011227
0.309292 0.481421 0.073020
0.305511 0.476051 0.076780
0.313071 0.486884 0.069309
0.301726 0.470767 0.080583
0.297934 0.465564 0.084419
0.324407 0.503921 0.058561
0.320627 0.498126 0.062070
0.316849 0.492449 0.065657
0.437450 0.696817 0.009700
0.432856 0.690351 0.009865
0.442081 0.703150 0.009564
0.428302 0.683815 0.010101
0.456220 0.721082 0.009245
0.451470 0.715266 0.009337
0.446755 0.709294 0.009443
0.370059 0.584907 0.024754
0.366258 0.577351 0.026861
0.373868 0.592528 0.022809
0.362459 0.569890 0.029121
0.385515 0.615190 0.017952
0.381573 0.607778 0.019416
0.377700 0.600180 0.021033
0.401966 0.643439 0.013483
0.397758 0.636513 0.014412
0.406233 0.650299 0.012666
0.393611 0.629511 0.015460
0.419335 0.670559 0.010840
0.414920 0.663855 0.011349
0.410552 0.657102 0.011957
0.475503 0.742976 0.009004
0.470646 0.737695 0.009047
0.480379 0.748133 0.008972
0.465811 0.732290 0.009100
0.495104 0.762960 0.008936
0.490183 0.758113 0.008939
0.485273 0.753177 0.008951
0.339605 0.528285 0.045475
0.335796 0.521981 0.048596
0.343416 0.534767 0.042457
0.331992 0.515836 0.051819
0.354844 0.555360 0.034072
0.351035 0.548315 0.036748
0.347227 0.541444 0.039546
