0.578874 0.610627 0.008898
0.578874 0.620486 0.008898
0.573944 0.615557 0.008898
0.421126 0.452879 0.008898
0.421126 0.462739 0.008898
0.416197 0.457809 0.008898
0.500000 0.374006 0.008898
0.500000 0.383865 0.008898
0.495071 0.378936 0.008898
0.342253 0.531753 0.008898
0.342253 0.541612 0.008898
0.337323 0.536683 0.008898
0.500000 0.689501 0.008898
0.500000 0.699360 0.008898
0.495071 0.694430 0.008898
0.421126 0.610627 0.008898
0.421126 0.620486 0.008898
0.416197 0.615557 0.008898
0.500000 0.531753 0.008898
0.500000 0.541612 0.008898
0.495071 0.536683 0.008898
0.657748 0.531753 0.008898
0.657747 0.541612 0.008898
0.652818 0.536683 0.008898
0.578874 0.452879 0.008898
0.578874 0.462739 0.008898
0.573944 0.457809 0.008898
0.618311 0.413443 0.008898
0.618311 0.423302 0.008898
0.613381 0.418372 0.008898
0.578874 0.374006 0.008898
0.578874 0.383865 0.008898
0.573944 0.378935 0.008898
0.539437 0.492316 0.008898
0.539437 0.502176 0.008898
0.534507 0.497246 0.008898
0.500000 0.452879 0.008898
0.500000 0.462739 0.008898
0.495070 0.457809 0.008898
0.539437 0.413442 0.008898
0.539437 0.423302 0.008898
0.534507 0.418372 0.008898
0.618311 0.571190 0.008898
0.618311 0.581049 0.008898
0.613381 0.576120 0.008898
0.578874 0.531753 0.008898
0.578874 0.541612 0.008898
0.573944 0.536683 0.008898
0.618311 0.492316 0.008898
0.618311 0.502175 0.008898
0.613381 0.497246 0.008898
0.460563 0.571190 0.008898
0.460563 0.581049 0.008898
0.455634 0.576120 0.008898
0.421126 0.531753 0.008898
0.421126 0.541612 0.008898
0.416197 0.536683 0.008898
0.460563 0.492316 0.008898
0.460563 0.502175 0.008898
0.455634 0.497246 0.008898
0.381689 0.571190 0.008898
0.381690 0.581049 0.008898
0.376760 0.576120 0.008898
0.460563 0.650064 0.008898
0.460563 0.659923 0.008898
0.455634 0.654993 0.008898
0.302816 0.492316 0.008898
0.302816 0.502175 0.008898
0.297886 0.497246 0.008898
0.460563 0.413443 0.008898
0.460563 0.423302 0.008898
0.455634 0.418372 0.008898
0.421126 0.374006 0.008898
0.421126 0.383865 0.008898
0.416197 0.378935 0.008898
0.460563 0.334569 0.008898
0.460563 0.344428 0.008898
0.455634 0.339499 0.008898
0.539437 0.334569 0.008898
0.539437 0.344428 0.008898
0.534507 0.339499 0.008898
0.500000 0.295132 0.008898
0.500000 0.304992 0.008898
0.495070 0.300062 0.008898
0.381690 0.492316 0.008898
0.381690 0.502175 0.008898
0.376760 0.497246 0.008898
0.342253 0.452879 0.008898
0.342253 0.462738 0.008898
0.337323 0.457809 0.008898
0.381689 0.413442 0.008898
0.381690 0.423302 0.008898
0.376760 0.418372 0.008898
0.539437 0.650064 0.008898
0.539437 0.659923 0.008898
0.534508 0.654993 0.008898
0.500000 0.610627 0.008898
0.500000 0.620486 0.008898
0.495071 0.615556 0.008898
0.539437 0.571190 0.008898
0.539437 0.581049 0.008898
0.534507 0.576120 0.008898
0.697184 0.492316 0.008898
0.697184 0.502176 0.008898
0.692255 0.497246 0.008898
0.657747 0.452879 0.008898
0.657747 0.462739 0.008898
0.652818 0.457809 0.008898
0.583804 0.615557 0.008898
0.426056 0.457809 0.008898
0.504930 0.378935 0.008898
0.347182 0.536683 0.008898
0.504930 0.694430 0.008898
0.426056 0.615557 0.008898
0.504930 0.536683 0.008898
0.662677 0.536683 0.008898
0.583804 0.457809 0.008898
0.623240 0.418372 0.008898
0.583803 0.378936 0.008898
0.544367 0.497246 0.008898
0.504930 0.457809 0.008898
0.544367 0.418372 0.008898
0.623240 0.576120 0.008898
0.583803 0.536683 0.008898
0.623240 0.497246 0.008898
0.465493 0.576120 0.008898
0.426056 0.536683 0.008898
0.465493 0.497246 0.008898
0.386619 0.576120 0.008898
0.465493 0.654993 0.008898
0.307746 0.497246 0.008898
0.465493 0.418372 0.008898
0.426056 0.378936 0.008898
0.465493 0.339499 0.008898
0.544367 0.339499 0.008898
0.504930 0.300062 0.008898
0.386620 0.497246 0.008898
0.347183 0.457809 0.008898
0.386619 0.418372 0.008898
0.544367 0.654993 0.008898
0.504930 0.615556 0.008898
0.544367 0.576120 0.008898
0.702114 0.497246 0.008898
0.662677 0.457809 0.008898
0.657747 0.492316 0.008898
0.662677 0.497246 0.008898
0.657747 0.502175 0.008898
0.662677 0.487387 0.008898
0.677466 0.472598 0.008898
0.682395 0.477528 0.008898
0.677466 0.482457 0.008898
0.697184 0.531753 0.008898
0.702114 0.536683 0.008898
0.697184 0.541612 0.008898
0.702114 0.526824 0.008898
0.716902 0.512035 0.008898
0.721832 0.516964 0.008898
0.716902 0.521894 0.008898
0.539437 0.610627 0.008898
0.544367 0.615556 0.008898
0.539437 0.620486 0.008898
0.544367 0.605697 0.008898
0.559155 0.590909 0.008898
0.564085 0.595838 0.008898
0.559156 0.600768 0.008898
0.500000 0.650064 0.008898
0.504930 0.654993 0.008898
0.500000 0.659923 0.008898
0.504930 0.645134 0.008898
0.519719 0.630345 0.008898
0.524649 0.635275 0.008898
0.519719 0.640204 0.008898
0.539437 0.689500 0.008898
0.544367 0.694430 0.008898
0.539437 0.699360 0.008898
0.544367 0.684571 0.008898
0.559156 0.669782 0.008898
0.564085 0.674711 0.008898
0.559156 0.679641 0.008898
0.381690 0.452879 0.008898
0.386619 0.457809 0.008898
0.381690 0.462738 0.008898
0.386619 0.447950 0.008898
0.401408 0.433161 0.008898
0.406338 0.438091 0.008898
0.401408 0.443020 0.008898
0.342253 0.492316 0.008898
0.347183 0.497246 0.008898
0.342253 0.502175 0.008898
0.347183 0.487386 0.008898
0.361971 0.472598 0.008898
0.366901 0.477527 0.008898
0.361971 0.482457 0.008898
0.381690 0.531753 0.008898
0.386619 0.536683 0.008898
0.381690 0.541612 0.008898
0.386619 0.526823 0.008898
0.401408 0.512035 0.008898
0.406338 0.516964 0.008898
0.401408 0.521894 0.008898
0.500000 0.334569 0.008898
0.504930 0.339499 0.008898
0.500000 0.344428 0.008898
0.504930 0.329640 0.008898
0.519719 0.314851 0.008898
0.524648 0.319780 0.008898
0.519719 0.324710 0.008898
0.539437 0.374006 0.008898
0.544367 0.378935 0.008898
0.539437 0.383865 0.008898
0.544367 0.369076 0.008898
0.559155 0.354288 0.008898
0.564085 0.359217 0.008898
0.559155 0.364147 0.008898
0.460563 0.374006 0.008898
0.465493 0.378936 0.008898
0.460563 0.383865 0.008898
0.465493 0.369076 0.008898
0.480282 0.354287 0.008898
0.485212 0.359217 0.008898
0.480282 0.364147 0.008898
0.421126 0.413443 0.008898
0.426056 0.418372 0.008898
0.421126 0.423302 0.008898
0.426056 0.408513 0.008898
0.440845 0.393724 0.008898
0.445775 0.398654 0.008898
0.440845 0.403584 0.008898
0.460563 0.452879 0.008898
0.465493 0.457809 0.008898
0.460563 0.462739 0.008898
0.465493 0.447950 0.008898
0.480282 0.433161 0.008898
0.485211 0.438091 0.008898
0.480282 0.443020 0.008898
0.302816 0.531753 0.008898
0.307746 0.536683 0.008898
0.302816 0.541612 0.008898
0.307746 0.526823 0.008898
0.322534 0.512035 0.008898
0.327464 0.516964 0.008898
0.322534 0.521894 0.008898
0.460563 0.689500 0.008898
0.465493 0.694430 0.008898
0.460563 0.699360 0.008898
0.465493 0.684571 0.008898
0.480282 0.669782 0.008898
0.485212 0.674712 0.008898
0.480282 0.679641 0.008898
0.381690 0.610627 0.008898
0.386619 0.615556 0.008898
0.381690 0.620486 0.008898
0.386619 0.605697 0.008898
0.401408 0.590909 0.008898
0.406338 0.595838 0.008898
0.401408 0.600768 0.008898
0.460563 0.531753 0.008898
0.465493 0.536683 0.008898
0.460563 0.541612 0.008898
0.465493 0.526823 0.008898
0.480282 0.512035 0.008898
0.485212 0.516964 0.008898
0.480282 0.521894 0.008898
0.421126 0.571190 0.008898
0.426056 0.576120 0.008898
0.421126 0.581049 0.008898
0.426056 0.566260 0.008898
0.440845 0.551472 0.008898
0.445775 0.556401 0.008898
0.440845 0.561331 0.008898
0.460563 0.610627 0.008898
0.465493 0.615556 0.008898
0.460563 0.620486 0.008898
0.465493 0.605697 0.008898
0.480282 0.590908 0.008898
0.485212 0.595838 0.008898
0.480282 0.600767 0.008898
0.618311 0.531753 0.008898
0.623240 0.536683 0.008898
0.618311 0.541612 0.008898
0.623240 0.526823 0.008898
0.638029 0.512035 0.008898
0.642959 0.516964 0.008898
0.638029 0.521894 0.008898
0.578874 0.571190 0.008898
0.583803 0.576120 0.008898
0.578874 0.581049 0.008898
0.583803 0.566260 0.008898
0.598592 0.551472 0.008898
0.603522 0.556401 0.008898
0.598592 0.561331 0.008898
0.618311 0.610627 0.008898
0.623240 0.615556 0.008898
0.618311 0.620486 0.008898
0.623240 0.605697 0.008898
0.638029 0.590909 0.008898
0.642958 0.595838 0.008898
0.638029 0.600768 0.008898
0.539437 0.452879 0.008898
0.544367 0.457809 0.008898
0.539437 0.462739 0.008898
0.544367 0.447950 0.008898
0.559155 0.433161 0.008898
0.564085 0.438091 0.008898
0.559155 0.443020 0.008898
0.500000 0.492316 0.008898
0.504930 0.497246 0.008898
0.500000 0.502175 0.008898
0.504930 0.487387 0.008898
0.519719 0.472598 0.008898
0.524648 0.477528 0.008898
0.519719 0.482457 0.008898
0.539437 0.531753 0.008898
0.544367 0.536683 0.008898
0.539437 0.541612 0.008898
0.544367 0.526824 0.008898
0.559155 0.512035 0.008898
0.564085 0.516964 0.008898
0.559155 0.521894 0.008898
0.578874 0.413443 0.008898
0.583803 0.418372 0.008898
0.578874 0.423302 0.008898
0.583803 0.408513 0.008898
0.598592 0.393724 0.008898
0.603522 0.398654 0.008898
0.598592 0.403584 0.008898
0.618311 0.452879 0.008898
0.623240 0.457809 0.008898
0.618311 0.462739 0.008898
0.623240 0.447950 0.008898
0.638029 0.433161 0.008898
0.642958 0.438091 0.008898
0.638029 0.443020 0.008898
0.578874 0.492316 0.008898
0.583803 0.497246 0.008898
0.578874 0.502175 0.008898
0.583803 0.487387 0.008898
0.598592 0.472598 0.008898
0.603522 0.477527 0.008898
0.598592 0.482457 0.008898
0.657747 0.571190 0.008898
0.662677 0.576120 0.008898
0.657747 0.581049 0.008898
0.662677 0.566260 0.008898
0.677466 0.551472 0.008898
0.682395 0.556401 0.008898
0.677466 0.561331 0.008898
0.500000 0.571190 0.008898
0.504930 0.576119 0.008898
0.500000 0.581049 0.008898
0.504930 0.566260 0.008898
0.519719 0.551472 0.008898
0.524648 0.556401 0.008898
0.519719 0.561331 0.008898
0.421126 0.650064 0.008898
0.426056 0.654993 0.008898
0.421126 0.659923 0.008898
0.426056 0.645134 0.008898
0.440845 0.630345 0.008898
0.445775 0.635275 0.008898
0.440845 0.640204 0.008898
0.500000 0.728937 0.008898
0.504930 0.733867 0.008898
0.500000 0.738796 0.008898
0.504930 0.724008 0.008898
0.519719 0.709219 0.008898
0.524648 0.714148 0.008898
0.519719 0.719078 0.008898
0.342253 0.571190 0.008898
0.347182 0.576119 0.008898
0.342253 0.581049 0.008898
0.347182 0.566260 0.008898
0.361971 0.551472 0.008898
0.366901 0.556401 0.008898
0.361971 0.561331 0.008898
0.500000 0.413443 0.008898
0.504930 0.418372 0.008898
0.500000 0.423302 0.008898
0.504930 0.408513 0.008898
0.519719 0.393724 0.008898
0.524648 0.398654 0.008898
0.519719 0.403583 0.008898
0.421126 0.492316 0.008898
0.426056 0.497246 0.008898
0.421126 0.502175 0.008898
0.426056 0.487387 0.008898
0.440845 0.472598 0.008898
0.445775 0.477527 0.008898
0.440845 0.482457 0.008898
0.578874 0.650064 0.008898
0.583804 0.654993 0.008898
0.578874 0.659923 0.008898
0.583804 0.645134 0.008898
0.598592 0.630345 0.008898
0.603522 0.635275 0.008898
0.598592 0.640204 0.008898
0.638029 0.472598 0.008898
0.638029 0.482457 0.008898
0.633099 0.477527 0.008898
0.642958 0.477527 0.008898
0.652818 0.497246 0.008898
0.677466 0.512035 0.008898
0.677466 0.521894 0.008898
0.672536 0.516964 0.008898
0.682395 0.516964 0.008898
0.692255 0.536683 0.008898
0.519719 0.590908 0.008898
0.519719 0.600767 0.008898
0.514789 0.595838 0.008898
0.524648 0.595838 0.008898
0.534508 0.615556 0.008898
0.480282 0.630345 0.008898
0.480282 0.640204 0.008898
0.475352 0.635275 0.008898
0.485212 0.635275 0.008898
0.495071 0.654993 0.008898
0.519719 0.669782 0.008898
0.519719 0.679641 0.008898
0.514789 0.674712 0.008898
0.524648 0.674712 0.008898
0.534508 0.694430 0.008898
0.361971 0.433161 0.008898
0.361971 0.443020 0.008898
0.357042 0.438090 0.008898
0.366901 0.438090 0.008898
0.376760 0.457809 0.008898
0.322534 0.472598 0.008898
0.322534 0.482457 0.008898
0.317605 0.477527 0.008898
0.327464 0.477527 0.008898
0.337323 0.497246 0.008898
0.361971 0.512035 0.008898
0.361971 0.521894 0.008898
0.357042 0.516964 0.008898
0.366901 0.516964 0.008898
0.376760 0.536683 0.008898
0.480282 0.314851 0.008898
0.480282 0.324710 0.008898
0.475352 0.319780 0.008898
0.485211 0.319780 0.008898
0.495071 0.339499 0.008898
0.519719 0.354288 0.008898
0.519719 0.364147 0.008898
0.514789 0.359217 0.008898
0.524648 0.359217 0.008898
0.534507 0.378935 0.008898
0.440845 0.354287 0.008898
0.440845 0.364147 0.008898
0.435915 0.359217 0.008898
0.445775 0.359217 0.008898
0.455634 0.378936 0.008898
0.401408 0.393724 0.008898
0.401408 0.403583 0.008898
0.396478 0.398654 0.008898
0.406338 0.398654 0.008898
0.416197 0.418372 0.008898
0.440845 0.433161 0.008898
0.440845 0.443020 0.008898
0.435915 0.438091 0.008898
0.445775 0.438091 0.008898
0.455634 0.457809 0.008898
0.283098 0.512035 0.008898
0.283098 0.521894 0.008898
0.278168 0.516964 0.008898
0.288027 0.516964 0.008898
0.297887 0.536683 0.008898
0.440845 0.669782 0.008898
0.440845 0.679641 0.008898
0.435915 0.674711 0.008898
0.445775 0.674711 0.008898
0.455634 0.694430 0.008898
0.361971 0.590908 0.008898
0.361971 0.600767 0.008898
0.357042 0.595838 0.008898
0.366901 0.595838 0.008898
0.376760 0.615556 0.008898
0.440845 0.512035 0.008898
0.440845 0.521894 0.008898
0.435915 0.516964 0.008898
0.445775 0.516964 0.008898
0.455634 0.536683 0.008898
0.401408 0.551472 0.008898
0.401408 0.561331 0.008898
0.396478 0.556401 0.008898
0.406338 0.556401 0.008898
0.416197 0.576120 0.008898
0.440845 0.590909 0.008898
0.440845 0.600768 0.008898
0.435915 0.595838 0.008898
0.445775 0.595838 0.008898
0.455634 0.615556 0.008898
0.598592 0.512035 0.008898
0.598592 0.521894 0.008898
0.593662 0.516964 0.008898
0.603522 0.516964 0.008898
0.613381 0.536683 0.008898
0.559155 0.551472 0.008898
0.559155 0.561331 0.008898
0.554226 0.556401 0.008898
0.564085 0.556401 0.008898
0.573944 0.576120 0.008898
0.598592 0.590909 0.008898
0.598592 0.600768 0.008898
0.593663 0.595838 0.008898
0.603522 0.595838 0.008898
0.613381 0.615556 0.008898
0.519719 0.433161 0.008898
0.519719 0.443020 0.008898
0.514789 0.438091 0.008898
0.524648 0.438091 0.008898
0.534507 0.457809 0.008898
0.480282 0.472598 0.008898
0.480282 0.482457 0.008898
0.475352 0.477527 0.008898
0.485211 0.477527 0.008898
0.495071 0.497246 0.008898
0.519719 0.512035 0.008898
0.519719 0.521894 0.008898
0.514789 0.516964 0.008898
0.524648 0.516964 0.008898
0.534507 0.536683 0.008898
0.559155 0.393724 0.008898
0.559155 0.403583 0.008898
0.554226 0.398654 0.008898
0.564085 0.398654 0.008898
0.573944 0.418372 0.008898
0.598592 0.433161 0.008898
0.598592 0.443020 0.008898
0.593663 0.438091 0.008898
0.603522 0.438091 0.008898
0.613381 0.457809 0.008898
0.559155 0.472598 0.008898
0.559155 0.482457 0.008898
0.554226 0.477528 0.008898
0.564085 0.477528 0.008898
0.573944 0.497246 0.008898
0.638029 0.551472 0.008898
0.638029 0.561331 0.008898
0.633099 0.556401 0.008898
0.642959 0.556401 0.008898
0.652818 0.576120 0.008898
0.480282 0.551472 0.008898
0.480282 0.561331 0.008898
0.475352 0.556401 0.008898
0.485212 0.556401 0.008898
0.495071 0.576119 0.008898
0.401408 0.630345 0.008898
0.401408 0.640204 0.008898
0.396479 0.635275 0.008898
0.406338 0.635275 0.008898
0.416197 0.654993 0.008898
0.480282 0.709219 0.008898
0.480282 0.719078 0.008898
0.475352 0.714148 0.008898
0.485212 0.714148 0.008898
0.495071 0.733867 0.008898
0.322535 0.551472 0.008898
0.322535 0.561331 0.008898
0.317605 0.556401 0.008898
0.327464 0.556401 0.008898
0.337323 0.576119 0.008898
0.480282 0.393724 0.008898
0.480282 0.403584 0.008898
0.475352 0.398654 0.008898
0.485211 0.398654 0.008898
0.495071 0.418372 0.008898
0.401408 0.472598 0.008898
0.401408 0.482457 0.008898
0.396479 0.477527 0.008898
0.406338 0.477527 0.008898
0.416197 0.497246 0.008898
0.559156 0.630345 0.008898
0.559156 0.640204 0.008898
0.554226 0.635275 0.008898
0.564085 0.635275 0.008898
0.573944 0.654993 0.008898
0.569015 0.659923 0.008898
0.569015 0.669782 0.008898
0.564085 0.664852 0.008898
0.573944 0.664852 0.008898
0.578874 0.669782 0.008898
0.578874 0.679641 0.008898
0.573944 0.674711 0.008898
0.559156 0.650064 0.008898
0.564085 0.654993 0.008898
0.559156 0.659923 0.008898
0.564085 0.645134 0.008898
0.569015 0.640204 0.008898
0.573944 0.645134 0.008898
0.569015 0.650064 0.008898
0.549297 0.640204 0.008898
0.549297 0.650064 0.008898
0.544367 0.645134 0.008898
0.554226 0.645134 0.008898
0.554226 0.654993 0.008898
0.411267 0.502175 0.008898
0.411267 0.512035 0.008898
0.406338 0.507105 0.008898
0.416197 0.507105 0.008898
0.421126 0.512035 0.008898
0.421126 0.521894 0.008898
0.416197 0.516964 0.008898
0.401408 0.492316 0.008898
0.406338 0.497246 0.008898
0.401408 0.502175 0.008898
0.406338 0.487387 0.008898
0.411267 0.482457 0.008898
0.416197 0.487387 0.008898
0.411267 0.492316 0.008898
0.391549 0.482457 0.008898
0.391549 0.492316 0.008898
0.386620 0.487386 0.008898
0.396479 0.487386 0.008898
0.396479 0.497246 0.008898
0.490141 0.423302 0.008898
0.490141 0.433161 0.008898
0.485211 0.428232 0.008898
0.495071 0.428232 0.008898
0.500000 0.433161 0.008898
0.500000 0.443020 0.008898
0.495070 0.438091 0.008898
0.480282 0.413443 0.008898
0.485211 0.418372 0.008898
0.480282 0.423302 0.008898
0.485211 0.408513 0.008898
0.490141 0.403584 0.008898
0.495071 0.408513 0.008898
0.490141 0.413443 0.008898
0.470423 0.403584 0.008898
0.470423 0.413443 0.008898
0.465493 0.408513 0.008898
0.475352 0.408513 0.008898
0.475352 0.418372 0.008898
0.332394 0.581049 0.008898
0.332394 0.590908 0.008898
0.327464 0.585979 0.008898
0.337323 0.585979 0.008898
0.342253 0.590908 0.008898
0.342253 0.600767 0.008898
0.337323 0.595838 0.008898
0.322535 0.571190 0.008898
0.327464 0.576119 0.008898
0.322535 0.581049 0.008898
0.327464 0.566260 0.008898
0.332394 0.561331 0.008898
0.337323 0.566260 0.008898
0.332394 0.571190 0.008898
0.312675 0.561331 0.008898
0.312675 0.571190 0.008898
0.307746 0.566260 0.008898
0.317605 0.566260 0.008898
0.317605 0.576120 0.008898
0.490141 0.738796 0.008898
0.490141 0.748655 0.008898
0.485212 0.743726 0.008898
0.495071 0.743726 0.008898
0.500000 0.748655 0.008898
0.500000 0.758515 0.008898
0.495071 0.753585 0.008898
0.480282 0.728937 0.008898
0.485212 0.733867 0.008898
0.480282 0.738796 0.008898
0.485212 0.724008 0.008898
0.490141 0.719078 0.008898
0.495071 0.724008 0.008898
0.490141 0.728937 0.008898
0.470423 0.719078 0.008898
0.470423 0.728937 0.008898
0.465493 0.724008 0.008898
0.475352 0.724008 0.008898
0.475352 0.733867 0.008898
0.411267 0.659923 0.008898
0.411267 0.669782 0.008898
0.406338 0.664852 0.008898
0.416197 0.664852 0.008898
0.421126 0.669782 0.008898
0.421126 0.679641 0.008898
0.416197 0.674711 0.008898
0.401408 0.650064 0.008898
0.406338 0.654993 0.008898
0.401408 0.659923 0.008898
0.406338 0.645134 0.008898
0.411267 0.640204 0.008898
0.416197 0.645134 0.008898
0.411267 0.650064 0.008898
0.391549 0.640204 0.008898
0.391549 0.650064 0.008898
0.386620 0.645134 0.008898
0.396479 0.645134 0.008898
0.396479 0.654993 0.008898
0.490141 0.581049 0.008898
0.490141 0.590908 0.008898
0.485212 0.585979 0.008898
0.495071 0.585979 0.008898
0.500000 0.590908 0.008898
0.500000 0.600767 0.008898
0.495071 0.595838 0.008898
0.480282 0.571190 0.008898
0.485212 0.576119 0.008898
0.480282 0.581049 0.008898
0.485212 0.566260 0.008898
0.490141 0.561331 0.008898
0.495071 0.566260 0.008898
0.490141 0.571190 0.008898
0.470423 0.561331 0.008898
0.470423 0.571190 0.008898
0.465493 0.566260 0.008898
0.475352 0.566260 0.008898
0.475352 0.576120 0.008898
0.647888 0.581049 0.008898
0.647888 0.590909 0.008898
0.642958 0.585979 0.008898
0.652818 0.585979 0.008898
0.657747 0.590909 0.008898
0.657747 0.600768 0.008898
0.652818 0.595838 0.008898
0.638029 0.571190 0.008898
0.642959 0.576120 0.008898
0.638029 0.581049 0.008898
0.642959 0.566260 0.008898
0.647888 0.561331 0.008898
0.652818 0.566260 0.008898
0.647888 0.571190 0.008898
0.628170 0.561331 0.008898
0.628170 0.571190 0.008898
0.623240 0.566260 0.008898
0.633099 0.566260 0.008898
0.633099 0.576120 0.008898
0.569015 0.502176 0.008898
0.569015 0.512035 0.008898
0.564085 0.507105 0.008898
0.573944 0.507105 0.008898
0.578874 0.512035 0.008898
0.578874 0.521894 0.008898
0.573944 0.516964 0.008898
0.559155 0.492316 0.008898
0.564085 0.497246 0.008898
0.559155 0.502176 0.008898
0.564085 0.487387 0.008898
0.569015 0.482457 0.008898
0.573944 0.487387 0.008898
0.569015 0.492316 0.008898
0.549296 0.482457 0.008898
0.549296 0.492316 0.008898
0.544367 0.487387 0.008898
0.554226 0.487387 0.008898
0.554226 0.497246 0.008898
0.608451 0.462739 0.008898
0.608451 0.472598 0.008898
0.603522 0.467668 0.008898
0.613381 0.467668 0.008898
0.618311 0.472598 0.008898
0.618311 0.482457 0.008898
0.613381 0.477527 0.008898
0.598592 0.452879 0.008898
0.603522 0.457809 0.008898
0.598592 0.462739 0.008898
0.603522 0.447950 0.008898
0.608451 0.443020 0.008898
0.613381 0.447950 0.008898
0.608451 0.452879 0.008898
0.588733 0.443020 0.008898
0.588733 0.452879 0.008898
0.583804 0.447950 0.008898
0.593663 0.447950 0.008898
0.593663 0.457809 0.008898
0.569015 0.423302 0.008898
0.569015 0.433161 0.008898
0.564085 0.428231 0.008898
0.573944 0.428231 0.008898
0.578874 0.433161 0.008898
0.578874 0.443020 0.008898
0.573944 0.438091 0.008898
0.559155 0.413443 0.008898
0.564085 0.418372 0.008898
0.559155 0.423302 0.008898
0.564085 0.408513 0.008898
0.569015 0.403583 0.008898
0.573944 0.408513 0.008898
0.569015 0.413443 0.008898
0.549296 0.403583 0.008898
0.549296 0.413443 0.008898
0.544367 0.408513 0.008898
0.554226 0.408513 0.008898
0.554226 0.418372 0.008898
0.529578 0.541612 0.008898
0.529578 0.551472 0.008898
0.524648 0.546542 0.008898
0.534507 0.546542 0.008898
0.539437 0.551472 0.008898
0.539437 0.561331 0.008898
0.534507 0.556401 0.008898
0.519719 0.531753 0.008898
0.524648 0.536683 0.008898
0.519719 0.541612 0.008898
0.524648 0.526824 0.008898
0.529578 0.521894 0.008898
0.534507 0.526824 0.008898
0.529578 0.531753 0.008898
0.509860 0.521894 0.008898
0.509860 0.531753 0.008898
0.504930 0.526823 0.008898
0.514789 0.526824 0.008898
0.514789 0.536683 0.008898
0.490141 0.502175 0.008898
0.490141 0.512035 0.008898
0.485211 0.507105 0.008898
0.495071 0.507105 0.008898
0.500000 0.512035 0.008898
0.500000 0.521894 0.008898
0.495071 0.516964 0.008898
0.480282 0.492316 0.008898
0.485211 0.497246 0.008898
0.480282 0.502175 0.008898
0.485211 0.487387 0.008898
0.490141 0.482457 0.008898
0.495071 0.487387 0.008898
0.490141 0.492316 0.008898
0.470423 0.482457 0.008898
0.470423 0.492316 0.008898
0.465493 0.487386 0.008898
0.475352 0.487386 0.008898
0.475352 0.497246 0.008898
0.529578 0.462739 0.008898
0.529578 0.472598 0.008898
0.524648 0.467668 0.008898
0.534507 0.467668 0.008898
0.539437 0.472598 0.008898
0.539437 0.482457 0.008898
0.534507 0.477528 0.008898
0.519719 0.452879 0.008898
0.524648 0.457809 0.008898
0.519719 0.462739 0.008898
0.524648 0.447950 0.008898
0.529578 0.443020 0.008898
0.534507 0.447950 0.008898
0.529578 0.452879 0.008898
0.509859 0.443020 0.008898
0.509859 0.452879 0.008898
0.504930 0.447950 0.008898
0.514789 0.447950 0.008898
0.514789 0.457809 0.008898
0.608451 0.620486 0.008898
0.608451 0.630345 0.008898
0.603522 0.625416 0.008898
0.613381 0.625416 0.008898
0.618311 0.630345 0.008898
0.618311 0.640204 0.008898
0.613381 0.635275 0.008898
0.598592 0.610627 0.008898
0.603522 0.615556 0.008898
0.598592 0.620486 0.008898
0.603522 0.605697 0.008898
0.608451 0.600768 0.008898
0.613381 0.605697 0.008898
0.608451 0.610627 0.008898
0.588733 0.600768 0.008898
0.588733 0.610627 0.008898
0.583804 0.605697 0.008898
0.593663 0.605697 0.008898
0.593663 0.615556 0.008898
0.569015 0.581049 0.008898
0.569015 0.590909 0.008898
0.564085 0.585979 0.008898
0.573944 0.585979 0.008898
0.578874 0.590909 0.008898
0.578874 0.600768 0.008898
0.573944 0.595838 0.008898
0.559155 0.571190 0.008898
0.564085 0.576120 0.008898
0.559155 0.581049 0.008898
0.564085 0.566260 0.008898
0.569015 0.561331 0.008898
0.573944 0.566260 0.008898
0.569015 0.571190 0.008898
0.549296 0.561331 0.008898
0.549296 0.571190 0.008898
0.544367 0.566260 0.008898
0.554226 0.566260 0.008898
0.554226 0.576120 0.008898
0.608451 0.541612 0.008898
0.608451 0.551472 0.008898
0.603522 0.546542 0.008898
0.613381 0.546542 0.008898
0.618311 0.551472 0.008898
0.618311 0.561331 0.008898
0.613381 0.556401 0.008898
0.598592 0.531753 0.008898
0.603522 0.536683 0.008898
0.598592 0.541612 0.008898
0.603522 0.526823 0.008898
0.608451 0.521894 0.008898
0.613381 0.526823 0.008898
0.608451 0.531753 0.008898
0.588733 0.521894 0.008898
0.588733 0.531753 0.008898
0.583803 0.526823 0.008898
0.593662 0.526823 0.008898
0.593662 0.536683 0.008898
0.450704 0.620486 0.008898
0.450704 0.630345 0.008898
0.445775 0.625416 0.008898
0.455634 0.625416 0.008898
0.460563 0.630345 0.008898
0.460563 0.640204 0.008898
0.455634 0.635275 0.008898
0.440845 0.610627 0.008898
0.445775 0.615556 0.008898
0.440845 0.620486 0.008898
0.445775 0.605697 0.008898
0.450704 0.600768 0.008898
0.455634 0.605697 0.008898
0.450704 0.610627 0.008898
0.430986 0.600768 0.008898
0.430986 0.610627 0.008898
0.426056 0.605697 0.008898
0.435915 0.605697 0.008898
0.435915 0.615556 0.008898
0.411267 0.581049 0.008898
0.411267 0.590909 0.008898
0.406338 0.585979 0.008898
0.416197 0.585979 0.008898
0.421126 0.590909 0.008898
0.421126 0.600768 0.008898
0.416197 0.595838 0.008898
0.401408 0.571190 0.008898
0.406338 0.576120 0.008898
0.401408 0.581049 0.008898
0.406338 0.566260 0.008898
0.411267 0.561331 0.008898
0.416197 0.566260 0.008898
0.411267 0.571190 0.008898
0.391549 0.561331 0.008898
0.391549 0.571190 0.008898
0.386619 0.566260 0.008898
0.396478 0.566260 0.008898
0.396478 0.576120 0.008898
0.450704 0.541612 0.008898
0.450704 0.551472 0.008898
0.445775 0.546542 0.008898
0.455634 0.546542 0.008898
0.460563 0.551472 0.008898
0.460563 0.561331 0.008898
0.455634 0.556401 0.008898
0.440845 0.531753 0.008898
0.445775 0.536683 0.008898
0.440845 0.541612 0.008898
0.445775 0.526823 0.008898
0.450704 0.521894 0.008898
0.455634 0.526823 0.008898
0.450704 0.531753 0.008898
0.430986 0.521894 0.008898
0.430986 0.531753 0.008898
0.426056 0.526823 0.008898
0.435915 0.526823 0.008898
0.435915 0.536683 0.008898
0.371831 0.620486 0.008898
0.371831 0.630345 0.008898
0.366901 0.625416 0.008898
0.376760 0.625416 0.008898
0.381690 0.630345 0.008898
0.381690 0.640204 0.008898
0.376760 0.635275 0.008898
0.361971 0.610627 0.008898
0.366901 0.615556 0.008898
0.361971 0.620486 0.008898
0.366901 0.605697 0.008898
0.371830 0.600768 0.008898
0.376760 0.605697 0.008898
0.371831 0.610627 0.008898
0.352112 0.600767 0.008898
0.352112 0.610627 0.008898
0.347182 0.605697 0.008898
0.357042 0.605697 0.008898
0.357042 0.615556 0.008898
0.450704 0.699359 0.008898
0.450704 0.709219 0.008898
0.445775 0.704289 0.008898
0.455634 0.704289 0.008898
0.460563 0.709219 0.008898
0.460563 0.719078 0.008898
0.455634 0.714148 0.008898
0.440845 0.689500 0.008898
0.445775 0.694430 0.008898
0.440845 0.699359 0.008898
0.445775 0.684571 0.008898
0.450704 0.679641 0.008898
0.455634 0.684571 0.008898
0.450704 0.689500 0.008898
0.430986 0.679641 0.008898
0.430986 0.689500 0.008898
0.426056 0.684571 0.008898
0.435915 0.684571 0.008898
0.435915 0.694430 0.008898
0.292957 0.541612 0.008898
0.292957 0.551472 0.008898
0.288027 0.546542 0.008898
0.297887 0.546542 0.008898
0.302816 0.551472 0.008898
0.302816 0.561331 0.008898
0.297887 0.556401 0.008898
0.283098 0.531753 0.008898
0.288027 0.536683 0.008898
0.283098 0.541612 0.008898
0.288027 0.526823 0.008898
0.292957 0.521894 0.008898
0.297886 0.526823 0.008898
0.292957 0.531753 0.008898
0.273238 0.521894 0.008898
0.273239 0.531753 0.008898
0.268309 0.526823 0.008898
0.278168 0.526823 0.008898
0.278168 0.536683 0.008898
0.450704 0.462739 0.008898
0.450704 0.472598 0.008898
0.445775 0.467668 0.008898
0.455634 0.467668 0.008898
0.460563 0.472598 0.008898
0.460563 0.482457 0.008898
0.455634 0.477527 0.008898
0.440845 0.452879 0.008898
0.445775 0.457809 0.008898
0.440845 0.462739 0.008898
0.445775 0.447950 0.008898
0.450704 0.443020 0.008898
0.455634 0.447950 0.008898
0.450704 0.452879 0.008898
0.430986 0.443020 0.008898
0.430986 0.452879 0.008898
0.426056 0.447950 0.008898
0.435915 0.447950 0.008898
0.435915 0.457809 0.008898
0.411267 0.423302 0.008898
0.411267 0.433161 0.008898
0.406338 0.428231 0.008898
0.416197 0.428231 0.008898
0.421126 0.433161 0.008898
0.421126 0.443020 0.008898
0.416197 0.438091 0.008898
0.401408 0.413443 0.008898
0.406338 0.418372 0.008898
0.401408 0.423302 0.008898
0.406338 0.408513 0.008898
0.411267 0.403583 0.008898
0.416197 0.408513 0.008898
0.411267 0.413443 0.008898
0.391549 0.403583 0.008898
0.391549 0.413443 0.008898
0.386619 0.408513 0.008898
0.396478 0.408513 0.008898
0.396478 0.418372 0.008898
0.450704 0.383865 0.008898
0.450704 0.393724 0.008898
0.445775 0.388795 0.008898
0.455634 0.388795 0.008898
0.460563 0.393724 0.008898
0.460563 0.403584 0.008898
0.455634 0.398654 0.008898
0.440845 0.374006 0.008898
0.445775 0.378936 0.008898
0.440845 0.383865 0.008898
0.445775 0.369076 0.008898
0.450704 0.364147 0.008898
0.455634 0.369076 0.008898
0.450704 0.374006 0.008898
0.430986 0.364147 0.008898
0.430986 0.374006 0.008898
0.426056 0.369076 0.008898
0.435915 0.369076 0.008898
0.435915 0.378936 0.008898
0.529578 0.383865 0.008898
0.529578 0.393724 0.008898
0.524648 0.388795 0.008898
0.534507 0.388795 0.008898
0.539437 0.393724 0.008898
0.539437 0.403583 0.008898
0.534507 0.398654 0.008898
0.519719 0.374006 0.008898
0.524648 0.378935 0.008898
0.519719 0.383865 0.008898
0.524648 0.369076 0.008898
0.529578 0.364147 0.008898
0.534507 0.369076 0.008898
0.529578 0.374006 0.008898
0.509860 0.364147 0.008898
0.509860 0.374006 0.008898
0.504930 0.369076 0.008898
0.514789 0.369076 0.008898
0.514789 0.378935 0.008898
0.490141 0.344428 0.008898
0.490141 0.354287 0.008898
0.485211 0.349358 0.008898
0.495071 0.349358 0.008898
0.500000 0.354288 0.008898
0.500000 0.364147 0.008898
0.495071 0.359217 0.008898
0.480282 0.334569 0.008898
0.485211 0.339499 0.008898
0.480282 0.344428 0.008898
0.485211 0.329639 0.008898
0.490141 0.324710 0.008898
0.495071 0.329639 0.008898
0.490141 0.334569 0.008898
0.470423 0.324710 0.008898
0.470423 0.334569 0.008898
0.465493 0.329639 0.008898
0.475352 0.329639 0.008898
0.475352 0.339499 0.008898
0.371830 0.541612 0.008898
0.371830 0.551472 0.008898
0.366901 0.546542 0.008898
0.376760 0.546542 0.008898
0.381690 0.551472 0.008898
0.381690 0.561331 0.008898
0.376760 0.556401 0.008898
0.361971 0.531753 0.008898
0.366901 0.536683 0.008898
0.361971 0.541612 0.008898
0.366901 0.526823 0.008898
0.371831 0.521894 0.008898
0.376760 0.526823 0.008898
0.371831 0.531753 0.008898
0.352112 0.521894 0.008898
0.352112 0.531753 0.008898
0.347183 0.526823 0.008898
0.357042 0.526823 0.008898
0.357042 0.536683 0.008898
0.332394 0.502175 0.008898
0.332394 0.512035 0.008898
0.327464 0.507105 0.008898
0.337323 0.507105 0.008898
0.342253 0.512035 0.008898
0.342253 0.521894 0.008898
0.337323 0.516964 0.008898
0.322534 0.492316 0.008898
0.327464 0.497246 0.008898
0.322534 0.502175 0.008898
0.327464 0.487386 0.008898
0.332394 0.482457 0.008898
0.337323 0.487386 0.008898
0.332394 0.492316 0.008898
0.312675 0.482457 0.008898
0.312675 0.492316 0.008898
0.307746 0.487386 0.008898
0.317605 0.487386 0.008898
0.317605 0.497246 0.008898
0.371831 0.462738 0.008898
0.371831 0.472598 0.008898
0.366901 0.467668 0.008898
0.376760 0.467668 0.008898
0.381690 0.472598 0.008898
0.381690 0.482457 0.008898
0.376760 0.477527 0.008898
0.361971 0.452879 0.008898
0.366901 0.457809 0.008898
0.361971 0.462738 0.008898
0.366901 0.447950 0.008898
0.371830 0.443020 0.008898
0.376760 0.447950 0.008898
0.371831 0.452879 0.008898
0.352112 0.443020 0.008898
0.352112 0.452879 0.008898
0.347182 0.447949 0.008898
0.357042 0.447950 0.008898
0.357042 0.457809 0.008898
0.529578 0.699360 0.008898
0.529578 0.709219 0.008898
0.524648 0.704289 0.008898
0.534508 0.704289 0.008898
0.539437 0.709219 0.008898
0.539437 0.719078 0.008898
0.534507 0.714148 0.008898
0.519719 0.689500 0.008898
0.524648 0.694430 0.008898
0.519719 0.699360 0.008898
0.524648 0.684571 0.008898
0.529578 0.679641 0.008898
0.534508 0.684571 0.008898
0.529578 0.689500 0.008898
0.509860 0.679641 0.008898
0.509860 0.689501 0.008898
0.504930 0.684571 0.008898
0.514789 0.684571 0.008898
0.514789 0.694430 0.008898
0.490141 0.659923 0.008898
0.490141 0.669782 0.008898
0.485212 0.664852 0.008898
0.495071 0.664852 0.008898
0.500000 0.669782 0.008898
0.500000 0.679641 0.008898
0.495071 0.674712 0.008898
0.480282 0.650064 0.008898
0.485212 0.654993 0.008898
0.480282 0.659923 0.008898
0.485212 0.645134 0.008898
0.490141 0.640204 0.008898
0.495071 0.645134 0.008898
0.490141 0.650064 0.008898
0.470423 0.640204 0.008898
0.470423 0.650064 0.008898
0.465493 0.645134 0.008898
0.475352 0.645134 0.008898
0.475352 0.654993 0.008898
0.529578 0.620486 0.008898
0.529578 0.630345 0.008898
0.524648 0.625416 0.008898
0.534508 0.625416 0.008898
0.539437 0.630345 0.008898
0.539437 0.640204 0.008898
0.534508 0.635275 0.008898
0.519719 0.610627 0.008898
0.524648 0.615556 0.008898
0.519719 0.620486 0.008898
0.524648 0.605697 0.008898
0.529578 0.600768 0.008898
0.534508 0.605697 0.008898
0.529578 0.610627 0.008898
0.509860 0.600767 0.008898
0.509860 0.610627 0.008898
0.504930 0.605697 0.008898
0.514789 0.605697 0.008898
0.514789 0.615556 0.008898
0.687325 0.541612 0.008898
0.687325 0.551472 0.008898
0.682395 0.546542 0.008898
0.692255 0.546542 0.008898
0.697184 0.551472 0.008898
0.697184 0.561331 0.008898
0.692255 0.556401 0.008898
0.677466 0.531753 0.008898
0.682395 0.536683 0.008898
0.677466 0.541612 0.008898
0.682395 0.526824 0.008898
0.687325 0.521894 0.008898
0.692255 0.526824 0.008898
0.687325 0.531753 0.008898
0.667607 0.521894 0.008898
0.667607 0.531753 0.008898
0.662677 0.526823 0.008898
0.672536 0.526824 0.008898
0.672536 0.536683 0.008898
0.647888 0.502175 0.008898
0.647888 0.512035 0.008898
0.642959 0.507105 0.008898
0.652818 0.507105 0.008898
0.657747 0.512035 0.008898
0.657747 0.521894 0.008898
0.652818 0.516964 0.008898
0.638029 0.492316 0.008898
0.642959 0.497246 0.008898
0.638029 0.502175 0.008898
0.642959 0.487387 0.008898
0.647888 0.482457 0.008898
0.652818 0.487387 0.008898
0.647888 0.492316 0.008898
0.628170 0.482457 0.008898
0.628170 0.492316 0.008898
0.623240 0.487386 0.008898
0.633099 0.487386 0.008898
0.633099 0.497246 0.008898
0.598592 0.650064 0.008898
0.603522 0.654993 0.008898
0.598592 0.659923 0.008898
0.603522 0.645134 0.008898
0.608451 0.640204 0.008898
0.613381 0.645134 0.008898
0.608451 0.650064 0.008898
0.588733 0.659923 0.008898
0.593663 0.654993 0.008898
0.593663 0.664852 0.008898
0.588733 0.650064 0.008898
0.588733 0.640204 0.008898
0.593663 0.635275 0.008898
0.593663 0.645134 0.008898
0.583804 0.674711 0.008898
0.583804 0.664852 0.008898
0.588733 0.669782 0.008898
0.440845 0.492316 0.008898
0.445775 0.497246 0.008898
0.440845 0.502175 0.008898
0.445775 0.487386 0.008898
0.450704 0.482457 0.008898
0.455634 0.487386 0.008898
0.450704 0.492316 0.008898
0.430986 0.502175 0.008898
0.435915 0.497246 0.008898
0.435915 0.507105 0.008898
0.430986 0.492316 0.008898
0.430986 0.482457 0.008898
0.435915 0.477527 0.008898
0.435915 0.487387 0.008898
0.426056 0.516964 0.008898
0.426056 0.507105 0.008898
0.430986 0.512035 0.008898
0.519719 0.413443 0.008898
0.524648 0.418372 0.008898
0.519719 0.423302 0.008898
0.524648 0.408513 0.008898
0.529578 0.403583 0.008898
0.534507 0.408513 0.008898
0.529578 0.413443 0.008898
0.509859 0.423302 0.008898
0.514789 0.418372 0.008898
0.514789 0.428231 0.008898
0.509859 0.413443 0.008898
0.509859 0.403583 0.008898
0.514789 0.398654 0.008898
0.514789 0.408513 0.008898
0.504930 0.438091 0.008898
0.504930 0.428231 0.008898
0.509859 0.433161 0.008898
0.361971 0.571190 0.008898
0.366901 0.576120 0.008898
0.361971 0.581049 0.008898
0.366901 0.566260 0.008898
0.371830 0.561331 0.008898
0.376760 0.566260 0.008898
0.371830 0.571190 0.008898
0.352112 0.581049 0.008898
0.357042 0.576119 0.008898
0.357042 0.585979 0.008898
0.352112 0.571190 0.008898
0.352112 0.561331 0.008898
0.357042 0.556401 0.008898
0.357042 0.566260 0.008898
0.347182 0.595838 0.008898
0.347182 0.585979 0.008898
0.352112 0.590908 0.008898
0.519719 0.728937 0.008898
0.524648 0.733867 0.008898
0.519719 0.738796 0.008898
0.524648 0.724008 0.008898
0.529578 0.719078 0.008898
0.534507 0.724008 0.008898
0.529578 0.728937 0.008898
0.509860 0.738796 0.008898
0.514789 0.733867 0.008898
0.514789 0.743726 0.008898
0.509860 0.728937 0.008898
0.509860 0.719078 0.008898
0.514789 0.714148 0.008898
0.514789 0.724008 0.008898
0.504930 0.753585 0.008898
0.504930 0.743726 0.008898
0.509860 0.748655 0.008898
0.440845 0.650064 0.008898
0.445775 0.654993 0.008898
0.440845 0.659923 0.008898
0.445775 0.645134 0.008898
0.450704 0.640204 0.008898
0.455634 0.645134 0.008898
0.450704 0.650064 0.008898
0.430986 0.659923 0.008898
0.435915 0.654993 0.008898
0.435915 0.664852 0.008898
0.430986 0.650064 0.008898
0.430986 0.640204 0.008898
0.435915 0.635275 0.008898
0.435915 0.645134 0.008898
0.426056 0.674711 0.008898
0.426056 0.664852 0.008898
0.430986 0.669782 0.008898
0.519719 0.571190 0.008898
0.524648 0.576120 0.008898
0.519719 0.581049 0.008898
0.524648 0.566260 0.008898
0.529578 0.561331 0.008898
0.534507 0.566260 0.008898
0.529578 0.571190 0.008898
0.509860 0.581049 0.008898
0.514789 0.576119 0.008898
0.514789 0.585979 0.008898
0.509860 0.571190 0.008898
0.509860 0.561331 0.008898
0.514789 0.556401 0.008898
0.514789 0.566260 0.008898
0.504930 0.595838 0.008898
0.504930 0.585979 0.008898
0.509860 0.590908 0.008898
0.677466 0.571190 0.008898
0.682395 0.576120 0.008898
0.677466 0.581049 0.008898
0.682395 0.566260 0.008898
0.687325 0.561331 0.008898
0.692255 0.566260 0.008898
0.687325 0.571190 0.008898
0.667606 0.581049 0.008898
0.672536 0.576120 0.008898
0.672536 0.585979 0.008898
0.667606 0.571190 0.008898
0.667607 0.561331 0.008898
0.672536 0.556401 0.008898
0.672536 0.566260 0.008898
0.662677 0.595838 0.008898
0.662677 0.585979 0.008898
0.667606 0.590909 0.008898
0.598592 0.492316 0.008898
0.603522 0.497246 0.008898
0.598592 0.502175 0.008898
0.603522 0.487386 0.008898
0.608451 0.482457 0.008898
0.613381 0.487386 0.008898
0.608451 0.492316 0.008898
0.588733 0.502175 0.008898
0.593663 0.497246 0.008898
0.593663 0.507105 0.008898
0.588733 0.492316 0.008898
0.588733 0.482457 0.008898
0.593663 0.477527 0.008898
0.593663 0.487387 0.008898
0.583803 0.516964 0.008898
0.583803 0.507105 0.008898
0.588733 0.512035 0.008898
0.638029 0.452879 0.008898
0.642958 0.457809 0.008898
0.638029 0.462739 0.008898
0.642958 0.447950 0.008898
0.647888 0.443020 0.008898
0.652818 0.447950 0.008898
0.647888 0.452879 0.008898
0.628170 0.462739 0.008898
0.633099 0.457809 0.008898
0.633099 0.467668 0.008898
0.628170 0.452879 0.008898
0.628170 0.443020 0.008898
0.633099 0.438091 0.008898
0.633099 0.447950 0.008898
0.623240 0.477527 0.008898
0.623240 0.467668 0.008898
0.628170 0.472598 0.008898
0.598592 0.413443 0.008898
0.603522 0.418372 0.008898
0.598592 0.423302 0.008898
0.603522 0.408513 0.008898
0.608451 0.403584 0.008898
0.613381 0.408513 0.008898
0.608451 0.413443 0.008898
0.588733 0.423302 0.008898
0.593663 0.418372 0.008898
0.593663 0.428232 0.008898
0.588733 0.413443 0.008898
0.588733 0.403584 0.008898
0.593663 0.398654 0.008898
0.593663 0.408513 0.008898
0.583803 0.438091 0.008898
0.583803 0.428232 0.008898
0.588733 0.433161 0.008898
0.559155 0.531753 0.008898
0.564085 0.536683 0.008898
0.559155 0.541612 0.008898
0.564085 0.526824 0.008898
0.569014 0.521894 0.008898
0.573944 0.526823 0.008898
0.569014 0.531753 0.008898
0.549296 0.541612 0.008898
0.554226 0.536683 0.008898
0.554226 0.546542 0.008898
0.549296 0.531753 0.008898
0.549296 0.521894 0.008898
0.554226 0.516964 0.008898
0.554226 0.526824 0.008898
0.544367 0.556401 0.008898
0.544367 0.546542 0.008898
0.549296 0.551472 0.008898
0.519719 0.492316 0.008898
0.524648 0.497246 0.008898
0.519719 0.502176 0.008898
0.524648 0.487387 0.008898
0.529578 0.482457 0.008898
0.534507 0.487387 0.008898
0.529578 0.492316 0.008898
0.509859 0.502176 0.008898
0.514789 0.497246 0.008898
0.514789 0.507105 0.008898
0.509859 0.492316 0.008898
0.509859 0.482457 0.008898
0.514789 0.477528 0.008898
0.514789 0.487387 0.008898
0.504930 0.516964 0.008898
0.504930 0.507105 0.008898
0.509860 0.512035 0.008898
0.559155 0.452879 0.008898
0.564085 0.457809 0.008898
0.559155 0.462739 0.008898
0.564085 0.447950 0.008898
0.569015 0.443020 0.008898
0.573944 0.447950 0.008898
0.569015 0.452879 0.008898
0.549296 0.462739 0.008898
0.554226 0.457809 0.008898
0.554226 0.467668 0.008898
0.549296 0.452879 0.008898
0.549296 0.443020 0.008898
0.554226 0.438091 0.008898
0.554226 0.447950 0.008898
0.544367 0.477528 0.008898
0.544367 0.467668 0.008898
0.549296 0.472598 0.008898
0.638029 0.610627 0.008898
0.642958 0.615556 0.008898
0.638029 0.620486 0.008898
0.642958 0.605697 0.008898
0.647888 0.600768 0.008898
0.652818 0.605697 0.008898
0.647888 0.610627 0.008898
0.628170 0.620486 0.008898
0.633099 0.615556 0.008898
0.633099 0.625416 0.008898
0.628170 0.610627 0.008898
0.628170 0.600768 0.008898
0.633099 0.595838 0.008898
0.633099 0.605697 0.008898
0.623240 0.635275 0.008898
0.623240 0.625416 0.008898
0.628170 0.630345 0.008898
0.598592 0.571190 0.008898
0.603522 0.576120 0.008898
0.598592 0.581049 0.008898
0.603522 0.566260 0.008898
0.608451 0.561331 0.008898
0.613381 0.566260 0.008898
0.608451 0.571190 0.008898
0.588733 0.581049 0.008898
0.593663 0.576120 0.008898
0.593663 0.585979 0.008898
0.588733 0.571190 0.008898
0.588733 0.561331 0.008898
0.593663 0.556401 0.008898
0.593663 0.566260 0.008898
0.583803 0.595838 0.008898
0.583803 0.585979 0.008898
0.588733 0.590909 0.008898
0.638029 0.531753 0.008898
0.642959 0.536683 0.008898
0.638029 0.541612 0.008898
0.642959 0.526823 0.008898
0.647888 0.521894 0.008898
0.652818 0.526823 0.008898
0.647888 0.531753 0.008898
0.628170 0.541612 0.008898
0.633099 0.536683 0.008898
0.633099 0.546542 0.008898
0.628170 0.531753 0.008898
0.628170 0.521894 0.008898
0.633099 0.516964 0.008898
0.633099 0.526823 0.008898
0.623240 0.556401 0.008898
0.623240 0.546542 0.008898
0.628170 0.551472 0.008898
0.480282 0.610627 0.008898
0.485212 0.615556 0.008898
0.480282 0.620486 0.008898
0.485212 0.605697 0.008898
0.490141 0.600767 0.008898
0.495071 0.605697 0.008898
0.490141 0.610627 0.008898
0.470423 0.620486 0.008898
0.475352 0.615556 0.008898
0.475352 0.625416 0.008898
0.470423 0.610627 0.008898
0.470423 0.600768 0.008898
0.475352 0.595838 0.008898
0.475352 0.605697 0.008898
0.465493 0.635275 0.008898
0.465493 0.625416 0.008898
0.470423 0.630345 0.008898
0.440845 0.571190 0.008898
0.445775 0.576120 0.008898
0.440845 0.581049 0.008898
0.445775 0.566260 0.008898
0.450704 0.561331 0.008898
0.455634 0.566260 0.008898
0.450704 0.571190 0.008898
0.430986 0.581049 0.008898
0.435915 0.576120 0.008898
0.435915 0.585979 0.008898
0.430986 0.571190 0.008898
0.430986 0.561331 0.008898
0.435915 0.556401 0.008898
0.435915 0.566260 0.008898
0.426056 0.595838 0.008898
0.426056 0.585979 0.008898
0.430986 0.590909 0.008898
0.480282 0.531753 0.008898
0.485212 0.536683 0.008898
0.480282 0.541612 0.008898
0.485212 0.526823 0.008898
0.490141 0.521894 0.008898
0.495071 0.526823 0.008898
0.490141 0.531753 0.008898
0.470423 0.541612 0.008898
0.475352 0.536683 0.008898
0.475352 0.546542 0.008898
0.470423 0.531753 0.008898
0.470423 0.521894 0.008898
0.475352 0.516964 0.008898
0.475352 0.526823 0.008898
0.465493 0.556401 0.008898
0.465493 0.546542 0.008898
0.470423 0.551472 0.008898
0.401408 0.610627 0.008898
0.406338 0.615556 0.008898
0.401408 0.620486 0.008898
0.406338 0.605697 0.008898
0.411267 0.600768 0.008898
0.416197 0.605697 0.008898
0.411267 0.610627 0.008898
0.391549 0.620486 0.008898
0.396479 0.615556 0.008898
0.396479 0.625416 0.008898
0.391549 0.610627 0.008898
0.391549 0.600768 0.008898
0.396478 0.595838 0.008898
0.396478 0.605697 0.008898
0.386619 0.635275 0.008898
0.386619 0.625416 0.008898
0.391549 0.630345 0.008898
0.480282 0.689500 0.008898
0.485212 0.694430 0.008898
0.480282 0.699360 0.008898
0.485212 0.684571 0.008898
0.490141 0.679641 0.008898
0.495071 0.684571 0.008898
0.490141 0.689501 0.008898
0.470423 0.699360 0.008898
0.475352 0.694430 0.008898
0.475352 0.704289 0.008898
0.470423 0.689500 0.008898
0.470423 0.679641 0.008898
0.475352 0.674712 0.008898
0.475352 0.684571 0.008898
0.465493 0.714148 0.008898
0.465493 0.704289 0.008898
0.470423 0.709219 0.008898
0.322535 0.531753 0.008898
0.327464 0.536683 0.008898
0.322535 0.541612 0.008898
0.327464 0.526823 0.008898
0.332394 0.521894 0.008898
0.337323 0.526823 0.008898
0.332394 0.531753 0.008898
0.312675 0.541612 0.008898
0.317605 0.536683 0.008898
0.317605 0.546542 0.008898
0.312675 0.531753 0.008898
0.312675 0.521894 0.008898
0.317605 0.516964 0.008898
0.317605 0.526823 0.008898
0.307746 0.556401 0.008898
0.307746 0.546542 0.008898
0.312675 0.551472 0.008898
0.480282 0.452879 0.008898
0.485211 0.457809 0.008898
0.480282 0.462739 0.008898
0.485211 0.447950 0.008898
0.490141 0.443020 0.008898
0.495070 0.447950 0.008898
0.490141 0.452879 0.008898
0.470423 0.462739 0.008898
0.475352 0.457809 0.008898
0.475352 0.467668 0.008898
0.470423 0.452879 0.008898
0.470423 0.443020 0.008898
0.475352 0.438091 0.008898
0.475352 0.447950 0.008898
0.465493 0.477527 0.008898
0.465493 0.467668 0.008898
0.470423 0.472598 0.008898
0.440845 0.413443 0.008898
0.445775 0.418372 0.008898
0.440845 0.423302 0.008898
0.445775 0.408513 0.008898
0.450704 0.403584 0.008898
0.455634 0.408513 0.008898
0.450704 0.413443 0.008898
0.430986 0.423302 0.008898
0.435915 0.418372 0.008898
0.435915 0.428232 0.008898
0.430986 0.413443 0.008898
0.430986 0.403584 0.008898
0.435915 0.398654 0.008898
0.435915 0.408513 0.008898
0.426056 0.438091 0.008898
0.426056 0.428232 0.008898
0.430986 0.433161 0.008898
0.480282 0.374006 0.008898
0.485212 0.378936 0.008898
0.480282 0.383865 0.008898
0.485212 0.369076 0.008898
0.490141 0.364147 0.008898
0.495071 0.369076 0.008898
0.490141 0.374006 0.008898
0.470423 0.383865 0.008898
0.475352 0.378936 0.008898
0.475352 0.388795 0.008898
0.470423 0.374006 0.008898
0.470423 0.364147 0.008898
0.475352 0.359217 0.008898
0.475352 0.369076 0.008898
0.465493 0.398654 0.008898
0.465493 0.388795 0.008898
0.470423 0.393724 0.008898
0.559155 0.374006 0.008898
0.564085 0.378935 0.008898
0.559155 0.383865 0.008898
0.564085 0.369076 0.008898
0.569014 0.364147 0.008898
0.573944 0.369076 0.008898
0.569014 0.374006 0.008898
0.549296 0.383865 0.008898
0.554226 0.378935 0.008898
0.554226 0.388795 0.008898
0.549296 0.374006 0.008898
0.549296 0.364147 0.008898
0.554226 0.359217 0.008898
0.554226 0.369076 0.008898
0.544367 0.398654 0.008898
0.544367 0.388795 0.008898
0.549296 0.393724 0.008898
0.519719 0.334569 0.008898
0.524648 0.339499 0.008898
0.519719 0.344428 0.008898
0.524648 0.329640 0.008898
0.529578 0.324710 0.008898
0.534507 0.329640 0.008898
0.529578 0.334569 0.008898
0.509859 0.344428 0.008898
0.514789 0.339499 0.008898
0.514789 0.349358 0.008898
0.509859 0.334569 0.008898
0.509859 0.324710 0.008898
0.514789 0.319780 0.008898
0.514789 0.329640 0.008898
0.504930 0.359217 0.008898
0.504930 0.349358 0.008898
0.509860 0.354288 0.008898
0.401408 0.531753 0.008898
0.406338 0.536683 0.008898
0.401408 0.541612 0.008898
0.406338 0.526823 0.008898
0.411267 0.521894 0.008898
0.416197 0.526823 0.008898
0.411267 0.531753 0.008898
0.391549 0.541612 0.008898
0.396478 0.536683 0.008898
0.396478 0.546542 0.008898
0.391549 0.531753 0.008898
0.391549 0.521894 0.008898
0.396479 0.516964 0.008898
0.396479 0.526823 0.008898
0.386619 0.556401 0.008898
0.386619 0.546542 0.008898
0.391549 0.551472 0.008898
0.361971 0.492316 0.008898
0.366901 0.497246 0.008898
0.361971 0.502175 0.008898
0.366901 0.487386 0.008898
0.371831 0.482457 0.008898
0.376760 0.487386 0.008898
0.371831 0.492316 0.008898
0.352112 0.502175 0.008898
0.357042 0.497246 0.008898
0.357042 0.507105 0.008898
0.352112 0.492316 0.008898
0.352112 0.482457 0.008898
0.357042 0.477527 0.008898
0.357042 0.487386 0.008898
0.347183 0.516964 0.008898
0.347183 0.507105 0.008898
0.352112 0.512035 0.008898
0.401408 0.452879 0.008898
0.406338 0.457809 0.008898
0.401408 0.462739 0.008898
0.406338 0.447950 0.008898
0.411267 0.443020 0.008898
0.416197 0.447950 0.008898
0.411267 0.452879 0.008898
0.391549 0.462738 0.008898
0.396479 0.457809 0.008898
0.396479 0.467668 0.008898
0.391549 0.452879 0.008898
0.391549 0.443020 0.008898
0.396478 0.438091 0.008898
0.396478 0.447950 0.008898
0.386619 0.477527 0.008898
0.386619 0.467668 0.008898
0.391549 0.472598 0.008898
0.559156 0.689500 0.008898
0.564085 0.694430 0.008898
0.559156 0.699359 0.008898
0.564085 0.684571 0.008898
0.569015 0.679641 0.008898
0.573944 0.684571 0.008898
0.569015 0.689500 0.008898
0.549296 0.699359 0.008898
0.554226 0.694430 0.008898
0.554226 0.704289 0.008898
0.549296 0.689500 0.008898
0.549296 0.679641 0.008898
0.554226 0.674711 0.008898
0.554226 0.684571 0.008898
0.544367 0.714148 0.008898
0.544367 0.704289 0.008898
0.549296 0.709219 0.008898
0.519719 0.650064 0.008898
0.524649 0.654993 0.008898
0.519719 0.659923 0.008898
0.524649 0.645134 0.008898
0.529578 0.640204 0.008898
0.534508 0.645134 0.008898
0.529578 0.650064 0.008898
0.509860 0.659923 0.008898
0.514789 0.654993 0.008898
0.514789 0.664852 0.008898
0.509860 0.650064 0.008898
0.509860 0.640204 0.008898
0.514789 0.635275 0.008898
0.514789 0.645134 0.008898
0.504930 0.674712 0.008898
0.504930 0.664852 0.008898
0.509860 0.669782 0.008898
0.559156 0.610627 0.008898
0.564085 0.615556 0.008898
0.559156 0.620486 0.008898
0.564085 0.605697 0.008898
0.569015 0.600768 0.008898
0.573944 0.605697 0.008898
0.569015 0.610627 0.008898
0.549296 0.620486 0.008898
0.554226 0.615556 0.008898
0.554226 0.625416 0.008898
0.549296 0.610627 0.008898
0.549296 0.600768 0.008898
0.554226 0.595838 0.008898
0.554226 0.605697 0.008898
0.544367 0.635275 0.008898
0.544367 0.625416 0.008898
0.549296 0.630345 0.008898
0.716902 0.531753 0.008898
0.721832 0.536683 0.008898
0.716902 0.541612 0.008898
0.721832 0.526824 0.008898
0.726762 0.521894 0.008898
0.731691 0.526823 0.008898
0.726762 0.531753 0.008898
0.707043 0.541612 0.008898
0.711973 0.536683 0.008898
0.711973 0.546542 0.008898
0.707043 0.531753 0.008898
0.707043 0.521894 0.008898
0.711973 0.516964 0.008898
0.711973 0.526824 0.008898
0.702114 0.556401 0.008898
0.702114 0.546542 0.008898
0.707043 0.551472 0.008898
0.677466 0.492316 0.008898
0.682395 0.497246 0.008898
0.677466 0.502176 0.008898
0.682395 0.487387 0.008898
0.687325 0.482457 0.008898
0.692254 0.487387 0.008898
0.687325 0.492316 0.008898
0.667607 0.502176 0.008898
0.672536 0.497246 0.008898
0.672536 0.507105 0.008898
0.667606 0.492316 0.008898
0.667606 0.482457 0.008898
0.672536 0.477528 0.008898
0.672536 0.487387 0.008898
0.662677 0.516964 0.008898
0.662677 0.507105 0.008898
0.667607 0.512035 0.008898
0.657747 0.472598 0.008898
0.662677 0.477527 0.008898
0.657747 0.482457 0.008898
0.662677 0.467668 0.008898
0.667606 0.462739 0.008898
0.672536 0.467668 0.008898
0.667606 0.472598 0.008898
0.697184 0.512035 0.008898
0.702114 0.516964 0.008898
0.697184 0.521894 0.008898
0.702114 0.507105 0.008898
0.707043 0.502176 0.008898
0.711973 0.507105 0.008898
0.707043 0.512035 0.008898
0.539437 0.590908 0.008898
0.544367 0.595838 0.008898
0.539437 0.600768 0.008898
0.544367 0.585979 0.008898
0.549296 0.581049 0.008898
0.554226 0.585979 0.008898
0.549296 0.590908 0.008898
0.500000 0.630345 0.008898
0.504930 0.635275 0.008898
0.500000 0.640204 0.008898
0.504930 0.625415 0.008898
0.509860 0.620486 0.008898
0.514789 0.625415 0.008898
0.509860 0.630345 0.008898
0.539437 0.669782 0.008898
0.544367 0.674712 0.008898
0.539437 0.679641 0.008898
0.544367 0.664852 0.008898
0.549297 0.659923 0.008898
0.554226 0.664852 0.008898
0.549296 0.669782 0.008898
0.381690 0.433161 0.008898
0.386619 0.438090 0.008898
0.381690 0.443020 0.008898
0.386619 0.428231 0.008898
0.391549 0.423302 0.008898
0.396478 0.428231 0.008898
0.391549 0.433161 0.008898
0.342253 0.472598 0.008898
0.347183 0.477527 0.008898
0.342253 0.482457 0.008898
0.347183 0.467668 0.008898
0.352112 0.462738 0.008898
0.357042 0.467668 0.008898
0.352112 0.472598 0.008898
0.381690 0.512035 0.008898
0.386619 0.516964 0.008898
0.381690 0.521894 0.008898
0.386619 0.507105 0.008898
0.391549 0.502175 0.008898
0.396479 0.507105 0.008898
0.391549 0.512035 0.008898
0.500000 0.314851 0.008898
0.504930 0.319780 0.008898
0.500000 0.324710 0.008898
0.504930 0.309921 0.008898
0.509859 0.304992 0.008898
0.514789 0.309921 0.008898
0.509859 0.314851 0.008898
0.539437 0.354288 0.008898
0.544367 0.359217 0.008898
0.539437 0.364147 0.008898
0.544367 0.349358 0.008898
0.549296 0.344428 0.008898
0.554226 0.349358 0.008898
0.549296 0.354288 0.008898
0.460563 0.354287 0.008898
0.465493 0.359217 0.008898
0.460563 0.364147 0.008898
0.465493 0.349358 0.008898
0.470423 0.344428 0.008898
0.475352 0.349358 0.008898
0.470423 0.354287 0.008898
0.421126 0.393724 0.008898
0.426056 0.398654 0.008898
0.421126 0.403583 0.008898
0.426056 0.388795 0.008898
0.430986 0.383865 0.008898
0.435915 0.388795 0.008898
0.430986 0.393724 0.008898
0.460563 0.433161 0.008898
0.465493 0.438091 0.008898
0.460563 0.443020 0.008898
0.465493 0.428232 0.008898
0.470423 0.423302 0.008898
0.475352 0.428232 0.008898
0.470423 0.433161 0.008898
0.302816 0.512035 0.008898
0.307746 0.516964 0.008898
0.302816 0.521894 0.008898
0.307746 0.507105 0.008898
0.312675 0.502175 0.008898
0.317605 0.507105 0.008898
0.312675 0.512035 0.008898
0.460563 0.669782 0.008898
0.465493 0.674712 0.008898
0.460563 0.679641 0.008898
0.465493 0.664852 0.008898
0.470423 0.659923 0.008898
0.475352 0.664852 0.008898
0.470423 0.669782 0.008898
0.381690 0.590908 0.008898
0.386619 0.595838 0.008898
0.381690 0.600768 0.008898
0.386619 0.585979 0.008898
0.391549 0.581049 0.008898
0.396478 0.585979 0.008898
0.391549 0.590908 0.008898
0.460563 0.512035 0.008898
0.465493 0.516964 0.008898
0.460563 0.521894 0.008898
0.465493 0.507105 0.008898
0.470423 0.502175 0.008898
0.475352 0.507105 0.008898
0.470423 0.512035 0.008898
0.421126 0.551472 0.008898
0.426056 0.556401 0.008898
0.421126 0.561331 0.008898
0.426056 0.546542 0.008898
0.430986 0.541612 0.008898
0.435915 0.546542 0.008898
0.430986 0.551472 0.008898
0.460563 0.590908 0.008898
0.465493 0.595838 0.008898
0.460563 0.600768 0.008898
0.465493 0.585979 0.008898
0.470423 0.581049 0.008898
0.475352 0.585979 0.008898
0.470423 0.590908 0.008898
0.618311 0.512035 0.008898
0.623240 0.516964 0.008898
0.618311 0.521894 0.008898
0.623240 0.507105 0.008898
0.628170 0.502175 0.008898
0.633099 0.507105 0.008898
0.628170 0.512035 0.008898
0.578874 0.551472 0.008898
0.583803 0.556401 0.008898
0.578874 0.561331 0.008898
0.583803 0.546542 0.008898
0.588733 0.541612 0.008898
0.593662 0.546542 0.008898
0.588733 0.551472 0.008898
0.618311 0.590908 0.008898
0.623240 0.595838 0.008898
0.618311 0.600768 0.008898
0.623240 0.585979 0.008898
0.628170 0.581049 0.008898
0.633099 0.585979 0.008898
0.628170 0.590908 0.008898
0.539437 0.433161 0.008898
0.544367 0.438091 0.008898
0.539437 0.443020 0.008898
0.544367 0.428231 0.008898
0.549296 0.423302 0.008898
0.554226 0.428231 0.008898
0.549296 0.433161 0.008898
0.500000 0.472598 0.008898
0.504930 0.477527 0.008898
0.500000 0.482457 0.008898
0.504930 0.467668 0.008898
0.509859 0.462739 0.008898
0.514789 0.467668 0.008898
0.509859 0.472598 0.008898
0.539437 0.512035 0.008898
0.544367 0.516964 0.008898
0.539437 0.521894 0.008898
0.544367 0.507105 0.008898
0.549296 0.502176 0.008898
0.554226 0.507105 0.008898
0.549296 0.512035 0.008898
0.578874 0.393724 0.008898
0.583803 0.398654 0.008898
0.578874 0.403583 0.008898
0.583803 0.388795 0.008898
0.588733 0.383865 0.008898
0.593662 0.388795 0.008898
0.588733 0.393724 0.008898
0.618311 0.433161 0.008898
0.623240 0.438091 0.008898
0.618311 0.443020 0.008898
0.623240 0.428232 0.008898
0.628170 0.423302 0.008898
0.633099 0.428232 0.008898
0.628170 0.433161 0.008898
0.578874 0.472598 0.008898
0.583803 0.477527 0.008898
0.578874 0.482457 0.008898
0.583803 0.467668 0.008898
0.588733 0.462739 0.008898
0.593663 0.467668 0.008898
0.588733 0.472598 0.008898
0.657747 0.551472 0.008898
0.662677 0.556401 0.008898
0.657747 0.561331 0.008898
0.662677 0.546542 0.008898
0.667607 0.541612 0.008898
0.672536 0.546542 0.008898
0.667607 0.551472 0.008898
0.500000 0.551471 0.008898
0.504930 0.556401 0.008898
0.500000 0.561331 0.008898
0.504930 0.546542 0.008898
0.509860 0.541612 0.008898
0.514789 0.546542 0.008898
0.509860 0.551471 0.008898
0.421126 0.630345 0.008898
0.426056 0.635275 0.008898
0.421126 0.640204 0.008898
0.426056 0.625416 0.008898
0.430986 0.620486 0.008898
0.435915 0.625416 0.008898
0.430986 0.630345 0.008898
0.500000 0.709219 0.008898
0.504930 0.714148 0.008898
0.500000 0.719078 0.008898
0.504930 0.704289 0.008898
0.509860 0.699360 0.008898
0.514789 0.704289 0.008898
0.509860 0.709219 0.008898
0.342253 0.551471 0.008898
0.347182 0.556401 0.008898
0.342253 0.561331 0.008898
0.347182 0.546542 0.008898
0.352112 0.541612 0.008898
0.357042 0.546542 0.008898
0.352112 0.551471 0.008898
0.500000 0.393724 0.008898
0.504930 0.398654 0.008898
0.500000 0.403583 0.008898
0.504930 0.388795 0.008898
0.509860 0.383865 0.008898
0.514789 0.388795 0.008898
0.509860 0.393724 0.008898
0.421126 0.472598 0.008898
0.426056 0.477527 0.008898
0.421126 0.482457 0.008898
0.426056 0.467668 0.008898
0.430986 0.462739 0.008898
0.435915 0.467668 0.008898
0.430986 0.472598 0.008898
0.578874 0.630345 0.008898
0.583804 0.635275 0.008898
0.578874 0.640204 0.008898
0.583804 0.625416 0.008898
0.588733 0.620486 0.008898
0.593663 0.625416 0.008898
0.588733 0.630345 0.008898
0.647888 0.462739 0.008898
0.647888 0.472598 0.008898
0.642958 0.467668 0.008898
0.652818 0.467668 0.008898
0.652818 0.477527 0.008898
0.687325 0.502176 0.008898
0.687325 0.512035 0.008898
0.682395 0.507105 0.008898
0.692255 0.507105 0.008898
0.692255 0.516964 0.008898
0.529578 0.581049 0.008898
0.529578 0.590908 0.008898
0.524648 0.585979 0.008898
0.534507 0.585979 0.008898
0.534508 0.595838 0.008898
0.490141 0.620486 0.008898
0.490141 0.630345 0.008898
0.485212 0.625415 0.008898
0.495071 0.625415 0.008898
0.495071 0.635275 0.008898
0.529578 0.659923 0.008898
0.529578 0.669782 0.008898
0.524649 0.664852 0.008898
0.534508 0.664852 0.008898
0.534508 0.674712 0.008898
0.371830 0.423302 0.008898
0.371830 0.433161 0.008898
0.366901 0.428231 0.008898
0.376760 0.428231 0.008898
0.376760 0.438090 0.008898
0.332394 0.462738 0.008898
0.332394 0.472598 0.008898
0.327464 0.467668 0.008898
0.337323 0.467668 0.008898
0.337323 0.477527 0.008898
0.371831 0.502175 0.008898
0.371831 0.512035 0.008898
0.366901 0.507105 0.008898
0.376760 0.507105 0.008898
0.376760 0.516964 0.008898
0.490141 0.304991 0.008898
0.490141 0.314851 0.008898
0.485211 0.309921 0.008898
0.495070 0.309921 0.008898
0.495071 0.319780 0.008898
0.529578 0.344428 0.008898
0.529578 0.354288 0.008898
0.524648 0.349358 0.008898
0.534507 0.349358 0.008898
0.534507 0.359217 0.008898
0.450704 0.344428 0.008898
0.450704 0.354287 0.008898
0.445775 0.349358 0.008898
0.455634 0.349358 0.008898
0.455634 0.359217 0.008898
0.411267 0.383865 0.008898
0.411267 0.393724 0.008898
0.406338 0.388795 0.008898
0.416197 0.388795 0.008898
0.416197 0.398654 0.008898
0.450704 0.423302 0.008898
0.450704 0.433161 0.008898
0.445775 0.428232 0.008898
0.455634 0.428232 0.008898
0.455634 0.438091 0.008898
0.292957 0.502175 0.008898
0.292957 0.512035 0.008898
0.288027 0.507105 0.008898
0.297886 0.507105 0.008898
0.297886 0.516964 0.008898
0.450704 0.659923 0.008898
0.450704 0.669782 0.008898
0.445775 0.664852 0.008898
0.455634 0.664852 0.008898
0.455634 0.674712 0.008898
0.371830 0.581049 0.008898
0.371830 0.590908 0.008898
0.366901 0.585979 0.008898
0.376760 0.585979 0.008898
0.376760 0.595838 0.008898
0.450704 0.502175 0.008898
0.450704 0.512035 0.008898
0.445775 0.507105 0.008898
0.455634 0.507105 0.008898
0.455634 0.516964 0.008898
0.411267 0.541612 0.008898
0.411267 0.551472 0.008898
0.406338 0.546542 0.008898
0.416197 0.546542 0.008898
0.416197 0.556401 0.008898
0.450704 0.581049 0.008898
0.450704 0.590908 0.008898
0.445775 0.585979 0.008898
0.455634 0.585979 0.008898
0.455634 0.595838 0.008898
0.608451 0.502175 0.008898
0.608451 0.512035 0.008898
0.603522 0.507105 0.008898
0.613381 0.507105 0.008898
0.613381 0.516964 0.008898
0.569014 0.541612 0.008898
0.569015 0.551472 0.008898
0.564085 0.546542 0.008898
0.573944 0.546542 0.008898
0.573944 0.556401 0.008898
0.608451 0.581049 0.008898
0.608451 0.590908 0.008898
0.603522 0.585979 0.008898
0.613381 0.585979 0.008898
0.613381 0.595838 0.008898
0.529578 0.423302 0.008898
0.529578 0.433161 0.008898
0.524648 0.428231 0.008898
0.534507 0.428231 0.008898
0.534507 0.438091 0.008898
0.490141 0.462739 0.008898
0.490141 0.472598 0.008898
0.485211 0.467668 0.008898
0.495070 0.467668 0.008898
0.495071 0.477527 0.008898
0.529578 0.502176 0.008898
0.529578 0.512035 0.008898
0.524648 0.507105 0.008898
0.534507 0.507105 0.008898
0.534507 0.516964 0.008898
0.569014 0.383865 0.008898
0.569015 0.393724 0.008898
0.564085 0.388795 0.008898
0.573944 0.388795 0.008898
0.573944 0.398654 0.008898
0.608451 0.423302 0.008898
0.608451 0.433161 0.008898
0.603522 0.428232 0.008898
0.613381 0.428232 0.008898
0.613381 0.438091 0.008898
0.569015 0.462739 0.008898
0.569015 0.472598 0.008898
0.564085 0.467668 0.008898
0.573944 0.467668 0.008898
0.573944 0.477527 0.008898
0.647888 0.541612 0.008898
0.647888 0.551472 0.008898
0.642959 0.546542 0.008898
0.652818 0.546542 0.008898
0.652818 0.556401 0.008898
0.490141 0.541612 0.008898
0.490141 0.551471 0.008898
0.485212 0.546542 0.008898
0.495071 0.546542 0.008898
0.495071 0.556401 0.008898
0.411267 0.620486 0.008898
0.411267 0.630345 0.008898
0.406338 0.625416 0.008898
0.416197 0.625416 0.008898
0.416197 0.635275 0.008898
0.490141 0.699360 0.008898
0.490141 0.709219 0.008898
0.485212 0.704289 0.008898
0.495071 0.704289 0.008898
0.495071 0.714148 0.008898
0.332394 0.541612 0.008898
0.332394 0.551471 0.008898
0.327464 0.546542 0.008898
0.337323 0.546542 0.008898
0.337323 0.556401 0.008898
0.490141 0.383865 0.008898
0.490141 0.393724 0.008898
0.485212 0.388795 0.008898
0.495071 0.388795 0.008898
0.495071 0.398654 0.008898
0.411267 0.462739 0.008898
0.411267 0.472598 0.008898
0.406338 0.467668 0.008898
0.416197 0.467668 0.008898
0.416197 0.477527 0.008898
0.569015 0.620486 0.008898
0.569015 0.630345 0.008898
0.564085 0.625416 0.008898
0.573944 0.625416 0.008898
0.573944 0.635275 0.008898
0.711973 0.556401 0.008898
0.707043 0.561331 0.008898
0.716902 0.551472 0.008898
0.702114 0.566260 0.008898
0.697184 0.571190 0.008898
0.731691 0.536683 0.008898
0.726762 0.541612 0.008898
0.736621 0.531753 0.008898
0.721832 0.546542 0.008898
0.554226 0.714148 0.008898
0.549296 0.719078 0.008898
0.559155 0.709219 0.008898
0.544367 0.724007 0.008898
0.539437 0.728937 0.008898
0.573944 0.694430 0.008898
0.569015 0.699359 0.008898
0.578874 0.689500 0.008898
0.564085 0.704289 0.008898
0.302816 0.571190 0.008898
0.460563 0.728937 0.008898
0.381690 0.650064 0.008898
0.633099 0.635275 0.008898
0.628170 0.640204 0.008898
0.638029 0.630345 0.008898
0.623240 0.645134 0.008898
0.618311 0.650064 0.008898
0.652818 0.615557 0.008898
0.647888 0.620486 0.008898
0.657747 0.610627 0.008898
0.642958 0.625416 0.008898
0.672536 0.595838 0.008898
0.667606 0.600768 0.008898
0.677466 0.590909 0.008898
0.662677 0.605697 0.008898
0.692254 0.576120 0.008898
0.687325 0.581049 0.008898
0.682395 0.585979 0.008898
0.421126 0.689500 0.008898
0.514789 0.753585 0.008898
0.509860 0.758515 0.008898
0.519719 0.748655 0.008898
0.504930 0.763444 0.008898
0.500000 0.768374 0.008898
0.534507 0.733867 0.008898
0.529578 0.738796 0.008898
0.524648 0.743726 0.008898
0.342253 0.610627 0.008898
0.593663 0.674711 0.008898
0.588733 0.679641 0.008898
0.598592 0.669782 0.008898
0.583804 0.684571 0.008898
0.613381 0.654993 0.008898
0.608451 0.659923 0.008898
0.603522 0.664852 0.008898
0.278168 0.546542 0.008898
0.273239 0.541612 0.008898
0.283098 0.551472 0.008898
0.268309 0.536683 0.008898
0.263379 0.531753 0.008898
0.297887 0.566260 0.008898
0.292957 0.561331 0.008898
0.288027 0.556401 0.008898
0.435915 0.704289 0.008898
0.430986 0.699359 0.008898
0.440845 0.709219 0.008898
0.426056 0.694430 0.008898
0.455634 0.724007 0.008898
0.450704 0.719078 0.008898
0.445775 0.714148 0.008898
0.357042 0.625415 0.008898
0.352112 0.620486 0.008898
0.361971 0.630345 0.008898
0.347183 0.615556 0.008898
0.376760 0.645134 0.008898
0.371831 0.640204 0.008898
0.366901 0.635275 0.008898
0.396479 0.664852 0.008898
0.391549 0.659923 0.008898
0.401408 0.669782 0.008898
0.386620 0.654993 0.008898
0.416197 0.684571 0.008898
0.411267 0.679641 0.008898
0.406338 0.674711 0.008898
0.475352 0.743726 0.008898
0.470423 0.738796 0.008898
0.480282 0.748655 0.008898
0.465493 0.733867 0.008898
0.495071 0.763444 0.008898
0.490141 0.758515 0.008898
0.485212 0.753585 0.008898
0.317605 0.585979 0.008898
0.312675 0.581049 0.008898
0.322535 0.590908 0.008898
0.307746 0.576120 0.008898
0.337323 0.605697 0.008898
0.332394 0.600767 0.008898
0.327464 0.595838 0.008898
