0.596714 0.578091 0.037931
0.594429 0.589616 0.032708
0.590844 0.583151 0.035295
0.478326 0.432913 0.202543
0.476704 0.437127 0.189578
0.472963 0.434116 0.196247
0.554808 0.391292 0.325130
0.554598 0.401601 0.307121
0.550662 0.396392 0.315999
0.389989 0.461532 0.113302
0.388026 0.469048 0.103276
0.384368 0.464307 0.108523
0.505418 0.672181 0.011954
0.504086 0.685965 0.010925
0.499969 0.678771 0.011369
0.447565 0.553385 0.041651
0.445353 0.565847 0.035669
0.441879 0.558653 0.038715
0.538818 0.489816 0.103889
0.536908 0.497419 0.094003
0.533200 0.492756 0.099157
0.688828 0.512213 0.098360
0.687178 0.520414 0.089015
0.683318 0.515570 0.093682
0.623295 0.450643 0.195368
0.622843 0.456210 0.181735
0.618569 0.453161 0.188663
0.657218 0.427552 0.254791
0.658325 0.434016 0.239088
0.653392 0.430742 0.247003
0.617841 0.394670 0.322899
0.618786 0.404505 0.305135
0.614308 0.399549 0.314277
0.582919 0.469425 0.145896
0.581423 0.475432 0.134217
0.577530 0.471759 0.140259
0.550792 0.444413 0.198438
0.549728 0.449121 0.185141
0.545726 0.446178 0.191942
0.587926 0.427135 0.256474
0.588079 0.432910 0.240966
0.583727 0.429875 0.248801
0.643589 0.541734 0.064083
0.641409 0.551526 0.056632
0.637779 0.545878 0.060356
0.613803 0.501380 0.100189
0.611964 0.509309 0.090523
0.608204 0.504596 0.095468
0.657020 0.477856 0.142553
0.655818 0.484649 0.130912
0.651815 0.480673 0.136838
0.493386 0.516971 0.069274
0.491202 0.526905 0.061300
0.487650 0.520990 0.065448
0.464203 0.476267 0.108570
0.462271 0.483759 0.098520
0.458595 0.479041 0.103790
0.508663 0.458272 0.150470
0.506944 0.463848 0.138827
0.503174 0.460178 0.144934
0.419150 0.502474 0.073216
0.417118 0.512326 0.064899
0.413516 0.506373 0.069255
0.475398 0.612258 0.021473
0.473312 0.626063 0.018242
0.469730 0.618436 0.019809
0.360721 0.428253 0.157832
0.358737 0.434161 0.146758
0.355064 0.430183 0.152364
0.519510 0.421408 0.257832
0.518411 0.426362 0.242840
0.514636 0.423451 0.250456
0.489309 0.390700 0.321970
0.488620 0.398752 0.305554
0.484838 0.394701 0.313356
0.518135 0.338452 0.385487
0.519439 0.352312 0.374716
0.514254 0.345702 0.380307
0.592258 0.338373 0.386278
0.590895 0.352570 0.375688
0.587439 0.345172 0.381404
0.555458 0.291559 0.399890
0.555486 0.301556 0.399550
0.550544 0.296519 0.399788
0.434778 0.443896 0.155136
0.432880 0.449482 0.143587
0.429223 0.445672 0.149587
0.405668 0.416956 0.205518
0.403692 0.421273 0.192814
0.400102 0.418002 0.199214
0.449471 0.410214 0.259457
0.447624 0.414143 0.245205
0.444103 0.411219 0.252406
0.550112 0.621920 0.020972
0.548148 0.634902 0.017976
0.544398 0.627878 0.019430
0.521577 0.566717 0.039411
0.519266 0.578761 0.033878
0.515757 0.571925 0.036676
0.568183 0.530100 0.065952
0.565947 0.539990 0.058298
0.562378 0.534211 0.062226
0.731263 0.487421 0.138734
0.730292 0.494818 0.127774
0.726117 0.490396 0.133456
0.695940 0.455213 0.192334
0.695878 0.461845 0.178544
0.691379 0.458148 0.185651
0.600294 0.584465 0.035185
0.482067 0.435865 0.195772
0.558718 0.396797 0.316080
0.393647 0.466146 0.107969
0.509493 0.679388 0.011385
0.451048 0.560423 0.038445
0.542547 0.494330 0.098621
0.692721 0.516972 0.093580
0.627636 0.453696 0.188312
0.662264 0.430887 0.246762
0.622181 0.399878 0.313625
0.586849 0.472988 0.139764
0.554829 0.447335 0.191506
0.592347 0.430312 0.248526
0.647242 0.547269 0.060245
0.617589 0.505973 0.095121
0.661078 0.481771 0.136496
0.496955 0.522734 0.065005
0.467891 0.480836 0.103200
0.512458 0.461823 0.144282
0.422759 0.508266 0.068748
0.478965 0.619796 0.019765
0.364382 0.432136 0.152127
0.523311 0.424485 0.250120
0.493187 0.394941 0.314057
0.523307 0.345059 0.380710
0.595702 0.345700 0.381428
0.560385 0.296511 0.399796
0.438442 0.447587 0.149047
0.409244 0.420154 0.199008
0.453006 0.413185 0.252197
0.553827 0.628876 0.019392
0.525085 0.573421 0.036452
0.571772 0.535748 0.061906
0.735497 0.491831 0.132883
0.700515 0.458921 0.185059
0.694049 0.482276 0.140841
0.698181 0.486441 0.134854
0.692980 0.489425 0.129424
0.699130 0.479346 0.146515
0.713942 0.470566 0.164184
0.718332 0.474643 0.157548
0.713388 0.477581 0.151735
0.726457 0.517924 0.097983
0.730424 0.522717 0.093378
0.724912 0.526117 0.088914
0.731895 0.514677 0.102597
0.747990 0.505328 0.116670
0.752099 0.509911 0.111660
0.746734 0.513012 0.107042
0.559017 0.572610 0.038547
0.562561 0.579139 0.035705
0.556714 0.584392 0.033191
0.564873 0.567604 0.041366
0.582471 0.553346 0.050655
0.586028 0.559407 0.047219
0.580154 0.564157 0.044127
0.512571 0.617428 0.021205
0.516219 0.624676 0.019565
0.510536 0.630865 0.018107
0.518308 0.611421 0.022911
0.535675 0.593997 0.028741
0.539235 0.600982 0.026562
0.533439 0.606759 0.024639
0.543531 0.674618 0.012006
0.547762 0.681476 0.011448
0.542457 0.687855 0.010994
0.548926 0.668271 0.012697
0.565362 0.649590 0.015473
0.569367 0.656401 0.014432
0.563902 0.662584 0.013512
0.442023 0.425468 0.204320
0.445670 0.428511 0.197661
0.440234 0.429620 0.191540
0.447457 0.424480 0.210661
0.463703 0.421615 0.230555
0.467308 0.424376 0.223411
0.461917 0.425389 0.216744
0.397849 0.436084 0.156785
0.401498 0.439861 0.150874
0.395885 0.441815 0.145408
0.403451 0.434365 0.162437
0.420133 0.429967 0.179909
0.423790 0.433340 0.173655
0.418250 0.434776 0.167837
0.427081 0.468960 0.111034
0.430743 0.473565 0.105637
0.425124 0.476463 0.100945
0.432688 0.466334 0.115921
0.449453 0.459224 0.131151
0.453135 0.463308 0.125353
0.447551 0.465680 0.120277
0.555600 0.337714 0.385998
0.560182 0.344671 0.381195
0.555502 0.351679 0.375474
0.560382 0.331001 0.390030
0.575111 0.312385 0.397743
0.579819 0.318330 0.395928
0.574901 0.324529 0.393360
0.586762 0.393016 0.324838
0.590621 0.398600 0.315556
0.586711 0.403532 0.306712
0.590952 0.387465 0.334009
0.604330 0.368576 0.360700
0.607144 0.375957 0.351701
0.602873 0.382069 0.342832
0.522193 0.390551 0.324349
0.526208 0.395611 0.315517
0.521904 0.400213 0.306658
0.526268 0.385173 0.333621
0.538060 0.365785 0.360982
0.542551 0.372684 0.352522
0.538523 0.379188 0.343325
0.484810 0.416727 0.258880
0.488449 0.419685 0.251413
0.483259 0.421073 0.244241
0.489906 0.414927 0.266302
0.504558 0.407340 0.289737
0.508277 0.411137 0.281616
0.503480 0.413822 0.273782
0.514585 0.439354 0.200421
0.518457 0.442280 0.193511
0.513224 0.443772 0.187333
0.519754 0.437869 0.206869
0.534895 0.433026 0.227422
0.538818 0.435824 0.219984
0.533823 0.437535 0.213051
0.352833 0.454117 0.115407
0.356501 0.458750 0.110157
0.350862 0.461617 0.105508
0.358470 0.451477 0.120210
0.375360 0.444202 0.135219
0.379017 0.448382 0.129662
0.373391 0.450806 0.124635
0.467662 0.668941 0.011866
0.471542 0.676580 0.011294
0.466020 0.683380 0.010817
0.473208 0.662217 0.012603
0.489917 0.642487 0.015562
0.493682 0.650013 0.014454
0.488124 0.656556 0.013478
0.410923 0.546120 0.042793
0.414435 0.553308 0.039455
0.408791 0.558901 0.036493
0.416549 0.540959 0.046000
0.433488 0.526635 0.056200
0.437032 0.533095 0.052317
0.431367 0.537864 0.048950
0.501461 0.483275 0.106247
0.505175 0.487809 0.100904
0.499538 0.490785 0.096264
0.507069 0.480574 0.111099
0.523792 0.473108 0.126260
0.527559 0.477097 0.120478
0.521991 0.479622 0.115424
0.456211 0.509869 0.071154
0.459792 0.515658 0.066793
0.454092 0.519786 0.063021
0.461894 0.506035 0.075144
0.478908 0.495403 0.087825
0.482556 0.500562 0.082962
0.476875 0.504117 0.078749
0.484421 0.560306 0.040491
0.487899 0.567199 0.037407
0.482130 0.572594 0.034739
0.490194 0.555214 0.043453
0.507558 0.540859 0.053072
0.511068 0.547162 0.049400
0.505266 0.551944 0.046214
0.651297 0.506774 0.099068
0.655128 0.511453 0.094140
0.649541 0.514876 0.089524
0.656811 0.503533 0.103928
0.673082 0.494190 0.119150
0.677044 0.498543 0.113694
0.671633 0.501668 0.108649
0.605834 0.536030 0.064794
0.609448 0.541617 0.060864
0.603612 0.545883 0.057271
0.611627 0.531997 0.068616
0.628837 0.520576 0.080876
0.632551 0.525700 0.076446
0.626817 0.529512 0.072354
0.634588 0.583412 0.037538
0.638194 0.589710 0.034851
0.632314 0.594777 0.032391
0.640477 0.578524 0.040310
0.658154 0.564437 0.049552
0.661780 0.570347 0.046276
0.655883 0.575043 0.043188
0.587108 0.448292 0.196895
0.591310 0.451222 0.189879
0.586356 0.453332 0.183401
0.591914 0.446128 0.203689
0.605671 0.439064 0.225144
0.610107 0.441902 0.217474
0.605574 0.444390 0.210309
0.545731 0.464274 0.147993
0.549590 0.467792 0.141844
0.544127 0.470016 0.136339
0.551112 0.462220 0.153675
0.566951 0.456301 0.171375
0.570974 0.459423 0.164868
0.565704 0.461456 0.158949
0.576278 0.495842 0.101873
0.580038 0.500380 0.096690
0.574389 0.503587 0.092084
0.581878 0.492874 0.106722
0.598497 0.484398 0.122005
0.602346 0.488446 0.116333
0.596817 0.491321 0.111242
0.622275 0.427547 0.255293
0.627026 0.430629 0.247349
0.622987 0.433658 0.239728
0.626090 0.424222 0.263124
0.636787 0.413309 0.287386
0.641885 0.417123 0.279090
0.638370 0.420706 0.270998
0.659494 0.452654 0.194345
0.663974 0.456043 0.187184
0.659269 0.458782 0.180556
0.664030 0.449845 0.201281
0.677063 0.441026 0.222876
0.681872 0.444481 0.215041
0.677547 0.447476 0.207861
0.620034 0.473745 0.143990
0.624018 0.477434 0.137891
0.618681 0.480128 0.132322
0.625255 0.471152 0.149776
0.640449 0.463377 0.167976
0.644646 0.466821 0.161446
0.639606 0.469471 0.155349
0.681489 0.547220 0.063853
0.685194 0.552689 0.060074
0.679379 0.556923 0.056418
0.687249 0.543207 0.067750
0.704300 0.531792 0.080145
0.708125 0.536893 0.075944
0.702448 0.540685 0.071803
0.530705 0.523757 0.067459
0.534275 0.529461 0.063299
0.528482 0.533679 0.059656
0.536464 0.519811 0.071327
0.553642 0.508782 0.083676
0.557306 0.513901 0.079002
0.551573 0.517593 0.074892
0.438691 0.606336 0.021706
0.442200 0.614065 0.019926
0.436565 0.620436 0.018313
0.444346 0.600162 0.023596
0.461436 0.582232 0.030001
0.464893 0.589704 0.027596
0.459178 0.595678 0.025493
0.501178 0.725152 0.009466
0.505780 0.731090 0.009328
0.500633 0.736736 0.009209
0.506402 0.719179 0.009636
0.522220 0.700390 0.010325
0.526628 0.707058 0.010077
0.521381 0.713281 0.009846
0.382142 0.494903 0.075342
0.385797 0.500646 0.070787
0.380191 0.504661 0.066828
0.387757 0.491174 0.079484
0.404611 0.480808 0.092435
0.408257 0.485996 0.087444
0.402638 0.489451 0.083142
0.553810 0.424655 0.257202
0.557883 0.427888 0.249403
0.553281 0.430131 0.241853
0.558241 0.421928 0.265037
0.570798 0.411796 0.289657
0.574971 0.416093 0.281123
0.570894 0.419520 0.272942
0.471636 0.451355 0.152842
0.475363 0.454967 0.146704
0.469825 0.456896 0.141212
0.477129 0.449645 0.158491
0.493425 0.445043 0.175929
0.497235 0.448218 0.169463
0.491817 0.449781 0.163667
0.587924 0.625947 0.020804
0.591697 0.632652 0.019268
0.586043 0.638424 0.017885
0.593669 0.620323 0.022428
0.611109 0.603944 0.028009
0.614743 0.610540 0.025969
0.608922 0.615957 0.024119
0.677137 0.466679 0.166444
0.676450 0.473246 0.153818
0.672219 0.469477 0.160306
0.681429 0.470417 0.159810
0.688900 0.485219 0.135274
0.710404 0.499472 0.117992
0.709078 0.507122 0.107830
0.705080 0.502573 0.112957
0.714442 0.503973 0.112736
0.720980 0.521256 0.093421
0.544902 0.547319 0.051714
0.542587 0.558273 0.045032
0.539067 0.551960 0.048444
0.548428 0.553503 0.048164
0.553167 0.577748 0.035871
0.498357 0.588442 0.029335
0.496095 0.601576 0.025051
0.492579 0.594251 0.027183
0.501864 0.595676 0.027048
0.506862 0.623540 0.019616
0.527477 0.646381 0.015510
0.525852 0.659916 0.013494
0.521914 0.652728 0.014440
0.531367 0.653544 0.014436
0.538171 0.681008 0.011432
0.427778 0.413548 0.231771
0.425794 0.417305 0.218170
0.422274 0.414306 0.225047
0.431281 0.416499 0.224779
0.436581 0.426495 0.198095
0.383303 0.421719 0.180866
0.381301 0.426765 0.168950
0.377671 0.423173 0.174943
0.386925 0.425222 0.174774
0.392235 0.437933 0.151230
0.412451 0.451715 0.133425
0.410495 0.458235 0.122632
0.406841 0.453976 0.128238
0.416104 0.455860 0.127723
0.421467 0.471716 0.106241
0.535985 0.312452 0.397659
0.536308 0.324549 0.393213
0.531273 0.318427 0.395762
0.540986 0.318310 0.395786
0.550948 0.344606 0.381143
0.572445 0.366419 0.361373
0.571428 0.380201 0.343732
0.567703 0.373319 0.352826
0.576031 0.373665 0.352830
0.582690 0.398214 0.315813
0.504255 0.367922 0.358524
0.505509 0.380209 0.341266
0.500990 0.374761 0.349448
0.509071 0.373887 0.350624
0.517984 0.395440 0.315312
0.470354 0.403707 0.289061
0.468825 0.409071 0.273915
0.465252 0.405799 0.281401
0.473955 0.407128 0.281489
0.479631 0.418240 0.251610
0.499461 0.428041 0.229181
0.497964 0.432104 0.215105
0.494245 0.429300 0.222296
0.503182 0.430802 0.221834
0.509366 0.440796 0.194130
0.338123 0.436595 0.136727
0.336167 0.443269 0.126449
0.332484 0.438929 0.131750
0.341807 0.440843 0.131358
0.347191 0.456864 0.110691
0.452839 0.637616 0.015559
0.450857 0.652203 0.013395
0.447229 0.644233 0.014395
0.456456 0.645518 0.014417
0.462116 0.675734 0.011257
0.396676 0.518982 0.057901
0.394668 0.530282 0.050370
0.391079 0.523564 0.054272
0.400263 0.525502 0.053877
0.405299 0.551511 0.039681
0.486544 0.466422 0.128762
0.484695 0.472869 0.117877
0.480973 0.468706 0.123557
0.490277 0.470455 0.122971
0.495841 0.486099 0.101491
0.441715 0.488214 0.090070
0.439710 0.496903 0.080871
0.436075 0.491566 0.085700
0.445360 0.493395 0.085123
0.450524 0.513836 0.067267
0.470430 0.533934 0.054584
0.468204 0.545112 0.047541
0.464698 0.538559 0.051178
0.473944 0.540326 0.050815
0.478657 0.565553 0.037659
0.635812 0.489275 0.120356
0.634239 0.496492 0.109684
0.630372 0.492213 0.115117
0.639706 0.493470 0.114798
0.645741 0.510092 0.094327
0.591209 0.514851 0.082058
0.589147 0.523727 0.073409
0.585486 0.518488 0.077836
0.594894 0.519952 0.077497
0.600019 0.540176 0.061086
0.620229 0.558997 0.049932
0.617929 0.569685 0.043518
0.614352 0.563602 0.046719
0.623812 0.564977 0.046590
0.628705 0.588396 0.034921
0.570291 0.436764 0.226361
0.569703 0.441659 0.211665
0.565554 0.438786 0.219080
0.574478 0.439626 0.218781
0.582202 0.450377 0.190274
0.530164 0.451271 0.173432
0.528740 0.456162 0.161132
0.524865 0.452956 0.167543
0.534070 0.454377 0.166943
0.540304 0.466386 0.142409
0.561090 0.479055 0.123976
0.559346 0.485736 0.113170
0.555552 0.481615 0.118778
0.564904 0.483057 0.118253
0.570652 0.498907 0.097143
0.603522 0.413216 0.288633
0.604357 0.420956 0.271928
0.599782 0.417166 0.280343
0.608121 0.417259 0.280035
0.618331 0.430699 0.247605
0.641149 0.439766 0.224114
0.641410 0.445697 0.209178
0.636845 0.442602 0.216643
0.645794 0.442883 0.216501
0.654866 0.455403 0.187541
0.603791 0.460285 0.169561
0.602743 0.465839 0.157031
0.598685 0.462567 0.163471
0.607897 0.463471 0.163006
0.614742 0.476358 0.138326
0.666526 0.526181 0.080278
0.664581 0.535136 0.071842
0.660845 0.529914 0.076039
0.670291 0.531304 0.075960
0.675697 0.551344 0.060079
0.516228 0.502312 0.085656
0.514166 0.511062 0.076729
0.510537 0.505761 0.081388
0.519877 0.507452 0.080865
0.524930 0.527830 0.063699
0.424839 0.575643 0.030631
0.422551 0.589569 0.025832
0.419117 0.581807 0.028181
0.428279 0.583295 0.028109
0.433029 0.612674 0.019933
0.483656 0.698792 0.010253
0.482516 0.712207 0.009796
0.478224 0.705406 0.009999
0.487881 0.705798 0.010020
0.495983 0.730978 0.009323
0.367494 0.473396 0.094727
0.365530 0.481977 0.085373
0.361864 0.476673 0.090292
0.371157 0.478553 0.089726
0.376531 0.498757 0.071277
0.537952 0.409617 0.289655
0.537391 0.416960 0.273165
0.533512 0.413162 0.281317
0.541862 0.413736 0.281317
0.549254 0.427096 0.249536
0.456742 0.437886 0.178069
0.454991 0.442584 0.165890
0.451289 0.439246 0.172215
0.460459 0.441122 0.171664
0.466118 0.453166 0.147280
0.573281 0.599080 0.028301
0.571075 0.611437 0.024331
0.567449 0.604649 0.026284
0.576890 0.605808 0.026208
0.582217 0.631683 0.019296
0.576552 0.637540 0.017905
0.574879 0.650301 0.015467
0.570933 0.643516 0.016630
0.580437 0.644307 0.016618
0.584404 0.651052 0.015462
0.583021 0.663776 0.013525
0.578908 0.657056 0.014433
0.568989 0.623964 0.020880
0.572739 0.630759 0.019325
0.567066 0.636694 0.017926
0.574742 0.618196 0.022518
0.580527 0.612534 0.024272
0.584202 0.619245 0.022471
0.578453 0.624941 0.020841
0.561639 0.610316 0.024398
0.559542 0.622959 0.020924
0.555859 0.616068 0.022628
0.565291 0.617150 0.022570
0.563273 0.629836 0.019357
0.460576 0.455081 0.141807
0.458709 0.461058 0.130531
0.455021 0.457097 0.136428
0.464272 0.458923 0.135818
0.467974 0.462870 0.129924
0.466101 0.469317 0.119040
0.462403 0.465129 0.124734
0.453190 0.447689 0.154004
0.456884 0.451334 0.147873
0.451338 0.453239 0.142412
0.458698 0.446012 0.159623
0.464182 0.444437 0.165326
0.467907 0.447846 0.159050
0.462407 0.449538 0.153418
0.445811 0.440693 0.166445
0.443982 0.445810 0.154582
0.440307 0.442239 0.160755
0.449499 0.444144 0.160197
0.447660 0.449475 0.148467
0.544575 0.429277 0.242024
0.543737 0.434039 0.227128
0.539783 0.431240 0.234651
0.548562 0.432168 0.234428
0.552581 0.435000 0.226872
0.551742 0.439718 0.212321
0.547722 0.436862 0.219666
0.536695 0.423138 0.257409
0.540619 0.426283 0.249675
0.535863 0.428383 0.242225
0.541305 0.420536 0.265163
0.545801 0.417598 0.273136
0.549782 0.421232 0.265105
0.545260 0.423909 0.257296
0.528953 0.416290 0.273237
0.528112 0.422314 0.257582
0.524283 0.419030 0.265415
0.532806 0.419812 0.265255
0.531972 0.425422 0.249859
0.370919 0.502757 0.067284
0.368977 0.513217 0.059111
0.365303 0.506923 0.063356
0.374587 0.508842 0.062939
0.378241 0.515133 0.058725
0.376279 0.526467 0.051034
0.372638 0.519731 0.055000
0.363569 0.491119 0.076367
0.367245 0.496857 0.071761
0.361623 0.500830 0.067735
0.369196 0.487429 0.080556
0.374821 0.483856 0.084819
0.378483 0.489306 0.080022
0.372863 0.493022 0.075855
0.356227 0.480068 0.085929
0.354260 0.489177 0.076881
0.350585 0.483578 0.081633
0.359897 0.485521 0.081093
0.357941 0.494921 0.072246
0.490819 0.736665 0.009204
0.490431 0.747646 0.009039
0.485687 0.742222 0.009109
0.495516 0.742251 0.009113
0.500275 0.747621 0.009041
0.500083 0.757910 0.008954
0.495232 0.752869 0.008987
0.481640 0.724788 0.009448
0.486190 0.730848 0.009316
0.481007 0.736580 0.009198
0.486913 0.718726 0.009616
0.492218 0.712517 0.009812
0.496653 0.718964 0.009627
0.491406 0.724979 0.009458
0.472823 0.711874 0.009777
0.471881 0.724581 0.009436
0.467457 0.718192 0.009585
0.477181 0.718468 0.009602
0.476401 0.730705 0.009307
0.427325 0.619237 0.018281
0.425133 0.633919 0.015456
0.421545 0.626079 0.016754
0.430889 0.627035 0.016820
0.434456 0.634931 0.015517
0.432356 0.649793 0.013309
0.428737 0.641826 0.014309
0.420265 0.603778 0.021696
0.423779 0.611497 0.019903
0.417978 0.618298 0.018212
0.426015 0.597281 0.023681
0.431728 0.590986 0.025787
0.435199 0.598655 0.023656
0.429509 0.604968 0.021720
0.413348 0.588247 0.025844
0.410964 0.602756 0.021635
0.407523 0.594929 0.023625
0.416787 0.596043 0.023671
0.414449 0.610534 0.019836
0.519145 0.532034 0.060047
0.516874 0.542529 0.052703
0.513353 0.536376 0.056504
0.522680 0.538035 0.056122
0.526204 0.544155 0.052353
0.523896 0.555175 0.045587
0.520387 0.548798 0.049061
0.512028 0.520421 0.068346
0.515595 0.526162 0.064123
0.509820 0.530350 0.060459
0.517774 0.516515 0.072231
0.523506 0.512743 0.076233
0.527115 0.518181 0.071766
0.521362 0.522108 0.067891
0.504832 0.509352 0.077236
0.502702 0.518705 0.068810
0.499114 0.513090 0.073200
0.508441 0.514814 0.072714
0.506271 0.524459 0.064562
0.669876 0.555588 0.056436
0.667666 0.565756 0.049515
0.664027 0.559954 0.052925
0.673535 0.561279 0.052897
0.677186 0.567062 0.049500
0.674937 0.577615 0.043147
0.671302 0.571646 0.046253
0.662526 0.544491 0.063917
0.666206 0.549992 0.060111
0.660378 0.554246 0.056478
0.668300 0.540454 0.067790
0.674040 0.536523 0.071788
0.677773 0.541832 0.067756
0.672005 0.545858 0.063872
0.655126 0.533751 0.071923
0.653050 0.543120 0.063988
0.649372 0.537692 0.067937
0.658832 0.539076 0.067852
0.656719 0.548635 0.060167
0.609380 0.479003 0.132776
0.607836 0.485626 0.121538
0.603962 0.481682 0.127336
0.613283 0.482855 0.126869
0.617167 0.486840 0.121100
0.615537 0.493910 0.110384
0.611693 0.489702 0.115885
0.601499 0.471683 0.144937
0.605455 0.475280 0.138806
0.600071 0.477862 0.133257
0.606773 0.469224 0.150690
0.611974 0.466767 0.156550
0.616019 0.470190 0.150208
0.610772 0.472725 0.144450
0.593501 0.464842 0.157499
0.592214 0.470583 0.145413
0.588245 0.467124 0.151641
0.597514 0.468205 0.151168
0.596158 0.474160 0.139286
0.650149 0.458100 0.180872
0.649603 0.464160 0.167684
0.645343 0.460754 0.174348
0.654478 0.461483 0.174056
0.658766 0.464970 0.167350
0.658009 0.471311 0.154691
0.653825 0.467679 0.161130
0.641371 0.451589 0.194852
0.645780 0.454807 0.187802
0.641045 0.457453 0.181128
0.645936 0.448864 0.201848
0.650403 0.446071 0.209002
0.654969 0.449329 0.201618
0.650422 0.452099 0.194637
0.632436 0.445363 0.209353
0.632331 0.451108 0.195075
0.627919 0.448045 0.202263
0.636922 0.448441 0.202031
0.636706 0.454242 0.188033
0.614249 0.433683 0.240039
0.614525 0.439292 0.224807
0.610026 0.436471 0.232559
0.618821 0.436549 0.232224
0.623374 0.439422 0.224483
0.623477 0.445053 0.209607
0.619009 0.442136 0.217123
0.605060 0.427660 0.255892
0.609657 0.430743 0.247921
0.605511 0.433590 0.240358
0.608996 0.424443 0.263689
0.612803 0.420950 0.271630
0.617530 0.424350 0.263384
0.613665 0.427668 0.255594
0.595942 0.420796 0.272224
0.596478 0.427473 0.256191
0.591994 0.424115 0.264274
0.600479 0.424360 0.263984
0.600991 0.430610 0.248227
0.565003 0.502079 0.092533
0.563020 0.510339 0.083240
0.559333 0.505369 0.088044
0.568714 0.506903 0.087600
0.572409 0.511875 0.082822
0.570339 0.520715 0.074107
0.566689 0.515456 0.078593
0.557527 0.492880 0.102841
0.561273 0.497405 0.097616
0.555627 0.500549 0.093001
0.563128 0.489986 0.107691
0.568709 0.487187 0.112659
0.572501 0.491445 0.107198
0.566897 0.494374 0.102348
0.549994 0.484257 0.113698
0.548166 0.491360 0.103354
0.544416 0.486987 0.108735
0.553766 0.488499 0.108203
0.551905 0.495879 0.098108
0.534830 0.468561 0.136919
0.533107 0.474660 0.125649
0.529324 0.470799 0.131532
0.538630 0.472301 0.130937
0.542425 0.476160 0.125069
0.540654 0.482749 0.114248
0.536885 0.478642 0.119887
0.527197 0.461408 0.149170
0.531022 0.464930 0.143001
0.525536 0.467051 0.137532
0.532608 0.459465 0.154805
0.537968 0.457573 0.160543
0.541857 0.460869 0.154227
0.536462 0.462871 0.148564
0.519512 0.454674 0.161763
0.517930 0.459873 0.149812
0.514109 0.456442 0.156077
0.523359 0.457991 0.155425
0.521741 0.463409 0.143630
0.577201 0.452394 0.183819
0.576179 0.457407 0.170907
0.572114 0.454360 0.177524
0.581310 0.455386 0.177080
0.585398 0.458443 0.170452
0.584246 0.463777 0.157967
0.580224 0.460541 0.164389
0.568949 0.446517 0.197653
0.573078 0.449441 0.190676
0.568033 0.451374 0.184248
0.573866 0.444545 0.204399
0.578683 0.442501 0.211334
0.582896 0.445387 0.204043
0.578036 0.447449 0.197272
0.560717 0.440729 0.211992
0.559864 0.445504 0.198040
0.555793 0.442602 0.205116
0.564825 0.443616 0.204756
0.563947 0.448427 0.191086
0.622829 0.593480 0.032459
0.620586 0.605192 0.027949
0.616963 0.598663 0.030154
0.626444 0.599939 0.030090
0.630071 0.606458 0.027893
0.627884 0.618380 0.024026
0.624223 0.611775 0.025918
0.615631 0.580758 0.037711
0.619225 0.587085 0.034999
0.613352 0.592189 0.032534
0.621513 0.575848 0.040485
0.627398 0.571043 0.043408
0.630990 0.577189 0.040390
0.625104 0.582086 0.037619
0.608472 0.568318 0.043646
0.606168 0.579427 0.037814
0.602591 0.573148 0.040715
0.612047 0.574501 0.040593
0.609755 0.585776 0.035087
0.594184 0.544443 0.057493
0.591898 0.554778 0.050444
0.588332 0.548833 0.054015
0.597761 0.550270 0.053797
0.601332 0.556196 0.050253
0.599023 0.566942 0.043789
0.595460 0.560816 0.047034
0.586994 0.533118 0.065322
0.590595 0.538725 0.061336
0.584760 0.542991 0.057736
0.592789 0.529095 0.069148
0.598560 0.525186 0.073098
0.602206 0.530549 0.068866
0.596412 0.534581 0.065045
0.579739 0.522239 0.073744
0.577582 0.531627 0.065623
0.573970 0.526110 0.069786
0.583375 0.527620 0.069453
0.581179 0.537255 0.061607
0.640146 0.513494 0.089713
0.638250 0.521994 0.080673
0.634510 0.516986 0.085229
0.643915 0.518388 0.085033
0.647668 0.523401 0.080509
0.645681 0.532355 0.072029
0.641975 0.527120 0.076273
0.632551 0.504083 0.099546
0.636357 0.508724 0.094550
0.630750 0.512102 0.089943
0.638090 0.500898 0.104406
0.643586 0.497783 0.109397
0.647449 0.502218 0.104153
0.641924 0.505432 0.099287
0.624889 0.495201 0.110012
0.623178 0.502731 0.099846
0.619366 0.498252 0.105037
0.628729 0.499575 0.104700
0.626973 0.507349 0.094815
0.472905 0.570956 0.034965
0.470628 0.583844 0.029831
0.467164 0.576515 0.032411
0.476373 0.578141 0.032213
0.479844 0.585419 0.029663
0.477579 0.598718 0.025271
0.474094 0.591262 0.027457
0.465960 0.556903 0.041060
0.469436 0.563873 0.037916
0.463702 0.569285 0.035195
0.471697 0.551802 0.044069
0.477446 0.546858 0.047204
0.480937 0.553522 0.043759
0.475181 0.558619 0.040773
0.458975 0.543343 0.047884
0.456754 0.555161 0.041351
0.453264 0.548285 0.044707
0.462473 0.550058 0.044385
0.460233 0.562164 0.038178
0.444838 0.517946 0.063481
0.442708 0.528496 0.055784
0.439158 0.522209 0.059793
0.448396 0.524061 0.059352
0.451939 0.530339 0.055372
0.449761 0.541542 0.048237
0.446243 0.534943 0.051931
0.437668 0.506201 0.072170
0.441262 0.511994 0.067755
0.435591 0.516091 0.063949
0.443332 0.502396 0.076189
0.448993 0.498731 0.080315
0.452611 0.504225 0.075659
0.446937 0.508042 0.071657
0.430433 0.495063 0.081433
0.428406 0.504346 0.072691
0.424790 0.498703 0.077273
0.434058 0.500557 0.076728
0.432007 0.510138 0.068249
0.490208 0.489058 0.096834
0.488227 0.497158 0.087289
0.484563 0.492158 0.092278
0.493888 0.493899 0.091725
0.497555 0.498894 0.086748
0.495505 0.507622 0.077743
0.491875 0.502312 0.082441
0.482812 0.479818 0.107418
0.486514 0.484366 0.102067
0.480886 0.487311 0.097395
0.488415 0.477151 0.112302
0.494009 0.474605 0.117285
0.497738 0.478877 0.111709
0.492132 0.481559 0.106839
0.475392 0.471103 0.118453
0.473502 0.478051 0.107987
0.469802 0.473623 0.113456
0.479103 0.475399 0.112881
0.477197 0.482612 0.102634
0.399666 0.557159 0.036667
0.397400 0.570992 0.030884
0.394001 0.563121 0.033749
0.403123 0.564775 0.033636
0.406543 0.572523 0.030820
0.404128 0.587004 0.025825
0.400766 0.578983 0.028245
0.392640 0.542404 0.043332
0.396172 0.549696 0.039903
0.390548 0.555409 0.036831
0.398234 0.537191 0.046630
0.403834 0.532209 0.050011
0.407388 0.539085 0.046314
0.401779 0.544271 0.043064
0.385487 0.528368 0.050714
0.383486 0.540553 0.043581
0.379896 0.533413 0.047224
0.389076 0.535294 0.046939
0.387042 0.547884 0.040113
0.456562 0.682598 0.010775
0.454902 0.697199 0.010156
0.450980 0.689559 0.010406
0.460478 0.690262 0.010450
0.464468 0.697771 0.010194
0.463142 0.711517 0.009755
0.458952 0.704531 0.009945
0.448952 0.666950 0.011788
0.452718 0.674828 0.011214
0.447129 0.681761 0.010728
0.454541 0.660125 0.012541
0.460126 0.653387 0.013424
0.463859 0.661204 0.012575
0.458292 0.667977 0.011830
0.441619 0.650954 0.013360
0.439641 0.665859 0.011739
0.435988 0.657814 0.012453
0.445254 0.658983 0.012502
0.443348 0.673861 0.011165
0.341547 0.459712 0.106060
0.339568 0.467673 0.096437
0.335899 0.462669 0.101501
0.345216 0.464592 0.100937
0.348886 0.469607 0.095867
0.346911 0.478126 0.086487
0.343238 0.472826 0.091427
0.334205 0.450325 0.116419
0.337877 0.454960 0.111223
0.332231 0.457801 0.106608
0.339845 0.447698 0.121169
0.345485 0.445174 0.126012
0.349161 0.449596 0.120693
0.343519 0.452227 0.115914
0.326847 0.441363 0.126880
0.324889 0.448428 0.116917
0.321209 0.443899 0.122105
0.330528 0.445796 0.121640
0.328562 0.453059 0.111749
0.504096 0.442212 0.187965
0.502611 0.446714 0.175330
0.498781 0.443620 0.181903
0.507943 0.445242 0.181281
0.511798 0.448316 0.174687
0.510281 0.453110 0.162419
0.506446 0.449871 0.168837
0.496468 0.436271 0.201591
0.500269 0.439220 0.194737
0.494964 0.440575 0.188553
0.501727 0.434957 0.208018
0.506942 0.433611 0.214580
0.510745 0.436463 0.207444
0.505530 0.437856 0.201026
0.488974 0.430520 0.215552
0.487401 0.434617 0.202085
0.483665 0.431718 0.208975
0.492701 0.433369 0.208527
0.491168 0.437571 0.195280
0.474379 0.419518 0.244475
0.472674 0.423347 0.230232
0.469065 0.420623 0.237459
0.477994 0.422273 0.237179
0.481630 0.424986 0.229914
0.479967 0.428877 0.215957
0.476306 0.426090 0.223052
0.467189 0.413745 0.259148
0.470777 0.416684 0.251797
0.465475 0.417852 0.244714
0.472413 0.412240 0.266447
0.477564 0.410444 0.273921
0.481182 0.413646 0.266380
0.476016 0.415299 0.259011
0.460058 0.407543 0.273931
0.458338 0.412051 0.259298
0.454793 0.409000 0.266625
0.463614 0.410695 0.266526
0.461900 0.415001 0.251992
0.513642 0.399904 0.306539
0.512951 0.408004 0.289699
0.509174 0.403893 0.298010
0.517494 0.404373 0.298046
0.521315 0.408590 0.289642
0.520488 0.415559 0.273379
0.516716 0.411889 0.281477
0.505774 0.390572 0.323538
0.509751 0.395280 0.315051
0.505359 0.399563 0.306352
0.509835 0.385477 0.332707
0.513669 0.379715 0.342090
0.518034 0.385276 0.333238
0.513978 0.390539 0.324018
0.497425 0.380861 0.340108
0.497551 0.390641 0.322834
0.493522 0.386133 0.330893
0.501671 0.385773 0.331920
0.501495 0.395118 0.314642
0.578708 0.403113 0.306946
0.578944 0.412308 0.289477
0.574771 0.407665 0.298223
0.582844 0.408128 0.298011
0.587107 0.412722 0.289234
0.587563 0.420491 0.272503
0.583210 0.416569 0.280902
0.570873 0.392158 0.325177
0.574731 0.397768 0.316003
0.570700 0.402623 0.307106
0.575120 0.386636 0.334379
0.579546 0.380598 0.343662
0.583095 0.387055 0.334235
0.578848 0.392606 0.325047
0.563242 0.379819 0.343713
0.562855 0.391696 0.325194
0.558977 0.385805 0.334387
0.567066 0.386207 0.334433
0.566742 0.397282 0.316096
0.546458 0.351615 0.375400
0.546680 0.365806 0.361133
0.542158 0.358688 0.368703
0.550993 0.358742 0.368804
0.555281 0.365934 0.361239
0.555037 0.379506 0.343634
0.550961 0.372802 0.352662
0.536796 0.337740 0.385886
0.541710 0.344593 0.381078
0.537413 0.351641 0.375296
0.541299 0.330984 0.389961
0.545952 0.324497 0.393246
0.550840 0.330978 0.389999
0.546195 0.337691 0.385951
0.526694 0.324764 0.393143
0.527428 0.337969 0.385740
0.522298 0.331451 0.389740
0.531775 0.331115 0.389886
0.532486 0.344719 0.380952
0.415849 0.474608 0.101543
0.413878 0.482679 0.091847
0.410229 0.477638 0.096941
0.419502 0.479500 0.096348
0.423152 0.484538 0.091255
0.421161 0.493208 0.081999
0.417523 0.487868 0.086862
0.408539 0.465234 0.112199
0.412194 0.469856 0.106830
0.406578 0.472745 0.102130
0.414152 0.462608 0.117093
0.419761 0.460113 0.122086
0.423420 0.464477 0.116520
0.417809 0.467102 0.111627
0.401226 0.456366 0.123157
0.399266 0.463377 0.112758
0.395609 0.458885 0.118179
0.404882 0.460740 0.117644
0.402922 0.467994 0.107406
0.386613 0.439908 0.145782
0.384643 0.446075 0.134800
0.380988 0.441998 0.140444
0.390266 0.443886 0.140049
0.393918 0.447949 0.134363
0.391952 0.454510 0.123662
0.388297 0.450243 0.129204
0.379312 0.432183 0.157373
0.382962 0.436006 0.151557
0.377333 0.438001 0.146130
0.384941 0.430415 0.163003
0.390559 0.428775 0.168734
0.394202 0.432392 0.162739
0.388587 0.434135 0.157096
0.372027 0.424745 0.169127
0.370025 0.430224 0.157619
0.366377 0.426438 0.163423
0.375666 0.428432 0.163229
0.373678 0.434076 0.151855
0.431122 0.427578 0.191957
0.429300 0.432017 0.179548
0.425640 0.428728 0.185894
0.434780 0.430783 0.185508
0.438450 0.434028 0.179104
0.436635 0.438757 0.166976
0.432966 0.435354 0.173242
0.423871 0.421270 0.205025
0.427483 0.424405 0.198455
0.421994 0.425485 0.192292
0.429355 0.420336 0.211393
0.434827 0.419469 0.217875
0.438408 0.422456 0.211056
0.432954 0.423402 0.204709
0.416753 0.415117 0.218428
0.414776 0.419123 0.205295
0.411218 0.415997 0.211920
0.420292 0.418177 0.211679
0.418371 0.422285 0.198756
0.532842 0.687432 0.010977
0.531893 0.700713 0.010340
0.527531 0.693901 0.010622
0.537173 0.694277 0.010639
0.541578 0.701007 0.010356
0.540864 0.713657 0.009868
0.536340 0.707302 0.010091
0.524440 0.673475 0.011980
0.528595 0.680503 0.011417
0.523241 0.686977 0.010960
0.529871 0.667032 0.012679
0.535337 0.660643 0.013497
0.539390 0.667670 0.012688
0.533976 0.674065 0.011993
0.516387 0.659149 0.013491
0.514919 0.672848 0.011967
0.510887 0.665637 0.012662
0.520370 0.666355 0.012670
0.519036 0.679964 0.011401
0.501183 0.629756 0.018145
0.499267 0.643546 0.015551
0.495533 0.636073 0.016793
0.504883 0.637162 0.016769
0.508647 0.644538 0.015537
0.506939 0.658343 0.013488
0.503066 0.650976 0.014450
0.493923 0.614950 0.021342
0.497532 0.622349 0.019669
0.491861 0.628584 0.018181
0.499644 0.608897 0.023083
0.505396 0.602933 0.024941
0.508963 0.610183 0.022995
0.503232 0.616216 0.021274
0.486822 0.600171 0.025161
0.484645 0.613630 0.021409
0.481096 0.606171 0.023257
0.490355 0.607560 0.023171
0.488233 0.621101 0.019718
0.547326 0.583025 0.033343
0.545051 0.595311 0.028617
0.541496 0.588440 0.030965
0.550877 0.589782 0.030827
0.554443 0.596596 0.028503
0.552222 0.609160 0.024472
0.548622 0.602233 0.026461
0.540264 0.569715 0.038948
0.543790 0.576332 0.036051
0.537957 0.581629 0.033508
0.546107 0.564681 0.041795
0.551954 0.559783 0.044781
0.555482 0.566155 0.041573
0.549631 0.571175 0.038740
0.533234 0.556736 0.045301
0.530913 0.568228 0.039172
0.527404 0.561655 0.042288
0.536747 0.563181 0.042033
0.534429 0.574889 0.036244
0.715461 0.524675 0.088918
0.713762 0.533202 0.080186
0.709901 0.528187 0.084488
0.719358 0.529611 0.084514
0.723236 0.534613 0.080239
0.721430 0.543434 0.071950
0.717606 0.538286 0.076010
0.707618 0.515030 0.098151
0.711548 0.519813 0.093461
0.706024 0.523246 0.088926
0.713062 0.511754 0.102871
0.718464 0.508549 0.107655
0.722469 0.513201 0.102740
0.717029 0.516465 0.098070
0.699709 0.505724 0.108002
0.698219 0.513614 0.098242
0.694291 0.508934 0.103135
0.703671 0.510333 0.102994
0.702130 0.518386 0.093508
0.683685 0.488183 0.129806
0.682406 0.495466 0.118841
0.678411 0.491170 0.124429
0.687720 0.492430 0.124086
0.691734 0.496773 0.118544
0.690347 0.504349 0.108196
0.686386 0.499859 0.113431
0.675527 0.479999 0.141740
0.679623 0.484036 0.135692
0.674394 0.486976 0.130189
0.680639 0.477126 0.147479
0.685677 0.474261 0.153328
0.689882 0.478214 0.147003
0.684787 0.481117 0.141295
0.667225 0.472267 0.154284
0.666270 0.478916 0.142171
0.662157 0.475057 0.148369
0.671395 0.476077 0.147941
0.670348 0.482890 0.136107
0.606879 0.628077 0.020734
0.610674 0.634726 0.019212
0.605040 0.640340 0.017844
0.612618 0.622580 0.022344
0.618401 0.617153 0.024072
0.622100 0.623764 0.022302
0.616363 0.629204 0.020698
0.595539 0.639357 0.017865
0.601184 0.633667 0.019241
0.599460 0.646051 0.016592
0.597399 0.626993 0.020769
0.599451 0.614790 0.024167
0.605268 0.609328 0.026023
0.603140 0.621435 0.022385
0.588453 0.657768 0.014433
0.589946 0.645152 0.016606
0.593932 0.651861 0.015455
0.490131 0.454901 0.151715
0.493894 0.458484 0.145554
0.488363 0.460448 0.140063
0.495607 0.453148 0.157358
0.501047 0.451474 0.163065
0.504858 0.454824 0.156733
0.499393 0.456612 0.151112
0.479088 0.458684 0.140637
0.484623 0.456744 0.146140
0.482814 0.462501 0.134653
0.480877 0.453142 0.152280
0.482595 0.448032 0.164223
0.488028 0.446506 0.170037
0.486363 0.451418 0.157938
0.471681 0.466928 0.124134
0.473536 0.460723 0.135227
0.477253 0.464657 0.129340
0.570887 0.426078 0.256937
0.575123 0.429313 0.249046
0.570698 0.431713 0.241476
0.575118 0.423223 0.264766
0.579219 0.420061 0.272749
0.583543 0.423731 0.264538
0.579401 0.426665 0.256726
0.561992 0.430961 0.241678
0.566509 0.428647 0.249245
0.566127 0.433904 0.234001
0.562354 0.425398 0.257091
0.562549 0.418897 0.273057
0.566732 0.415530 0.281265
0.566692 0.422615 0.264933
0.556633 0.437855 0.219372
0.557341 0.433062 0.234220
0.561435 0.435923 0.226622
0.400658 0.498676 0.074289
0.404281 0.504460 0.069769
0.398671 0.508480 0.065878
0.406274 0.494942 0.078380
0.411897 0.491337 0.082569
0.415528 0.496832 0.077823
0.409901 0.500582 0.073750
0.389440 0.506563 0.066361
0.395047 0.502544 0.070285
0.393067 0.512670 0.062065
0.391407 0.496781 0.074822
0.393375 0.487577 0.083709
0.398992 0.484120 0.088026
0.397020 0.493050 0.078937
0.381875 0.521643 0.054647
0.383838 0.510752 0.062509
0.387469 0.517051 0.058323
0.520737 0.725427 0.009480
0.525385 0.731259 0.009339
0.520270 0.736839 0.009217
0.525917 0.719525 0.009654
0.531119 0.713480 0.009857
0.535684 0.719665 0.009663
0.530523 0.725534 0.009488
0.510451 0.736792 0.009213
0.515580 0.731182 0.009334
0.515181 0.742279 0.009119
0.510955 0.725302 0.009473
0.511652 0.713054 0.009835
0.516926 0.706787 0.010064
0.516156 0.719365 0.009645
0.505086 0.752798 0.008989
0.505349 0.742266 0.009116
0.510119 0.747593 0.009043
0.456994 0.609363 0.021598
0.460524 0.617025 0.019851
0.454889 0.623315 0.018290
0.462665 0.603250 0.023429
0.468365 0.597219 0.025382
0.471866 0.604734 0.023343
0.466182 0.610832 0.021536
0.445724 0.621861 0.018309
0.451349 0.615561 0.019891
0.449268 0.629718 0.016854
0.447834 0.607845 0.021658
0.450018 0.594099 0.025605
0.455717 0.588107 0.027737
0.453492 0.601724 0.023513
0.438028 0.642915 0.014365
0.440106 0.628294 0.016851
0.443651 0.636245 0.015547
0.549420 0.526973 0.066665
0.552998 0.532650 0.062564
0.547189 0.536881 0.058938
0.555193 0.523005 0.070516
0.560950 0.519165 0.074490
0.564576 0.524567 0.070142
0.558795 0.528548 0.066299
0.537828 0.535292 0.059286
0.543631 0.531067 0.062921
0.541370 0.541247 0.055424
0.540056 0.525376 0.067051
0.542207 0.515999 0.075316
0.547934 0.512324 0.079433
0.545823 0.521418 0.070911
0.529720 0.550392 0.048743
0.532019 0.539654 0.055763
0.535546 0.545750 0.052024
0.700474 0.549929 0.063897
0.704208 0.555356 0.060140
0.698404 0.559564 0.056455
0.706221 0.545945 0.067826
0.711934 0.542064 0.071867
0.715723 0.547298 0.067905
0.709981 0.551269 0.063960
0.688888 0.558248 0.056425
0.694697 0.554026 0.060094
0.692572 0.563898 0.052910
0.690978 0.548577 0.063861
0.692972 0.539298 0.071768
0.698657 0.535495 0.075902
0.696731 0.544578 0.067774
0.680832 0.572930 0.046251
0.683050 0.562594 0.052892
0.686713 0.568355 0.049507
0.638537 0.475790 0.143216
0.642554 0.479590 0.137160
0.637260 0.482383 0.131553
0.643709 0.473084 0.149058
0.648806 0.470382 0.155031
0.652930 0.474060 0.148733
0.647778 0.476818 0.142888
0.627972 0.481254 0.131915
0.633289 0.478511 0.137504
0.631902 0.485201 0.126065
0.629289 0.474767 0.143579
0.630402 0.468567 0.155696
0.635467 0.465978 0.161760
0.634486 0.472117 0.149395
0.621035 0.490957 0.115479
0.622596 0.484027 0.126444
0.626491 0.488057 0.120706
0.677708 0.453877 0.193447
0.682242 0.457415 0.186206
0.677564 0.460249 0.179646
0.682216 0.450973 0.200316
0.686619 0.447996 0.207333
0.691309 0.451573 0.199761
0.686825 0.454528 0.192910
0.668408 0.459502 0.180142
0.673104 0.456717 0.186725
0.672796 0.463044 0.173225
0.668591 0.453252 0.193941
0.668474 0.446973 0.208346
0.672820 0.444036 0.215543
0.673118 0.450398 0.200831
0.663015 0.468565 0.160757
0.663628 0.462248 0.173686
0.667946 0.465812 0.166933
0.639656 0.427441 0.255022
0.644564 0.430646 0.247138
0.640581 0.433725 0.239413
0.643402 0.424150 0.262935
0.647011 0.420730 0.270928
0.652130 0.424188 0.262840
0.648416 0.427472 0.254948
0.631762 0.433668 0.239520
0.635772 0.430609 0.247210
0.636473 0.436704 0.231785
0.630935 0.427465 0.255101
0.629778 0.420727 0.271094
0.633345 0.417081 0.279193
0.634717 0.424157 0.262988
0.627916 0.442356 0.216837
0.627629 0.436608 0.231952
0.632248 0.439576 0.224255
0.595044 0.498667 0.100990
0.598816 0.503217 0.095856
0.593175 0.506501 0.091256
0.600630 0.495607 0.105837
0.606180 0.492621 0.110798
0.610000 0.496930 0.105416
0.604426 0.500028 0.100574
0.583781 0.505063 0.091656
0.589427 0.501817 0.096262
0.587504 0.509888 0.086778
0.585662 0.497276 0.101419
0.587451 0.489985 0.111693
0.592991 0.487163 0.116789
0.591256 0.494259 0.106271
0.576083 0.516988 0.078202
0.578107 0.508413 0.087177
0.581806 0.513381 0.082426
0.564303 0.466942 0.146912
0.568207 0.470479 0.140772
0.562753 0.472803 0.135245
0.569667 0.464775 0.152628
0.574978 0.462646 0.158451
0.578961 0.465979 0.152126
0.573611 0.468208 0.146396
0.553432 0.471428 0.135782
0.558891 0.469156 0.141299
0.557266 0.475180 0.129821
0.555010 0.465630 0.147443
0.556445 0.460214 0.159462
0.561726 0.458246 0.165359
0.560381 0.463521 0.153143
0.546213 0.480145 0.119322
0.547941 0.473759 0.130368
0.551750 0.477624 0.124512
0.605221 0.449674 0.196136
0.609496 0.452618 0.189076
0.604624 0.454945 0.182573
0.609931 0.447275 0.202955
0.614530 0.444762 0.209947
0.618926 0.447665 0.202576
0.614265 0.450191 0.195740
0.595495 0.454184 0.182990
0.600407 0.451972 0.189484
0.599657 0.457197 0.176220
0.596169 0.449035 0.196521
0.596612 0.443877 0.210661
0.601199 0.441524 0.217819
0.600925 0.446762 0.203328
0.589462 0.461590 0.163927
0.590491 0.456332 0.176649
0.594601 0.459403 0.170008
0.653599 0.586031 0.037425
0.657221 0.592293 0.034763
0.651322 0.597368 0.032288
0.659503 0.581135 0.040213
0.665406 0.576338 0.043156
0.669034 0.582408 0.040195
0.663128 0.587303 0.037399
0.641809 0.596081 0.032331
0.647698 0.591017 0.034797
0.645434 0.602521 0.029980
0.644084 0.584731 0.037472
0.646370 0.573731 0.043238
0.652265 0.569032 0.046321
0.649982 0.579842 0.040252
0.633710 0.613036 0.025867
0.635933 0.601226 0.030031
0.639563 0.607742 0.027840
0.624697 0.538903 0.064380
0.628327 0.544469 0.060499
0.622493 0.548727 0.056903
0.630486 0.534867 0.068210
0.636246 0.530940 0.072173
0.639925 0.536289 0.068055
0.634138 0.540324 0.064216
0.613048 0.547311 0.057075
0.618884 0.543047 0.060668
0.616641 0.553106 0.053429
0.615263 0.537471 0.064572
0.617394 0.528077 0.072568
0.623131 0.524272 0.076655
0.621054 0.533436 0.068398
0.604901 0.562214 0.046868
0.607197 0.551693 0.053602
0.610776 0.557603 0.050082
0.670056 0.509462 0.098678
0.673919 0.514184 0.093812
0.668352 0.517626 0.089224
0.675545 0.506194 0.103494
0.680988 0.502997 0.108412
0.684917 0.507554 0.103303
0.679441 0.510829 0.098507
0.658944 0.516249 0.089367
0.664521 0.512812 0.093969
0.662743 0.521160 0.084747
0.660674 0.508114 0.098870
0.662279 0.500362 0.108900
0.667704 0.497252 0.113974
0.666176 0.504855 0.103707
0.651404 0.528523 0.076141
0.653326 0.519778 0.084877
0.657093 0.524792 0.080384
0.502959 0.563583 0.039939
0.506449 0.570388 0.036914
0.500651 0.575756 0.034299
0.508762 0.558507 0.042851
0.514572 0.553581 0.045893
0.518074 0.560101 0.042561
0.512258 0.565172 0.039668
0.491378 0.574193 0.034517
0.497163 0.568812 0.037159
0.494863 0.581277 0.031825
0.493679 0.561960 0.040213
0.495975 0.550276 0.046541
0.501765 0.545493 0.049749
0.499469 0.556875 0.043150
0.483323 0.592779 0.027319
0.485605 0.579728 0.032017
0.489087 0.586952 0.029498
0.474781 0.513453 0.070203
0.478354 0.519229 0.065892
0.472626 0.523383 0.062148
0.480487 0.509592 0.074169
0.486185 0.505878 0.078246
0.489796 0.511350 0.073685
0.484079 0.515219 0.069738
0.463354 0.521596 0.062577
0.469068 0.517452 0.066339
0.466900 0.527689 0.058506
0.465491 0.511671 0.070670
0.467573 0.502341 0.079252
0.473244 0.498797 0.083481
0.471186 0.507822 0.074653
0.455464 0.536769 0.051547
0.457643 0.525892 0.058921
0.461179 0.532151 0.054971
0.520136 0.486625 0.105035
0.523856 0.491147 0.099720
0.518217 0.494171 0.095105
0.525739 0.483867 0.109871
0.531323 0.481209 0.114821
0.535075 0.485446 0.109290
0.529476 0.488242 0.104448
0.508876 0.492491 0.095686
0.514515 0.489495 0.100308
0.512561 0.497325 0.090599
0.510797 0.484966 0.105641
0.512661 0.477986 0.116049
0.518236 0.475501 0.121101
0.516404 0.482241 0.110480
0.501203 0.504044 0.081917
0.503222 0.495622 0.091165
0.506889 0.500614 0.086202
0.429228 0.549775 0.042239
0.432724 0.556876 0.038974
0.427061 0.562366 0.036112
0.434887 0.544652 0.045364
0.440558 0.539711 0.048595
0.444069 0.546478 0.045037
0.438390 0.551585 0.041949
0.417923 0.560635 0.036309
0.423576 0.555094 0.039220
0.421389 0.568084 0.033366
0.420073 0.547954 0.042519
0.422184 0.536000 0.049303
0.427830 0.531229 0.052703
0.425715 0.542813 0.045684
0.409943 0.580373 0.028226
0.412253 0.566427 0.033509
0.415691 0.574070 0.030737
0.486487 0.670683 0.011921
0.490469 0.678097 0.011350
0.485009 0.684777 0.010882
0.491992 0.664052 0.012642
0.497517 0.657481 0.013486
0.501427 0.664877 0.012653
0.495939 0.671461 0.011940
0.475503 0.684104 0.010852
0.480993 0.677368 0.011324
0.479542 0.691521 0.010521
0.477061 0.669842 0.011897
0.478760 0.655564 0.013465
0.484329 0.648986 0.014452
0.482586 0.663167 0.012625
0.468581 0.704983 0.009974
0.470000 0.690916 0.010488
0.474053 0.698301 0.010226
0.371426 0.457848 0.114365
0.375085 0.462467 0.109070
0.369459 0.465364 0.104396
0.377050 0.455194 0.119209
0.382674 0.452658 0.124154
0.386331 0.457038 0.118699
0.380709 0.459692 0.113836
0.360166 0.463501 0.104954
0.365798 0.460618 0.109616
0.363830 0.468381 0.099807
0.362135 0.455991 0.114890
0.364102 0.448942 0.125108
0.369732 0.446517 0.130108
0.367765 0.453343 0.119714
0.352557 0.474764 0.090859
0.354529 0.466497 0.100374
0.358197 0.471514 0.095297
0.532684 0.442053 0.199315
0.536633 0.444963 0.192408
0.531473 0.446615 0.186135
0.537765 0.440386 0.205887
0.542780 0.438657 0.212665
0.546774 0.441521 0.205487
0.541735 0.443267 0.198854
0.522350 0.445240 0.186710
0.527545 0.443668 0.192930
0.526255 0.448233 0.180019
0.523636 0.440753 0.199840
0.524867 0.436328 0.213505
0.529917 0.434715 0.220358
0.528760 0.439175 0.206345
0.515657 0.451453 0.168183
0.517100 0.446782 0.180637
0.520983 0.449837 0.174042
0.502246 0.419278 0.258468
0.505943 0.422302 0.250831
0.500899 0.423917 0.243651
0.507174 0.417192 0.265922
0.511999 0.414744 0.273579
0.515740 0.418164 0.265648
0.510891 0.420401 0.258148
0.492101 0.422537 0.243976
0.497220 0.421041 0.251163
0.495768 0.425309 0.236565
0.493557 0.418049 0.258710
0.494906 0.412799 0.273902
0.499797 0.410288 0.281709
0.498570 0.416109 0.266158
0.485287 0.427726 0.222691
0.486899 0.423828 0.236893
0.490561 0.426548 0.229572
0.538582 0.390758 0.324839
0.542557 0.396068 0.315868
0.538341 0.400828 0.306911
0.542700 0.385282 0.334132
0.546798 0.379294 0.343506
0.550862 0.385496 0.334285
0.546719 0.390982 0.325007
0.530142 0.400513 0.306781
0.534404 0.395813 0.315705
0.534052 0.405214 0.298150
0.530403 0.390619 0.324618
0.530225 0.379217 0.343045
0.534123 0.372702 0.352299
0.534498 0.385175 0.333917
0.525128 0.412555 0.281367
0.525789 0.404804 0.298082
0.529651 0.409118 0.289626
0.602398 0.393798 0.324150
0.606421 0.399262 0.314807
0.602729 0.404153 0.306070
0.606332 0.388439 0.333163
0.610310 0.382833 0.342156
0.613882 0.389051 0.332452
0.610143 0.394217 0.323617
0.594715 0.403877 0.306420
0.598527 0.398945 0.315226
0.599040 0.408769 0.297434
0.594610 0.393404 0.324547
0.595279 0.381478 0.343260
0.599755 0.375106 0.352285
0.598693 0.387912 0.333670
0.591478 0.416930 0.280638
0.590931 0.408496 0.297745
0.595298 0.413028 0.288948
0.574415 0.337839 0.386111
0.578610 0.344904 0.381336
0.573587 0.351956 0.375609
0.579398 0.331103 0.390157
0.584298 0.324645 0.393446
0.588455 0.331337 0.390254
0.583604 0.337995 0.386194
0.564544 0.351799 0.375533
0.569436 0.344764 0.381254
0.568640 0.359061 0.368951
0.565012 0.337767 0.386038
0.565264 0.324511 0.393298
0.570195 0.318291 0.395853
0.569942 0.331028 0.390075
0.559338 0.373018 0.352760
0.559813 0.358873 0.368880
0.563865 0.366147 0.361315
0.445632 0.472639 0.109798
0.449306 0.477227 0.104402
0.443688 0.480133 0.099725
0.451232 0.470009 0.114674
0.456822 0.467508 0.119651
0.460513 0.471826 0.114055
0.454915 0.474461 0.109177
0.434404 0.478304 0.100338
0.440022 0.475402 0.105020
0.438062 0.483184 0.095145
0.436355 0.470805 0.110422
0.438286 0.463838 0.120901
0.443875 0.461469 0.125977
0.441958 0.468178 0.115300
0.426796 0.489724 0.086280
0.428780 0.481349 0.095749
0.432430 0.486382 0.090663
0.416339 0.439990 0.156056
0.419993 0.443733 0.150062
0.414402 0.445642 0.144577
0.421907 0.438320 0.161714
0.427451 0.436780 0.167446
0.431114 0.440296 0.161271
0.425565 0.441953 0.155630
0.405148 0.443724 0.145009
0.410751 0.441792 0.150486
0.408799 0.447673 0.139189
0.407100 0.438034 0.156439
0.409035 0.432775 0.168179
0.414597 0.431313 0.174004
0.412686 0.436339 0.162097
0.397571 0.452106 0.128730
0.399536 0.445776 0.139632
0.403187 0.449827 0.133906
0.460169 0.429336 0.203443
0.463861 0.432312 0.196723
0.458457 0.433494 0.190576
0.465564 0.428251 0.209819
0.470945 0.427172 0.216348
0.474617 0.430016 0.209397
0.469247 0.431157 0.202992
0.449343 0.431590 0.191070
0.454763 0.430445 0.197200
0.453036 0.434713 0.184538
0.451094 0.427442 0.203891
0.452886 0.423518 0.217140
0.458304 0.422570 0.223774
0.456510 0.426407 0.210244
0.442127 0.437326 0.172748
0.443907 0.432781 0.185041
0.447594 0.435985 0.178598
0.562689 0.675609 0.012034
0.566992 0.682309 0.011481
0.561730 0.688605 0.011028
0.568052 0.669353 0.012718
0.573458 0.663159 0.013518
0.577636 0.669873 0.012729
0.572293 0.676055 0.012048
0.552087 0.688247 0.011011
0.557370 0.681910 0.011464
0.556496 0.694941 0.010673
0.553101 0.675132 0.012020
0.554361 0.661978 0.013506
0.559839 0.655748 0.014431
0.558480 0.668831 0.012707
0.546062 0.707524 0.010104
0.546829 0.694623 0.010656
0.551273 0.701277 0.010371
0.531308 0.619738 0.021080
0.534988 0.626845 0.019472
0.529306 0.632956 0.018037
0.537050 0.613806 0.022758
0.542822 0.607975 0.024552
0.546445 0.614954 0.022690
0.540700 0.620846 0.021024
0.519911 0.631928 0.018071
0.525594 0.625776 0.019517
0.523660 0.639171 0.016720
0.521931 0.618598 0.021140
0.524074 0.605514 0.024732
0.529865 0.599701 0.026670
0.527670 0.612628 0.022832
0.512480 0.651873 0.014445
0.514262 0.638186 0.016744
0.518052 0.645479 0.015523
0.577837 0.575398 0.038204
0.581403 0.581834 0.035415
0.575542 0.587047 0.032921
0.583709 0.570415 0.041004
0.589584 0.565556 0.043949
0.593146 0.571786 0.040852
0.587270 0.576749 0.038060
0.566119 0.585735 0.033050
0.571974 0.580503 0.035552
0.569691 0.592385 0.030582
0.568417 0.574019 0.038367
0.570738 0.562728 0.044328
0.576604 0.557977 0.047425
0.574283 0.569026 0.041175
0.558026 0.603456 0.026369
0.560275 0.591098 0.030699
0.563853 0.597853 0.028397
0.745350 0.520898 0.097806
0.749343 0.525676 0.093310
0.743838 0.529035 0.088928
0.750784 0.517684 0.102304
0.756185 0.514539 0.106826
0.760246 0.519207 0.102160
0.754811 0.522403 0.097724
0.734371 0.527573 0.088915
0.739879 0.524193 0.093340
0.738295 0.532485 0.084589
0.735899 0.519405 0.097894
0.737296 0.511502 0.107255
0.742659 0.508389 0.111948
0.741333 0.516173 0.102451
0.727092 0.539681 0.076087
0.728823 0.531045 0.084544
0.732714 0.536032 0.080305
0.712595 0.484726 0.139901
0.716774 0.489019 0.133975
0.711587 0.492021 0.128667
0.717666 0.481766 0.145453
0.722680 0.478817 0.151085
0.726991 0.483079 0.144809
0.721909 0.486041 0.139355
0.702278 0.490703 0.129048
0.707467 0.487704 0.134431
0.706351 0.495049 0.123427
0.703315 0.483476 0.140382
0.704139 0.476421 0.152298
0.709075 0.473496 0.158190
0.708384 0.480524 0.146012
0.695730 0.501204 0.113184
0.697032 0.493723 0.123751
0.701065 0.498107 0.118262
0.695524 0.468524 0.165381
0.699853 0.472421 0.158755
0.694905 0.475318 0.152821
0.700325 0.465631 0.171595
0.705038 0.462709 0.177942
0.709511 0.466588 0.170985
0.704722 0.469513 0.164810
0.729151 0.502328 0.117378
0.733234 0.506886 0.112228
0.727870 0.510011 0.107461
0.734439 0.499292 0.122304
0.739691 0.496289 0.127267
0.743854 0.500788 0.121868
0.738562 0.503816 0.117032
0.563655 0.550387 0.051148
0.567197 0.556512 0.047654
0.561338 0.561269 0.044546
0.569505 0.545884 0.054519
0.575347 0.541507 0.058006
0.578912 0.547376 0.054254
0.573056 0.551881 0.050892
0.516976 0.591290 0.029019
0.520511 0.598394 0.026787
0.514725 0.604242 0.024833
0.522785 0.585674 0.031277
0.528603 0.580208 0.033686
0.532133 0.587070 0.031115
0.526317 0.592658 0.028874
0.546382 0.648066 0.015488
0.550330 0.655054 0.014432
0.544840 0.661330 0.013501
0.551967 0.641897 0.016660
0.557596 0.635817 0.017950
0.561440 0.642727 0.016644
0.555862 0.648849 0.015480
0.445737 0.417825 0.231199
0.449295 0.420663 0.224132
0.443855 0.421550 0.217522
0.451164 0.416987 0.238030
0.456555 0.416062 0.244960
0.460119 0.418863 0.237744
0.454723 0.419776 0.230881
0.401748 0.425864 0.180478
0.405387 0.429289 0.174304
0.399804 0.430777 0.168477
0.407310 0.424576 0.186484
0.412851 0.423385 0.192577
0.416484 0.426654 0.186214
0.410948 0.427917 0.180218
0.430958 0.455499 0.132363
0.434619 0.459613 0.126592
0.429024 0.461982 0.121509
0.436540 0.453379 0.137642
0.442107 0.451373 0.143011
0.445778 0.455249 0.137040
0.440204 0.457372 0.131767
0.555554 0.312401 0.397678
0.560450 0.318298 0.395822
0.555602 0.324499 0.393274
0.560431 0.306821 0.398910
0.565329 0.301542 0.399560
0.570260 0.306799 0.398934
0.565352 0.312393 0.397692
0.589074 0.367138 0.361319
0.592111 0.374496 0.352606
0.587505 0.381008 0.343516
0.594010 0.360121 0.368952
0.598811 0.353242 0.375601
0.601643 0.360910 0.368711
0.596881 0.367720 0.361122
0.520878 0.366305 0.360268
0.525697 0.372888 0.351941
0.521925 0.379390 0.342646
0.524526 0.359078 0.368200
0.528392 0.351853 0.375081
0.533326 0.358781 0.368522
0.529448 0.365938 0.360707
0.487573 0.405760 0.289502
0.491244 0.409347 0.281694
0.486263 0.411679 0.273935
0.492379 0.402740 0.297642
0.497020 0.399187 0.306020
0.500813 0.403349 0.297893
0.496102 0.406593 0.289674
0.517199 0.430743 0.228223
0.521013 0.433514 0.220806
0.515907 0.435022 0.214025
0.522213 0.429174 0.235284
0.527143 0.427419 0.242493
0.531002 0.430250 0.234929
0.526050 0.431933 0.227785
0.356769 0.440424 0.136011
0.360437 0.444639 0.130543
0.354800 0.447066 0.125567
0.362407 0.438203 0.141177
0.368043 0.436086 0.146457
0.371703 0.440106 0.140819
0.366072 0.442319 0.135625
0.471314 0.640177 0.015570
0.475005 0.647893 0.014446
0.469428 0.654509 0.013447
0.476931 0.633713 0.016830
0.482570 0.627354 0.018213
0.486216 0.634924 0.016814
0.480599 0.641365 0.015568
0.415069 0.522855 0.057038
0.418634 0.529344 0.053090
0.413006 0.534115 0.049656
0.420704 0.518452 0.060685
0.426351 0.514219 0.064421
0.429928 0.520341 0.060237
0.424275 0.524755 0.056617
0.505159 0.469846 0.127539
0.508913 0.473856 0.121737
0.503332 0.476311 0.116675
0.510711 0.467619 0.132808
0.516240 0.465478 0.138175
0.520018 0.469237 0.132161
0.514475 0.471500 0.126897
0.460298 0.491845 0.088908
0.463942 0.497017 0.084005
0.458280 0.500548 0.079772
0.465940 0.488621 0.093374
0.471573 0.485544 0.097950
0.475246 0.490399 0.092824
0.469599 0.493633 0.088358
0.488968 0.537442 0.053822
0.492477 0.543794 0.050101
0.486703 0.548581 0.046870
0.494737 0.532964 0.057297
0.500505 0.528638 0.060879
0.504039 0.534682 0.056899
0.498257 0.539162 0.053446
0.654442 0.491712 0.119760
0.658367 0.495982 0.114251
0.652930 0.499071 0.109144
0.659798 0.488740 0.125115
0.665103 0.485802 0.130568
0.669102 0.489942 0.124779
0.663760 0.492942 0.119465
0.610020 0.517725 0.081395
0.613717 0.522837 0.076900
0.607975 0.526635 0.072816
0.615705 0.514163 0.085740
0.621357 0.510707 0.090213
0.625106 0.515576 0.085465
0.619428 0.519152 0.081117
0.639162 0.561753 0.049693
0.642765 0.567700 0.046386
0.636877 0.572393 0.043313
0.645031 0.557270 0.053048
0.650885 0.552896 0.056542
0.654523 0.558619 0.052977
0.648649 0.563107 0.049610
0.587977 0.438154 0.225785
0.592292 0.441007 0.218151
0.587651 0.443243 0.211001
0.592446 0.435829 0.233198
0.596786 0.433324 0.240671
0.601231 0.436228 0.232884
0.596820 0.438676 0.225473
0.548534 0.453906 0.172354
0.552495 0.457012 0.165865
0.547201 0.458918 0.159992
0.553733 0.452101 0.178448
0.558873 0.450283 0.184688
0.562916 0.453264 0.177980
0.557734 0.455134 0.171856
0.579798 0.481814 0.122953
0.583631 0.485837 0.117256
0.578080 0.488606 0.112165
0.585295 0.479220 0.128283
0.590752 0.476673 0.133732
0.594634 0.480475 0.127807
0.589151 0.483130 0.122471
0.620049 0.413216 0.287910
0.624876 0.417099 0.279389
0.621261 0.420815 0.271312
0.623505 0.409054 0.296233
0.626854 0.404739 0.304624
0.631754 0.409204 0.295879
0.628374 0.413220 0.287591
0.659039 0.440304 0.223718
0.663779 0.443607 0.215980
0.659423 0.446498 0.208734
0.663208 0.437316 0.231201
0.667257 0.434237 0.238757
0.672192 0.437614 0.230791
0.668037 0.440653 0.223345
0.622134 0.461842 0.168665
0.626284 0.465141 0.162120
0.621191 0.467666 0.156095
0.627085 0.459354 0.174948
0.631945 0.456827 0.181400
0.636214 0.460048 0.174624
0.631294 0.462606 0.168292
0.685403 0.528976 0.080150
0.689197 0.534095 0.075891
0.683504 0.537911 0.071763
0.691023 0.525353 0.084501
0.696598 0.521825 0.088956
0.700458 0.526767 0.084480
0.694849 0.530382 0.080132
0.534921 0.505604 0.084616
0.538573 0.510727 0.079886
0.532852 0.514384 0.075762
0.540601 0.502234 0.088993
0.546262 0.498995 0.093490
0.549961 0.503813 0.088507
0.544276 0.507204 0.084134
0.443120 0.578909 0.030347
0.446566 0.586475 0.027880
0.440877 0.592506 0.025710
0.448815 0.573160 0.032820
0.454518 0.567584 0.035430
0.457979 0.574855 0.032614
0.452267 0.580585 0.030175
0.502909 0.699661 0.010293
0.507232 0.706489 0.010051
0.501930 0.712800 0.009824
0.508286 0.693062 0.010588
0.513657 0.686488 0.010942
0.517901 0.693497 0.010605
0.512558 0.700040 0.010309
0.386064 0.477099 0.093591
0.389721 0.482261 0.088598
0.384102 0.485717 0.084267
0.391684 0.473924 0.098105
0.397304 0.470890 0.102709
0.400959 0.475774 0.097528
0.395340 0.478947 0.093018
0.554436 0.410646 0.289745
0.558464 0.414910 0.281324
0.554184 0.418238 0.273112
0.558586 0.406579 0.298362
0.562664 0.402095 0.307156
0.566695 0.407136 0.298342
0.562630 0.411222 0.289739
0.475067 0.441545 0.177000
0.478828 0.444745 0.170576
0.473382 0.446251 0.164769
0.480466 0.440191 0.182987
0.485834 0.438872 0.189079
0.489622 0.441932 0.182466
0.484242 0.443313 0.176473
0.592178 0.601492 0.028142
0.595802 0.608137 0.026080
0.589985 0.613650 0.024218
0.598028 0.596139 0.030301
0.603885 0.590901 0.032617
0.607490 0.597397 0.030224
0.601640 0.602711 0.028073
0.686721 0.461027 0.179111
0.686329 0.467580 0.165925
0.681972 0.463866 0.172711
0.691147 0.464727 0.172168
0.690640 0.471397 0.159293
0.720923 0.493393 0.128246
0.719764 0.500879 0.117701
0.715684 0.496415 0.123091
0.725047 0.497831 0.122715
0.723827 0.505410 0.112494
0.556561 0.538448 0.058609
0.554271 0.548866 0.051423
0.550734 0.542817 0.055104
0.560112 0.544362 0.054803
0.557804 0.555020 0.047900
0.509947 0.577279 0.034084
0.507654 0.589888 0.029174
0.504146 0.582785 0.031636
0.513455 0.584250 0.031451
0.511176 0.597057 0.026914
0.538717 0.633947 0.018005
0.536920 0.647244 0.015498
0.533077 0.640119 0.016698
0.542512 0.641028 0.016678
0.540839 0.654318 0.014434
0.438695 0.412066 0.245451
0.436755 0.415736 0.231502
0.433252 0.412821 0.238575
0.442205 0.414975 0.238312
0.440287 0.418641 0.224476
0.394519 0.419141 0.193004
0.392532 0.423799 0.180695
0.388920 0.420378 0.186888
0.398123 0.422486 0.186708
0.396163 0.427260 0.174560
0.423646 0.447569 0.144111
0.421707 0.453612 0.132916
0.418054 0.449581 0.138718
0.427300 0.451488 0.138206
0.425363 0.457744 0.127177
0.545648 0.301562 0.399541
0.545765 0.312407 0.397663
0.540789 0.306840 0.398896
0.550609 0.306828 0.398901
0.550716 0.318297 0.395804
0.582460 0.352179 0.375670
0.580909 0.366734 0.361380
0.577415 0.359298 0.369010
0.585927 0.359619 0.369025
0.584199 0.374042 0.352765
0.510688 0.353125 0.374112
0.512441 0.366941 0.359589
0.507392 0.360593 0.366845
0.515827 0.359643 0.367687
0.517318 0.373270 0.351416
0.480169 0.398206 0.305025
0.478984 0.404808 0.289273
0.475336 0.401199 0.296931
0.483882 0.402041 0.297291
0.482625 0.408305 0.281598
0.509666 0.425197 0.243247
0.508338 0.429446 0.228710
0.504603 0.426704 0.236163
0.513415 0.427996 0.235710
0.512104 0.432212 0.221314
0.349411 0.432222 0.147026
0.347449 0.438515 0.136375
0.343765 0.434359 0.141816
0.353093 0.436288 0.141508
0.351126 0.442749 0.130957
0.464085 0.624717 0.018268
0.462060 0.638928 0.015567
0.458457 0.631107 0.016850
0.467678 0.632440 0.016842
0.465715 0.646737 0.014434
0.407892 0.510412 0.065384
0.405869 0.520929 0.057466
0.402278 0.514608 0.061602
0.411488 0.516542 0.061139
0.409445 0.527435 0.053480
0.497649 0.462169 0.139461
0.495847 0.468153 0.128162
0.492104 0.464247 0.134066
0.501404 0.465953 0.133450
0.499590 0.472172 0.122364
0.452977 0.481953 0.099115
0.451004 0.490035 0.089483
0.447350 0.485009 0.094542
0.456642 0.486824 0.093948
0.454649 0.495214 0.084555
0.481909 0.525153 0.061723
0.479692 0.535698 0.054201
0.476168 0.529466 0.058100
0.485447 0.531225 0.057697
0.483203 0.542072 0.050456
0.646540 0.483514 0.131227
0.645127 0.490493 0.120047
0.641203 0.486377 0.125729
0.650500 0.487555 0.125422
0.649037 0.494724 0.114517
0.602570 0.507909 0.090875
0.600614 0.516293 0.081711
0.596904 0.511327 0.086405
0.606306 0.512747 0.086053
0.604304 0.521397 0.077181
0.631946 0.550134 0.056755
0.629690 0.560381 0.049802
0.626093 0.554508 0.053279
0.635557 0.555897 0.053150
0.633283 0.566346 0.046478
0.579388 0.432369 0.241237
0.579137 0.437513 0.226081
0.574908 0.434653 0.233760
0.583674 0.435301 0.233489
0.583388 0.440372 0.218470
0.540596 0.447903 0.185617
0.539347 0.452622 0.172873
0.535409 0.449595 0.179451
0.544566 0.450878 0.178934
0.543278 0.455723 0.166390
0.572086 0.474139 0.134723
0.570441 0.480452 0.123457
0.566602 0.476566 0.129292
0.575950 0.477915 0.128778
0.574266 0.484466 0.117746
0.610758 0.404357 0.305655
0.611779 0.413270 0.288297
0.607176 0.408943 0.297083
0.615333 0.409004 0.296679
0.616486 0.417195 0.279706
0.649433 0.433839 0.239300
0.650077 0.440004 0.223967
0.645349 0.436848 0.231674
0.654259 0.437052 0.231497
0.654769 0.443217 0.216299
0.613740 0.455603 0.182140
0.612970 0.461083 0.169100
0.608812 0.457973 0.175780
0.617953 0.458666 0.175336
0.617095 0.464309 0.162536
0.677764 0.519014 0.089105
0.675962 0.527576 0.080199
0.672166 0.522549 0.084635
0.681591 0.523947 0.084552
0.679741 0.532699 0.075910
0.527561 0.495816 0.094540
0.525572 0.503977 0.085123
0.521903 0.498999 0.090039
0.531250 0.500635 0.089502
0.529222 0.509105 0.080363
0.436203 0.564103 0.035899
0.433981 0.577254 0.030502
0.430528 0.569755 0.033204
0.439667 0.571450 0.033021
0.437426 0.584853 0.028008
0.494537 0.685398 0.010906
0.493275 0.699246 0.010275
0.489104 0.692080 0.010548
0.498686 0.692592 0.010570
0.497551 0.706159 0.010037
0.378745 0.467210 0.103837
0.376782 0.475253 0.094159
0.373120 0.470240 0.099240
0.382405 0.472083 0.098674
0.380443 0.480410 0.089163
0.546494 0.401184 0.307031
0.546214 0.410117 0.289706
0.542273 0.405628 0.298238
0.550450 0.406076 0.298319
0.550178 0.414309 0.281332
0.467577 0.435338 0.190075
0.465900 0.439739 0.177531
0.462171 0.436590 0.184018
0.471315 0.438414 0.183500
0.469638 0.442954 0.171115
0.584981 0.588333 0.032809
0.582726 0.600284 0.028217
0.579126 0.593641 0.030477
0.588573 0.594888 0.030385
0.586342 0.606965 0.026141
0.736583 0.541071 0.076189
0.730928 0.544802 0.072053
0.742199 0.537448 0.080393
0.725231 0.548640 0.068001
0.719498 0.552589 0.064047
0.758816 0.527167 0.093292
0.753314 0.530501 0.088956
0.764282 0.523917 0.097650
0.747776 0.533926 0.084653
0.555791 0.707723 0.010117
0.550616 0.713815 0.009879
0.560978 0.701523 0.010386
0.545456 0.719787 0.009672
0.540314 0.725625 0.009495
0.576626 0.682705 0.011497
0.571386 0.688937 0.011046
0.581903 0.676540 0.012062
0.566176 0.695231 0.010690
0.344935 0.487196 0.077397
0.462126 0.724360 0.009422
0.401614 0.601888 0.021538
0.643204 0.614318 0.025820
0.637372 0.619641 0.023978
0.649070 0.609020 0.027799
0.631587 0.624984 0.022259
0.625852 0.630374 0.020661
0.666756 0.593538 0.034749
0.660851 0.598619 0.032266
0.672667 0.588547 0.037395
0.654953 0.603782 0.029948
0.690371 0.574195 0.046272
0.684479 0.578871 0.043159
0.696247 0.569634 0.049537
0.678576 0.583657 0.040198
0.713731 0.556664 0.060214
0.707931 0.560866 0.056513
0.702102 0.565190 0.052952
0.430290 0.664883 0.011677
0.514938 0.752744 0.008990
0.509940 0.757813 0.008954
0.519962 0.747576 0.009045
0.504974 0.762805 0.008938
0.500038 0.767734 0.008940
0.535191 0.731324 0.009345
0.530091 0.736879 0.009221
0.525015 0.742293 0.009121
0.374295 0.538724 0.043799
0.598001 0.658541 0.014432
0.592588 0.664451 0.013530
0.603463 0.652726 0.015448
0.587223 0.670452 0.012740
0.620169 0.635834 0.019181
0.614545 0.641376 0.017821
0.608977 0.647005 0.016577
0.326580 0.460757 0.102055
0.322913 0.455904 0.107147
0.330246 0.465743 0.097002
0.319243 0.451170 0.112267
0.315565 0.446548 0.117406
0.341257 0.481599 0.082175
0.337584 0.476155 0.087049
0.333914 0.470872 0.091997
0.441504 0.688805 0.010357
0.437722 0.680869 0.010674
0.445355 0.696586 0.010113
0.433991 0.672878 0.011107
0.457740 0.717899 0.009566
0.453471 0.711139 0.009729
0.449337 0.704047 0.009911
0.384882 0.561470 0.033845
0.381420 0.553674 0.036971
0.388266 0.569466 0.030931
0.377887 0.546093 0.040294
0.398231 0.593923 0.023546
0.394897 0.585829 0.025777
0.391591 0.577622 0.028242
0.412074 0.625421 0.016654
0.408532 0.617610 0.018106
0.415660 0.633245 0.015363
0.405047 0.609773 0.019730
0.426606 0.656913 0.012385
0.422936 0.648984 0.013233
0.419284 0.641097 0.014225
0.475859 0.742179 0.009104
0.471197 0.736482 0.009191
0.480589 0.747655 0.009035
0.466616 0.730549 0.009297
0.495112 0.762942 0.008938
0.490224 0.758015 0.008953
0.485380 0.752927 0.008985
0.355990 0.504971 0.063771
0.352305 0.498862 0.068188
0.359673 0.511286 0.059487
0.348619 0.492942 0.072732
0.370667 0.531554 0.047480
0.367016 0.524583 0.051330
0.363349 0.517823 0.055337
