0.586546 0.595951 0.022435
0.585243 0.607061 0.019455
0.581034 0.601121 0.021033
0.461890 0.437930 0.152155
0.460357 0.443708 0.141379
0.456417 0.440045 0.146771
0.543092 0.390930 0.248255
0.543145 0.400692 0.235261
0.538430 0.395840 0.241836
0.372410 0.481873 0.079045
0.370526 0.490738 0.071634
0.366749 0.485368 0.075483
0.501270 0.682539 0.010032
0.500914 0.694032 0.009626
0.496184 0.688127 0.009815
0.432971 0.578610 0.027961
0.431355 0.590651 0.024189
0.427415 0.583828 0.026174
0.523058 0.506542 0.070708
0.521230 0.515681 0.063130
0.517421 0.510464 0.067206
0.675452 0.521586 0.057576
0.673992 0.530782 0.051289
0.669908 0.525711 0.054766
0.611530 0.451702 0.138770
0.610160 0.458538 0.127803
0.606199 0.454890 0.134019
0.653095 0.425966 0.178854
0.652298 0.432755 0.166608
0.648029 0.429255 0.173772
0.617690 0.393283 0.239814
0.617522 0.402757 0.226066
0.613086 0.398079 0.233868
0.567985 0.477603 0.102470
0.566232 0.485408 0.093017
0.562411 0.481006 0.098198
0.536965 0.447020 0.148704
0.535452 0.453212 0.137469
0.531547 0.449634 0.143426
0.579078 0.425287 0.193712
0.578137 0.431640 0.181159
0.574000 0.428331 0.188063
0.630986 0.556615 0.037164
0.629513 0.566836 0.032441
0.625413 0.561308 0.034995
0.598911 0.514636 0.064268
0.597263 0.523873 0.057215
0.593319 0.518769 0.061083
0.643346 0.483653 0.092656
0.641794 0.491884 0.083992
0.637841 0.487349 0.088883
0.477898 0.540077 0.045917
0.476086 0.550649 0.040340
0.472250 0.544611 0.043321
0.447712 0.495433 0.075642
0.445798 0.504477 0.067950
0.442055 0.499108 0.071991
0.492912 0.469021 0.109208
0.491054 0.476504 0.099599
0.487292 0.472041 0.104656
0.402470 0.527086 0.049884
0.400593 0.537598 0.044102
0.396830 0.531365 0.047176
0.465485 0.632379 0.015296
0.464456 0.644496 0.013526
0.460132 0.637973 0.014435
0.341761 0.442756 0.112182
0.340011 0.450289 0.103780
0.336134 0.445560 0.107938
0.504329 0.420777 0.198613
0.503433 0.426507 0.186591
0.499219 0.423273 0.192654
0.467705 0.390266 0.244749
0.467852 0.398128 0.232836
0.463146 0.394170 0.238246
0.502683 0.340637 0.291511
0.503206 0.353722 0.283410
0.498132 0.347455 0.287530
0.580900 0.340027 0.291358
0.580917 0.353450 0.283138
0.576092 0.346618 0.287762
0.541212 0.295284 0.303038
0.541244 0.305249 0.302747
0.536291 0.300233 0.302967
0.417574 0.456933 0.112051
0.415759 0.464317 0.102860
0.411954 0.459730 0.107501
0.386293 0.423981 0.150826
0.384744 0.429939 0.140710
0.380795 0.425940 0.145572
0.428978 0.411062 0.195996
0.428026 0.416063 0.184905
0.423816 0.412654 0.190194
0.542974 0.638499 0.014000
0.542098 0.649941 0.012511
0.537653 0.643925 0.013292
0.509295 0.588947 0.025122
0.507848 0.600461 0.021754
0.503751 0.594165 0.023536
0.554050 0.549657 0.041528
0.552403 0.560078 0.036341
0.548432 0.554335 0.039137
0.719659 0.490667 0.081587
0.718266 0.499122 0.074177
0.714155 0.494371 0.078478
0.686796 0.455536 0.124284
0.685515 0.463055 0.114268
0.681422 0.458950 0.120167
0.590737 0.601854 0.020729
0.465849 0.441492 0.146667
0.547867 0.396157 0.241580
0.376187 0.487147 0.075101
0.505966 0.688472 0.009770
0.436895 0.585339 0.025845
0.526865 0.511654 0.066492
0.679536 0.526605 0.053992
0.615515 0.455295 0.132425
0.657428 0.429505 0.171581
0.622156 0.398315 0.231878
0.571822 0.481894 0.097171
0.540893 0.450521 0.142613
0.583264 0.428678 0.186740
0.635080 0.562079 0.034495
0.602853 0.519661 0.060268
0.647318 0.488126 0.087640
0.481728 0.546020 0.042816
0.451456 0.500689 0.071478
0.496691 0.473364 0.104043
0.406227 0.533206 0.046705
0.469773 0.638892 0.014300
0.345642 0.447404 0.107935
0.508606 0.424096 0.192521
0.472483 0.394459 0.239264
0.507753 0.346877 0.287915
0.585681 0.346747 0.287312
0.546148 0.300228 0.302970
0.421392 0.461406 0.107313
0.390257 0.427882 0.145878
0.433242 0.414459 0.190707
0.547380 0.644517 0.013143
0.513372 0.595180 0.023208
0.558016 0.555323 0.038613
0.723784 0.495394 0.077168
0.690908 0.459600 0.118253
0.681356 0.486887 0.087166
0.685402 0.491498 0.082411
0.679889 0.495264 0.079089
0.686842 0.483208 0.090649
0.703215 0.472388 0.101346
0.707318 0.476840 0.096105
0.701858 0.480452 0.092623
0.714035 0.525325 0.054332
0.718166 0.530314 0.050970
0.712624 0.534394 0.048443
0.719575 0.521354 0.056983
0.736185 0.509774 0.065087
0.740328 0.514621 0.061395
0.734791 0.518462 0.058756
0.547829 0.592769 0.023748
0.551971 0.598809 0.021943
0.546465 0.604055 0.020579
0.553369 0.587631 0.025349
0.570067 0.572557 0.030767
0.574143 0.578367 0.028457
0.568580 0.583395 0.026675
0.504141 0.635776 0.014657
0.508503 0.642000 0.013733
0.503197 0.647532 0.013035
0.509517 0.630273 0.015499
0.525823 0.613899 0.018426
0.530045 0.620127 0.017150
0.524613 0.625569 0.016201
0.540379 0.683966 0.009803
0.545117 0.689709 0.009571
0.540097 0.695136 0.009461
0.545461 0.678522 0.010041
0.560881 0.662269 0.011106
0.565473 0.668081 0.010596
0.560340 0.673471 0.010254
0.424115 0.431549 0.151972
0.428092 0.435252 0.146776
0.422596 0.437308 0.141535
0.429568 0.429679 0.157408
0.445773 0.424375 0.174365
0.449853 0.427677 0.168794
0.444449 0.429503 0.163111
0.379727 0.450007 0.112269
0.383580 0.454555 0.107787
0.377948 0.457448 0.103448
0.385338 0.447315 0.116826
0.402075 0.439903 0.131227
0.405982 0.444043 0.126401
0.400404 0.446502 0.121566
0.410102 0.488849 0.077527
0.413850 0.494139 0.073447
0.408191 0.497820 0.069926
0.415762 0.485357 0.081288
0.432728 0.475397 0.093314
0.436481 0.480256 0.088765
0.430826 0.483597 0.084751
0.541700 0.339940 0.291975
0.546710 0.346484 0.288304
0.541989 0.353112 0.284076
0.546487 0.333606 0.295062
0.561092 0.315825 0.301137
0.566106 0.321478 0.299571
0.561203 0.327442 0.297580
0.580848 0.392176 0.245806
0.585437 0.397463 0.238474
0.580673 0.402132 0.232380
0.585569 0.386719 0.252126
0.599602 0.367963 0.270606
0.604156 0.374979 0.263505
0.599534 0.381142 0.257313
0.505184 0.390326 0.247875
0.510058 0.395197 0.241676
0.505402 0.399551 0.235239
0.509700 0.385105 0.254513
0.523099 0.366491 0.273755
0.528204 0.373042 0.267895
0.523711 0.379304 0.261458
0.466705 0.416923 0.197912
0.471005 0.420200 0.192290
0.465808 0.422198 0.186354
0.471772 0.414692 0.203908
0.486524 0.406463 0.222268
0.491076 0.410221 0.216454
0.486167 0.413096 0.210339
0.499531 0.443099 0.151220
0.503470 0.446609 0.145392
0.498004 0.449049 0.140170
0.504950 0.440768 0.156667
0.521025 0.433705 0.173769
0.525051 0.436940 0.167417
0.519699 0.439373 0.161710
0.334558 0.474662 0.080403
0.338365 0.479923 0.076585
0.332682 0.483420 0.073194
0.340229 0.471320 0.083970
0.357198 0.461716 0.095344
0.361020 0.466626 0.091205
0.355365 0.469842 0.087378
0.462266 0.680647 0.010226
0.466896 0.686857 0.009937
0.461816 0.692541 0.009762
0.467401 0.674963 0.010548
0.482965 0.658035 0.011920
0.487466 0.664275 0.011317
0.482283 0.669895 0.010872
0.395212 0.571963 0.029340
0.399069 0.578979 0.027125
0.393517 0.584401 0.025342
0.400781 0.566829 0.031336
0.417565 0.552177 0.037877
0.421380 0.558688 0.035189
0.415782 0.563581 0.033032
0.485353 0.501373 0.073453
0.489120 0.506561 0.069230
0.483464 0.510463 0.065759
0.491009 0.497665 0.077180
0.507962 0.487011 0.089023
0.511721 0.491755 0.084239
0.506076 0.495344 0.080320
0.440110 0.534008 0.047927
0.443891 0.540064 0.044783
0.438248 0.544593 0.042237
0.445760 0.529652 0.050690
0.462722 0.517032 0.059715
0.466496 0.522667 0.056052
0.460842 0.526902 0.053058
0.470992 0.584275 0.026543
0.474990 0.590754 0.024526
0.469456 0.596050 0.022971
0.476560 0.579139 0.028337
0.493353 0.564191 0.034342
0.497285 0.570340 0.031807
0.491690 0.575332 0.029831
0.637078 0.518103 0.060907
0.641094 0.523119 0.057113
0.635531 0.527353 0.054217
0.642635 0.513998 0.064002
0.659276 0.502057 0.073644
0.663294 0.506848 0.069354
0.657751 0.510819 0.066205
0.592439 0.553322 0.039313
0.596471 0.558877 0.036524
0.590881 0.563651 0.034370
0.598033 0.548681 0.041668
0.614796 0.535165 0.049344
0.618816 0.540457 0.046052
0.613234 0.544962 0.043521
0.625381 0.598856 0.021115
0.629608 0.604706 0.019499
0.624124 0.609890 0.018319
0.630893 0.593751 0.022520
0.647492 0.578730 0.027324
0.651668 0.584371 0.025214
0.646140 0.589380 0.023640
0.574311 0.449957 0.144656
0.578250 0.453451 0.138360
0.572841 0.456398 0.133428
0.579670 0.447094 0.149815
0.595530 0.438375 0.165750
0.599550 0.441597 0.158794
0.594280 0.444602 0.153577
0.530436 0.473752 0.106262
0.534224 0.478048 0.100987
0.528615 0.481380 0.096656
0.536002 0.470606 0.110782
0.552570 0.461527 0.124821
0.556437 0.465387 0.119073
0.550917 0.468464 0.114437
0.560896 0.510919 0.067637
0.564770 0.515972 0.063497
0.559150 0.520110 0.060269
0.566514 0.506946 0.071107
0.583342 0.495382 0.082082
0.587207 0.500063 0.077365
0.581606 0.503951 0.073765
0.615965 0.425621 0.187026
0.620151 0.428942 0.179801
0.615082 0.432219 0.174561
0.620929 0.422164 0.192358
0.635507 0.411282 0.208657
0.639932 0.415116 0.201098
0.635065 0.418669 0.195708
0.648954 0.453333 0.131995
0.653029 0.457183 0.125767
0.647654 0.460548 0.121433
0.654287 0.450038 0.136520
0.670196 0.440255 0.150359
0.674376 0.443939 0.143551
0.669065 0.447228 0.139026
0.605601 0.480709 0.097751
0.609496 0.485060 0.092533
0.603949 0.488732 0.088636
0.611103 0.477170 0.101818
0.627458 0.466784 0.114383
0.631433 0.470842 0.108701
0.625985 0.474337 0.104571
0.669674 0.559692 0.035049
0.673811 0.565073 0.032464
0.668273 0.569775 0.030508
0.675222 0.555134 0.037208
0.691863 0.541912 0.044165
0.695990 0.547083 0.041169
0.690445 0.551465 0.038874
0.515874 0.545288 0.043742
0.519767 0.551089 0.040716
0.514138 0.555795 0.038340
0.521506 0.540733 0.046333
0.538395 0.527509 0.054792
0.542278 0.532951 0.051221
0.536652 0.537378 0.048428
0.427096 0.628104 0.015897
0.431306 0.634884 0.014827
0.425968 0.640606 0.013972
0.432500 0.622437 0.016923
0.448882 0.605644 0.020440
0.452955 0.612422 0.018962
0.447496 0.618011 0.017821
0.500279 0.727433 0.009121
0.505135 0.732762 0.009066
0.500158 0.737939 0.009027
0.505273 0.722114 0.009174
0.520282 0.705833 0.009361
0.525096 0.711463 0.009271
0.520100 0.716869 0.009213
0.364859 0.519549 0.051741
0.368638 0.525634 0.048551
0.362999 0.529896 0.045889
0.370512 0.515461 0.054582
0.387472 0.503608 0.063712
0.391222 0.509318 0.060093
0.385572 0.513292 0.057053
0.541821 0.423325 0.197437
0.546058 0.426760 0.190916
0.540884 0.429454 0.185029
0.546878 0.420340 0.203379
0.561711 0.410076 0.221321
0.566161 0.414186 0.214472
0.561225 0.417652 0.208571
0.455273 0.463346 0.111013
0.459064 0.467748 0.106053
0.453425 0.470751 0.101553
0.460877 0.460557 0.115709
0.477584 0.452710 0.130392
0.481449 0.456636 0.125031
0.475882 0.459291 0.120153
0.581894 0.640844 0.013335
0.586331 0.646737 0.012539
0.581066 0.652039 0.011967
0.587236 0.635539 0.014038
0.603469 0.619660 0.016510
0.607763 0.625626 0.015399
0.602349 0.630905 0.014600
0.665197 0.469329 0.108114
0.663782 0.477146 0.098794
0.659757 0.472850 0.104192
0.669238 0.473574 0.102593
0.675856 0.490609 0.083725
0.697593 0.505718 0.069318
0.696153 0.514479 0.062426
0.692064 0.509598 0.066320
0.701686 0.510560 0.065324
0.708493 0.529364 0.051718
0.531600 0.568764 0.032525
0.530029 0.579746 0.028217
0.526006 0.573708 0.030518
0.535607 0.574732 0.030098
0.542305 0.597964 0.022253
0.487217 0.610233 0.019433
0.485925 0.622232 0.017019
0.481742 0.615731 0.018285
0.491373 0.616713 0.018058
0.498798 0.641306 0.013878
0.521884 0.660338 0.011529
0.521280 0.671846 0.010580
0.516688 0.665857 0.011062
0.526439 0.666338 0.010973
0.535326 0.689419 0.009624
0.407991 0.417156 0.172910
0.406643 0.422355 0.162043
0.402616 0.418725 0.167241
0.412048 0.420706 0.167651
0.418639 0.433496 0.146638
0.364167 0.432495 0.130507
0.362487 0.439288 0.121215
0.358587 0.434904 0.125730
0.368077 0.436785 0.125905
0.374106 0.452801 0.107842
0.395031 0.468692 0.094536
0.393161 0.476849 0.086233
0.389379 0.471861 0.090470
0.398816 0.473585 0.090200
0.404443 0.492423 0.073890
0.521646 0.315928 0.301129
0.521841 0.327514 0.297568
0.516823 0.321678 0.299589
0.526645 0.321567 0.299608
0.536960 0.346444 0.288316
0.561672 0.366899 0.273492
0.561897 0.380036 0.260905
0.556978 0.373485 0.267610
0.566590 0.373706 0.267212
0.576107 0.397204 0.239581
0.485067 0.368279 0.271539
0.485836 0.380121 0.259351
0.480812 0.374753 0.265051
0.490122 0.374054 0.266092
0.500612 0.395036 0.241331
0.448958 0.403143 0.219604
0.448508 0.408920 0.208311
0.444070 0.405447 0.213608
0.453459 0.406687 0.214294
0.461567 0.418969 0.191964
0.483510 0.429772 0.174883
0.482177 0.435102 0.163195
0.478158 0.431794 0.169029
0.487563 0.433000 0.168938
0.494084 0.445444 0.145875
0.319233 0.454417 0.096015
0.317424 0.462537 0.088404
0.313589 0.457506 0.092285
0.323081 0.459373 0.092072
0.328877 0.478072 0.076937
0.444258 0.654934 0.012268
0.443478 0.667205 0.011123
0.439023 0.660651 0.011687
0.448682 0.661484 0.011618
0.457155 0.686349 0.009974
0.379977 0.544710 0.039600
0.378179 0.556202 0.034589
0.374380 0.549399 0.037243
0.383764 0.551363 0.036837
0.389652 0.577250 0.027433
0.470343 0.481575 0.091530
0.468432 0.489831 0.082827
0.464685 0.484913 0.087372
0.474092 0.486379 0.086851
0.479695 0.505162 0.069841
0.425081 0.510628 0.061791
0.423172 0.520442 0.055104
0.419424 0.514633 0.058636
0.428828 0.516329 0.058131
0.434463 0.538429 0.045269
0.455343 0.558673 0.036126
0.453607 0.569959 0.031439
0.449729 0.563525 0.033930
0.459208 0.565007 0.033511
0.465439 0.589493 0.024855
0.621213 0.498727 0.077882
0.619585 0.507420 0.069963
0.615648 0.502619 0.074354
0.625149 0.503460 0.073361
0.631515 0.522270 0.057887
0.576509 0.531591 0.052094
0.574854 0.541434 0.045979
0.570897 0.536006 0.049292
0.580462 0.536936 0.048638
0.586843 0.558028 0.037044
0.608710 0.575796 0.029040
0.607297 0.586520 0.025164
0.603154 0.580752 0.027243
0.612840 0.581510 0.026839
0.619881 0.604002 0.019809
0.558388 0.436609 0.170939
0.557069 0.442547 0.158654
0.553077 0.439231 0.165218
0.562402 0.439876 0.164219
0.568920 0.452821 0.139578
0.515144 0.457656 0.128212
0.513456 0.464391 0.117842
0.509626 0.460409 0.123335
0.518993 0.461525 0.122609
0.524847 0.476968 0.101821
0.545580 0.491572 0.085820
0.543758 0.500015 0.077242
0.539953 0.495213 0.081882
0.549384 0.496274 0.081039
0.555274 0.514960 0.064267
0.598841 0.411138 0.216374
0.598299 0.418772 0.203414
0.593979 0.415009 0.210662
0.603201 0.415076 0.209010
0.610951 0.428984 0.181726
0.632571 0.438950 0.158571
0.631422 0.445616 0.146747
0.627348 0.442142 0.153506
0.636676 0.442398 0.151676
0.643607 0.456655 0.127512
0.590009 0.464486 0.120172
0.588433 0.471689 0.109982
0.584546 0.467708 0.115663
0.593912 0.468370 0.114355
0.600071 0.484298 0.093744
0.653253 0.538517 0.046732
0.651780 0.548224 0.041186
0.647693 0.542933 0.044208
0.657339 0.543751 0.043593
0.664126 0.564327 0.032977
0.500490 0.522681 0.057387
0.498665 0.532562 0.050838
0.494842 0.526911 0.054344
0.504309 0.528227 0.053735
0.510239 0.549910 0.041247
0.410820 0.600216 0.021413
0.409317 0.613107 0.018563
0.405303 0.605975 0.020026
0.414808 0.607307 0.019832
0.421719 0.633832 0.014943
0.481047 0.704919 0.009467
0.480799 0.716221 0.009284
0.476013 0.710489 0.009380
0.485821 0.710723 0.009361
0.495291 0.732693 0.009074
0.349743 0.496279 0.065460
0.347848 0.505803 0.058843
0.344062 0.500051 0.062318
0.353525 0.501936 0.061892
0.359208 0.523697 0.048981
0.524158 0.408355 0.222940
0.523757 0.415631 0.210534
0.519291 0.411874 0.216768
0.528689 0.412327 0.216637
0.536707 0.426135 0.191507
0.439882 0.446764 0.131280
0.438198 0.453279 0.121297
0.434333 0.449161 0.126324
0.443765 0.450765 0.126161
0.449653 0.466227 0.106423
0.564590 0.616938 0.017461
0.563436 0.628342 0.015399
0.559142 0.622308 0.016490
0.568857 0.622969 0.016272
0.576589 0.646167 0.012690
0.571319 0.651511 0.012104
0.570639 0.662708 0.010995
0.566083 0.656882 0.011576
0.575835 0.657361 0.011452
0.580398 0.663173 0.010885
0.579885 0.674235 0.010081
0.575239 0.668494 0.010498
0.562424 0.639697 0.013668
0.566848 0.645626 0.012842
0.561575 0.651007 0.012241
0.567774 0.634322 0.014403
0.573159 0.628965 0.015200
0.577503 0.634921 0.014221
0.572157 0.640262 0.013501
0.553720 0.627697 0.015598
0.552697 0.639111 0.013834
0.548329 0.633090 0.014768
0.558048 0.633720 0.014586
0.557112 0.645083 0.012993
0.444018 0.469199 0.101940
0.442133 0.477003 0.092903
0.438376 0.472255 0.097567
0.447781 0.473835 0.097166
0.451534 0.478570 0.092465
0.449626 0.486798 0.083820
0.445881 0.481851 0.088317
0.436438 0.460222 0.111632
0.440239 0.464658 0.106766
0.434606 0.467605 0.102295
0.442039 0.457493 0.116301
0.447624 0.454858 0.121073
0.451459 0.459050 0.116021
0.445857 0.461808 0.111341
0.428765 0.451652 0.121466
0.427011 0.458596 0.111872
0.423179 0.454241 0.116707
0.432614 0.455888 0.116535
0.430821 0.463049 0.107067
0.531534 0.428788 0.185584
0.530374 0.434489 0.173246
0.526304 0.431299 0.179665
0.535654 0.432018 0.179134
0.539718 0.435234 0.172615
0.538391 0.441054 0.160407
0.534397 0.437741 0.166803
0.523094 0.422140 0.198251
0.527349 0.425502 0.191954
0.522177 0.428094 0.186016
0.528147 0.419246 0.204252
0.533141 0.416131 0.210291
0.537517 0.419790 0.203894
0.532462 0.422740 0.197912
0.514364 0.415104 0.210659
0.513717 0.421495 0.198482
0.509378 0.418064 0.204610
0.518767 0.418681 0.204484
0.517982 0.424832 0.192286
0.353559 0.527927 0.046298
0.351735 0.538744 0.040790
0.347915 0.532256 0.043689
0.357365 0.534259 0.043303
0.361172 0.540754 0.040412
0.359376 0.552258 0.035317
0.355555 0.545415 0.037996
0.345957 0.515686 0.052590
0.349756 0.521742 0.049395
0.344097 0.525935 0.046691
0.351632 0.511662 0.055460
0.357304 0.507699 0.058412
0.361082 0.513571 0.055027
0.355418 0.517626 0.052172
0.338373 0.503889 0.059264
0.336475 0.513725 0.052995
0.332676 0.507789 0.056290
0.342164 0.509735 0.055881
0.340284 0.519765 0.049794
0.490310 0.737898 0.009033
0.490224 0.748148 0.008969
0.485335 0.743055 0.008998
0.495187 0.743065 0.008995
0.500080 0.748115 0.008967
0.500041 0.758016 0.008938
0.495126 0.753132 0.008949
0.480605 0.727201 0.009142
0.485448 0.732610 0.009082
0.480463 0.737845 0.009038
0.485610 0.721833 0.009202
0.490620 0.716411 0.009268
0.495440 0.721982 0.009189
0.490441 0.727324 0.009132
0.470983 0.716015 0.009299
0.470773 0.727066 0.009151
0.465960 0.721492 0.009226
0.475783 0.721669 0.009214
0.475608 0.732516 0.009089
0.416366 0.639636 0.014062
0.415355 0.652274 0.012481
0.411033 0.645522 0.013257
0.420651 0.646402 0.013189
0.424989 0.653118 0.012421
0.424150 0.665617 0.011228
0.419728 0.658971 0.011806
0.407961 0.625937 0.016144
0.412135 0.632817 0.015045
0.406765 0.638713 0.014139
0.413391 0.620111 0.017232
0.418846 0.614342 0.018394
0.422942 0.621266 0.017084
0.417526 0.627007 0.016027
0.399797 0.611870 0.018720
0.398401 0.624892 0.016247
0.394312 0.617837 0.017488
0.403848 0.618969 0.017366
0.402553 0.631840 0.015133
0.504605 0.554600 0.038847
0.502894 0.565422 0.033885
0.498975 0.559359 0.036546
0.508512 0.560574 0.036062
0.512449 0.566588 0.033427
0.510831 0.577647 0.029016
0.506845 0.571521 0.031374
0.496863 0.542796 0.044849
0.500723 0.548672 0.041778
0.495085 0.553340 0.039353
0.502505 0.538286 0.047490
0.508145 0.533849 0.050241
0.512001 0.539540 0.046912
0.506363 0.544073 0.044297
0.489194 0.531222 0.051419
0.487374 0.541463 0.045389
0.483546 0.535612 0.048613
0.493020 0.536976 0.048059
0.491219 0.547374 0.042302
0.658581 0.569047 0.030998
0.657200 0.579429 0.026884
0.653036 0.573849 0.029114
0.662735 0.574561 0.028648
0.666906 0.580119 0.026438
0.665581 0.590713 0.022848
0.661382 0.585051 0.024794
0.650321 0.558157 0.036113
0.654443 0.563579 0.033487
0.648888 0.568316 0.031485
0.655882 0.553556 0.038315
0.661439 0.549028 0.040605
0.665551 0.554344 0.037761
0.659998 0.558924 0.035581
0.642127 0.547424 0.041768
0.640648 0.557391 0.036641
0.636557 0.551988 0.039420
0.646216 0.552772 0.038870
0.644759 0.562831 0.033995
0.594514 0.487943 0.089795
0.592798 0.496232 0.081042
0.588936 0.491637 0.085906
0.598381 0.492455 0.084801
0.602261 0.497067 0.079984
0.600578 0.505701 0.071858
0.596678 0.500921 0.076357
0.586791 0.479232 0.100237
0.590653 0.483533 0.094948
0.585084 0.487138 0.090930
0.592316 0.475778 0.104430
0.597811 0.472362 0.108667
0.601706 0.476475 0.103130
0.596194 0.479979 0.099011
0.579054 0.470962 0.111206
0.577387 0.478440 0.101386
0.573534 0.474258 0.106807
0.582924 0.475041 0.105658
0.581237 0.482735 0.096092
0.638243 0.460005 0.123077
0.636858 0.467378 0.112893
0.632861 0.463382 0.118698
0.642265 0.463946 0.117140
0.646281 0.467996 0.111366
0.644843 0.475692 0.101778
0.640852 0.471482 0.107253
0.630183 0.452451 0.135452
0.634216 0.456173 0.129180
0.628859 0.459497 0.124671
0.635490 0.449190 0.140165
0.640778 0.445942 0.144947
0.644870 0.449586 0.138387
0.639552 0.452869 0.133755
0.622104 0.445331 0.148512
0.620844 0.452063 0.137122
0.616831 0.448517 0.143601
0.626145 0.448837 0.141895
0.624853 0.455723 0.130812
0.605879 0.432242 0.176437
0.604781 0.438539 0.164068
0.600736 0.435370 0.171116
0.609960 0.435419 0.169324
0.614012 0.438631 0.162268
0.612817 0.445084 0.150251
0.608800 0.441761 0.157078
0.597569 0.425710 0.190704
0.601748 0.429023 0.183565
0.596649 0.432176 0.178175
0.602568 0.422327 0.196173
0.607507 0.418763 0.201659
0.611757 0.422249 0.194320
0.606786 0.425714 0.188943
0.589065 0.418646 0.204993
0.588331 0.425558 0.192297
0.584098 0.422066 0.199349
0.593343 0.422261 0.197849
0.592514 0.428917 0.185237
0.549650 0.519069 0.061001
0.547904 0.528597 0.054127
0.544023 0.523252 0.057841
0.553527 0.524318 0.057144
0.557425 0.529641 0.053456
0.555725 0.539499 0.047209
0.551804 0.534015 0.050583
0.541951 0.508820 0.069207
0.545791 0.513902 0.065023
0.540163 0.517985 0.061721
0.547579 0.504910 0.072757
0.553204 0.501068 0.076412
0.557041 0.505949 0.071943
0.551417 0.509892 0.068431
0.534324 0.498920 0.078048
0.532498 0.507702 0.069966
0.528692 0.502695 0.074323
0.538129 0.503824 0.073550
0.536322 0.512800 0.065764
0.519231 0.480254 0.097460
0.517360 0.488232 0.088270
0.513601 0.483602 0.093188
0.522992 0.484774 0.092412
0.526759 0.489392 0.087487
0.524902 0.497779 0.078830
0.521127 0.492958 0.083482
0.511689 0.471520 0.107846
0.515468 0.475833 0.102610
0.509845 0.479067 0.098225
0.517269 0.468476 0.112420
0.522823 0.465494 0.117080
0.526637 0.469568 0.111629
0.521065 0.472667 0.107078
0.504080 0.463214 0.118546
0.502305 0.470302 0.108563
0.498508 0.466081 0.113839
0.507894 0.467314 0.113161
0.506083 0.474631 0.103356
0.563498 0.455697 0.134579
0.561932 0.462357 0.123783
0.558047 0.458596 0.129660
0.567401 0.459363 0.128569
0.571294 0.463126 0.122667
0.569673 0.470183 0.112351
0.565806 0.466217 0.118012
0.555652 0.448626 0.146899
0.559582 0.452121 0.140690
0.554150 0.454931 0.135634
0.561037 0.445907 0.152193
0.566391 0.443184 0.157585
0.570359 0.446539 0.151064
0.564987 0.449327 0.145834
0.547733 0.441834 0.159595
0.546310 0.447856 0.147856
0.542362 0.444425 0.154092
0.551703 0.445202 0.153202
0.550239 0.451354 0.141702
0.614395 0.609187 0.018606
0.613200 0.620352 0.016269
0.608924 0.614407 0.017506
0.618654 0.615106 0.017242
0.622936 0.621052 0.016026
0.621828 0.632286 0.014197
0.617499 0.626320 0.015178
0.605950 0.597425 0.021778
0.610160 0.603293 0.020118
0.604672 0.608482 0.018891
0.611467 0.592318 0.023232
0.616996 0.587259 0.024785
0.621177 0.593041 0.022877
0.615662 0.598145 0.021447
0.597608 0.585765 0.025542
0.596244 0.596694 0.022107
0.592071 0.590833 0.023938
0.601765 0.591583 0.023586
0.600446 0.602578 0.020425
0.581246 0.562804 0.034862
0.579715 0.573398 0.030335
0.575653 0.567649 0.032769
0.585295 0.568492 0.032306
0.589371 0.574217 0.029902
0.587924 0.584993 0.025920
0.583805 0.579180 0.028052
0.573223 0.551560 0.040422
0.577223 0.557160 0.037569
0.571620 0.561937 0.035354
0.578830 0.546918 0.042840
0.584435 0.542343 0.045355
0.588428 0.547808 0.042251
0.582826 0.552452 0.039867
0.565283 0.540489 0.046595
0.563629 0.550633 0.040975
0.559667 0.545041 0.044010
0.569242 0.546001 0.043426
0.567613 0.556264 0.038090
0.625948 0.526502 0.054950
0.624393 0.536021 0.048681
0.620375 0.530799 0.052101
0.629965 0.531654 0.051404
0.634000 0.536862 0.048029
0.632485 0.546621 0.042345
0.628429 0.541297 0.045430
0.617972 0.516389 0.062568
0.621950 0.521412 0.058670
0.616376 0.525638 0.055695
0.623542 0.512299 0.065757
0.629106 0.508268 0.069027
0.633082 0.513151 0.064877
0.627519 0.517251 0.061733
0.610076 0.506565 0.070906
0.608437 0.515517 0.063413
0.604497 0.510569 0.067544
0.614015 0.511438 0.066646
0.612396 0.520542 0.059464
0.459904 0.594792 0.023274
0.458438 0.606882 0.020188
0.454384 0.600175 0.021803
0.463939 0.601424 0.021525
0.468013 0.608059 0.019937
0.466675 0.620239 0.017422
0.462532 0.613584 0.018737
0.451947 0.581567 0.027251
0.455907 0.588170 0.025184
0.450369 0.593473 0.023579
0.457517 0.576438 0.029092
0.463103 0.571392 0.031039
0.467030 0.577818 0.028715
0.461460 0.582952 0.026897
0.444128 0.568466 0.031837
0.442450 0.580123 0.027605
0.438542 0.573492 0.029848
0.448021 0.574997 0.029470
0.446392 0.586786 0.025514
0.428820 0.542925 0.042709
0.426990 0.553897 0.037441
0.423187 0.547504 0.040246
0.432614 0.549200 0.039791
0.436427 0.555557 0.037002
0.434665 0.566902 0.032239
0.430815 0.560366 0.034771
0.421277 0.530641 0.048916
0.425043 0.536738 0.045752
0.419402 0.541202 0.043177
0.426927 0.526350 0.051700
0.432580 0.522130 0.054597
0.436340 0.528027 0.051196
0.430690 0.532349 0.048424
0.413768 0.518713 0.055603
0.411870 0.528887 0.049402
0.408116 0.522867 0.052689
0.417519 0.524631 0.052197
0.415632 0.534996 0.046231
0.474037 0.509034 0.066347
0.472151 0.518515 0.059168
0.468379 0.512991 0.062971
0.477807 0.514447 0.062404
0.481590 0.519952 0.058598
0.479733 0.529831 0.051982
0.475935 0.524131 0.055503
0.466522 0.498493 0.074612
0.470276 0.503716 0.070419
0.464617 0.507560 0.066904
0.472181 0.494845 0.078384
0.477841 0.491281 0.082272
0.481594 0.496279 0.077803
0.475935 0.499956 0.074052
0.459027 0.488335 0.083334
0.457114 0.496985 0.075135
0.453369 0.491843 0.079423
0.462773 0.493366 0.078920
0.460862 0.502224 0.070961
0.384098 0.582708 0.025617
0.382423 0.595804 0.022055
0.378546 0.588367 0.023891
0.387971 0.590000 0.023652
0.391873 0.597311 0.021849
0.390290 0.610625 0.018866
0.386333 0.603246 0.020386
0.376422 0.568279 0.030010
0.380251 0.575458 0.027739
0.374693 0.580962 0.025888
0.381988 0.563127 0.032064
0.387562 0.558138 0.034201
0.391377 0.565010 0.031700
0.385810 0.570151 0.029676
0.368788 0.554242 0.034963
0.367027 0.566380 0.030331
0.363199 0.559254 0.032759
0.372602 0.561202 0.032421
0.370857 0.573624 0.028038
0.452065 0.692071 0.009790
0.451682 0.703974 0.009530
0.446987 0.697832 0.009661
0.456749 0.698254 0.009638
0.461463 0.704317 0.009511
0.461172 0.715791 0.009313
0.456411 0.709956 0.009415
0.442835 0.679423 0.010310
0.447424 0.685797 0.010008
0.442325 0.691562 0.009817
0.447985 0.673675 0.010651
0.453158 0.667955 0.011064
0.457687 0.674344 0.010601
0.452544 0.680059 0.010269
0.433812 0.666402 0.011179
0.433138 0.678741 0.010348
0.428620 0.672208 0.010743
0.438297 0.672956 0.010699
0.437706 0.685201 0.010040
0.323189 0.481545 0.073566
0.321288 0.490605 0.066680
0.317492 0.485085 0.070283
0.326989 0.486982 0.069894
0.330787 0.492515 0.066281
0.328880 0.501956 0.059674
0.325084 0.496229 0.063140
0.315576 0.470947 0.081047
0.319385 0.476202 0.077286
0.313695 0.479663 0.073937
0.321250 0.467637 0.084549
0.326916 0.464395 0.088151
0.330741 0.469489 0.084260
0.325067 0.472813 0.080724
0.307937 0.460665 0.088665
0.306088 0.469076 0.081376
0.302275 0.463896 0.085145
0.311761 0.465770 0.084842
0.309894 0.474329 0.077637
0.488610 0.447819 0.140625
0.486993 0.454051 0.129993
0.483109 0.450237 0.135465
0.492512 0.451525 0.135039
0.496390 0.455323 0.129493
0.494692 0.461969 0.119173
0.490853 0.457959 0.124560
0.480734 0.440666 0.151897
0.484684 0.444201 0.146246
0.479202 0.446516 0.140970
0.486170 0.438477 0.157391
0.491578 0.436300 0.162995
0.495567 0.439665 0.157089
0.490139 0.441922 0.151617
0.472765 0.433820 0.163277
0.471318 0.439330 0.152063
0.467340 0.435859 0.157656
0.476761 0.437206 0.157573
0.475271 0.442881 0.146503
0.456362 0.420866 0.186060
0.455224 0.425874 0.174583
0.451095 0.422651 0.180191
0.460544 0.424072 0.180446
0.464669 0.427262 0.174755
0.463336 0.432465 0.163277
0.459301 0.429138 0.168930
0.447827 0.414299 0.197030
0.452121 0.417611 0.191586
0.446913 0.419406 0.185723
0.452910 0.412333 0.202939
0.457924 0.410169 0.208908
0.462342 0.413582 0.203449
0.457265 0.415682 0.197491
0.439108 0.407502 0.207688
0.438396 0.412760 0.196533
0.434076 0.409359 0.201823
0.443486 0.410929 0.202395
0.442678 0.416110 0.191168
0.495982 0.399269 0.234884
0.495915 0.407030 0.222635
0.491287 0.403065 0.228532
0.500689 0.403486 0.228894
0.505325 0.407521 0.222860
0.504964 0.414518 0.210676
0.500476 0.410845 0.216684
0.486377 0.390279 0.246719
0.491210 0.394867 0.240829
0.486598 0.398945 0.234373
0.490824 0.385321 0.253402
0.495191 0.379740 0.260184
0.500225 0.385181 0.254049
0.495750 0.390293 0.247387
0.476529 0.380631 0.258229
0.477027 0.390281 0.245826
0.472167 0.385780 0.251411
0.481480 0.385526 0.252528
0.481843 0.394677 0.240143
0.571342 0.401838 0.233437
0.571041 0.410463 0.220396
0.566547 0.406117 0.227356
0.575877 0.406456 0.226359
0.580339 0.410774 0.219255
0.579809 0.418407 0.206387
0.575460 0.414550 0.213404
0.562025 0.391587 0.247476
0.566727 0.396891 0.240481
0.561971 0.401482 0.234277
0.566728 0.386196 0.253866
0.571433 0.380292 0.260315
0.576185 0.386469 0.253096
0.571461 0.391904 0.246747
0.552339 0.379765 0.261265
0.552556 0.391240 0.247962
0.547722 0.385592 0.254734
0.557229 0.385891 0.254410
0.557308 0.396531 0.241148
0.532272 0.353075 0.284066
0.532735 0.366495 0.273845
0.527649 0.359778 0.279215
0.537328 0.359807 0.279256
0.542367 0.366580 0.273831
0.542800 0.379538 0.261464
0.537795 0.373124 0.267916
0.522140 0.339979 0.291902
0.527207 0.346444 0.288277
0.522556 0.353110 0.283984
0.526876 0.333605 0.295036
0.531660 0.327463 0.297596
0.536681 0.333594 0.295062
0.531918 0.339929 0.291959
0.512046 0.327715 0.297503
0.512384 0.340193 0.291759
0.507328 0.334041 0.294825
0.517084 0.333728 0.294965
0.517464 0.346564 0.288157
0.398784 0.496076 0.070375
0.396875 0.505412 0.063250
0.393127 0.499805 0.066983
0.402532 0.501579 0.066528
0.406277 0.507186 0.062776
0.404367 0.516945 0.056094
0.400621 0.511126 0.059618
0.391272 0.485386 0.078318
0.395032 0.490679 0.074308
0.389375 0.494306 0.070806
0.396931 0.481939 0.082053
0.402588 0.478574 0.085915
0.406349 0.483661 0.081687
0.400690 0.487130 0.077936
0.383725 0.475116 0.086535
0.381846 0.483633 0.078687
0.378069 0.478455 0.082728
0.387504 0.480200 0.082397
0.385614 0.488916 0.074710
0.368476 0.455691 0.103547
0.366668 0.463487 0.095156
0.362841 0.458665 0.099381
0.372311 0.460426 0.099237
0.376130 0.465237 0.094961
0.374281 0.473375 0.086824
0.370481 0.468388 0.090968
0.360761 0.446429 0.112255
0.364627 0.451025 0.107886
0.358997 0.453913 0.103636
0.366374 0.443728 0.116727
0.371975 0.441129 0.121329
0.375859 0.445534 0.116784
0.370248 0.448230 0.112268
0.352990 0.437421 0.121081
0.351267 0.444604 0.112227
0.347381 0.440040 0.116564
0.356883 0.441896 0.116654
0.355139 0.449226 0.107917
0.413139 0.435530 0.141399
0.411541 0.441697 0.131347
0.407617 0.437661 0.136259
0.417079 0.439454 0.136392
0.420998 0.443442 0.131399
0.419322 0.449978 0.121568
0.415443 0.445800 0.126449
0.405201 0.427852 0.151464
0.409178 0.431663 0.146418
0.403675 0.433692 0.141195
0.410658 0.426023 0.156880
0.416092 0.424287 0.162410
0.420115 0.427898 0.157183
0.414659 0.429737 0.151751
0.397205 0.420380 0.161663
0.395746 0.425934 0.151157
0.391764 0.422129 0.156190
0.401209 0.424095 0.156545
0.399718 0.429786 0.146160
0.530299 0.694877 0.009504
0.530096 0.706026 0.009331
0.525290 0.700349 0.009429
0.535095 0.700574 0.009393
0.539912 0.706206 0.009300
0.539759 0.717098 0.009172
0.534919 0.711612 0.009246
0.520820 0.683281 0.009921
0.525537 0.689116 0.009674
0.520502 0.694607 0.009546
0.525916 0.677771 0.010181
0.531040 0.672277 0.010502
0.535687 0.678154 0.010112
0.530598 0.683630 0.009863
0.511522 0.671398 0.010656
0.511043 0.682917 0.009977
0.506381 0.676961 0.010313
0.516148 0.677374 0.010248
0.515750 0.688801 0.009723
0.493488 0.646859 0.013162
0.492679 0.658673 0.011826
0.488210 0.652434 0.012509
0.497922 0.653092 0.012399
0.502407 0.659256 0.011729
0.501766 0.670936 0.010731
0.497197 0.664840 0.011234
0.484779 0.634194 0.014981
0.489107 0.640558 0.014021
0.483794 0.646129 0.013286
0.490161 0.628659 0.015866
0.495576 0.623141 0.016815
0.499832 0.629493 0.015683
0.494452 0.635014 0.014821
0.476291 0.621265 0.017222
0.475123 0.633315 0.015140
0.470872 0.626812 0.016225
0.480507 0.627765 0.016047
0.479432 0.639755 0.014162
0.536794 0.603217 0.020867
0.535501 0.614713 0.018181
0.531300 0.608529 0.019590
0.540975 0.609356 0.019324
0.545189 0.615490 0.017939
0.544010 0.627019 0.015798
0.539736 0.620888 0.016928
0.528538 0.590945 0.024425
0.532649 0.597078 0.022567
0.527135 0.602339 0.021158
0.534086 0.585804 0.026072
0.539647 0.580725 0.027826
0.543721 0.586740 0.025709
0.538178 0.591879 0.024084
0.520423 0.578719 0.028614
0.518910 0.589968 0.024771
0.514853 0.583798 0.026815
0.524463 0.584824 0.026441
0.523004 0.596150 0.022885
0.702950 0.533474 0.049146
0.701535 0.542777 0.043535
0.697407 0.537656 0.046626
0.707080 0.538548 0.045963
0.711214 0.543650 0.042908
0.709804 0.553102 0.037728
0.705669 0.547926 0.040573
0.694717 0.523424 0.055940
0.698829 0.528431 0.052469
0.693287 0.532566 0.049854
0.700255 0.519402 0.058700
0.705791 0.515445 0.061501
0.709908 0.520368 0.057840
0.704369 0.524366 0.055134
0.686530 0.513533 0.063360
0.685078 0.522497 0.056754
0.680992 0.517528 0.060443
0.690616 0.518456 0.059567
0.689176 0.527511 0.053227
0.670340 0.494376 0.080325
0.668831 0.502934 0.072554
0.664812 0.498191 0.076962
0.674363 0.499074 0.075802
0.678402 0.503837 0.071469
0.676922 0.512607 0.064301
0.672869 0.507740 0.068336
0.662317 0.485211 0.089945
0.666327 0.489751 0.085039
0.660809 0.493519 0.081563
0.667805 0.481542 0.093581
0.673277 0.477917 0.097261
0.677314 0.482357 0.092117
0.671829 0.486032 0.088557
0.654303 0.476407 0.100313
0.652823 0.484420 0.091323
0.648832 0.480006 0.096467
0.658310 0.480761 0.095039
0.656814 0.488926 0.086352
0.601375 0.642086 0.013003
0.605826 0.647967 0.012239
0.600568 0.653190 0.011696
0.606711 0.636839 0.013673
0.612087 0.631585 0.014399
0.616453 0.637525 0.013490
0.611120 0.642749 0.012837
0.590816 0.652598 0.011831
0.596077 0.647338 0.012389
0.595347 0.658424 0.011208
0.591633 0.641452 0.013169
0.592615 0.630243 0.014801
0.598030 0.624947 0.015619
0.596971 0.636178 0.013856
0.585007 0.668942 0.010401
0.585590 0.657875 0.011330
0.590160 0.663673 0.010777
0.474101 0.466289 0.110254
0.477886 0.470663 0.105193
0.472243 0.473727 0.100698
0.479707 0.463435 0.114940
0.485292 0.460661 0.119709
0.489112 0.464788 0.114432
0.483510 0.467684 0.109772
0.462834 0.472259 0.101144
0.468476 0.469230 0.105653
0.466591 0.476869 0.096298
0.464687 0.464839 0.110656
0.466466 0.457860 0.120507
0.472035 0.455247 0.125405
0.470294 0.462022 0.115360
0.455281 0.483403 0.087851
0.457185 0.475372 0.096743
0.460937 0.480092 0.092012
0.560508 0.424455 0.195969
0.564716 0.427889 0.189203
0.559559 0.430703 0.183447
0.565551 0.421366 0.201775
0.570533 0.418072 0.207583
0.574837 0.421762 0.200661
0.569808 0.424916 0.194937
0.550230 0.430110 0.184324
0.555400 0.427363 0.190154
0.554336 0.433379 0.177660
0.551174 0.423915 0.196799
0.551879 0.417159 0.209339
0.556823 0.413747 0.215318
0.556231 0.420888 0.202682
0.543739 0.438509 0.166076
0.544998 0.432716 0.178473
0.549059 0.435954 0.171851
0.383682 0.523351 0.050834
0.387439 0.529476 0.047644
0.381814 0.533789 0.045018
0.389322 0.519213 0.053652
0.394969 0.515137 0.056577
0.398717 0.521062 0.053173
0.393074 0.525239 0.050361
0.372416 0.531847 0.045462
0.378047 0.527557 0.048106
0.376196 0.538203 0.042477
0.374279 0.521453 0.051295
0.376165 0.511438 0.057518
0.381819 0.507485 0.060559
0.379924 0.517340 0.054124
0.364979 0.547419 0.037630
0.366791 0.536240 0.042899
0.370585 0.542739 0.040016
0.519959 0.727600 0.009098
0.524825 0.732860 0.009048
0.519856 0.737991 0.009014
0.524942 0.722323 0.009144
0.529929 0.716989 0.009193
0.534778 0.722407 0.009127
0.529800 0.727663 0.009085
0.510007 0.737968 0.009021
0.514980 0.732816 0.009057
0.514893 0.743062 0.008986
0.510118 0.727525 0.009110
0.510272 0.716733 0.009232
0.515275 0.711302 0.009295
0.515107 0.722227 0.009159
0.504985 0.753058 0.008948
0.505040 0.743064 0.008991
0.509936 0.748079 0.008964
0.446259 0.630335 0.015603
0.450507 0.636996 0.014568
0.445182 0.642637 0.013756
0.451652 0.624735 0.016577
0.457077 0.619153 0.017622
0.461253 0.625802 0.016402
0.455863 0.631384 0.015450
0.435570 0.641624 0.013868
0.440899 0.635962 0.014699
0.439888 0.648312 0.013016
0.436671 0.629228 0.015753
0.437933 0.616812 0.018019
0.443396 0.611202 0.019187
0.442067 0.623611 0.016751
0.429376 0.659785 0.011752
0.430269 0.647337 0.013108
0.434620 0.654022 0.012348
0.534934 0.547566 0.042633
0.538863 0.553300 0.039661
0.533243 0.558031 0.037335
0.540559 0.542980 0.045173
0.546181 0.538462 0.047820
0.550106 0.544033 0.044592
0.544485 0.548635 0.042081
0.523683 0.556937 0.037836
0.529308 0.552218 0.040188
0.527627 0.562831 0.035105
0.525397 0.546451 0.043187
0.527137 0.536249 0.049035
0.532767 0.531841 0.051855
0.531025 0.541879 0.045753
0.516419 0.572639 0.030944
0.518063 0.561727 0.035582
0.522018 0.567700 0.032974
0.689032 0.561225 0.033980
0.693180 0.566558 0.031430
0.687652 0.571217 0.029516
0.694576 0.556715 0.036102
0.700123 0.552282 0.038301
0.704258 0.557504 0.035549
0.698715 0.561988 0.033443
0.677963 0.570498 0.030014
0.683495 0.565817 0.031948
0.682129 0.575966 0.027703
0.679352 0.560459 0.034515
0.680771 0.550650 0.039448
0.686318 0.546243 0.041770
0.684898 0.555924 0.036655
0.671094 0.585720 0.024369
0.672433 0.575267 0.028178
0.676610 0.580802 0.025987
0.624446 0.482174 0.095218
0.628379 0.486585 0.090104
0.622847 0.490308 0.086318
0.629936 0.478570 0.099174
0.635404 0.475007 0.103187
0.639375 0.479278 0.097838
0.633887 0.482909 0.093944
0.613392 0.489520 0.087478
0.618931 0.485822 0.091320
0.617296 0.494078 0.082589
0.615018 0.481441 0.096487
0.616581 0.473673 0.105945
0.622032 0.470213 0.110133
0.620513 0.477868 0.100500
0.606158 0.501773 0.075352
0.607834 0.493268 0.083694
0.611731 0.497899 0.078931
0.667849 0.454384 0.128215
0.671946 0.458334 0.122063
0.666556 0.461745 0.117916
0.673201 0.451039 0.132547
0.678533 0.447709 0.136933
0.682673 0.451574 0.130510
0.677318 0.454945 0.126261
0.657093 0.461133 0.119708
0.662478 0.457747 0.123938
0.661149 0.465182 0.113821
0.658388 0.453844 0.130142
0.659604 0.446763 0.141087
0.664908 0.443504 0.145699
0.663735 0.450528 0.134559
0.650294 0.472151 0.105756
0.651694 0.464548 0.115518
0.655729 0.468650 0.109770
0.634424 0.425635 0.183068
0.638684 0.429073 0.175849
0.633591 0.432347 0.170702
0.639408 0.422246 0.188325
0.644342 0.418810 0.193615
0.648732 0.422413 0.186200
0.643732 0.425761 0.181014
0.624314 0.432251 0.172647
0.629392 0.428971 0.177844
0.628454 0.435578 0.165569
0.625170 0.425589 0.185064
0.625842 0.418617 0.197737
0.630704 0.414987 0.203168
0.630142 0.422163 0.190363
0.618058 0.441930 0.155306
0.619188 0.435470 0.167462
0.623272 0.438765 0.160435
0.579887 0.512840 0.065993
0.583794 0.517867 0.061907
0.578188 0.522056 0.058768
0.585492 0.508806 0.069363
0.591089 0.504834 0.072816
0.594990 0.509692 0.068450
0.589395 0.513746 0.065133
0.568663 0.521105 0.059524
0.574277 0.516939 0.062711
0.572576 0.526313 0.055723
0.570387 0.511902 0.066825
0.572130 0.503034 0.074675
0.577739 0.499180 0.078335
0.575999 0.507895 0.070249
0.561344 0.535033 0.049940
0.563045 0.525338 0.056439
0.566961 0.530639 0.052779
0.549195 0.475776 0.104472
0.553007 0.480068 0.099175
0.547404 0.483488 0.094922
0.554756 0.472534 0.108914
0.560294 0.469350 0.113427
0.564142 0.473422 0.107891
0.558586 0.476714 0.103498
0.538004 0.482457 0.095810
0.543611 0.479082 0.100105
0.541788 0.486966 0.090747
0.539811 0.474788 0.105393
0.541547 0.467524 0.115382
0.547070 0.464501 0.120062
0.545375 0.471595 0.109877
0.530534 0.494108 0.082696
0.532385 0.485893 0.091598
0.536163 0.490504 0.086669
0.592938 0.450987 0.141945
0.596893 0.454489 0.135581
0.591512 0.457598 0.130820
0.598266 0.447946 0.146922
0.603554 0.444872 0.151964
0.607543 0.448228 0.145283
0.602237 0.451366 0.140399
0.582179 0.457032 0.132179
0.587574 0.454010 0.137031
0.586097 0.460709 0.126115
0.583628 0.450512 0.143363
0.584993 0.444219 0.155052
0.590280 0.441316 0.160370
0.588972 0.447568 0.148435
0.575178 0.466990 0.116877
0.576751 0.460067 0.127390
0.580653 0.463835 0.121467
0.644840 0.600239 0.020442
0.649081 0.606067 0.018867
0.643600 0.611276 0.017737
0.650347 0.595119 0.021796
0.655861 0.590054 0.023247
0.660075 0.595774 0.021424
0.654574 0.600895 0.020096
0.633857 0.610592 0.018030
0.639342 0.605401 0.019186
0.638130 0.616512 0.016708
0.635106 0.599557 0.020781
0.636416 0.588691 0.024026
0.641951 0.583680 0.025628
0.640618 0.594446 0.022162
0.627240 0.627027 0.014956
0.628389 0.615808 0.016976
0.632676 0.621762 0.015781
0.611692 0.555006 0.038226
0.615756 0.560518 0.035500
0.610179 0.565283 0.033398
0.617275 0.550371 0.040528
0.622854 0.545800 0.042929
0.626911 0.551188 0.039970
0.621333 0.555820 0.037692
0.600525 0.564477 0.033882
0.606109 0.559707 0.036010
0.604605 0.570117 0.031388
0.602061 0.554174 0.038766
0.603625 0.544105 0.044123
0.609213 0.539601 0.046683
0.607649 0.549534 0.041094
0.593476 0.579976 0.027647
0.594946 0.569314 0.031846
0.599036 0.575016 0.029470
0.656239 0.519813 0.059242
0.660292 0.524833 0.055546
0.654739 0.529044 0.052752
0.661786 0.515725 0.062217
0.667330 0.511702 0.065250
0.671383 0.516617 0.061327
0.665840 0.520691 0.058406
0.645129 0.528195 0.053489
0.650687 0.523969 0.056332
0.649183 0.533329 0.050030
0.646652 0.518952 0.060082
0.648187 0.509956 0.067162
0.653734 0.505977 0.070376
0.652204 0.514853 0.063114
0.638054 0.542120 0.044819
0.639567 0.532494 0.050718
0.643620 0.537688 0.047384
0.490108 0.586736 0.025834
0.494146 0.593091 0.023867
0.488615 0.598380 0.022363
0.495672 0.581593 0.027576
0.501252 0.576522 0.029424
0.505255 0.582726 0.027194
0.499693 0.587874 0.025477
0.479026 0.597246 0.022667
0.484559 0.591954 0.024197
0.483102 0.603741 0.020969
0.480540 0.585537 0.026189
0.482144 0.574080 0.030236
0.487742 0.569098 0.032238
0.486108 0.580397 0.027958
0.472128 0.614687 0.018511
0.473511 0.602613 0.021247
0.477606 0.609177 0.019685
0.458980 0.537148 0.046939
0.462784 0.543149 0.043816
0.457140 0.547734 0.041298
0.464631 0.532731 0.049677
0.470282 0.528391 0.052529
0.474083 0.534198 0.049152
0.468433 0.538638 0.046434
0.447688 0.546194 0.041767
0.453331 0.541633 0.044302
0.451503 0.552399 0.038880
0.449539 0.535606 0.047433
0.451412 0.525364 0.053572
0.457066 0.521157 0.056581
0.455190 0.531216 0.050188
0.440264 0.561983 0.034349
0.442052 0.550836 0.039333
0.445878 0.557149 0.036563
0.504200 0.504066 0.072139
0.507983 0.509219 0.067905
0.502336 0.513178 0.064491
0.509846 0.500293 0.075806
0.515489 0.496592 0.079587
0.519267 0.501521 0.075075
0.513627 0.505333 0.071432
0.492898 0.511844 0.065141
0.498550 0.507915 0.068584
0.496687 0.517219 0.061190
0.494774 0.502743 0.072815
0.496664 0.494038 0.081019
0.502315 0.490488 0.084966
0.500427 0.499005 0.076512
0.485384 0.525544 0.054934
0.487244 0.515856 0.061811
0.491035 0.521341 0.058004
0.414061 0.575403 0.028659
0.417950 0.582266 0.026497
0.412405 0.587623 0.024778
0.419631 0.570281 0.030601
0.425216 0.565271 0.032638
0.429079 0.571916 0.030227
0.423508 0.577034 0.028313
0.402953 0.586038 0.025063
0.408502 0.580651 0.026813
0.406869 0.593122 0.023158
0.404629 0.573713 0.029001
0.406362 0.561829 0.033424
0.411957 0.556949 0.035604
0.410199 0.568586 0.030970
0.395811 0.604622 0.020211
0.397412 0.591584 0.023408
0.401339 0.598781 0.021635
0.481745 0.681683 0.010134
0.486411 0.687745 0.009858
0.481346 0.693361 0.009698
0.486868 0.676055 0.010436
0.492018 0.670439 0.010803
0.496620 0.676529 0.010375
0.491502 0.682133 0.010084
0.471577 0.692970 0.009731
0.476648 0.687322 0.009899
0.476298 0.698996 0.009588
0.472000 0.681187 0.010181
0.472561 0.669300 0.010939
0.477749 0.663657 0.011396
0.477128 0.675534 0.010493
0.466209 0.710233 0.009398
0.466519 0.698642 0.009614
0.471251 0.704632 0.009490
0.353507 0.478304 0.079739
0.357300 0.483571 0.075858
0.351631 0.487115 0.072429
0.359170 0.474925 0.083363
0.364827 0.471619 0.087104
0.368624 0.476699 0.083049
0.362964 0.480098 0.079395
0.342163 0.485276 0.072816
0.347839 0.481756 0.076225
0.345955 0.490727 0.069104
0.344039 0.476492 0.080075
0.345893 0.468046 0.087644
0.351549 0.464844 0.091434
0.349706 0.473132 0.083671
0.334581 0.498150 0.062734
0.336480 0.488863 0.069504
0.340273 0.494405 0.065875
0.518269 0.445206 0.150119
0.522198 0.448699 0.144153
0.516750 0.451277 0.138965
0.523671 0.442723 0.155548
0.529047 0.440238 0.161106
0.533018 0.443595 0.154869
0.527620 0.446141 0.149453
0.507385 0.450203 0.139609
0.512840 0.447695 0.144810
0.511276 0.453883 0.133881
0.508907 0.444195 0.150712
0.510339 0.438434 0.162235
0.515699 0.436080 0.167940
0.514317 0.441787 0.156147
0.500246 0.459217 0.123993
0.501901 0.452741 0.134508
0.505775 0.456527 0.128893
0.485538 0.419061 0.198512
0.489824 0.422353 0.192660
0.484646 0.424553 0.186712
0.490584 0.416581 0.204522
0.495563 0.413854 0.210575
0.499982 0.417369 0.204630
0.494936 0.419969 0.198629
0.475238 0.423424 0.186579
0.480423 0.421329 0.192533
0.479404 0.426603 0.180773
0.476132 0.418045 0.198261
0.476766 0.412234 0.209960
0.481684 0.409505 0.216079
0.481187 0.415690 0.204277
0.468739 0.430504 0.169016
0.469984 0.425382 0.180649
0.474100 0.428559 0.174863
0.524143 0.390511 0.248372
0.528979 0.395583 0.241931
0.524287 0.400075 0.235536
0.528721 0.385194 0.254930
0.533260 0.379382 0.261528
0.538227 0.385358 0.254905
0.533623 0.390689 0.248387
0.514844 0.399812 0.235454
0.519519 0.395374 0.241876
0.519543 0.404192 0.229210
0.514659 0.390394 0.248200
0.514166 0.379333 0.261220
0.518615 0.373068 0.267731
0.519207 0.385110 0.254804
0.509884 0.411389 0.216783
0.510114 0.403853 0.229115
0.514743 0.407955 0.222959
0.599421 0.392679 0.243295
0.603932 0.397894 0.235631
0.599206 0.402545 0.229649
0.604087 0.387335 0.249521
0.608692 0.381652 0.255802
0.613210 0.387763 0.247822
0.608604 0.392961 0.241693
0.589961 0.402365 0.231116
0.594712 0.397688 0.237161
0.594429 0.406913 0.223746
0.590169 0.392424 0.244658
0.590272 0.380786 0.258537
0.594954 0.374456 0.264796
0.594871 0.386991 0.250947
0.584732 0.414827 0.212131
0.585171 0.406721 0.225153
0.589604 0.411002 0.217911
0.561333 0.339991 0.291891
0.566320 0.346578 0.288087
0.561484 0.353275 0.283895
0.566211 0.333594 0.294947
0.571101 0.327389 0.297440
0.576038 0.333572 0.294717
0.571186 0.339989 0.291684
0.551714 0.353189 0.284022
0.556494 0.346537 0.288249
0.556705 0.360014 0.279099
0.551490 0.339971 0.291954
0.551318 0.327466 0.297604
0.556191 0.321535 0.299623
0.556325 0.333614 0.295043
0.547376 0.373276 0.267821
0.547003 0.359892 0.279215
0.552002 0.366724 0.273719
0.428913 0.492203 0.076630
0.432656 0.497482 0.072496
0.426997 0.501213 0.068971
0.434571 0.488666 0.080401
0.440227 0.485216 0.084296
0.443970 0.490276 0.079918
0.438313 0.493837 0.076144
0.417595 0.499532 0.069458
0.423254 0.495826 0.072982
0.421338 0.505028 0.065569
0.419510 0.490541 0.077091
0.421420 0.481949 0.085174
0.427076 0.478629 0.089183
0.425169 0.487025 0.080859
0.410022 0.512898 0.059132
0.411935 0.503320 0.066056
0.415679 0.508925 0.062290
0.398668 0.453503 0.112224
0.402505 0.458020 0.107629
0.396872 0.460910 0.103210
0.404276 0.450825 0.116854
0.409869 0.448260 0.121599
0.413733 0.452553 0.116814
0.408127 0.455234 0.112166
0.387414 0.459184 0.103338
0.393046 0.456292 0.107718
0.391231 0.463895 0.098918
0.389201 0.451762 0.112256
0.390934 0.444731 0.121507
0.396514 0.442260 0.126309
0.394810 0.449076 0.116850
0.379934 0.470131 0.090725
0.381775 0.462168 0.099084
0.385584 0.466970 0.094755
0.443011 0.434913 0.152182
0.446980 0.438527 0.146829
0.441488 0.440653 0.141576
0.448464 0.432952 0.157639
0.453896 0.431031 0.163217
0.457906 0.434447 0.157672
0.452453 0.436463 0.152192
0.432045 0.439016 0.141593
0.437539 0.436929 0.146836
0.435976 0.442850 0.136426
0.433566 0.433274 0.152114
0.434999 0.427869 0.162951
0.440402 0.426106 0.168608
0.439018 0.431363 0.157555
0.424893 0.447506 0.126422
0.426532 0.441184 0.136447
0.430445 0.445132 0.131375
0.559947 0.684596 0.009677
0.564704 0.690252 0.009462
0.559699 0.695618 0.009369
0.565015 0.679212 0.009894
0.570112 0.673840 0.010167
0.574795 0.679552 0.009818
0.569734 0.684892 0.009611
0.549897 0.695383 0.009416
0.554909 0.689987 0.009517
0.554714 0.700995 0.009317
0.550162 0.684288 0.009741
0.550571 0.673090 0.010338
0.555710 0.667672 0.010693
0.555236 0.678874 0.009968
0.544744 0.711750 0.009220
0.544904 0.700790 0.009356
0.549728 0.706378 0.009268
0.523546 0.637192 0.014329
0.527931 0.643309 0.013440
0.522638 0.648782 0.012776
0.528910 0.631741 0.015133
0.534307 0.626309 0.015999
0.538616 0.632431 0.014950
0.533256 0.637859 0.014164
0.512915 0.648169 0.012906
0.518214 0.642667 0.013586
0.517376 0.654281 0.012172
0.513840 0.636498 0.014493
0.514925 0.624795 0.016404
0.520362 0.619332 0.017374
0.519210 0.631022 0.015315
0.506941 0.665359 0.011149
0.507646 0.653698 0.012287
0.512144 0.659807 0.011630
0.567169 0.594423 0.023087
0.571338 0.600377 0.021334
0.565837 0.605613 0.020013
0.572703 0.589286 0.024642
0.578248 0.584205 0.026298
0.582383 0.590067 0.024291
0.576853 0.595195 0.022761
0.556145 0.604854 0.020295
0.561649 0.599612 0.021637
0.560352 0.610898 0.018801
0.557492 0.593617 0.023416
0.558923 0.582549 0.027055
0.564489 0.577525 0.028862
0.563030 0.588479 0.024994
0.549435 0.621615 0.016708
0.550658 0.610146 0.019061
0.554884 0.616232 0.017699
0.733390 0.527289 0.052748
0.737529 0.532247 0.049498
0.731983 0.536273 0.047057
0.738933 0.523364 0.055291
0.744475 0.519493 0.057854
0.748622 0.524383 0.054456
0.743076 0.528286 0.051966
0.722302 0.535330 0.047746
0.727846 0.531277 0.050230
0.726437 0.540369 0.044650
0.723709 0.526302 0.053537
0.725114 0.517442 0.059664
0.730651 0.513584 0.062367
0.729250 0.522354 0.056134
0.715348 0.548780 0.039976
0.716757 0.539453 0.045302
0.720892 0.544536 0.042287
0.700465 0.488704 0.084382
0.704549 0.493379 0.079790
0.699037 0.497131 0.076626
0.705951 0.485023 0.087705
0.711426 0.481378 0.091062
0.715540 0.485990 0.086221
0.710050 0.489667 0.082988
0.689454 0.496182 0.077855
0.694966 0.492422 0.081099
0.693516 0.500925 0.073492
0.690900 0.487777 0.085774
0.692314 0.479568 0.094174
0.697771 0.475963 0.097740
0.696387 0.484097 0.089178
0.682458 0.508658 0.067324
0.683931 0.499985 0.074644
0.687990 0.504765 0.070390
0.684175 0.470782 0.104751
0.688243 0.475128 0.099366
0.682786 0.478724 0.095721
0.689602 0.467261 0.108563
0.695013 0.463764 0.112420
0.699114 0.468028 0.106784
0.693686 0.471565 0.103053
0.716857 0.507704 0.067191
0.720982 0.512558 0.063347
0.715446 0.516434 0.060579
0.722386 0.503910 0.070069
0.727912 0.500157 0.072961
0.732045 0.504951 0.068939
0.726515 0.508733 0.066135
0.550806 0.570754 0.031639
0.554849 0.576639 0.029270
0.549278 0.581660 0.027438
0.556401 0.565860 0.033696
0.562005 0.561030 0.035847
0.566021 0.566777 0.033231
0.560430 0.571678 0.031202
0.506495 0.612162 0.018925
0.510688 0.618502 0.017600
0.505245 0.623989 0.016609
0.511982 0.606757 0.020134
0.517486 0.601421 0.021454
0.521637 0.607662 0.019860
0.516154 0.613050 0.018674
0.541376 0.661342 0.011321
0.545951 0.667245 0.010789
0.540805 0.672691 0.010421
0.546589 0.655904 0.011820
0.551833 0.650485 0.012377
0.556334 0.656403 0.011699
0.551126 0.661815 0.011215
0.426870 0.421006 0.173763
0.430950 0.424421 0.168362
0.425546 0.426132 0.162719
0.432195 0.419423 0.179538
0.437466 0.417805 0.185341
0.441644 0.421104 0.179891
0.436321 0.422752 0.174096
0.383131 0.436256 0.130911
0.387040 0.440461 0.126194
0.381457 0.442943 0.121427
0.388681 0.433986 0.135881
0.394211 0.431830 0.140965
0.398151 0.435834 0.136082
0.392605 0.438090 0.131081
0.413897 0.472098 0.094014
0.417663 0.476975 0.089562
0.412007 0.480275 0.085563
0.419545 0.468993 0.098249
0.425187 0.465976 0.102604
0.428965 0.470639 0.097932
0.423316 0.473762 0.093686
0.541334 0.315880 0.301136
0.546321 0.321553 0.299624
0.541484 0.327462 0.297609
0.546209 0.310445 0.302170
0.551107 0.305237 0.302752
0.556088 0.310417 0.302178
0.551191 0.315871 0.301139
0.580906 0.367234 0.272448
0.585620 0.374130 0.265807
0.580901 0.380525 0.259526
0.585661 0.360439 0.277773
0.590385 0.353695 0.282527
0.595020 0.360801 0.276966
0.590334 0.367498 0.271646
0.503888 0.366951 0.273073
0.509041 0.373229 0.267389
0.504643 0.379477 0.260800
0.508327 0.360137 0.278743
0.512856 0.353306 0.283775
0.517976 0.359869 0.279059
0.513474 0.366631 0.273506
0.467732 0.405059 0.221095
0.472279 0.408688 0.215567
0.467348 0.411265 0.209472
0.472517 0.402012 0.227333
0.477221 0.398571 0.233679
0.481906 0.402577 0.228012
0.477132 0.405809 0.221744
0.502294 0.431917 0.174549
0.506335 0.435141 0.168381
0.500966 0.437410 0.162672
0.507579 0.429687 0.180435
0.512811 0.427341 0.186351
0.516947 0.430530 0.180095
0.511666 0.432853 0.174205
0.338229 0.458111 0.095693
0.342068 0.463041 0.091654
0.336409 0.466231 0.087902
0.343873 0.455075 0.099641
0.349509 0.452112 0.103715
0.353362 0.456880 0.099517
0.347719 0.459924 0.095524
0.463581 0.656594 0.012099
0.468045 0.662985 0.011473
0.462853 0.668653 0.011002
0.468834 0.650954 0.012720
0.474117 0.645342 0.013408
0.478515 0.651722 0.012616
0.473265 0.657342 0.012011
0.398751 0.548561 0.038741
0.402547 0.555149 0.036016
0.396955 0.560015 0.033813
0.404365 0.543944 0.041145
0.409993 0.539427 0.043641
0.413771 0.545752 0.040697
0.408152 0.550398 0.038310
0.489156 0.484394 0.090392
0.492908 0.489167 0.085648
0.487252 0.492683 0.081670
0.494808 0.481067 0.094617
0.500453 0.477814 0.098945
0.504207 0.482363 0.093929
0.498560 0.485728 0.089736
0.443890 0.513926 0.060759
0.447646 0.519601 0.057097
0.441992 0.523776 0.054083
0.449546 0.509943 0.064031
0.455204 0.506041 0.067432
0.458959 0.511489 0.063511
0.453302 0.515503 0.060240
0.474318 0.561550 0.035242
0.478215 0.567794 0.032665
0.472615 0.572766 0.030639
0.479944 0.556747 0.037497
0.485578 0.552023 0.039851
0.489452 0.558082 0.037024
0.483828 0.562900 0.034794
0.640213 0.500373 0.075793
0.644190 0.505129 0.071386
0.638638 0.509111 0.068098
0.645757 0.496505 0.079272
0.651293 0.492690 0.082796
0.655276 0.497336 0.078126
0.649736 0.501205 0.074732
0.595634 0.533409 0.050702
0.599620 0.538728 0.047325
0.594025 0.543233 0.044734
0.601226 0.529050 0.053527
0.606814 0.524761 0.056449
0.610796 0.529932 0.052809
0.605210 0.534294 0.050017
0.628082 0.577299 0.028184
0.632238 0.582975 0.026033
0.626702 0.587982 0.024406
0.633636 0.572408 0.030028
0.639195 0.567583 0.031966
0.643334 0.573132 0.029576
0.637782 0.578023 0.027757
0.576987 0.437677 0.168654
0.580999 0.440926 0.161799
0.575698 0.443743 0.156386
0.582223 0.434876 0.174228
0.587399 0.431966 0.179752
0.591486 0.435186 0.172752
0.586264 0.438079 0.167280
0.533857 0.459700 0.126662
0.537709 0.463561 0.120979
0.532184 0.466533 0.116263
0.539339 0.456880 0.131585
0.544801 0.454102 0.136597
0.548693 0.457768 0.130665
0.543211 0.460642 0.125780
0.564445 0.493569 0.084023
0.568279 0.498257 0.079267
0.562662 0.502074 0.075556
0.570056 0.489905 0.087969
0.575657 0.486295 0.091999
0.579494 0.490792 0.086963
0.573891 0.494497 0.083072
0.617185 0.411117 0.212721
0.621524 0.414953 0.205189
0.616665 0.418656 0.199727
0.621933 0.407089 0.218344
0.626617 0.402946 0.224040
0.631067 0.407245 0.216301
0.626327 0.411146 0.210713
0.651301 0.439498 0.154664
0.655458 0.443087 0.147793
0.650172 0.446327 0.143068
0.656532 0.436285 0.159532
0.661724 0.433054 0.164396
0.665981 0.436632 0.157315
0.660731 0.439862 0.152554
0.608711 0.465633 0.117322
0.612648 0.469593 0.111553
0.607190 0.473016 0.107310
0.614119 0.462310 0.121749
0.619500 0.459008 0.126245
0.623479 0.462839 0.120232
0.618077 0.466203 0.115859
0.672542 0.540199 0.045438
0.676652 0.545407 0.042373
0.671103 0.549838 0.040025
0.678090 0.535897 0.047969
0.683634 0.531668 0.050568
0.687744 0.536772 0.047294
0.682199 0.541052 0.044799
0.519421 0.525197 0.056103
0.523269 0.530686 0.052486
0.517635 0.535074 0.049639
0.525057 0.520987 0.059210
0.530689 0.516856 0.062431
0.534533 0.522142 0.058529
0.528901 0.526375 0.055450
0.429822 0.602998 0.020942
0.433854 0.609925 0.019411
0.428385 0.615577 0.018213
0.435331 0.597494 0.022361
0.440853 0.592095 0.023884
0.444849 0.598865 0.022081
0.439343 0.604348 0.020692
0.500656 0.705415 0.009417
0.505455 0.711127 0.009318
0.500445 0.716581 0.009251
0.505681 0.699866 0.009497
0.510707 0.694326 0.009587
0.515484 0.700113 0.009464
0.510468 0.705630 0.009389
0.368635 0.499971 0.064604
0.372403 0.505649 0.061014
0.366743 0.509576 0.057971
0.374296 0.496211 0.067858
0.379956 0.492525 0.071225
0.383717 0.498011 0.067426
0.378060 0.501792 0.064164
0.542956 0.409168 0.222489
0.547453 0.413253 0.215938
0.542514 0.416634 0.209901
0.547780 0.405278 0.228655
0.552562 0.401078 0.234874
0.557179 0.405715 0.228123
0.552341 0.409626 0.222011
0.458742 0.449846 0.130931
0.462615 0.453802 0.125699
0.457046 0.456383 0.120808
0.464273 0.447458 0.136018
0.469784 0.445139 0.141209
0.473696 0.448879 0.135785
0.468166 0.451303 0.130692
0.584020 0.618295 0.016988
0.588302 0.624279 0.015838
0.582885 0.629597 0.015000
0.589480 0.613013 0.018028
0.594954 0.607774 0.019174
0.599199 0.613710 0.017768
0.593742 0.618976 0.016750
0.676029 0.462383 0.116101
0.674678 0.470037 0.106438
0.670622 0.465841 0.112083
0.680104 0.466533 0.110330
0.678733 0.474332 0.100984
0.708640 0.498111 0.075402
0.707215 0.506698 0.068253
0.703119 0.501891 0.072348
0.712742 0.502887 0.071206
0.711325 0.511547 0.064333
0.542816 0.559078 0.036837
0.541196 0.569782 0.032080
0.537204 0.563888 0.034632
0.546795 0.564898 0.034162
0.545220 0.575709 0.029682
0.498222 0.599451 0.022059
0.496847 0.611228 0.019180
0.492711 0.604808 0.020691
0.502339 0.605811 0.020411
0.501023 0.617635 0.017829
0.532365 0.649372 0.012644
0.531629 0.660849 0.011426
0.527109 0.654843 0.012057
0.536847 0.655384 0.011939
0.536193 0.666800 0.010882
0.418595 0.414172 0.184408
0.417423 0.419132 0.173358
0.413318 0.415655 0.178641
0.422752 0.417606 0.179121
0.421497 0.422620 0.168043
0.375274 0.428012 0.140432
0.373652 0.434391 0.130720
0.369731 0.430197 0.135409
0.379208 0.432109 0.135657
0.377561 0.438638 0.126059
0.406320 0.462627 0.103061
0.404468 0.470407 0.094296
0.400679 0.465615 0.098735
0.410117 0.467318 0.098517
0.408244 0.475293 0.089902
0.531389 0.305253 0.302743
0.531486 0.315886 0.301128
0.526504 0.310461 0.302166
0.536355 0.310451 0.302166
0.536482 0.321554 0.299620
0.571258 0.353348 0.283593
0.571334 0.367064 0.273060
0.566437 0.360139 0.278837
0.576122 0.360257 0.278387
0.576157 0.373908 0.266603
0.493689 0.354424 0.282865
0.494407 0.367489 0.272431
0.489342 0.361420 0.277521
0.498755 0.360636 0.278238
0.499523 0.373554 0.266848
0.458499 0.397568 0.231901
0.458336 0.404182 0.220363
0.453768 0.400536 0.225694
0.463134 0.401349 0.226538
0.462866 0.407761 0.214956
0.494044 0.425579 0.186717
0.492908 0.430891 0.174780
0.488806 0.427728 0.180789
0.498199 0.428754 0.180675
0.496956 0.434114 0.168721
0.330504 0.448444 0.103834
0.328730 0.456276 0.095853
0.324871 0.451396 0.099862
0.334374 0.453248 0.099754
0.332576 0.461220 0.091864
0.454811 0.643595 0.013643
0.453912 0.655791 0.012185
0.449521 0.649248 0.012920
0.459169 0.650130 0.012821
0.458356 0.662261 0.011547
0.391200 0.535718 0.044561
0.389360 0.546662 0.039171
0.385583 0.540158 0.042037
0.394970 0.542079 0.041592
0.393149 0.553287 0.036427
0.481650 0.475142 0.100183
0.479749 0.483009 0.090990
0.475999 0.478319 0.095803
0.485405 0.479718 0.095242
0.483499 0.487798 0.086276
0.436397 0.502864 0.068466
0.434484 0.512297 0.061279
0.430739 0.506705 0.065067
0.440141 0.508346 0.064552
0.438235 0.517988 0.057615
0.466606 0.549219 0.040823
0.464823 0.560140 0.035686
0.460969 0.553905 0.038424
0.470449 0.555355 0.037963
0.468703 0.566430 0.033090
0.632313 0.491095 0.085158
0.630706 0.499551 0.076836
0.626769 0.494886 0.081486
0.636255 0.495693 0.080384
0.634662 0.504294 0.072374
0.587721 0.522972 0.057992
0.586067 0.532509 0.051397
0.582117 0.527246 0.054996
0.591668 0.528155 0.054257
0.590036 0.537840 0.047977
0.619841 0.566070 0.032918
0.618392 0.576558 0.028612
0.614272 0.570901 0.030932
0.623950 0.571665 0.030479
0.622535 0.582252 0.026436
0.568861 0.431216 0.182391
0.567698 0.437185 0.169873
0.563654 0.433963 0.176681
0.572948 0.434465 0.175537
0.571708 0.440443 0.163080
0.526104 0.452274 0.138253
0.524504 0.458709 0.127469
0.520636 0.454947 0.133183
0.529989 0.455940 0.132421
0.528352 0.462569 0.121827
0.556814 0.484472 0.093992
0.555007 0.492593 0.084939
0.551201 0.487993 0.089860
0.560624 0.488972 0.088934
0.558826 0.497289 0.080168
0.608402 0.402670 0.227975
0.608044 0.411168 0.214649
0.603651 0.407026 0.222142
0.612821 0.407053 0.220332
0.612380 0.415018 0.207169
0.642918 0.432512 0.168705
0.641912 0.439190 0.156664
0.637764 0.435744 0.163642
0.647124 0.435980 0.161642
0.646047 0.442711 0.149786
0.600837 0.458085 0.129345
0.599361 0.465072 0.118774
0.595439 0.461283 0.124733
0.604775 0.461795 0.123253
0.603275 0.468981 0.112962
0.664361 0.529907 0.052017
0.662894 0.539354 0.046083
0.658810 0.534175 0.049337
0.668444 0.535031 0.048650
0.666992 0.544576 0.042981
0.511780 0.514461 0.063817
0.509952 0.523969 0.056750
0.506136 0.518532 0.060544
0.515593 0.519788 0.059882
0.513785 0.529484 0.053113
0.421872 0.589160 0.024487
0.420314 0.601620 0.021183
0.416341 0.594617 0.022900
0.425829 0.596074 0.022635
0.424325 0.608622 0.019627
0.491125 0.693715 0.009663
0.490848 0.705180 0.009443
0.486085 0.699317 0.009559
0.495879 0.699605 0.009529
0.495636 0.710936 0.009340
0.361085 0.488936 0.072035
0.359197 0.498134 0.065036
0.355416 0.492573 0.068696
0.364863 0.494401 0.068281
0.362972 0.503801 0.061458
0.533723 0.400362 0.235476
0.533563 0.408750 0.222791
0.528967 0.404525 0.229177
0.538380 0.404880 0.228999
0.538077 0.412778 0.216369
0.450924 0.442216 0.141500
0.449314 0.448336 0.131127
0.445413 0.444453 0.136338
0.454845 0.445986 0.136199
0.453191 0.452311 0.125949
0.575537 0.606342 0.019735
0.574303 0.617617 0.017225
0.570055 0.611614 0.018543
0.579765 0.612315 0.018286
0.578577 0.623620 0.016055
0.725025 0.549640 0.039392
0.719480 0.553931 0.037161
0.730572 0.545427 0.041678
0.713936 0.558300 0.034995
0.708397 0.562750 0.032903
0.747218 0.533227 0.048773
0.741668 0.537224 0.046376
0.752766 0.529292 0.051192
0.736120 0.541290 0.044008
0.554568 0.711879 0.009193
0.549590 0.717197 0.009151
0.559547 0.706540 0.009235
0.544614 0.722481 0.009110
0.539641 0.727718 0.009072
0.574499 0.690520 0.009405
0.569503 0.695844 0.009321
0.579524 0.685213 0.009546
0.564525 0.701190 0.009277
0.326972 0.511745 0.053385
0.460942 0.726920 0.009159
0.388848 0.623870 0.016337
0.636984 0.627748 0.014732
0.631572 0.633010 0.013994
0.642423 0.622460 0.015534
0.626199 0.638236 0.013306
0.620868 0.643439 0.012672
0.658820 0.606703 0.018544
0.653344 0.611925 0.017441
0.664307 0.601527 0.019746
0.647877 0.617181 0.016437
0.680802 0.586374 0.023938
0.675299 0.591354 0.022443
0.686311 0.581472 0.025531
0.669799 0.596408 0.021046
0.702865 0.567292 0.030908
0.697342 0.571929 0.029015
0.691824 0.576656 0.027223
0.423444 0.678080 0.010380
0.514843 0.753002 0.008946
0.509901 0.757919 0.008937
0.519791 0.748054 0.008961
0.504965 0.762826 0.008935
0.500038 0.767734 0.008940
0.534671 0.732896 0.009038
0.529706 0.738011 0.009007
0.524746 0.743062 0.008981
0.357613 0.564454 0.030629
0.594776 0.669428 0.010305
0.589661 0.674667 0.009997
0.599925 0.664210 0.010669
0.584577 0.679928 0.009743
0.615577 0.648630 0.012090
0.610324 0.653817 0.011562
0.605106 0.659008 0.011088
0.307992 0.483201 0.070666
0.304199 0.477790 0.074308
0.311785 0.488702 0.067075
0.300401 0.472462 0.077993
0.296597 0.467211 0.081712
0.323168 0.505824 0.056687
0.319372 0.500005 0.060076
0.315578 0.494300 0.063542
0.437234 0.697374 0.009682
0.432594 0.691014 0.009842
0.441908 0.703603 0.009548
0.427995 0.684583 0.010069
0.456140 0.721304 0.009236
0.451364 0.715553 0.009326
0.446619 0.709657 0.009430
0.369130 0.586694 0.024121
0.365286 0.579188 0.026144
0.372987 0.594256 0.022255
0.361449 0.571765 0.028316
0.384786 0.616712 0.017598
0.380794 0.609370 0.019002
0.376869 0.601842 0.020553
0.401414 0.644696 0.013311
0.397166 0.637835 0.014202
0.405719 0.651489 0.012529
0.392976 0.630898 0.015208
0.418940 0.671517 0.010779
0.414483 0.664897 0.011267
0.410076 0.658221 0.011849
0.475484 0.743032 0.009001
0.470617 0.737780 0.009042
0.480368 0.748167 0.008971
0.465769 0.732412 0.009095
0.495104 0.762961 0.008935
0.490181 0.758120 0.008939
0.485268 0.753194 0.008950
0.338443 0.530229 0.044058
0.334613 0.523922 0.047068
0.342276 0.536710 0.041149
0.330789 0.517769 0.050178
0.353777 0.557275 0.033076
0.349943 0.550243 0.035650
0.346110 0.543381 0.038344
