0.594561 0.580028 0.036071
0.592558 0.591535 0.031150
0.588801 0.585190 0.033598
0.475668 0.432609 0.199120
0.473924 0.437075 0.186070
0.470235 0.433978 0.192735
0.555101 0.391027 0.324358
0.554271 0.401104 0.305737
0.550601 0.396014 0.314959
0.386825 0.464006 0.109838
0.384882 0.471738 0.100072
0.381208 0.466892 0.105165
0.504923 0.673373 0.011811
0.503745 0.686850 0.010843
0.499539 0.679815 0.011263
0.444802 0.556998 0.040244
0.442764 0.569369 0.034512
0.439186 0.562225 0.037449
0.535328 0.491584 0.100318
0.533438 0.499532 0.090594
0.529730 0.494752 0.095694
0.685400 0.511166 0.093133
0.683868 0.519551 0.084175
0.679919 0.514733 0.088711
0.620163 0.449226 0.190056
0.619526 0.454921 0.176451
0.615348 0.451831 0.183507
0.655376 0.426553 0.247854
0.656088 0.432736 0.232103
0.651331 0.429588 0.240277
0.618437 0.394737 0.319978
0.618659 0.404302 0.301449
0.614557 0.399477 0.311170
0.579396 0.469312 0.141550
0.577846 0.475657 0.129938
0.573997 0.471871 0.136009
0.547977 0.443449 0.194904
0.546742 0.448400 0.181476
0.542845 0.445362 0.188397
0.586127 0.425950 0.252924
0.585892 0.431599 0.237167
0.581736 0.428618 0.245256
0.640626 0.542368 0.060715
0.638679 0.552291 0.053624
0.634904 0.546710 0.057192
0.610177 0.501995 0.095923
0.608416 0.510215 0.086506
0.604612 0.505451 0.091372
0.653372 0.476718 0.136707
0.652136 0.483728 0.125329
0.648139 0.479718 0.131223
0.490158 0.520209 0.066698
0.488072 0.530306 0.058974
0.484470 0.524342 0.063014
0.460963 0.478579 0.105309
0.459021 0.486390 0.095421
0.455361 0.481531 0.100611
0.505494 0.458898 0.146864
0.503699 0.464847 0.135228
0.499984 0.461029 0.141341
0.416043 0.505776 0.070856
0.414056 0.515745 0.062812
0.410438 0.509720 0.067039
0.473715 0.615034 0.020868
0.471911 0.628491 0.017801
0.468161 0.621060 0.019298
0.357325 0.429902 0.153016
0.355377 0.436042 0.142202
0.351663 0.431967 0.147621
0.517702 0.420356 0.255431
0.516340 0.425298 0.240174
0.512684 0.422414 0.247906
0.488729 0.390307 0.320633
0.487582 0.398234 0.303722
0.483965 0.394260 0.311641
0.519801 0.337755 0.386628
0.520856 0.351777 0.375630
0.515776 0.345076 0.381334
0.594326 0.337697 0.387235
0.592870 0.352135 0.376322
0.589434 0.344604 0.382281
0.557399 0.290774 0.401131
0.557427 0.300768 0.400802
0.552482 0.295732 0.401035
0.431703 0.445101 0.151264
0.429769 0.451002 0.139813
0.426120 0.447066 0.145713
0.402529 0.417397 0.200750
0.400521 0.421933 0.188119
0.396902 0.418590 0.194376
0.447181 0.409755 0.255881
0.445163 0.413748 0.241491
0.441673 0.410832 0.248635
0.548846 0.624111 0.020227
0.547166 0.636821 0.017423
0.543245 0.629997 0.018791
0.519040 0.569957 0.037759
0.516971 0.581933 0.032498
0.513320 0.575185 0.035176
0.564972 0.532451 0.063009
0.562905 0.542506 0.055640
0.559239 0.536733 0.059447
0.727961 0.484964 0.131090
0.726961 0.492450 0.120614
0.722765 0.488080 0.126151
0.692995 0.453255 0.184162
0.692717 0.459854 0.170705
0.688292 0.456211 0.177823
0.598312 0.586291 0.033469
0.479351 0.435634 0.192341
0.558739 0.396446 0.314930
0.390496 0.468730 0.104653
0.509097 0.680409 0.011274
0.448382 0.563999 0.037151
0.539051 0.496221 0.095094
0.689374 0.515902 0.088481
0.624398 0.452302 0.182859
0.660237 0.429747 0.239533
0.622398 0.399856 0.310070
0.583278 0.472985 0.135377
0.551901 0.446450 0.187839
0.590336 0.429056 0.244694
0.644417 0.547842 0.057030
0.614001 0.506643 0.090928
0.657416 0.480661 0.130677
0.493771 0.526030 0.062533
0.464630 0.483292 0.100010
0.509229 0.462596 0.140655
0.419663 0.511650 0.066516
0.477447 0.622391 0.019237
0.361029 0.433885 0.147497
0.521375 0.423390 0.247582
0.492430 0.394488 0.312568
0.524897 0.344436 0.381774
0.597775 0.345135 0.382185
0.562327 0.295725 0.401042
0.435355 0.448919 0.145264
0.406128 0.420659 0.194375
0.450673 0.412707 0.248663
0.552733 0.630879 0.018741
0.522687 0.576584 0.034925
0.568652 0.538100 0.059081
0.732205 0.489312 0.125390
0.697487 0.456887 0.176870
0.690526 0.480528 0.134085
0.694659 0.484677 0.128177
0.689422 0.487823 0.123049
0.695664 0.477457 0.139444
0.710728 0.468346 0.156093
0.715078 0.472366 0.149538
0.710050 0.475413 0.144076
0.723268 0.515946 0.092196
0.727323 0.520685 0.087749
0.721842 0.524270 0.083577
0.728692 0.512511 0.096515
0.744799 0.502630 0.109665
0.748964 0.507153 0.104821
0.743594 0.510429 0.100514
0.556648 0.575318 0.036784
0.560350 0.581749 0.034075
0.554610 0.587057 0.031714
0.562400 0.570228 0.039441
0.579697 0.555607 0.048219
0.583395 0.561608 0.044923
0.577623 0.566485 0.042005
0.511084 0.620012 0.020524
0.514899 0.627071 0.018969
0.509333 0.633126 0.017604
0.516707 0.614102 0.022120
0.533737 0.596830 0.027572
0.537461 0.603674 0.025506
0.531777 0.609413 0.023710
0.543192 0.675653 0.011840
0.547509 0.682356 0.011318
0.542241 0.688631 0.010895
0.548530 0.669416 0.012484
0.564749 0.651020 0.015064
0.568887 0.657656 0.014090
0.563490 0.663756 0.013236
0.439207 0.425542 0.200368
0.442838 0.428652 0.193778
0.437334 0.429931 0.187569
0.444721 0.424402 0.206819
0.461248 0.421141 0.227107
0.464808 0.423926 0.219978
0.459324 0.425072 0.213183
0.394648 0.437541 0.152466
0.398315 0.441429 0.146696
0.392686 0.443544 0.141271
0.400272 0.435652 0.158104
0.417061 0.430718 0.175641
0.420725 0.434192 0.169495
0.415146 0.435814 0.163644
0.423918 0.471378 0.107727
0.427573 0.476115 0.102439
0.421962 0.479154 0.097841
0.429524 0.468597 0.112538
0.446308 0.460960 0.127607
0.449966 0.465186 0.121882
0.444376 0.467741 0.116859
0.557441 0.337040 0.387161
0.561991 0.344082 0.382261
0.557202 0.351187 0.376422
0.562276 0.330274 0.391241
0.577078 0.311590 0.398988
0.581808 0.317535 0.397149
0.576859 0.323766 0.394576
0.587337 0.392894 0.323327
0.590864 0.398390 0.313533
0.586591 0.403157 0.304501
0.591887 0.387430 0.332759
0.606169 0.368479 0.360322
0.608755 0.375984 0.350741
0.604179 0.382117 0.341573
0.522087 0.390194 0.323635
0.525873 0.395175 0.314542
0.521254 0.399663 0.305395
0.526506 0.384879 0.333246
0.539293 0.365454 0.361566
0.543584 0.372428 0.352826
0.539223 0.378946 0.343313
0.482838 0.415942 0.256095
0.486396 0.418870 0.248588
0.481080 0.420323 0.241249
0.488081 0.414114 0.263714
0.503293 0.406596 0.287850
0.506867 0.410299 0.279604
0.501881 0.412948 0.271547
0.511908 0.438684 0.197170
0.515687 0.441691 0.190178
0.510395 0.443360 0.183948
0.517150 0.437052 0.203687
0.532573 0.431891 0.224457
0.536368 0.434708 0.216874
0.531278 0.436518 0.209883
0.349578 0.456610 0.111717
0.353280 0.461329 0.106650
0.347647 0.464276 0.102132
0.355212 0.453874 0.116402
0.372110 0.446255 0.131117
0.375793 0.450538 0.125727
0.370164 0.453084 0.120792
0.467036 0.670171 0.011747
0.471025 0.677641 0.011203
0.465580 0.684273 0.010753
0.472490 0.663637 0.012443
0.488894 0.644467 0.015232
0.492808 0.651785 0.014179
0.487347 0.658150 0.013261
0.408127 0.549592 0.041512
0.411703 0.556773 0.038282
0.406140 0.562276 0.035458
0.413688 0.544487 0.044574
0.430471 0.530207 0.054332
0.434060 0.536704 0.050567
0.428447 0.541467 0.047347
0.498098 0.485379 0.102891
0.501793 0.490054 0.097598
0.496173 0.493233 0.093057
0.503697 0.482464 0.107661
0.520412 0.474325 0.122609
0.524141 0.478459 0.116834
0.518576 0.481212 0.111856
0.453032 0.513231 0.068712
0.456638 0.519097 0.064462
0.450980 0.523296 0.060833
0.458682 0.509298 0.072566
0.475613 0.498261 0.084870
0.479262 0.503534 0.080096
0.473611 0.507233 0.076009
0.481757 0.563833 0.038961
0.485358 0.570665 0.035995
0.479683 0.576030 0.033471
0.487445 0.558735 0.041773
0.504576 0.544236 0.050934
0.508178 0.550531 0.047380
0.502457 0.555370 0.044349
0.647718 0.506596 0.094356
0.651611 0.511289 0.089528
0.646066 0.514939 0.085128
0.653205 0.503125 0.098999
0.669449 0.493140 0.113510
0.673444 0.497503 0.108141
0.668040 0.500836 0.103346
0.602713 0.537614 0.061641
0.606443 0.543171 0.057845
0.600694 0.547618 0.054437
0.608430 0.533384 0.065279
0.625441 0.521319 0.076974
0.629243 0.526437 0.072663
0.623578 0.530466 0.068766
0.632694 0.584394 0.035598
0.636484 0.590577 0.033068
0.630714 0.595779 0.030773
0.638472 0.579354 0.038190
0.655810 0.564762 0.046833
0.659615 0.570569 0.043731
0.653833 0.575438 0.040848
0.584094 0.447092 0.192660
0.588181 0.450080 0.185493
0.583162 0.452328 0.179090
0.588987 0.444834 0.199383
0.603100 0.437660 0.220578
0.607374 0.440476 0.212695
0.602718 0.442991 0.205642
0.542393 0.464565 0.144126
0.546191 0.468219 0.137934
0.540718 0.470677 0.132491
0.547794 0.462284 0.149765
0.563718 0.455722 0.167349
0.567654 0.458964 0.160738
0.562359 0.461209 0.154873
0.572689 0.497109 0.097994
0.576463 0.501739 0.092864
0.570849 0.505181 0.088401
0.578264 0.493897 0.102709
0.594839 0.484697 0.117584
0.598679 0.488836 0.111930
0.593166 0.491951 0.106987
0.620414 0.426424 0.250305
0.624947 0.429411 0.242045
0.620720 0.432343 0.234561
0.624451 0.423235 0.258043
0.635930 0.412862 0.282124
0.640736 0.416538 0.273337
0.636960 0.419930 0.265330
0.656376 0.451005 0.187660
0.660765 0.454368 0.180412
0.655955 0.457177 0.174046
0.661042 0.448176 0.194327
0.674567 0.439478 0.215044
0.679245 0.442814 0.207079
0.674749 0.445761 0.200217
0.616397 0.473159 0.138968
0.620349 0.476919 0.132852
0.615002 0.479827 0.127451
0.621642 0.470371 0.144586
0.636967 0.462094 0.162222
0.641107 0.465580 0.155636
0.636018 0.468389 0.149748
0.678741 0.546797 0.060221
0.682600 0.552181 0.056614
0.676885 0.556602 0.053198
0.684416 0.542589 0.063873
0.701260 0.530583 0.075489
0.705209 0.535615 0.071452
0.699600 0.539600 0.067580
0.527461 0.526664 0.064713
0.531098 0.532402 0.060659
0.525371 0.536754 0.057169
0.533164 0.522558 0.068431
0.550195 0.510963 0.080346
0.553899 0.516149 0.075756
0.548218 0.520035 0.071795
0.436797 0.609171 0.021172
0.440473 0.616725 0.019463
0.434959 0.622897 0.017929
0.442346 0.603156 0.022966
0.459139 0.585573 0.029028
0.462741 0.592929 0.026723
0.457128 0.598793 0.024736
0.501089 0.725390 0.009448
0.505717 0.731264 0.009315
0.500587 0.736859 0.009200
0.506290 0.719489 0.009611
0.522034 0.700977 0.010270
0.526486 0.707529 0.010032
0.521260 0.713664 0.009811
0.379092 0.498041 0.073008
0.382765 0.503850 0.068605
0.377194 0.507861 0.064803
0.384682 0.494285 0.076998
0.401483 0.483722 0.089540
0.405133 0.489015 0.084685
0.399532 0.492545 0.080516
0.552055 0.423473 0.254544
0.555951 0.426654 0.246518
0.551196 0.428883 0.238913
0.556675 0.420807 0.262465
0.569977 0.411031 0.287408
0.573886 0.415200 0.278526
0.569555 0.418499 0.270257
0.468575 0.452284 0.149234
0.472260 0.456038 0.143122
0.466699 0.458178 0.137642
0.474101 0.450361 0.154896
0.490518 0.445114 0.172440
0.494262 0.448417 0.165944
0.488805 0.450200 0.160115
0.586911 0.627553 0.020014
0.590857 0.634089 0.018579
0.585304 0.639841 0.017295
0.592548 0.621919 0.021522
0.609661 0.605387 0.026707
0.613474 0.611845 0.024799
0.607762 0.617326 0.023082
0.673723 0.464967 0.159551
0.672921 0.471656 0.147215
0.668727 0.467884 0.153693
0.677969 0.468699 0.152920
0.685332 0.483625 0.128816
0.706961 0.497642 0.111638
0.705681 0.505449 0.101901
0.701626 0.500926 0.106902
0.711047 0.502113 0.106513
0.717814 0.519466 0.087924
0.541998 0.550262 0.049425
0.539892 0.561276 0.043032
0.536249 0.555007 0.046317
0.545641 0.556411 0.046001
0.550905 0.580521 0.034265
0.496234 0.591625 0.028262
0.494237 0.604548 0.024207
0.490565 0.597363 0.026239
0.499894 0.598733 0.026080
0.505491 0.626002 0.019036
0.526647 0.648157 0.015135
0.525250 0.661357 0.013244
0.521179 0.654364 0.014136
0.530681 0.655119 0.014124
0.537881 0.681930 0.011306
0.424984 0.413461 0.227476
0.422904 0.417376 0.213832
0.419379 0.414339 0.220606
0.428486 0.416437 0.220577
0.433690 0.426730 0.194042
0.379977 0.422765 0.175932
0.377991 0.428065 0.164191
0.374319 0.424375 0.170013
0.383638 0.426361 0.170006
0.389016 0.439553 0.146944
0.409297 0.453630 0.129646
0.407339 0.460424 0.119044
0.403679 0.456047 0.124519
0.412953 0.457896 0.124068
0.418309 0.474279 0.103021
0.537901 0.311662 0.398921
0.538174 0.323780 0.394462
0.533162 0.317642 0.397021
0.542889 0.317527 0.397046
0.552706 0.344007 0.382227
0.574032 0.366183 0.361763
0.572522 0.380079 0.343421
0.569026 0.373146 0.352948
0.577440 0.373524 0.352818
0.582900 0.397964 0.314071
0.505025 0.367538 0.358823
0.505722 0.379887 0.340943
0.501409 0.374417 0.349360
0.509635 0.373556 0.350694
0.517550 0.394995 0.314274
0.468742 0.403138 0.286409
0.466935 0.408445 0.270994
0.463446 0.405227 0.278490
0.472241 0.406492 0.278805
0.477523 0.417505 0.248642
0.497152 0.427201 0.226209
0.495474 0.431408 0.211958
0.491837 0.428570 0.219196
0.500783 0.429981 0.218802
0.506622 0.440290 0.190813
0.334721 0.438733 0.132279
0.332807 0.445597 0.122316
0.329085 0.441170 0.127422
0.338444 0.443072 0.127104
0.343942 0.459441 0.107129
0.451637 0.639649 0.015273
0.449937 0.653796 0.013210
0.446153 0.646036 0.014167
0.455418 0.647333 0.014180
0.461577 0.676780 0.011171
0.393714 0.522350 0.056137
0.391796 0.533645 0.048887
0.388170 0.526897 0.052663
0.397333 0.528911 0.052242
0.402579 0.554904 0.038542
0.483313 0.467934 0.125261
0.481422 0.474741 0.114464
0.477734 0.470429 0.120103
0.487006 0.472117 0.119500
0.492490 0.488410 0.098224
0.438519 0.491156 0.087189
0.436532 0.500072 0.078224
0.432898 0.494625 0.082937
0.442159 0.496456 0.082350
0.447383 0.517278 0.064965
0.467412 0.537517 0.052590
0.465322 0.548734 0.045811
0.461741 0.542179 0.049332
0.470996 0.543923 0.048935
0.476083 0.569064 0.036277
0.632110 0.488944 0.115369
0.630565 0.496443 0.104941
0.626680 0.492111 0.110320
0.636017 0.493188 0.109860
0.642197 0.510145 0.089826
0.587751 0.516399 0.078460
0.585815 0.525516 0.070078
0.582083 0.520251 0.074402
0.591501 0.521532 0.073996
0.596979 0.541948 0.058116
0.617643 0.560376 0.047355
0.615616 0.571133 0.041286
0.611872 0.565140 0.044330
0.621389 0.566272 0.044171
0.626923 0.589519 0.033152
0.567849 0.435456 0.222844
0.567000 0.440422 0.207971
0.562999 0.437522 0.215565
0.571877 0.438325 0.215069
0.579116 0.449298 0.186101
0.527127 0.451010 0.169845
0.525586 0.456259 0.157462
0.521787 0.452911 0.163942
0.530950 0.454252 0.163273
0.536950 0.466907 0.138590
0.557555 0.479875 0.120008
0.555794 0.486918 0.109312
0.552023 0.482675 0.114906
0.561340 0.483998 0.114290
0.567091 0.500414 0.093398
0.602743 0.412572 0.285188
0.603005 0.420020 0.268045
0.598706 0.416351 0.276845
0.607038 0.416478 0.276164
0.616266 0.429465 0.242718
0.638528 0.438308 0.218045
0.638500 0.444163 0.203134
0.634070 0.441106 0.210782
0.643026 0.441364 0.210236
0.651635 0.453805 0.181110
0.600383 0.459372 0.164800
0.599229 0.465202 0.152300
0.595236 0.461836 0.158820
0.604417 0.462644 0.158150
0.611089 0.475980 0.133463
0.663268 0.525982 0.076030
0.661506 0.535106 0.067968
0.657652 0.529927 0.072021
0.667145 0.531068 0.071854
0.673042 0.551113 0.056686
0.512839 0.504924 0.082546
0.510836 0.513942 0.073835
0.507183 0.508552 0.078406
0.516507 0.510160 0.077837
0.521747 0.530881 0.061103
0.422379 0.578977 0.029760
0.420315 0.592670 0.025167
0.416754 0.585011 0.027431
0.425941 0.586539 0.027331
0.431249 0.615327 0.019488
0.483388 0.699422 0.010212
0.482342 0.712613 0.009770
0.478001 0.705915 0.009968
0.487671 0.706308 0.009986
0.495915 0.731154 0.009310
0.364359 0.476234 0.091744
0.362436 0.484936 0.082704
0.358742 0.479562 0.087451
0.368046 0.481472 0.086911
0.373509 0.501903 0.069100
0.536949 0.408804 0.287943
0.535968 0.415943 0.271052
0.532265 0.412242 0.279416
0.540660 0.412806 0.279365
0.547331 0.425882 0.246797
0.453836 0.438299 0.174344
0.452007 0.443319 0.162158
0.448333 0.439857 0.168436
0.457519 0.441652 0.167976
0.463030 0.454305 0.143672
0.571571 0.601314 0.027056
0.569649 0.613537 0.023338
0.565849 0.606906 0.025176
0.575353 0.607894 0.025084
0.581311 0.633275 0.018614
0.575751 0.639095 0.017323
0.574322 0.651624 0.015052
0.570230 0.645016 0.016139
0.579794 0.645686 0.016120
0.583902 0.652262 0.015041
0.582709 0.664773 0.013239
0.578481 0.658212 0.014086
0.567847 0.625882 0.020110
0.571770 0.632496 0.018652
0.566204 0.638379 0.017352
0.573490 0.620132 0.021634
0.579165 0.614465 0.023265
0.583015 0.621015 0.021575
0.577375 0.626707 0.020060
0.560151 0.612575 0.023419
0.558337 0.625019 0.020166
0.554482 0.618306 0.021770
0.563975 0.619242 0.021699
0.562241 0.631711 0.018694
0.457465 0.456425 0.138209
0.455551 0.462745 0.127017
0.451891 0.458641 0.132851
0.461128 0.460411 0.132271
0.464797 0.464502 0.126427
0.462885 0.471294 0.115646
0.459216 0.466960 0.121280
0.450141 0.448759 0.150299
0.453804 0.452540 0.144223
0.448235 0.454644 0.138771
0.455682 0.446878 0.155934
0.461204 0.445095 0.161666
0.464889 0.448638 0.155417
0.459356 0.450539 0.149770
0.442810 0.441504 0.162623
0.440925 0.446948 0.150803
0.437267 0.443249 0.156900
0.446475 0.445082 0.156435
0.444581 0.450744 0.144759
0.542503 0.428062 0.239209
0.541395 0.432850 0.224076
0.537578 0.430051 0.231761
0.546341 0.430935 0.231431
0.550212 0.433764 0.223699
0.549130 0.438580 0.208950
0.545244 0.435691 0.216453
0.534925 0.422003 0.254961
0.538697 0.425100 0.247042
0.533798 0.427209 0.239497
0.539712 0.419438 0.262839
0.544409 0.416568 0.270946
0.548206 0.420118 0.262678
0.543500 0.422745 0.254763
0.527494 0.415295 0.271159
0.526326 0.421215 0.255177
0.522639 0.417992 0.263170
0.531190 0.418740 0.262992
0.530046 0.424279 0.247294
0.367933 0.505890 0.065268
0.366074 0.516345 0.057409
0.362361 0.510020 0.061504
0.371632 0.512017 0.061074
0.375318 0.518347 0.057005
0.373460 0.529644 0.049608
0.369775 0.522886 0.053441
0.360526 0.494153 0.074024
0.364230 0.499942 0.069585
0.358646 0.503893 0.065724
0.366128 0.490454 0.078056
0.371732 0.486852 0.082168
0.375414 0.492376 0.077531
0.369819 0.496109 0.073519
0.353124 0.482993 0.083238
0.351215 0.492164 0.074526
0.347505 0.486522 0.079098
0.356825 0.488503 0.078578
0.354930 0.497948 0.070065
0.490769 0.736789 0.009196
0.490411 0.747695 0.009035
0.485653 0.742303 0.009103
0.495485 0.742332 0.009107
0.500257 0.747670 0.009038
0.500079 0.757920 0.008953
0.495222 0.752894 0.008985
0.481538 0.725027 0.009433
0.486117 0.731024 0.009304
0.480954 0.736703 0.009190
0.486782 0.719043 0.009595
0.492056 0.712923 0.009784
0.496532 0.719279 0.009604
0.491310 0.725219 0.009442
0.472641 0.712276 0.009754
0.471773 0.724817 0.009422
0.467311 0.718501 0.009568
0.477042 0.718783 0.009583
0.476324 0.730879 0.009297
0.425673 0.621677 0.017915
0.423808 0.635887 0.015205
0.420037 0.628272 0.016459
0.429416 0.629266 0.016508
0.433166 0.636935 0.015253
0.431377 0.651322 0.013139
0.427592 0.643568 0.014100
0.418289 0.606568 0.021207
0.421959 0.614123 0.019479
0.416297 0.620694 0.017867
0.423919 0.600256 0.023096
0.429526 0.594115 0.025096
0.433147 0.601648 0.023047
0.427566 0.607793 0.021207
0.411098 0.591294 0.025208
0.408974 0.605485 0.021173
0.405400 0.597789 0.023096
0.414667 0.598974 0.023112
0.412607 0.613109 0.019435
0.516025 0.535212 0.057603
0.513906 0.545820 0.050528
0.510300 0.539663 0.054213
0.519639 0.541227 0.053791
0.523255 0.547345 0.050140
0.521137 0.558421 0.043653
0.517518 0.552075 0.047005
0.508787 0.523520 0.065689
0.512409 0.529309 0.061570
0.506694 0.533616 0.058056
0.514481 0.519467 0.069431
0.520166 0.515534 0.073292
0.523818 0.521038 0.068919
0.518118 0.525118 0.065190
0.501516 0.512308 0.074386
0.499466 0.521880 0.066194
0.495840 0.516195 0.070485
0.505156 0.517849 0.069957
0.503084 0.527687 0.062051
0.667319 0.555547 0.053274
0.665387 0.565801 0.046753
0.661574 0.560098 0.049988
0.671146 0.561144 0.049910
0.674973 0.566822 0.046692
0.673024 0.577445 0.040740
0.669205 0.571584 0.043669
0.659664 0.544605 0.060424
0.663492 0.550034 0.056780
0.657761 0.554478 0.053371
0.665354 0.540369 0.064069
0.671016 0.536236 0.067832
0.674882 0.541483 0.063959
0.669199 0.545705 0.060311
0.652003 0.533974 0.068127
0.650137 0.543496 0.060559
0.646327 0.538123 0.064357
0.655835 0.539251 0.064204
0.653949 0.548945 0.056896
0.605719 0.478842 0.128067
0.604158 0.485779 0.116985
0.600300 0.481747 0.122773
0.609602 0.482777 0.122160
0.613476 0.486840 0.116407
0.611863 0.494217 0.105893
0.608012 0.489936 0.111355
0.597909 0.471342 0.140276
0.601824 0.475032 0.134112
0.596433 0.477835 0.128701
0.603203 0.468676 0.145897
0.608432 0.466025 0.151619
0.612424 0.469528 0.145222
0.607156 0.472264 0.139613
0.590020 0.464306 0.152953
0.588655 0.470358 0.140916
0.584739 0.466795 0.147197
0.593974 0.467768 0.146556
0.592554 0.474036 0.134750
0.646820 0.456580 0.174681
0.646125 0.462775 0.161654
0.641931 0.459340 0.168383
0.651075 0.459976 0.167793
0.655301 0.463480 0.161037
0.654434 0.469982 0.148600
0.650293 0.466324 0.155059
0.638225 0.450063 0.188875
0.642536 0.453281 0.181706
0.637709 0.456014 0.175250
0.642905 0.447300 0.195649
0.647505 0.444500 0.202569
0.651955 0.447715 0.195046
0.647285 0.450515 0.188309
0.629525 0.443862 0.203689
0.629186 0.449637 0.189439
0.624889 0.446570 0.196781
0.633886 0.446923 0.196197
0.633460 0.452784 0.182264
0.611999 0.432364 0.235260
0.611932 0.437871 0.219908
0.607607 0.435094 0.227889
0.616382 0.435165 0.227194
0.620763 0.437985 0.219223
0.620577 0.443584 0.204300
0.616255 0.440684 0.212011
0.603230 0.426498 0.251689
0.607609 0.429498 0.243417
0.603280 0.432271 0.235936
0.607387 0.423397 0.259445
0.611438 0.420045 0.267358
0.615906 0.423330 0.258740
0.611819 0.426524 0.251015
0.594599 0.419832 0.268694
0.594663 0.426298 0.252331
0.590411 0.423027 0.260728
0.598884 0.423291 0.260106
0.598961 0.429357 0.244075
0.561477 0.503821 0.088924
0.559565 0.512380 0.079846
0.555844 0.507335 0.084573
0.565215 0.508725 0.084062
0.568948 0.513761 0.079363
0.566988 0.522855 0.070896
0.563279 0.517554 0.075286
0.553983 0.494420 0.099126
0.557732 0.499052 0.093948
0.552118 0.502426 0.089463
0.559563 0.491286 0.103859
0.565125 0.488243 0.108711
0.568909 0.492611 0.103278
0.563329 0.495783 0.098553
0.546475 0.485556 0.109923
0.544649 0.493019 0.099714
0.540910 0.488522 0.105061
0.550230 0.489922 0.104453
0.548386 0.497654 0.094512
0.531464 0.469315 0.133152
0.529688 0.475789 0.121932
0.525949 0.471785 0.127820
0.535214 0.473197 0.127152
0.538967 0.477195 0.121278
0.537169 0.484154 0.110550
0.533429 0.479912 0.116175
0.523948 0.461873 0.145464
0.527711 0.465540 0.139260
0.522211 0.467892 0.133833
0.529381 0.459704 0.151076
0.534770 0.457587 0.156797
0.538585 0.461022 0.150415
0.533170 0.463251 0.144785
0.516399 0.454851 0.158153
0.514722 0.460420 0.146164
0.510966 0.456843 0.152465
0.520176 0.458312 0.151763
0.518472 0.464103 0.139953
0.574055 0.451459 0.179702
0.572891 0.456746 0.166723
0.568920 0.453593 0.173455
0.578065 0.454543 0.172837
0.582064 0.457700 0.166093
0.580804 0.463341 0.153593
0.576854 0.459993 0.160102
0.566033 0.445431 0.193818
0.570042 0.448426 0.186695
0.564942 0.450510 0.180303
0.571025 0.443349 0.200536
0.575933 0.441221 0.207437
0.580009 0.444141 0.199971
0.575067 0.446306 0.193248
0.558063 0.439539 0.208474
0.557001 0.444477 0.194368
0.553053 0.441512 0.201591
0.562036 0.442471 0.201075
0.560967 0.447476 0.187274
0.621158 0.594727 0.030854
0.619208 0.606414 0.026638
0.615403 0.600016 0.028705
0.624955 0.601059 0.028629
0.628765 0.607449 0.026574
0.626866 0.619331 0.022979
0.623026 0.612862 0.024741
0.613602 0.582240 0.035808
0.617374 0.588453 0.033247
0.611613 0.593669 0.030943
0.619373 0.577195 0.038408
0.625147 0.572241 0.041149
0.628916 0.578283 0.038292
0.623142 0.583324 0.035697
0.606100 0.570003 0.041439
0.604075 0.581142 0.035933
0.600328 0.574967 0.038685
0.609844 0.576090 0.038539
0.607837 0.587378 0.033352
0.591228 0.546390 0.054703
0.589166 0.556838 0.047972
0.585466 0.550945 0.051403
0.594934 0.552173 0.051145
0.598645 0.558041 0.047745
0.596595 0.568854 0.041609
0.592874 0.562808 0.044706
0.583819 0.535108 0.062276
0.587524 0.540702 0.058415
0.581772 0.545140 0.054991
0.589542 0.530893 0.065929
0.595245 0.526784 0.069704
0.598982 0.532147 0.065589
0.593262 0.536373 0.061946
0.576395 0.524209 0.070474
0.574387 0.533803 0.062630
0.570691 0.528276 0.066680
0.580110 0.529607 0.066291
0.578081 0.539424 0.058734
0.636644 0.513779 0.085417
0.634881 0.522509 0.076691
0.631057 0.517501 0.081132
0.640489 0.518678 0.080847
0.644330 0.523682 0.076443
0.642515 0.532827 0.068306
0.638701 0.527620 0.072416
0.628937 0.504316 0.095065
0.632792 0.508990 0.090155
0.627228 0.512603 0.085742
0.634446 0.500893 0.099732
0.639921 0.497543 0.104522
0.643821 0.502013 0.099354
0.638324 0.505462 0.094694
0.621213 0.495334 0.105397
0.619555 0.503161 0.095475
0.615711 0.498625 0.100599
0.625077 0.499764 0.100146
0.623394 0.507822 0.090523
0.470422 0.574430 0.033725
0.468375 0.587160 0.028833
0.464774 0.579933 0.031308
0.474023 0.581527 0.031083
0.477635 0.588699 0.028640
0.475628 0.601777 0.024471
0.471989 0.594458 0.026560
0.463243 0.560499 0.039592
0.466830 0.567418 0.036563
0.461182 0.572786 0.033983
0.468904 0.555407 0.042455
0.474579 0.550450 0.045440
0.478166 0.557091 0.042112
0.472491 0.562186 0.039274
0.456081 0.546981 0.046186
0.454014 0.558773 0.039914
0.450434 0.551920 0.043156
0.459660 0.553684 0.042802
0.457596 0.565730 0.036854
0.441736 0.521451 0.061322
0.439688 0.532091 0.053887
0.436098 0.525756 0.057779
0.445329 0.527623 0.057309
0.448917 0.533943 0.053444
0.446855 0.545181 0.046571
0.443274 0.538568 0.050150
0.434524 0.509552 0.069777
0.438135 0.515428 0.065479
0.432500 0.519577 0.061816
0.440158 0.505667 0.073658
0.445793 0.501903 0.077652
0.449417 0.507497 0.073106
0.443776 0.511404 0.069241
0.427276 0.498221 0.078797
0.425280 0.507676 0.070315
0.421656 0.501942 0.074772
0.430904 0.503816 0.074214
0.428895 0.513551 0.065996
0.486872 0.491564 0.093664
0.484907 0.499970 0.084302
0.481246 0.494847 0.089211
0.490544 0.496536 0.088624
0.494210 0.501650 0.083725
0.492204 0.510644 0.074933
0.488560 0.505235 0.079540
0.479514 0.482040 0.104127
0.483195 0.486733 0.098834
0.477579 0.489868 0.094255
0.485112 0.479172 0.108935
0.490703 0.476416 0.113848
0.494401 0.480835 0.108310
0.488802 0.483726 0.103519
0.472149 0.473030 0.115055
0.470234 0.480322 0.104716
0.466559 0.475747 0.110123
0.475831 0.477475 0.109535
0.473908 0.485027 0.099426
0.397034 0.560448 0.035666
0.394954 0.574106 0.030111
0.391471 0.566279 0.032883
0.400566 0.568034 0.032734
0.404075 0.575733 0.030013
0.401884 0.589971 0.025222
0.398414 0.582034 0.027560
0.389886 0.545708 0.042117
0.393474 0.553000 0.038798
0.387946 0.558595 0.035866
0.395405 0.540575 0.045267
0.400941 0.535651 0.048499
0.404539 0.542549 0.044920
0.399000 0.547666 0.041815
0.382640 0.531643 0.049259
0.380764 0.543753 0.042400
0.377123 0.536605 0.045924
0.386273 0.538588 0.045607
0.384375 0.551082 0.039043
0.456105 0.683469 0.010716
0.454597 0.697789 0.010126
0.450599 0.690267 0.010366
0.460109 0.690997 0.010406
0.464173 0.698383 0.010160
0.462952 0.711909 0.009734
0.458709 0.705017 0.009919
0.448278 0.668136 0.011679
0.452160 0.675849 0.011133
0.446659 0.682599 0.010672
0.453763 0.661522 0.012395
0.459239 0.654996 0.013231
0.463110 0.662617 0.012422
0.457641 0.669191 0.011717
0.440667 0.652521 0.013182
0.438948 0.667008 0.011636
0.435159 0.659145 0.012318
0.444450 0.660352 0.012361
0.442775 0.674845 0.011088
0.338307 0.462365 0.102633
0.336377 0.470457 0.093343
0.332670 0.465387 0.098216
0.342012 0.467319 0.097698
0.345718 0.472405 0.092813
0.343796 0.481022 0.083769
0.340086 0.475669 0.088522
0.330889 0.452824 0.112609
0.334600 0.457537 0.107606
0.328963 0.460450 0.103131
0.336523 0.450111 0.117229
0.342160 0.447491 0.121948
0.345871 0.452001 0.116818
0.340235 0.454723 0.112164
0.323452 0.443698 0.122680
0.321540 0.450928 0.113049
0.317820 0.446320 0.118040
0.327173 0.448214 0.117636
0.325253 0.455635 0.108077
0.501293 0.441886 0.184586
0.499682 0.446698 0.171852
0.495924 0.443487 0.178465
0.505060 0.445022 0.177848
0.508837 0.448216 0.171196
0.507206 0.453366 0.158849
0.503443 0.449986 0.165313
0.493821 0.435779 0.198303
0.497544 0.438804 0.191406
0.492179 0.440339 0.185152
0.499154 0.434310 0.204821
0.504450 0.432824 0.211481
0.508160 0.435727 0.204271
0.502872 0.437271 0.197772
0.486476 0.429918 0.212334
0.484754 0.434219 0.198739
0.481083 0.431258 0.205649
0.490129 0.432816 0.205276
0.488454 0.437247 0.191909
0.472147 0.418853 0.241337
0.470273 0.422780 0.226936
0.466717 0.420045 0.234160
0.475700 0.421605 0.234030
0.479272 0.424327 0.226747
0.477448 0.428370 0.212647
0.473848 0.425547 0.219751
0.465076 0.413117 0.256014
0.468605 0.416032 0.248663
0.463178 0.417275 0.241407
0.470447 0.411569 0.263514
0.475758 0.409750 0.271205
0.479291 0.412902 0.263631
0.473978 0.414591 0.256063
0.458077 0.406991 0.270781
0.456142 0.411506 0.255954
0.452652 0.408486 0.263255
0.461565 0.410100 0.263387
0.459653 0.414435 0.248671
0.512902 0.399355 0.305196
0.511759 0.407232 0.287922
0.508152 0.403234 0.296386
0.516553 0.403700 0.296517
0.520189 0.407796 0.287930
0.518987 0.414596 0.271292
0.515365 0.411015 0.279546
0.505443 0.390188 0.322599
0.509215 0.394828 0.313905
0.504525 0.399019 0.304886
0.509836 0.385147 0.332141
0.514016 0.379410 0.341906
0.518156 0.384963 0.332788
0.513762 0.390168 0.323213
0.497494 0.380525 0.339601
0.497097 0.390248 0.321718
0.493257 0.385777 0.329963
0.501542 0.385427 0.331196
0.500851 0.394663 0.313346
0.578555 0.402703 0.305004
0.578146 0.411568 0.286986
0.574268 0.407072 0.296114
0.582369 0.407565 0.295646
0.586324 0.412011 0.286463
0.586226 0.419505 0.269292
0.582134 0.415698 0.278042
0.571335 0.391958 0.324121
0.574893 0.397482 0.314501
0.570502 0.402181 0.305393
0.575944 0.386518 0.333597
0.580717 0.380514 0.343176
0.583982 0.386976 0.333239
0.579375 0.392444 0.323784
0.564244 0.379663 0.343532
0.563236 0.391462 0.324301
0.559629 0.385617 0.333903
0.567810 0.386052 0.333821
0.566839 0.396962 0.314792
0.548094 0.351108 0.376367
0.548005 0.365495 0.361709
0.543624 0.358280 0.369505
0.552538 0.358350 0.369591
0.556696 0.365646 0.361781
0.555943 0.379319 0.343546
0.552095 0.372572 0.352937
0.538556 0.337051 0.387057
0.543415 0.343984 0.382169
0.538982 0.351123 0.376263
0.543135 0.330247 0.391183
0.547838 0.323731 0.394494
0.552705 0.330245 0.391218
0.547996 0.337009 0.387123
0.528537 0.323992 0.394388
0.529144 0.337275 0.386902
0.524070 0.330707 0.390949
0.533580 0.330374 0.391105
0.534135 0.344101 0.382037
0.412699 0.477303 0.098421
0.410740 0.485605 0.088962
0.407089 0.480451 0.093927
0.416350 0.482317 0.093348
0.419997 0.487473 0.088377
0.418024 0.496349 0.079371
0.414385 0.490904 0.084106
0.405386 0.467685 0.108824
0.409044 0.472427 0.103582
0.403435 0.475441 0.098985
0.410998 0.464920 0.113631
0.416608 0.462273 0.118551
0.420263 0.466765 0.113101
0.414654 0.469537 0.108288
0.398060 0.458582 0.119512
0.396110 0.465840 0.109340
0.392442 0.461236 0.114619
0.401724 0.463072 0.114136
0.399774 0.470573 0.104126
0.383381 0.441681 0.141543
0.381424 0.448099 0.130784
0.377745 0.443916 0.136267
0.387055 0.445767 0.135966
0.390726 0.449940 0.130430
0.388771 0.456749 0.119956
0.385099 0.452374 0.125345
0.376021 0.433744 0.152810
0.379703 0.437673 0.147159
0.374061 0.439814 0.141787
0.381667 0.431819 0.158406
0.387307 0.430015 0.164122
0.390978 0.433739 0.158276
0.385343 0.435646 0.152656
0.368656 0.426101 0.164218
0.366683 0.431832 0.152929
0.362990 0.427945 0.158550
0.372338 0.429890 0.158496
0.370374 0.435786 0.147341
0.428162 0.427981 0.187816
0.426282 0.432685 0.175436
0.422620 0.429303 0.181680
0.431818 0.431270 0.181459
0.435480 0.434611 0.175140
0.433607 0.439645 0.163043
0.429946 0.436127 0.169223
0.420904 0.421535 0.200679
0.424521 0.424734 0.194214
0.418968 0.425978 0.187971
0.426467 0.420451 0.207155
0.432028 0.419442 0.213762
0.435603 0.422474 0.207027
0.430066 0.423572 0.200566
0.413767 0.415280 0.213858
0.411726 0.419478 0.200741
0.408150 0.416297 0.207241
0.417317 0.418386 0.207224
0.415334 0.422704 0.194321
0.532594 0.688241 0.010882
0.531729 0.701281 0.010282
0.527317 0.694598 0.010551
0.536986 0.694947 0.010565
0.541437 0.701552 0.010294
0.540772 0.714014 0.009829
0.536216 0.707757 0.010042
0.524021 0.674599 0.011825
0.528269 0.681463 0.011295
0.522962 0.687816 0.010869
0.529388 0.668287 0.012477
0.534781 0.662027 0.013240
0.538950 0.668874 0.012480
0.533597 0.675147 0.011832
0.515739 0.660641 0.013249
0.514462 0.674009 0.011818
0.510320 0.666979 0.012473
0.519844 0.667657 0.012475
0.518675 0.680957 0.011284
0.499929 0.632074 0.017658
0.498289 0.645489 0.015209
0.494397 0.638228 0.016389
0.503796 0.639269 0.016351
0.507718 0.646435 0.015183
0.506247 0.659877 0.013254
0.502237 0.652711 0.014165
0.492339 0.617649 0.020699
0.496112 0.624865 0.019107
0.490558 0.630948 0.017709
0.497946 0.611715 0.022333
0.503583 0.605847 0.024074
0.507312 0.612940 0.022224
0.501696 0.618863 0.020612
0.484918 0.603191 0.024339
0.483012 0.616371 0.020785
0.479301 0.609079 0.022549
0.488609 0.610426 0.022442
0.486764 0.623662 0.019173
0.545170 0.585840 0.031889
0.543165 0.598018 0.027427
0.539448 0.591276 0.029657
0.548882 0.592479 0.029497
0.552613 0.599160 0.027293
0.550673 0.611566 0.023509
0.546903 0.604795 0.025387
0.537804 0.572721 0.037239
0.541479 0.579251 0.034470
0.535752 0.584580 0.032078
0.543546 0.567623 0.039926
0.549295 0.562641 0.042749
0.552963 0.568946 0.039675
0.547216 0.574041 0.037003
0.530505 0.559868 0.043334
0.528413 0.571360 0.037490
0.524769 0.564852 0.040480
0.534148 0.566259 0.040194
0.532073 0.577938 0.034690
0.712327 0.523078 0.083707
0.710785 0.531734 0.075418
0.706810 0.526782 0.079558
0.716329 0.527952 0.079464
0.720322 0.532885 0.075357
0.718708 0.541808 0.067528
0.714752 0.536743 0.071412
0.704303 0.513523 0.092642
0.708318 0.518266 0.088097
0.702828 0.521896 0.083841
0.709732 0.510050 0.097078
0.715128 0.506656 0.101571
0.719202 0.511268 0.096801
0.713776 0.514724 0.092422
0.696254 0.504268 0.102234
0.694845 0.512339 0.092875
0.690844 0.507679 0.097643
0.700281 0.508856 0.097351
0.698840 0.517079 0.088277
0.680084 0.486757 0.123634
0.678810 0.494227 0.113027
0.674788 0.489926 0.118530
0.684137 0.491004 0.117998
0.688182 0.495341 0.112552
0.686839 0.503105 0.102587
0.682828 0.498621 0.107714
0.671925 0.478564 0.135446
0.676015 0.482607 0.129451
0.670757 0.485722 0.124218
0.677084 0.475537 0.140906
0.682184 0.472535 0.146463
0.686367 0.476478 0.140183
0.681220 0.479528 0.134771
0.663668 0.470810 0.147940
0.662641 0.477631 0.136104
0.658549 0.473751 0.142280
0.667810 0.474632 0.141613
0.666710 0.481622 0.130079
0.606000 0.629337 0.019932
0.609967 0.635832 0.018515
0.604428 0.641458 0.017247
0.611635 0.623803 0.021426
0.617311 0.618317 0.023029
0.621187 0.624787 0.021381
0.615554 0.630279 0.019893
0.594864 0.640628 0.017270
0.600409 0.634942 0.018547
0.598936 0.647162 0.016085
0.596453 0.628429 0.019972
0.598222 0.616356 0.023138
0.603930 0.610842 0.024861
0.602087 0.622848 0.021472
0.588078 0.658818 0.014083
0.589362 0.646400 0.016102
0.593487 0.652949 0.015031
0.487030 0.455682 0.148140
0.490739 0.459410 0.141980
0.485189 0.461595 0.136506
0.492534 0.453708 0.153789
0.498007 0.451812 0.159513
0.501752 0.455304 0.153152
0.496261 0.457316 0.147529
0.475940 0.459900 0.137081
0.481497 0.457744 0.142569
0.479624 0.463864 0.131123
0.477800 0.453999 0.148697
0.479603 0.448533 0.160653
0.485076 0.446788 0.166503
0.483316 0.452057 0.154364
0.468470 0.468708 0.120686
0.470372 0.462150 0.131695
0.474050 0.466232 0.125846
0.569116 0.424884 0.253906
0.573153 0.428059 0.245755
0.568565 0.430423 0.238173
0.573552 0.422110 0.261780
0.577883 0.419056 0.269819
0.581969 0.422629 0.261290
0.577617 0.425474 0.253453
0.559886 0.429688 0.238574
0.564561 0.427399 0.246176
0.563852 0.432606 0.230687
0.560594 0.424206 0.254266
0.561199 0.417866 0.270580
0.565629 0.414619 0.278894
0.565128 0.421495 0.262173
0.554119 0.436633 0.216024
0.555096 0.431792 0.231082
0.559032 0.434648 0.223293
0.397584 0.501905 0.071949
0.401220 0.507765 0.067568
0.395643 0.511802 0.063827
0.403175 0.498125 0.075893
0.408777 0.494456 0.079944
0.412413 0.500046 0.075331
0.406811 0.503851 0.071401
0.386428 0.509827 0.064324
0.392001 0.505800 0.068095
0.390079 0.515988 0.060168
0.388346 0.499967 0.072486
0.390279 0.490642 0.081079
0.395879 0.487119 0.085259
0.393935 0.496199 0.076453
0.378989 0.524891 0.053063
0.380867 0.514002 0.060630
0.384527 0.520345 0.056582
0.520664 0.725656 0.009459
0.525334 0.731425 0.009323
0.520232 0.736958 0.009206
0.525827 0.719821 0.009626
0.531012 0.713851 0.009820
0.535606 0.719950 0.009633
0.530459 0.725756 0.009465
0.510409 0.736914 0.009203
0.515524 0.731353 0.009319
0.515154 0.742360 0.009112
0.510874 0.725536 0.009454
0.511517 0.713447 0.009802
0.516766 0.707272 0.010021
0.516055 0.719669 0.009619
0.505076 0.752823 0.008987
0.505319 0.742348 0.009110
0.510102 0.747642 0.009039
0.455208 0.612184 0.021029
0.458904 0.619668 0.019357
0.453387 0.625775 0.017878
0.460771 0.606217 0.022760
0.466365 0.600310 0.024604
0.470022 0.607675 0.022655
0.464448 0.613635 0.020949
0.444169 0.624326 0.017911
0.449675 0.618217 0.019412
0.447890 0.631972 0.016515
0.445995 0.610679 0.021106
0.447917 0.597228 0.024869
0.453517 0.591352 0.026887
0.451546 0.604708 0.022864
0.436914 0.644696 0.014145
0.438678 0.630543 0.016525
0.442404 0.638269 0.015271
0.546186 0.529631 0.063822
0.549843 0.535327 0.059832
0.544106 0.539707 0.056366
0.551898 0.525490 0.067517
0.557596 0.521464 0.071336
0.561287 0.526901 0.067090
0.555571 0.531060 0.063407
0.534730 0.538250 0.056758
0.540463 0.533883 0.060235
0.538363 0.544206 0.053012
0.536817 0.528166 0.064257
0.538855 0.518571 0.072273
0.544532 0.514707 0.076245
0.542524 0.524042 0.067964
0.526875 0.553562 0.046651
0.528993 0.542737 0.053391
0.532618 0.548823 0.049773
0.697852 0.548948 0.060112
0.701743 0.554277 0.056537
0.696039 0.558670 0.053110
0.703514 0.544776 0.063777
0.709149 0.540707 0.067547
0.713079 0.545853 0.063763
0.707422 0.550007 0.060092
0.686458 0.557643 0.053143
0.692167 0.553235 0.056564
0.690314 0.563187 0.049814
0.688292 0.547878 0.060155
0.690062 0.538484 0.067638
0.695678 0.534483 0.071512
0.693960 0.543687 0.063813
0.678803 0.572580 0.043626
0.680726 0.562173 0.049852
0.684568 0.567825 0.046651
0.634878 0.474937 0.137796
0.638872 0.478786 0.131744
0.633563 0.481782 0.126338
0.640080 0.472048 0.143433
0.645219 0.469179 0.149189
0.649308 0.472891 0.142879
0.644120 0.475824 0.137258
0.624282 0.480807 0.126876
0.629610 0.477854 0.132280
0.628201 0.484815 0.121044
0.625638 0.474050 0.138363
0.626822 0.467603 0.150330
0.631931 0.464846 0.156206
0.630861 0.471210 0.143991
0.617345 0.491027 0.110818
0.618902 0.483799 0.121582
0.622792 0.487895 0.115869
0.674658 0.452085 0.186028
0.679105 0.455571 0.178734
0.674309 0.458460 0.172480
0.679310 0.449174 0.192583
0.683875 0.446222 0.199272
0.688458 0.449702 0.191631
0.683823 0.452656 0.185117
0.665119 0.457808 0.173307
0.669926 0.454960 0.179605
0.669439 0.461338 0.166350
0.665503 0.451535 0.186892
0.665632 0.445313 0.201112
0.670142 0.442415 0.208016
0.670166 0.448667 0.193491
0.659499 0.467092 0.154418
0.660244 0.460644 0.167120
0.664502 0.464213 0.160333
0.637778 0.426380 0.249102
0.642483 0.429473 0.240902
0.638303 0.432432 0.233371
0.641751 0.423248 0.256867
0.645604 0.420008 0.264730
0.650494 0.423328 0.256247
0.646549 0.426444 0.248527
0.629485 0.432362 0.233930
0.633686 0.429413 0.241451
0.634015 0.435317 0.225941
0.629062 0.426370 0.249665
0.628381 0.419900 0.265934
0.632208 0.416434 0.273970
0.633066 0.423210 0.257429
0.625147 0.440881 0.211364
0.625177 0.435220 0.226532
0.629626 0.438128 0.218603
0.591427 0.499626 0.096927
0.595225 0.504250 0.091854
0.589622 0.507770 0.087413
0.596986 0.496322 0.101621
0.602515 0.493094 0.106427
0.606348 0.497478 0.101091
0.600802 0.500820 0.096412
0.580232 0.506499 0.087895
0.585842 0.503017 0.092350
0.583994 0.511387 0.083093
0.582056 0.498393 0.097450
0.583816 0.490765 0.107547
0.589342 0.487701 0.112507
0.587625 0.495132 0.102159
0.572675 0.518924 0.074833
0.574600 0.510078 0.083566
0.578345 0.515103 0.078899
0.560871 0.467041 0.142831
0.564716 0.470702 0.136646
0.559257 0.473259 0.131201
0.566250 0.464651 0.148479
0.571580 0.462305 0.154234
0.575496 0.465754 0.147836
0.570131 0.468203 0.142189
0.549981 0.471990 0.131841
0.555447 0.469484 0.137288
0.553768 0.475873 0.125860
0.551625 0.465827 0.143476
0.553151 0.460056 0.155511
0.558460 0.457873 0.161370
0.557014 0.463494 0.149120
0.542720 0.481314 0.115533
0.544485 0.474556 0.126501
0.548254 0.478555 0.120637
0.602137 0.448364 0.191407
0.606300 0.451350 0.184197
0.601357 0.453800 0.177814
0.606941 0.445888 0.198109
0.611649 0.443327 0.204973
0.615912 0.446233 0.197424
0.611153 0.448827 0.190730
0.592262 0.453110 0.178465
0.597242 0.450767 0.184862
0.596330 0.456198 0.171570
0.593117 0.447780 0.192050
0.593787 0.442516 0.206277
0.598492 0.440126 0.213348
0.597964 0.445421 0.198764
0.586050 0.460952 0.159466
0.587202 0.455412 0.172211
0.591227 0.458575 0.165457
0.651846 0.586482 0.035446
0.655654 0.592632 0.032945
0.649868 0.597858 0.030645
0.657636 0.581422 0.038043
0.663424 0.576454 0.040785
0.667237 0.582415 0.037996
0.661446 0.587480 0.035397
0.640282 0.596830 0.030702
0.646060 0.591623 0.032998
0.644092 0.603150 0.028501
0.642261 0.585451 0.035513
0.644252 0.574399 0.040929
0.650034 0.569532 0.043812
0.648045 0.580404 0.038108
0.632586 0.613896 0.024686
0.634517 0.602104 0.028561
0.638331 0.608494 0.026515
0.621647 0.540033 0.061120
0.625405 0.545553 0.057383
0.619662 0.550001 0.053981
0.627356 0.535795 0.064755
0.633042 0.531657 0.068519
0.636835 0.536970 0.064540
0.631130 0.541211 0.060903
0.610172 0.548821 0.054197
0.615918 0.544373 0.057601
0.613904 0.554557 0.050699
0.612176 0.538834 0.061366
0.614125 0.529257 0.069045
0.619796 0.525236 0.072944
0.617888 0.534599 0.065002
0.602367 0.563985 0.044508
0.604413 0.553377 0.050910
0.608138 0.559220 0.047539
0.666539 0.508857 0.093717
0.670474 0.513575 0.088965
0.664947 0.517234 0.084614
0.672005 0.505370 0.098291
0.677435 0.501961 0.102958
0.681420 0.506516 0.097957
0.675965 0.510004 0.093414
0.655501 0.516086 0.084866
0.661037 0.512428 0.089241
0.659387 0.520986 0.080368
0.657123 0.507724 0.094036
0.658655 0.499731 0.103744
0.664071 0.496406 0.108581
0.662599 0.504241 0.098644
0.648168 0.528782 0.072205
0.649931 0.519837 0.080597
0.653793 0.524834 0.076230
0.500354 0.566993 0.038347
0.503975 0.573731 0.035443
0.498278 0.579085 0.032975
0.506065 0.561896 0.041107
0.511786 0.556925 0.043993
0.515406 0.563401 0.040784
0.509685 0.568505 0.038046
0.488968 0.577581 0.033221
0.494655 0.572222 0.035718
0.492593 0.584570 0.030643
0.491045 0.565435 0.038652
0.493146 0.553771 0.044709
0.498857 0.548939 0.047765
0.496745 0.560337 0.041438
0.481263 0.595937 0.026399
0.483295 0.583073 0.030861
0.486922 0.590188 0.028450
0.471574 0.516777 0.067700
0.475181 0.522623 0.063495
0.469501 0.526865 0.059894
0.477240 0.512801 0.071529
0.482902 0.508952 0.075473
0.486535 0.514512 0.071009
0.480860 0.518507 0.067200
0.460235 0.525099 0.060357
0.465904 0.520875 0.063976
0.463826 0.531240 0.056399
0.462298 0.515020 0.068199
0.464329 0.505486 0.076542
0.469973 0.501807 0.080646
0.467956 0.511064 0.072046
0.452500 0.540399 0.049735
0.454572 0.529455 0.056846
0.458158 0.535751 0.053011
0.516707 0.488579 0.101586
0.520413 0.493236 0.096315
0.514796 0.496472 0.091808
0.522298 0.485598 0.106330
0.527872 0.482712 0.111192
0.531601 0.487085 0.105685
0.526016 0.490109 0.100941
0.505482 0.494870 0.092437
0.511101 0.491667 0.096956
0.509164 0.499827 0.087415
0.507400 0.486999 0.102242
0.509283 0.479657 0.112534
0.514855 0.476946 0.117515
0.512996 0.484056 0.106994
0.497867 0.506907 0.078977
0.499851 0.498196 0.088025
0.503520 0.503304 0.083138
0.426430 0.553352 0.040893
0.430005 0.560432 0.037738
0.424414 0.565855 0.035013
0.432029 0.548264 0.043875
0.437644 0.543339 0.046961
0.441224 0.550108 0.043518
0.435608 0.555187 0.040573
0.415267 0.564077 0.035241
0.420844 0.558615 0.038015
0.418823 0.571483 0.032398
0.417271 0.551487 0.041205
0.419265 0.539562 0.047731
0.424860 0.534806 0.050983
0.422850 0.546392 0.044227
0.407577 0.583513 0.027507
0.409683 0.569768 0.032573
0.413218 0.577354 0.029896
0.485920 0.671915 0.011791
0.490007 0.679157 0.011249
0.484611 0.685685 0.010809
0.491344 0.665453 0.012468
0.496782 0.659050 0.013260
0.500818 0.666252 0.012472
0.495407 0.672678 0.011804
0.475083 0.685010 0.010784
0.480502 0.678433 0.011229
0.479205 0.692283 0.010469
0.476463 0.671079 0.011772
0.477945 0.657174 0.013257
0.483412 0.650783 0.014187
0.481901 0.664582 0.012459
0.468347 0.705484 0.009946
0.469644 0.691669 0.010441
0.473770 0.698926 0.010189
0.368225 0.460335 0.110795
0.371910 0.465053 0.105667
0.366290 0.468040 0.101113
0.373848 0.457574 0.115533
0.379473 0.454919 0.120381
0.383150 0.459405 0.115083
0.377530 0.462174 0.110322
0.356976 0.466167 0.101626
0.362601 0.463200 0.106162
0.360668 0.471134 0.096653
0.358909 0.458481 0.111261
0.360844 0.451235 0.121191
0.366476 0.448695 0.126093
0.364537 0.455732 0.115972
0.349422 0.477628 0.087988
0.351348 0.469236 0.097178
0.355046 0.474330 0.092281
0.529949 0.441228 0.195978
0.533794 0.444219 0.188959
0.528575 0.446043 0.182659
0.535104 0.439422 0.202591
0.540204 0.437577 0.209411
0.544077 0.440492 0.202091
0.538962 0.442370 0.195432
0.519489 0.444747 0.183293
0.524743 0.443000 0.189552
0.523305 0.447849 0.176517
0.520933 0.440002 0.196560
0.522346 0.435382 0.210393
0.527490 0.433662 0.217319
0.526131 0.438281 0.203121
0.512619 0.451488 0.164632
0.514186 0.446478 0.177182
0.517986 0.449656 0.170514
0.500374 0.418348 0.255944
0.503967 0.421332 0.248225
0.498795 0.422999 0.240886
0.505455 0.416251 0.263586
0.510453 0.413821 0.271441
0.514062 0.417170 0.263380
0.509055 0.419406 0.255707
0.489966 0.421702 0.241108
0.495210 0.420147 0.248461
0.493547 0.424465 0.233648
0.491640 0.417190 0.256066
0.493246 0.411981 0.271530
0.498321 0.409492 0.279571
0.496803 0.415230 0.263711
0.482860 0.427088 0.219501
0.484647 0.423072 0.233871
0.488233 0.425798 0.226514
0.538685 0.390440 0.324180
0.542409 0.395666 0.314893
0.537861 0.400294 0.305676
0.543155 0.385036 0.333782
0.547604 0.379079 0.343474
0.551418 0.385277 0.333888
0.546920 0.390689 0.324312
0.529578 0.399968 0.305553
0.534164 0.395393 0.314752
0.533262 0.404533 0.296679
0.530404 0.390279 0.323952
0.530814 0.378952 0.343014
0.535051 0.372424 0.352598
0.534848 0.384903 0.333574
0.523831 0.411654 0.279472
0.524926 0.404124 0.296604
0.528589 0.408311 0.287936
0.603020 0.393766 0.322020
0.606685 0.399141 0.312102
0.602633 0.403858 0.303201
0.607307 0.388499 0.331278
0.611620 0.382932 0.340550
0.614846 0.389162 0.330183
0.610762 0.394234 0.321113
0.594614 0.403541 0.303900
0.598788 0.398778 0.312883
0.598590 0.408277 0.294440
0.595217 0.393326 0.322746
0.596558 0.381478 0.342300
0.601341 0.375084 0.351626
0.599659 0.387923 0.332125
0.590405 0.416085 0.277477
0.590474 0.407966 0.295085
0.594521 0.412348 0.285859
0.576341 0.337176 0.387220
0.580532 0.344332 0.382306
0.575417 0.351494 0.376465
0.581374 0.330374 0.391311
0.586316 0.323863 0.394620
0.590502 0.330591 0.391345
0.585595 0.337329 0.387239
0.566309 0.351322 0.376448
0.571296 0.344186 0.382287
0.570337 0.358709 0.369646
0.566891 0.337100 0.387183
0.567190 0.323751 0.394535
0.572142 0.317511 0.397100
0.571867 0.330306 0.391268
0.560567 0.372815 0.352975
0.561434 0.358501 0.369632
0.565367 0.365883 0.361797
0.442439 0.475014 0.106534
0.446096 0.479743 0.101225
0.440488 0.482807 0.096638
0.448037 0.472212 0.111337
0.453629 0.469529 0.116252
0.457295 0.473993 0.110725
0.451700 0.476807 0.105919
0.431225 0.480989 0.097246
0.436834 0.477938 0.101837
0.434874 0.486000 0.092159
0.433179 0.473204 0.107140
0.435124 0.465935 0.117454
0.440719 0.463390 0.122476
0.438781 0.470413 0.111946
0.423640 0.492774 0.083523
0.425611 0.484167 0.092759
0.429257 0.489323 0.087786
0.413210 0.441327 0.151970
0.416868 0.445188 0.146091
0.411257 0.447272 0.140631
0.418808 0.439474 0.157631
0.424387 0.437744 0.163386
0.428047 0.441379 0.157307
0.422466 0.443225 0.151654
0.401978 0.445405 0.140968
0.407600 0.443305 0.146414
0.405639 0.449470 0.135281
0.403937 0.439433 0.152239
0.405886 0.433885 0.163850
0.411482 0.432242 0.169697
0.409549 0.437561 0.157891
0.394394 0.454208 0.124944
0.396353 0.447617 0.135638
0.400017 0.451781 0.130052
0.457456 0.429221 0.199801
0.461110 0.432268 0.193110
0.455640 0.433623 0.186880
0.462929 0.427981 0.206280
0.468395 0.426760 0.212923
0.472015 0.429652 0.205976
0.466567 0.430948 0.199470
0.446491 0.431810 0.187248
0.451977 0.430494 0.193462
0.450159 0.435023 0.180769
0.448336 0.427422 0.200105
0.450237 0.423296 0.213419
0.455749 0.422215 0.220184
0.453831 0.426232 0.206565
0.439144 0.438017 0.168859
0.440993 0.433179 0.181143
0.444661 0.436483 0.174765
0.562433 0.676533 0.011858
0.566814 0.683090 0.011342
0.561579 0.689301 0.010922
0.567747 0.670363 0.012494
0.573097 0.664248 0.013237
0.577377 0.670807 0.012501
0.572078 0.676916 0.011869
0.551903 0.688984 0.010908
0.557153 0.682743 0.011330
0.556365 0.695549 0.010592
0.552804 0.676114 0.011849
0.553901 0.663227 0.013236
0.559306 0.657093 0.014096
0.558130 0.669912 0.012488
0.545956 0.707959 0.010053
0.546669 0.695264 0.010578
0.551154 0.701796 0.010307
0.529926 0.622152 0.020365
0.533776 0.629068 0.018846
0.528209 0.635068 0.017507
0.535556 0.616294 0.021932
0.541215 0.610512 0.023606
0.545009 0.617323 0.021848
0.539376 0.623154 0.020294
0.518761 0.634120 0.017554
0.524328 0.628092 0.018905
0.522675 0.641153 0.016277
0.520496 0.621104 0.020442
0.522359 0.608270 0.023823
0.528038 0.602508 0.025635
0.526121 0.615220 0.022023
0.511697 0.653563 0.014150
0.513225 0.640236 0.016313
0.517172 0.647319 0.015158
0.575570 0.577744 0.036391
0.579301 0.584074 0.033740
0.573550 0.589362 0.031402
0.581335 0.572659 0.039025
0.587103 0.567682 0.041798
0.590825 0.573823 0.038847
0.585059 0.578896 0.036223
0.564069 0.588231 0.031551
0.569815 0.582934 0.033899
0.567809 0.594756 0.029212
0.566098 0.576553 0.036579
0.568161 0.565247 0.042235
0.573927 0.560375 0.045162
0.571858 0.571465 0.039223
0.556366 0.605873 0.025277
0.558335 0.593640 0.029348
0.562081 0.600259 0.027170
0.742293 0.518438 0.091745
0.746375 0.523152 0.087415
0.740899 0.526690 0.083335
0.747716 0.515043 0.095939
0.753114 0.511720 0.100155
0.757247 0.516326 0.095656
0.751823 0.519700 0.091525
0.731366 0.525478 0.083451
0.736844 0.521915 0.087578
0.735396 0.530320 0.079294
0.732775 0.517187 0.091969
0.734088 0.509152 0.100872
0.739456 0.505862 0.105257
0.738197 0.513771 0.096227
0.724301 0.537874 0.071378
0.725859 0.529132 0.079373
0.729864 0.534046 0.075305
0.709179 0.482642 0.132678
0.713364 0.486897 0.126868
0.708137 0.490052 0.121882
0.714311 0.479550 0.137894
0.719398 0.476480 0.143179
0.723692 0.480683 0.137025
0.718549 0.483776 0.131915
0.698772 0.488921 0.122466
0.704000 0.485765 0.127534
0.702871 0.493245 0.116953
0.699842 0.481564 0.133389
0.700744 0.474408 0.144899
0.705765 0.471373 0.150450
0.704973 0.478477 0.138691
0.692221 0.499763 0.107299
0.693497 0.492110 0.117471
0.697565 0.496479 0.112089
0.692196 0.466572 0.157888
0.696486 0.470440 0.151299
0.691457 0.473452 0.145690
0.697103 0.463593 0.163766
0.701937 0.460606 0.169762
0.706348 0.464425 0.162836
0.701450 0.467433 0.157014
0.725830 0.500076 0.110686
0.729965 0.504586 0.105688
0.724597 0.507891 0.101225
0.731139 0.496872 0.115296
0.736421 0.493710 0.119934
0.740618 0.498149 0.114697
0.735305 0.501343 0.110181
0.560810 0.553019 0.048785
0.564480 0.559095 0.045424
0.558718 0.563965 0.042484
0.566572 0.548376 0.051987
0.572330 0.543845 0.055304
0.576011 0.549684 0.051682
0.570245 0.554334 0.048492
0.514940 0.594330 0.027896
0.518634 0.601300 0.025774
0.512960 0.607085 0.023945
0.520640 0.588740 0.030015
0.526352 0.583277 0.032281
0.530035 0.590029 0.029830
0.524328 0.595602 0.027728
0.545658 0.649685 0.015095
0.549744 0.656483 0.014104
0.544332 0.662650 0.013237
0.551147 0.643617 0.016186
0.556674 0.637624 0.017386
0.560678 0.644341 0.016161
0.555192 0.650377 0.015078
0.443137 0.417541 0.227375
0.446672 0.420405 0.220363
0.441138 0.421425 0.213618
0.448673 0.416594 0.234365
0.454182 0.415575 0.241462
0.457706 0.418377 0.234274
0.452201 0.419397 0.227257
0.398557 0.426770 0.175885
0.402220 0.430292 0.169848
0.396606 0.431954 0.164008
0.404162 0.425316 0.181926
0.409754 0.423963 0.188071
0.413402 0.427313 0.181830
0.407819 0.428748 0.175789
0.427820 0.457329 0.128718
0.431471 0.461575 0.123047
0.425869 0.464111 0.118021
0.433417 0.455029 0.133963
0.439004 0.452836 0.139312
0.442655 0.456847 0.133421
0.437066 0.459155 0.128179
0.557487 0.311614 0.398937
0.562379 0.317519 0.397077
0.557509 0.323736 0.394518
0.562373 0.306032 0.400167
0.567275 0.300755 0.400811
0.572212 0.306009 0.400186
0.567293 0.311606 0.398949
0.590810 0.366962 0.361404
0.593653 0.374431 0.352204
0.588738 0.380964 0.342814
0.595926 0.359837 0.369255
0.600860 0.352823 0.376077
0.603622 0.360657 0.368814
0.598675 0.367580 0.360997
0.521903 0.365941 0.360778
0.526513 0.372589 0.352201
0.522396 0.379104 0.342558
0.525820 0.358642 0.368962
0.529888 0.351325 0.376032
0.534710 0.358357 0.369316
0.530581 0.365589 0.361269
0.486144 0.405090 0.287281
0.489695 0.408599 0.279397
0.484534 0.410920 0.271403
0.491180 0.402125 0.295702
0.496086 0.398652 0.304387
0.499706 0.402710 0.296130
0.494758 0.405884 0.287633
0.514898 0.429740 0.225329
0.518602 0.432531 0.217804
0.513404 0.434152 0.210936
0.520024 0.428098 0.232497
0.525078 0.426296 0.239815
0.528808 0.429113 0.232109
0.523742 0.430859 0.224874
0.353443 0.442526 0.131731
0.357146 0.446836 0.126445
0.351509 0.449372 0.121576
0.359084 0.440183 0.136805
0.364728 0.437935 0.142007
0.368422 0.442057 0.136546
0.362784 0.444397 0.131433
0.470200 0.642201 0.015262
0.474047 0.649707 0.014190
0.468576 0.656123 0.013247
0.475699 0.635933 0.016452
0.481218 0.629754 0.017757
0.485032 0.637116 0.016423
0.479530 0.643371 0.015249
0.412072 0.526344 0.055225
0.415673 0.532876 0.051399
0.410097 0.537624 0.048114
0.417665 0.521935 0.058723
0.423274 0.517676 0.062312
0.426876 0.523862 0.058250
0.421266 0.528291 0.054777
0.501857 0.471220 0.123986
0.505569 0.475379 0.118200
0.499991 0.478054 0.113204
0.507416 0.468768 0.129208
0.512957 0.466400 0.134533
0.516683 0.470307 0.128511
0.511134 0.472799 0.123301
0.457053 0.494764 0.086002
0.460694 0.500054 0.081196
0.455058 0.503712 0.077088
0.462677 0.491387 0.090358
0.468295 0.488142 0.094834
0.471957 0.493131 0.089786
0.466328 0.496526 0.085430
0.485964 0.540948 0.051757
0.489553 0.547304 0.048152
0.483854 0.552130 0.045073
0.491668 0.536397 0.055083
0.497376 0.531978 0.058515
0.500977 0.538049 0.054647
0.495262 0.542610 0.051345
0.650759 0.491028 0.114456
0.654708 0.495328 0.109015
0.649282 0.498637 0.104131
0.656120 0.487849 0.119581
0.661439 0.484716 0.124793
0.665448 0.488877 0.119065
0.660097 0.492077 0.113996
0.606584 0.518892 0.077647
0.610358 0.524019 0.073260
0.604681 0.528029 0.069358
0.612215 0.515104 0.081813
0.617819 0.511416 0.086105
0.621633 0.516309 0.081454
0.616008 0.520112 0.077293
0.636693 0.562620 0.047049
0.640468 0.568471 0.043909
0.634692 0.573331 0.041030
0.642457 0.557957 0.050202
0.648210 0.553397 0.053487
0.652009 0.559037 0.050087
0.646241 0.563705 0.046930
0.585462 0.436793 0.221802
0.589616 0.439639 0.213961
0.584861 0.441922 0.206873
0.590075 0.434475 0.229161
0.594576 0.432007 0.236576
0.598834 0.434861 0.228546
0.594275 0.437292 0.221213
0.545406 0.453487 0.168585
0.549280 0.456723 0.161999
0.543956 0.458848 0.156151
0.550648 0.451486 0.174668
0.555836 0.449490 0.180894
0.559778 0.452572 0.174065
0.554555 0.454636 0.167968
0.576191 0.482386 0.118776
0.580006 0.486516 0.113088
0.574469 0.489528 0.108122
0.581684 0.479554 0.123989
0.587142 0.476774 0.129319
0.590994 0.480677 0.123383
0.585516 0.483569 0.118176
0.619242 0.412657 0.283643
0.623760 0.416401 0.274660
0.619881 0.419945 0.266618
0.623011 0.408695 0.292003
0.626692 0.404589 0.300463
0.631227 0.408903 0.291149
0.627543 0.412712 0.282850
0.656458 0.438813 0.216784
0.661060 0.442026 0.208881
0.656547 0.444885 0.201905
0.660810 0.435913 0.224002
0.665060 0.432955 0.231286
0.669839 0.436194 0.223121
0.665493 0.439136 0.215966
0.618674 0.460750 0.163436
0.622760 0.464115 0.156811
0.617627 0.466815 0.150952
0.623683 0.458113 0.169554
0.628614 0.455464 0.175827
0.632802 0.458723 0.168950
0.627819 0.461420 0.162807
0.682245 0.528281 0.075706
0.686158 0.533347 0.071600
0.680535 0.537363 0.067722
0.687811 0.524453 0.079802
0.693342 0.520721 0.083995
0.697305 0.525616 0.079667
0.691748 0.529432 0.075583
0.531497 0.508026 0.081403
0.535179 0.513231 0.076754
0.529504 0.517072 0.072772
0.537142 0.504452 0.085649
0.542771 0.500997 0.090019
0.546486 0.505911 0.085101
0.540840 0.509511 0.080864
0.440735 0.582273 0.029423
0.444317 0.589732 0.027052
0.438725 0.595640 0.024996
0.446344 0.576610 0.031769
0.451963 0.571101 0.034245
0.455548 0.578294 0.031536
0.449926 0.583942 0.029226
0.502680 0.700279 0.010245
0.507055 0.706986 0.010011
0.501781 0.713201 0.009793
0.508019 0.693800 0.010524
0.513346 0.687352 0.010856
0.517661 0.694216 0.010538
0.512351 0.700644 0.010258
0.382944 0.479980 0.090661
0.386614 0.485236 0.085819
0.381013 0.488748 0.081628
0.388552 0.476720 0.095049
0.394163 0.473585 0.099536
0.397826 0.478580 0.094495
0.392219 0.481846 0.090107
0.553538 0.409844 0.287855
0.557335 0.413985 0.279138
0.552817 0.417203 0.270800
0.557989 0.405935 0.296643
0.562405 0.401624 0.305630
0.566151 0.406516 0.296450
0.561774 0.410436 0.287691
0.472180 0.441788 0.173432
0.475890 0.445111 0.167009
0.470402 0.446831 0.161163
0.477632 0.440237 0.179477
0.483057 0.438728 0.185634
0.486781 0.441889 0.179002
0.481351 0.443470 0.172954
0.590595 0.603350 0.026865
0.594395 0.609851 0.024929
0.588689 0.615403 0.023198
0.596332 0.597930 0.028878
0.602079 0.592607 0.031041
0.605862 0.598974 0.028787
0.600123 0.604367 0.026783
0.683508 0.459140 0.171611
0.682954 0.465751 0.158734
0.678651 0.462054 0.165522
0.687871 0.462805 0.164660
0.687222 0.469550 0.152121
0.717531 0.491229 0.121268
0.716381 0.498841 0.111175
0.712262 0.494412 0.116431
0.721685 0.495623 0.115877
0.720494 0.503334 0.106110
0.553497 0.541126 0.055994
0.551395 0.551661 0.049096
0.547748 0.545636 0.052652
0.557151 0.547026 0.052311
0.555050 0.557774 0.045704
0.507611 0.580538 0.032732
0.505573 0.593007 0.028076
0.501916 0.586017 0.030426
0.511266 0.587407 0.030215
0.509251 0.600046 0.025923
0.537677 0.635968 0.017463
0.536143 0.648945 0.015114
0.532146 0.642023 0.016244
0.541636 0.642844 0.016214
0.540203 0.655824 0.014113
0.436135 0.411766 0.241496
0.434063 0.415550 0.227453
0.430569 0.412622 0.234443
0.439625 0.414678 0.234426
0.437585 0.418480 0.220503
0.391268 0.419880 0.188116
0.389276 0.424776 0.175933
0.385628 0.421269 0.181968
0.394905 0.423304 0.181972
0.392938 0.428333 0.169950
0.420520 0.449145 0.140253
0.418564 0.455486 0.129207
0.414912 0.451331 0.134893
0.424171 0.453189 0.134457
0.422216 0.459743 0.123580
0.547585 0.300774 0.400794
0.547690 0.311618 0.398924
0.542719 0.306050 0.400155
0.552544 0.306038 0.400158
0.552632 0.317516 0.397063
0.584362 0.351731 0.376431
0.582574 0.366527 0.361637
0.579188 0.358967 0.369610
0.587775 0.359310 0.369495
0.585682 0.373937 0.352578
0.512017 0.352589 0.374964
0.513345 0.366565 0.360013
0.508474 0.360143 0.367458
0.517021 0.359198 0.368390
0.518013 0.372953 0.351600
0.479025 0.397713 0.302965
0.477465 0.404186 0.286848
0.473942 0.400657 0.294561
0.482587 0.401458 0.295148
0.480996 0.407610 0.279119
0.507583 0.424202 0.240553
0.506038 0.428519 0.225797
0.502402 0.425774 0.233328
0.511224 0.426988 0.232919
0.509702 0.431306 0.218315
0.346008 0.434132 0.142370
0.344084 0.440637 0.132009
0.340361 0.436388 0.137259
0.349729 0.438294 0.137040
0.347799 0.444963 0.126779
0.462634 0.627166 0.017841
0.460903 0.640960 0.015270
0.457128 0.633358 0.016499
0.466398 0.634680 0.016478
0.464716 0.648556 0.014188
0.404847 0.513786 0.063317
0.402889 0.524362 0.055679
0.399272 0.517989 0.059685
0.408464 0.519978 0.059201
0.406497 0.530911 0.051818
0.494442 0.463243 0.135890
0.492582 0.469598 0.124641
0.488883 0.465542 0.130525
0.498148 0.467177 0.129886
0.496285 0.473767 0.118865
0.449753 0.484609 0.096026
0.447785 0.492970 0.086592
0.444138 0.487817 0.091553
0.453405 0.489615 0.090949
0.451425 0.498268 0.081766
0.478780 0.528601 0.059434
0.476681 0.539249 0.052172
0.473093 0.532991 0.055958
0.482374 0.534711 0.055519
0.480267 0.545632 0.048543
0.642846 0.482754 0.125832
0.641431 0.489987 0.114904
0.637501 0.485826 0.120542
0.646806 0.486836 0.120065
0.645358 0.494258 0.109432
0.599017 0.509001 0.086945
0.597164 0.517655 0.078039
0.593396 0.512651 0.082642
0.602804 0.513884 0.082209
0.600926 0.522784 0.073611
0.629163 0.551158 0.053790
0.627161 0.561510 0.047191
0.623407 0.555715 0.050510
0.632925 0.556849 0.050344
0.630922 0.567383 0.044030
0.577228 0.431067 0.237701
0.576657 0.436177 0.222346
0.572597 0.433333 0.230235
0.581332 0.433962 0.229724
0.580747 0.439036 0.214533
0.537657 0.447255 0.182058
0.536266 0.452283 0.169205
0.532418 0.449133 0.175878
0.541530 0.450339 0.175269
0.540112 0.455517 0.162631
0.568547 0.474482 0.130567
0.566868 0.481152 0.119388
0.563064 0.477146 0.125229
0.572372 0.478375 0.124605
0.570669 0.485280 0.113684
0.610653 0.404107 0.302398
0.610990 0.412667 0.284460
0.606722 0.408491 0.293716
0.614864 0.408597 0.292902
0.615389 0.416453 0.275425
0.647169 0.432556 0.232792
0.647469 0.438533 0.217470
0.642898 0.435461 0.225389
0.651829 0.435661 0.224760
0.652021 0.441670 0.209622
0.610445 0.454386 0.177128
0.609533 0.460081 0.164112
0.605454 0.456896 0.170899
0.614570 0.457509 0.170206
0.613589 0.463384 0.157461
0.674403 0.518389 0.084382
0.672753 0.527131 0.075855
0.668853 0.522137 0.080153
0.678326 0.523293 0.079964
0.676646 0.532208 0.071714
0.524114 0.498029 0.091189
0.522165 0.506500 0.081964
0.518484 0.501418 0.086807
0.527809 0.502959 0.086216
0.525839 0.511718 0.077284
0.433581 0.567617 0.034770
0.431553 0.580612 0.029603
0.427982 0.573190 0.032207
0.437157 0.574899 0.031996
0.435130 0.588111 0.027204
0.494166 0.686298 0.010829
0.493025 0.699873 0.010231
0.488788 0.692842 0.010492
0.498393 0.693346 0.010510
0.497356 0.706666 0.010000
0.375591 0.469894 0.100596
0.373658 0.478114 0.091205
0.369974 0.473009 0.096124
0.379269 0.474867 0.095591
0.377337 0.483358 0.086369
0.546093 0.400666 0.305744
0.545266 0.409306 0.287928
0.541552 0.404953 0.296729
0.549794 0.405414 0.296728
0.549016 0.413378 0.279286
0.464785 0.435376 0.186483
0.463008 0.440068 0.173895
0.459319 0.436813 0.180356
0.468477 0.438548 0.179923
0.466703 0.443402 0.167497
0.583048 0.590456 0.031270
0.581077 0.602334 0.026956
0.577304 0.595828 0.029088
0.586813 0.596883 0.028978
0.584870 0.608870 0.025003
0.733855 0.539004 0.071366
0.728267 0.542910 0.067524
0.739413 0.535205 0.075272
0.722648 0.546924 0.063760
0.717001 0.551048 0.060089
0.755915 0.524396 0.087262
0.750441 0.527907 0.083231
0.761364 0.520970 0.091314
0.744941 0.531508 0.079231
0.555704 0.708137 0.010064
0.550538 0.714156 0.009838
0.560883 0.702014 0.010319
0.545389 0.720061 0.009641
0.540258 0.725840 0.009471
0.576485 0.683429 0.011356
0.571269 0.689587 0.010937
0.581730 0.677331 0.011880
0.566074 0.695802 0.010606
0.341886 0.490142 0.075024
0.462014 0.724590 0.009409
0.399630 0.604531 0.021106
0.642154 0.614947 0.024635
0.636429 0.620372 0.022930
0.647911 0.609529 0.026467
0.630747 0.625801 0.021337
0.625113 0.631258 0.019855
0.665259 0.593606 0.032912
0.659469 0.598847 0.030608
0.671055 0.588446 0.035366
0.653684 0.604158 0.028459
0.688411 0.573551 0.043603
0.682635 0.578411 0.040714
0.694171 0.568806 0.046631
0.676848 0.583379 0.037968
0.711329 0.555300 0.056531
0.705633 0.559678 0.053098
0.699913 0.564181 0.049797
0.429582 0.665979 0.011578
0.514930 0.752769 0.008987
0.509937 0.757823 0.008953
0.519947 0.747624 0.009040
0.504973 0.762807 0.008938
0.500038 0.767734 0.008940
0.535147 0.731485 0.009328
0.530057 0.736995 0.009209
0.524991 0.742372 0.009114
0.371610 0.541807 0.042653
0.597680 0.659477 0.014080
0.592326 0.665351 0.013242
0.603076 0.653685 0.015022
0.587010 0.671303 0.012509
0.619530 0.636764 0.018484
0.613998 0.642333 0.017223
0.608514 0.647971 0.016069
0.323323 0.463469 0.098723
0.319614 0.458548 0.103619
0.327032 0.468516 0.093865
0.315902 0.453744 0.108542
0.312182 0.449048 0.113483
0.338167 0.484511 0.079616
0.334453 0.479027 0.084300
0.330741 0.473698 0.089054
0.441115 0.689474 0.010319
0.437242 0.681663 0.010621
0.445044 0.697146 0.010086
0.433406 0.673814 0.011034
0.457590 0.718197 0.009550
0.453276 0.711515 0.009710
0.449088 0.704510 0.009888
0.382391 0.564508 0.033016
0.378858 0.556739 0.036043
0.385857 0.572463 0.030194
0.375260 0.549172 0.039260
0.396123 0.596686 0.023050
0.392677 0.588689 0.025208
0.389272 0.580560 0.027592
0.410545 0.627555 0.016379
0.406837 0.619938 0.017785
0.414310 0.635160 0.015129
0.403200 0.612271 0.019357
0.425757 0.658191 0.012257
0.421932 0.650461 0.013073
0.418112 0.642787 0.014029
0.475823 0.742259 0.009099
0.471142 0.736602 0.009184
0.480568 0.747703 0.009032
0.466536 0.730719 0.009287
0.495111 0.762944 0.008938
0.490220 0.758025 0.008952
0.485370 0.752953 0.008984
0.353060 0.507993 0.061926
0.349335 0.501862 0.066174
0.356787 0.514327 0.057801
0.345610 0.495917 0.070542
0.367927 0.534634 0.046213
0.364225 0.527653 0.049933
0.360510 0.520880 0.053800
