0.593914 0.580904 0.035202
0.591976 0.592411 0.030400
0.588177 0.586092 0.032794
0.474778 0.432568 0.197378
0.473028 0.437107 0.184308
0.469332 0.433988 0.190958
0.554857 0.391091 0.323685
0.553904 0.401049 0.304839
0.550272 0.396019 0.314178
0.385842 0.464933 0.108075
0.383909 0.472755 0.098414
0.380225 0.467871 0.103441
0.504652 0.674016 0.011703
0.503537 0.687355 0.010773
0.499290 0.680399 0.011177
0.443941 0.558363 0.039476
0.441929 0.570734 0.033861
0.438330 0.563598 0.036742
0.534385 0.492211 0.098729
0.532497 0.500277 0.089074
0.528789 0.495451 0.094144
0.684502 0.511274 0.091033
0.682987 0.519730 0.082209
0.679022 0.514897 0.086699
0.619360 0.448911 0.187902
0.618677 0.454658 0.174302
0.614519 0.451541 0.181398
0.654932 0.426326 0.245255
0.655546 0.432448 0.229472
0.650826 0.429323 0.237733
0.618470 0.394820 0.318691
0.618537 0.404278 0.299902
0.614505 0.399507 0.309810
0.578468 0.469369 0.139693
0.576903 0.475825 0.128111
0.573063 0.471993 0.134184
0.547168 0.443206 0.193258
0.545902 0.448230 0.179790
0.542019 0.445162 0.186742
0.585571 0.425643 0.251338
0.585256 0.431259 0.235492
0.581132 0.428292 0.243661
0.639805 0.542913 0.059273
0.637907 0.552884 0.052315
0.634101 0.547306 0.055826
0.609222 0.502393 0.094142
0.607475 0.510713 0.084818
0.603662 0.505917 0.089652
0.652453 0.476618 0.134383
0.651200 0.483711 0.123094
0.647207 0.479670 0.128975
0.489246 0.521335 0.065470
0.487177 0.531501 0.057851
0.483564 0.525514 0.061840
0.460035 0.479371 0.103728
0.458090 0.487297 0.093911
0.454431 0.482390 0.099059
0.504595 0.459125 0.145168
0.502790 0.465192 0.133546
0.499080 0.461326 0.139647
0.415107 0.506999 0.069608
0.413124 0.517030 0.061683
0.409502 0.510978 0.065846
0.473094 0.616205 0.020509
0.471350 0.629578 0.017526
0.467558 0.622201 0.018986
0.356193 0.430554 0.150704
0.354274 0.436779 0.139987
0.350536 0.432672 0.145333
0.516976 0.420103 0.254092
0.515582 0.425034 0.238746
0.511927 0.422163 0.246506
0.488074 0.390376 0.319656
0.486835 0.398220 0.302540
0.483233 0.394293 0.310507
0.519817 0.337966 0.386696
0.520795 0.351995 0.375596
0.515743 0.345290 0.381350
0.594507 0.337878 0.387256
0.593046 0.352338 0.376224
0.589595 0.344803 0.382269
0.557502 0.290997 0.401268
0.557530 0.300990 0.400942
0.552585 0.295954 0.401173
0.430737 0.445542 0.149355
0.428809 0.451546 0.137951
0.425149 0.447572 0.143803
0.401390 0.417623 0.198440
0.399408 0.422226 0.185847
0.395759 0.418864 0.192045
0.446152 0.409719 0.253990
0.444138 0.413720 0.239557
0.440621 0.410814 0.246671
0.548396 0.625055 0.019821
0.546787 0.637692 0.017105
0.542818 0.630923 0.018433
0.518278 0.571155 0.036955
0.516260 0.583130 0.031808
0.512576 0.576400 0.034432
0.564087 0.533351 0.061712
0.562055 0.543468 0.054453
0.558368 0.537684 0.058211
0.727149 0.484677 0.128205
0.726127 0.492217 0.117881
0.721933 0.487834 0.123372
0.692300 0.452903 0.181121
0.691961 0.459521 0.167760
0.687555 0.455871 0.174884
0.597706 0.587144 0.032656
0.478466 0.435612 0.190608
0.558455 0.396453 0.314126
0.389524 0.469695 0.102955
0.508868 0.680974 0.011184
0.447540 0.565360 0.036440
0.538107 0.496895 0.093531
0.688490 0.516026 0.086426
0.623574 0.452008 0.180659
0.659753 0.429493 0.236835
0.622362 0.399891 0.308578
0.582340 0.473086 0.133513
0.551076 0.446233 0.186157
0.589744 0.428731 0.243019
0.643626 0.548387 0.055643
0.613053 0.507074 0.089176
0.656492 0.480590 0.128364
0.492869 0.527183 0.061355
0.463702 0.484134 0.098468
0.508325 0.462870 0.138966
0.418732 0.512902 0.065330
0.476866 0.623513 0.018919
0.359922 0.434568 0.145255
0.520645 0.423119 0.246206
0.491753 0.394512 0.311529
0.524889 0.344650 0.381806
0.597977 0.345318 0.382135
0.562431 0.295948 0.401180
0.434401 0.449397 0.143399
0.405018 0.420902 0.192121
0.449667 0.412656 0.246797
0.552328 0.631771 0.018377
0.521957 0.577769 0.034174
0.567787 0.539013 0.057832
0.731388 0.489035 0.122553
0.696770 0.456536 0.173821
0.689650 0.480342 0.131476
0.693780 0.484512 0.125595
0.688528 0.487705 0.120563
0.694809 0.477231 0.136736
0.709958 0.468019 0.153069
0.714293 0.472048 0.146539
0.709237 0.475128 0.141185
0.722426 0.515898 0.089910
0.726494 0.520645 0.085516
0.721015 0.524280 0.081441
0.727853 0.512413 0.094131
0.743984 0.502384 0.106983
0.748154 0.506918 0.102193
0.742776 0.510242 0.097985
0.555942 0.576375 0.035950
0.559679 0.582787 0.033296
0.553962 0.588112 0.030995
0.561673 0.571258 0.038544
0.578909 0.556532 0.047126
0.582638 0.562527 0.043885
0.576888 0.567440 0.041033
0.510549 0.621084 0.020141
0.514407 0.628091 0.018627
0.508863 0.634118 0.017308
0.516150 0.615193 0.021687
0.533115 0.597941 0.026978
0.536880 0.604749 0.024962
0.531218 0.610484 0.023220
0.543000 0.676215 0.011716
0.547351 0.682849 0.011214
0.542098 0.689071 0.010811
0.548321 0.670024 0.012333
0.564480 0.651740 0.014814
0.568660 0.658316 0.013872
0.563282 0.664381 0.013051
0.438209 0.425634 0.198383
0.441860 0.428760 0.191829
0.436345 0.430093 0.185588
0.443737 0.424446 0.204874
0.460307 0.421069 0.225306
0.463883 0.423855 0.218195
0.458385 0.425039 0.211352
0.393604 0.438094 0.150357
0.397290 0.442016 0.144646
0.391660 0.444190 0.139235
0.399229 0.436145 0.155989
0.416028 0.431028 0.173544
0.419712 0.434532 0.167447
0.414128 0.436216 0.161586
0.422973 0.472240 0.106071
0.426632 0.477022 0.100836
0.421019 0.480120 0.096272
0.428580 0.469397 0.110854
0.445374 0.461563 0.125868
0.449035 0.465834 0.120182
0.443442 0.468457 0.115178
0.557520 0.337253 0.387244
0.562068 0.344299 0.382304
0.557251 0.351407 0.376414
0.562370 0.330486 0.391349
0.577192 0.311803 0.399122
0.581934 0.317738 0.397272
0.576975 0.323974 0.394693
0.587262 0.392968 0.322455
0.590736 0.398408 0.312491
0.586376 0.403112 0.303383
0.591897 0.387554 0.331988
0.606391 0.368673 0.359880
0.608951 0.376167 0.350101
0.604303 0.382279 0.340822
0.521647 0.390255 0.322929
0.525400 0.395182 0.313741
0.520705 0.399616 0.304475
0.526153 0.384989 0.332678
0.539203 0.365664 0.361395
0.543457 0.372617 0.352544
0.539010 0.379101 0.342903
0.481978 0.415787 0.254547
0.485547 0.418698 0.247037
0.480209 0.420167 0.239632
0.487249 0.413954 0.262245
0.502577 0.406473 0.286662
0.506148 0.410134 0.278377
0.501121 0.412769 0.270229
0.511077 0.438523 0.195557
0.514849 0.441553 0.188549
0.509545 0.443275 0.182297
0.516335 0.436848 0.202103
0.531819 0.431596 0.222968
0.535603 0.434417 0.215345
0.530491 0.436256 0.208328
0.348542 0.457594 0.109830
0.352258 0.462346 0.104838
0.346627 0.465338 0.100365
0.354174 0.454811 0.114473
0.371068 0.447037 0.129085
0.374769 0.451356 0.123764
0.369141 0.453954 0.118861
0.466685 0.670879 0.011657
0.470720 0.678268 0.011129
0.465304 0.684828 0.010697
0.472112 0.664410 0.012328
0.488445 0.645408 0.015020
0.492405 0.652654 0.013998
0.486966 0.658967 0.013112
0.407216 0.550986 0.040754
0.410805 0.558170 0.037585
0.405241 0.563677 0.034825
0.412777 0.545870 0.043753
0.429558 0.531533 0.053329
0.433156 0.538047 0.049623
0.427545 0.542830 0.046464
0.497167 0.486093 0.101331
0.500859 0.490819 0.096068
0.495241 0.494067 0.091563
0.502766 0.483106 0.106073
0.519487 0.474748 0.120948
0.523210 0.478933 0.115187
0.517644 0.481760 0.110236
0.452111 0.514419 0.067486
0.455722 0.520316 0.063291
0.450068 0.524552 0.059716
0.457758 0.510441 0.071290
0.474684 0.499242 0.083454
0.478335 0.504557 0.078726
0.472686 0.508310 0.074686
0.480946 0.565133 0.038178
0.484572 0.571956 0.035268
0.478911 0.577328 0.032803
0.486622 0.560019 0.040929
0.503717 0.545439 0.049911
0.507339 0.551741 0.046411
0.501631 0.556608 0.043439
0.646781 0.506853 0.092427
0.650685 0.511570 0.087636
0.645145 0.515282 0.083313
0.652267 0.503319 0.096994
0.668521 0.493154 0.111263
0.672521 0.497543 0.105926
0.667112 0.500935 0.101214
0.601855 0.538350 0.060280
0.605610 0.543914 0.056534
0.599878 0.548409 0.053195
0.607557 0.534066 0.063850
0.624530 0.521826 0.075336
0.628351 0.526961 0.071070
0.622699 0.531047 0.067244
0.632110 0.585062 0.034688
0.635943 0.591219 0.032216
0.630202 0.596448 0.029989
0.637861 0.579988 0.037209
0.655121 0.565282 0.045623
0.658965 0.571074 0.042582
0.653209 0.575981 0.039778
0.583282 0.446802 0.190828
0.587348 0.449814 0.183615
0.582311 0.452102 0.177232
0.588198 0.444516 0.197534
0.602407 0.437308 0.218668
0.606650 0.440126 0.210716
0.601961 0.442650 0.203691
0.541486 0.464703 0.142395
0.545274 0.468406 0.136199
0.539796 0.470933 0.130775
0.546893 0.462356 0.148020
0.562844 0.455609 0.165569
0.566765 0.458892 0.158933
0.561461 0.461198 0.153083
0.571734 0.497629 0.096329
0.575511 0.502301 0.091225
0.569902 0.505813 0.086814
0.577307 0.494344 0.100997
0.593881 0.484931 0.115728
0.597719 0.489113 0.110086
0.592206 0.492298 0.105194
0.619909 0.426143 0.248299
0.624399 0.429111 0.239936
0.620122 0.432018 0.232486
0.624005 0.422990 0.256019
0.635686 0.412757 0.280077
0.640434 0.416398 0.271130
0.636589 0.419742 0.263139
0.655611 0.450677 0.185078
0.659979 0.454052 0.177800
0.655137 0.456883 0.171513
0.660315 0.447838 0.191668
0.673980 0.439157 0.212132
0.678628 0.442479 0.204120
0.674083 0.445419 0.197348
0.615462 0.473139 0.136907
0.619407 0.476937 0.130789
0.614052 0.479906 0.125445
0.620718 0.470295 0.142470
0.636090 0.461878 0.159924
0.640216 0.465392 0.153320
0.635111 0.468247 0.147499
0.677966 0.547141 0.058677
0.681856 0.552519 0.055129
0.676161 0.556984 0.051800
0.683623 0.542886 0.062242
0.700431 0.530734 0.073585
0.704402 0.535768 0.069604
0.698806 0.539800 0.065825
0.526561 0.527694 0.063461
0.530211 0.533453 0.059454
0.524496 0.537852 0.056023
0.532254 0.523536 0.067124
0.549261 0.511760 0.078880
0.552973 0.516979 0.074328
0.547301 0.520926 0.070422
0.436088 0.610410 0.020837
0.439802 0.617914 0.019168
0.434308 0.624044 0.017678
0.441621 0.604423 0.022581
0.458376 0.586888 0.028481
0.462009 0.594216 0.026227
0.456410 0.600065 0.024294
0.501031 0.725529 0.009431
0.505676 0.731365 0.009301
0.500556 0.736932 0.009190
0.506218 0.719669 0.009588
0.521911 0.701315 0.010219
0.526390 0.707799 0.009989
0.521179 0.713883 0.009778
0.378133 0.499280 0.071713
0.381811 0.505116 0.067382
0.376235 0.509153 0.063642
0.383727 0.495491 0.075646
0.400532 0.484805 0.088034
0.404187 0.490135 0.083243
0.398585 0.493708 0.079125
0.551430 0.423170 0.253192
0.555305 0.426333 0.245098
0.550514 0.428557 0.237465
0.556095 0.420523 0.261152
0.569572 0.410860 0.286236
0.573442 0.414984 0.277242
0.569050 0.418244 0.268934
0.467662 0.452614 0.147475
0.471347 0.456410 0.141385
0.465781 0.458619 0.135909
0.473194 0.450623 0.153142
0.489639 0.445175 0.170727
0.493379 0.448516 0.164235
0.487914 0.450366 0.158393
0.586544 0.628340 0.019585
0.590538 0.634828 0.018195
0.585011 0.640570 0.016957
0.592155 0.622708 0.021041
0.609185 0.606150 0.026057
0.613046 0.612571 0.024201
0.607362 0.618063 0.022541
0.672885 0.464701 0.156896
0.672047 0.471448 0.144651
0.667864 0.467653 0.151126
0.677119 0.468453 0.150266
0.684439 0.483484 0.126303
0.706085 0.497535 0.109164
0.704803 0.505412 0.099567
0.700741 0.500870 0.104525
0.710177 0.502024 0.104083
0.716971 0.519468 0.085735
0.541171 0.551346 0.048373
0.539108 0.562394 0.042096
0.535438 0.556127 0.045326
0.544840 0.557496 0.045002
0.550219 0.581599 0.033494
0.495542 0.592854 0.027693
0.493599 0.605735 0.023742
0.489890 0.598586 0.025726
0.499238 0.599931 0.025561
0.504977 0.627051 0.018701
0.526291 0.648994 0.014904
0.524959 0.662082 0.013076
0.520845 0.655160 0.013941
0.530369 0.655889 0.013924
0.537706 0.682441 0.011205
0.423882 0.413525 0.225323
0.421818 0.417481 0.211677
0.418264 0.414440 0.218403
0.427413 0.416503 0.218468
0.432681 0.426873 0.192020
0.378833 0.423194 0.173575
0.376877 0.428580 0.161903
0.373176 0.424859 0.167659
0.382523 0.426818 0.167713
0.387972 0.440165 0.144846
0.408317 0.454326 0.127770
0.406369 0.461220 0.117248
0.402698 0.456804 0.122665
0.411984 0.458632 0.122248
0.417363 0.475201 0.101397
0.537997 0.311881 0.399060
0.538254 0.323993 0.394587
0.533249 0.317857 0.397155
0.542981 0.317742 0.397180
0.552763 0.344222 0.382274
0.574094 0.366398 0.361551
0.572492 0.380242 0.342948
0.569027 0.373340 0.352628
0.577483 0.373719 0.352462
0.582739 0.397979 0.313109
0.504754 0.367740 0.358526
0.505303 0.380033 0.340384
0.501033 0.374593 0.348900
0.509315 0.373735 0.350298
0.517028 0.395005 0.313435
0.467839 0.403091 0.284886
0.466006 0.408362 0.269367
0.462503 0.405172 0.276862
0.471346 0.406412 0.277274
0.476639 0.417362 0.247023
0.496326 0.427003 0.224642
0.494633 0.431248 0.210338
0.490993 0.428404 0.217579
0.499959 0.429784 0.217226
0.505777 0.440178 0.189172
0.333610 0.439590 0.130091
0.331720 0.446532 0.120244
0.327978 0.442073 0.125274
0.337354 0.443960 0.124991
0.342907 0.460471 0.105286
0.451099 0.640658 0.015083
0.449472 0.654670 0.013081
0.445640 0.646985 0.014012
0.454926 0.648271 0.014019
0.461255 0.677417 0.011102
0.392771 0.523689 0.055122
0.390855 0.535020 0.048002
0.387224 0.528255 0.051711
0.396396 0.530269 0.051293
0.401667 0.556305 0.037848
0.482395 0.468446 0.123595
0.480498 0.475374 0.112843
0.476813 0.471012 0.118453
0.486086 0.472678 0.117859
0.491559 0.489195 0.096696
0.437586 0.492195 0.085746
0.435600 0.501202 0.076881
0.431964 0.495716 0.081537
0.441228 0.497536 0.080961
0.446463 0.518508 0.063793
0.466526 0.538800 0.051583
0.464458 0.550053 0.044919
0.460861 0.543490 0.048384
0.470124 0.545219 0.047984
0.475283 0.570376 0.035554
0.631157 0.489073 0.113333
0.629610 0.496672 0.102993
0.625723 0.492304 0.108350
0.635064 0.493352 0.107843
0.641264 0.510466 0.087972
0.586822 0.517062 0.076920
0.584911 0.526265 0.068641
0.581163 0.520977 0.072923
0.590585 0.522221 0.072497
0.596136 0.542735 0.056822
0.616902 0.561111 0.046210
0.614935 0.571894 0.040270
0.611153 0.565915 0.043256
0.620684 0.566995 0.043084
0.626365 0.590216 0.032310
0.567132 0.435115 0.221233
0.566232 0.440104 0.206298
0.562254 0.437192 0.213946
0.571135 0.437988 0.213397
0.578283 0.449042 0.184284
0.526263 0.450972 0.168165
0.524701 0.456327 0.155764
0.520913 0.452936 0.162254
0.530075 0.454256 0.161575
0.536037 0.467115 0.136874
0.556613 0.480207 0.118279
0.554846 0.487373 0.107630
0.551080 0.483080 0.113210
0.560393 0.484379 0.112571
0.566141 0.501007 0.091782
0.602440 0.412421 0.283680
0.602580 0.419783 0.266384
0.598330 0.416149 0.275308
0.606680 0.416285 0.274518
0.615707 0.429155 0.240734
0.637870 0.437971 0.215680
0.637770 0.443822 0.200763
0.633369 0.440761 0.208474
0.642337 0.441024 0.207802
0.650836 0.453494 0.178604
0.599496 0.459202 0.162810
0.598315 0.465122 0.150323
0.594336 0.461717 0.156865
0.603515 0.462511 0.156133
0.610146 0.476018 0.131456
0.662391 0.526314 0.074271
0.660664 0.535499 0.066342
0.656786 0.530313 0.070343
0.666290 0.531408 0.070145
0.672285 0.551503 0.055228
0.511907 0.505825 0.081123
0.509914 0.514941 0.072501
0.506254 0.509515 0.077029
0.515579 0.511100 0.076454
0.520856 0.531961 0.059908
0.421540 0.580346 0.029235
0.419513 0.593997 0.024750
0.415922 0.586368 0.026965
0.425129 0.587885 0.026857
0.430557 0.616528 0.019200
0.483214 0.699804 0.010172
0.482229 0.712859 0.009745
0.477854 0.706228 0.009937
0.487534 0.706614 0.009952
0.495870 0.731258 0.009298
0.363374 0.477351 0.090155
0.361457 0.486121 0.081243
0.357755 0.480718 0.085914
0.367070 0.482621 0.085396
0.372547 0.503171 0.067865
0.536400 0.408637 0.286887
0.535350 0.415701 0.269852
0.531661 0.412038 0.278282
0.540092 0.412594 0.278232
0.546667 0.425569 0.245409
0.452901 0.438481 0.172487
0.451072 0.443599 0.160311
0.447389 0.440101 0.166560
0.456592 0.441866 0.166145
0.462110 0.454703 0.141911
0.571022 0.602266 0.026435
0.569169 0.614455 0.022822
0.565325 0.607865 0.024612
0.574848 0.608810 0.024513
0.580971 0.634055 0.018234
0.575437 0.639862 0.016989
0.574074 0.652314 0.014796
0.569939 0.645763 0.015849
0.579524 0.646398 0.015825
0.583675 0.652918 0.014781
0.582540 0.665344 0.013047
0.578274 0.658842 0.013863
0.567438 0.626751 0.019692
0.571408 0.633315 0.018277
0.565868 0.639182 0.017024
0.573056 0.621007 0.021165
0.578705 0.615341 0.022742
0.582600 0.621848 0.021100
0.576987 0.627536 0.019636
0.559651 0.613535 0.022910
0.557907 0.625926 0.019754
0.554007 0.619261 0.021313
0.563521 0.620158 0.021236
0.561858 0.632567 0.018325
0.456540 0.456892 0.136451
0.454623 0.463325 0.125303
0.450961 0.459176 0.131101
0.460205 0.460922 0.130546
0.463874 0.465059 0.124733
0.461960 0.471968 0.114003
0.458290 0.467587 0.119601
0.449206 0.449143 0.148476
0.452875 0.452964 0.142433
0.447300 0.455135 0.136984
0.454754 0.447195 0.154117
0.460283 0.445346 0.159859
0.463973 0.448927 0.153634
0.458433 0.450895 0.147982
0.441857 0.441814 0.160730
0.439976 0.447359 0.148940
0.436307 0.443624 0.154997
0.445533 0.445428 0.154577
0.443640 0.451194 0.142934
0.541805 0.427746 0.237786
0.540653 0.432539 0.222574
0.536851 0.429742 0.230305
0.545627 0.430612 0.229957
0.549481 0.433440 0.222172
0.548357 0.438284 0.207357
0.544487 0.435384 0.214906
0.534253 0.421718 0.253644
0.538013 0.424797 0.245672
0.533082 0.426908 0.238086
0.539080 0.419166 0.261575
0.543822 0.416319 0.269738
0.547601 0.419838 0.261397
0.542853 0.422450 0.253436
0.526843 0.415065 0.269952
0.525628 0.420945 0.253857
0.521948 0.417745 0.261895
0.530529 0.418479 0.261730
0.529340 0.423990 0.245928
0.366967 0.507182 0.064095
0.365106 0.517679 0.056376
0.361390 0.511333 0.060396
0.370669 0.513332 0.059976
0.374359 0.519684 0.055978
0.372498 0.531015 0.048719
0.368810 0.524240 0.052480
0.359551 0.495397 0.072698
0.363260 0.501210 0.068336
0.357671 0.505185 0.064538
0.365156 0.491668 0.076671
0.370763 0.488032 0.080727
0.374450 0.493586 0.076163
0.368852 0.497350 0.072209
0.352135 0.484184 0.081755
0.350231 0.493411 0.073182
0.346514 0.487745 0.077673
0.355844 0.489720 0.077175
0.353950 0.499218 0.068801
0.490736 0.736863 0.009187
0.490398 0.747725 0.009032
0.485630 0.742353 0.009098
0.495463 0.742381 0.009101
0.500244 0.747700 0.009034
0.500076 0.757927 0.008952
0.495216 0.752910 0.008984
0.481470 0.725173 0.009418
0.486068 0.731131 0.009293
0.480918 0.736778 0.009183
0.486697 0.719233 0.009574
0.491950 0.713163 0.009756
0.496452 0.719464 0.009582
0.491247 0.725362 0.009425
0.472520 0.712527 0.009730
0.471701 0.724965 0.009409
0.467214 0.718697 0.009551
0.476951 0.718976 0.009564
0.476272 0.730987 0.009286
0.425001 0.622832 0.017672
0.423209 0.636917 0.015035
0.419392 0.629368 0.016259
0.428788 0.630361 0.016298
0.432585 0.637964 0.015074
0.430873 0.652207 0.013021
0.427040 0.644527 0.013957
0.417536 0.607826 0.020888
0.421246 0.615332 0.019199
0.415607 0.621851 0.017633
0.423151 0.601548 0.022725
0.428746 0.595431 0.024672
0.432400 0.602928 0.022668
0.426834 0.609042 0.020879
0.410275 0.592630 0.024801
0.408201 0.606748 0.020865
0.404588 0.599096 0.022746
0.413878 0.600274 0.022751
0.411874 0.614321 0.019166
0.515144 0.536338 0.056464
0.513055 0.546996 0.049499
0.509430 0.540829 0.053132
0.518775 0.542367 0.052703
0.522411 0.548493 0.049104
0.520332 0.559604 0.042732
0.516688 0.553257 0.046030
0.507880 0.524602 0.064452
0.511513 0.530415 0.060382
0.505808 0.534767 0.056923
0.513567 0.520498 0.068141
0.519244 0.516508 0.071951
0.522905 0.522043 0.067622
0.517214 0.526176 0.063947
0.500593 0.513329 0.073057
0.498557 0.522985 0.064963
0.494923 0.517271 0.069206
0.504240 0.518903 0.068674
0.502185 0.528818 0.060868
0.666584 0.555982 0.051900
0.664711 0.566266 0.045523
0.660861 0.560576 0.048697
0.670445 0.561568 0.048597
0.674310 0.567232 0.045442
0.672428 0.577876 0.039635
0.668568 0.572034 0.042501
0.658865 0.545050 0.058935
0.662723 0.550476 0.055348
0.657013 0.554966 0.052020
0.664538 0.540765 0.062497
0.670185 0.536582 0.066176
0.674077 0.541829 0.062358
0.668412 0.546100 0.058795
0.651151 0.534415 0.066530
0.649327 0.543992 0.059094
0.645489 0.538617 0.062839
0.655008 0.539696 0.062659
0.653168 0.549439 0.055487
0.604770 0.478943 0.126111
0.603200 0.485987 0.115088
0.599345 0.481913 0.120868
0.608647 0.482919 0.120209
0.612518 0.487023 0.114467
0.610904 0.494507 0.104027
0.607052 0.490186 0.109471
0.596975 0.471360 0.138326
0.600881 0.475091 0.132156
0.595484 0.477958 0.126792
0.602278 0.468635 0.143904
0.607517 0.465929 0.149581
0.611499 0.469470 0.143170
0.606221 0.472263 0.137610
0.589108 0.464242 0.151032
0.587723 0.470395 0.139015
0.583818 0.466790 0.145308
0.593050 0.467745 0.144618
0.591614 0.474117 0.132843
0.645991 0.456294 0.172248
0.645255 0.462548 0.159269
0.641076 0.459086 0.166019
0.650229 0.459712 0.165335
0.654440 0.463240 0.158563
0.653540 0.469808 0.146196
0.649410 0.466122 0.152661
0.637436 0.449743 0.186514
0.641726 0.452976 0.179305
0.636871 0.455736 0.172914
0.642150 0.446966 0.193223
0.646788 0.444160 0.200077
0.651212 0.447379 0.192505
0.646507 0.450191 0.185839
0.628786 0.443519 0.201435
0.628389 0.449319 0.187185
0.624117 0.446237 0.194579
0.633121 0.446589 0.193886
0.632642 0.452484 0.179966
0.611391 0.432032 0.233301
0.611246 0.437520 0.217898
0.606955 0.434748 0.225955
0.615738 0.434822 0.225152
0.620084 0.437637 0.217104
0.619830 0.443241 0.202156
0.615537 0.440335 0.209931
0.602701 0.426201 0.249915
0.607040 0.429182 0.241546
0.602663 0.431935 0.234082
0.606915 0.423131 0.257668
0.611029 0.419817 0.265584
0.615448 0.423074 0.256846
0.611303 0.426234 0.249131
0.594157 0.419588 0.267136
0.594122 0.425995 0.250657
0.589909 0.422749 0.259153
0.598397 0.423018 0.258436
0.598381 0.429036 0.242308
0.560531 0.504483 0.087357
0.558631 0.513146 0.078364
0.554904 0.508067 0.083056
0.564274 0.509425 0.082527
0.568015 0.514495 0.077864
0.566076 0.523679 0.069494
0.562355 0.518352 0.073843
0.553034 0.494996 0.097504
0.556783 0.499674 0.092351
0.551173 0.503118 0.087913
0.558612 0.491788 0.102195
0.564174 0.488672 0.107007
0.567955 0.493086 0.101592
0.562377 0.496332 0.096911
0.545531 0.486035 0.108262
0.543703 0.493621 0.098110
0.539966 0.489075 0.103435
0.549283 0.490450 0.102810
0.547440 0.498303 0.092934
0.530546 0.469593 0.131453
0.528759 0.476190 0.120261
0.525027 0.472135 0.126139
0.534289 0.473525 0.125458
0.538034 0.477573 0.119591
0.536229 0.484657 0.108906
0.532494 0.480363 0.114516
0.523047 0.462055 0.143763
0.526802 0.465769 0.137558
0.521297 0.468192 0.132145
0.528487 0.459817 0.149369
0.533884 0.457634 0.155085
0.537689 0.461115 0.148692
0.532266 0.463411 0.143072
0.515515 0.454942 0.156460
0.513823 0.460624 0.144469
0.510075 0.457000 0.150769
0.519284 0.458446 0.150065
0.517565 0.464354 0.138260
0.573206 0.451245 0.177899
0.572012 0.456618 0.164901
0.568057 0.453426 0.171665
0.577198 0.454362 0.170997
0.581181 0.457557 0.164221
0.579896 0.463294 0.151722
0.575959 0.459905 0.158253
0.565223 0.445160 0.192097
0.569212 0.448181 0.184932
0.564097 0.450309 0.178548
0.570235 0.443047 0.198812
0.575167 0.440894 0.205709
0.579219 0.443831 0.198189
0.574256 0.446024 0.191476
0.557293 0.439231 0.206847
0.556192 0.444219 0.192690
0.552262 0.441233 0.199955
0.561247 0.442179 0.199400
0.560140 0.447243 0.185556
0.620628 0.595450 0.030078
0.618751 0.607125 0.025981
0.614901 0.600761 0.027993
0.624470 0.601751 0.027910
0.628327 0.608106 0.025910
0.626506 0.619966 0.022428
0.622617 0.613536 0.024137
0.612986 0.583015 0.034919
0.616800 0.589204 0.032415
0.611065 0.594445 0.030176
0.618732 0.577938 0.037451
0.624480 0.572950 0.040121
0.628290 0.578972 0.037323
0.622541 0.584046 0.034798
0.605404 0.570816 0.040435
0.603443 0.581968 0.035054
0.599657 0.575813 0.037749
0.609187 0.576886 0.037593
0.607247 0.588181 0.032529
0.590403 0.547227 0.053476
0.588388 0.557717 0.046866
0.584659 0.551827 0.050243
0.594137 0.553010 0.049972
0.597879 0.558874 0.046627
0.595886 0.569715 0.040617
0.592129 0.563681 0.043657
0.582946 0.535929 0.060949
0.586674 0.541533 0.057137
0.580938 0.546019 0.053778
0.588655 0.531660 0.064537
0.594345 0.527493 0.068248
0.598101 0.532872 0.064179
0.592396 0.537153 0.060602
0.575486 0.524996 0.069056
0.573508 0.534664 0.061319
0.569794 0.529121 0.065322
0.579218 0.530414 0.064917
0.577223 0.540297 0.057471
0.635716 0.514162 0.083636
0.633977 0.522974 0.075025
0.630137 0.517947 0.079423
0.639576 0.519082 0.079107
0.643435 0.524102 0.074748
0.641653 0.533315 0.066735
0.637816 0.528098 0.070796
0.627989 0.504646 0.093213
0.631853 0.509348 0.088337
0.626295 0.513026 0.083994
0.633496 0.501156 0.097811
0.638971 0.497740 0.102530
0.642876 0.502242 0.097391
0.637381 0.505755 0.092804
0.620255 0.495594 0.103491
0.618603 0.503525 0.093659
0.614754 0.498953 0.098756
0.624123 0.500060 0.098265
0.622450 0.508218 0.088738
0.469634 0.575748 0.033062
0.467630 0.588457 0.028281
0.463998 0.581252 0.030703
0.473264 0.582827 0.030473
0.476908 0.589975 0.028083
0.474951 0.603011 0.024018
0.471277 0.595726 0.026059
0.462407 0.561836 0.038817
0.466016 0.568748 0.035844
0.460379 0.574122 0.033324
0.468059 0.556729 0.041619
0.473725 0.551753 0.044545
0.477331 0.558395 0.041273
0.471667 0.563506 0.038495
0.455207 0.548315 0.045297
0.453165 0.560125 0.039143
0.449567 0.553271 0.042328
0.458804 0.555022 0.041970
0.456768 0.567077 0.036139
0.440819 0.522717 0.060204
0.438781 0.533409 0.052884
0.435182 0.527055 0.056717
0.444420 0.528913 0.056249
0.448017 0.535252 0.052441
0.445972 0.546527 0.045685
0.442378 0.539903 0.049206
0.433596 0.510761 0.068543
0.437211 0.516667 0.064303
0.431578 0.520852 0.060695
0.439229 0.506833 0.072373
0.444863 0.503022 0.076317
0.448491 0.508652 0.071826
0.442851 0.512603 0.068012
0.426342 0.499360 0.077445
0.424349 0.508892 0.069075
0.420722 0.503125 0.073470
0.429973 0.504991 0.072921
0.427968 0.514798 0.064816
0.485941 0.492418 0.092169
0.483977 0.500933 0.082887
0.480316 0.495766 0.087754
0.489613 0.497437 0.087168
0.493279 0.502594 0.082310
0.491281 0.511685 0.073607
0.487632 0.506240 0.078169
0.478586 0.482794 0.102562
0.482265 0.487538 0.097303
0.476650 0.490740 0.092758
0.484186 0.479855 0.107343
0.489779 0.477028 0.112233
0.493473 0.481498 0.106722
0.487873 0.484460 0.101958
0.471225 0.473684 0.113425
0.469306 0.481096 0.103144
0.465632 0.476470 0.108515
0.474906 0.478178 0.107937
0.472979 0.485851 0.097891
0.396118 0.561853 0.035037
0.394053 0.575500 0.029607
0.390551 0.567684 0.032320
0.399666 0.569434 0.032165
0.403195 0.577121 0.029501
0.401038 0.591315 0.024824
0.397538 0.583408 0.027112
0.388948 0.547106 0.041363
0.392546 0.554403 0.038107
0.387013 0.560002 0.035242
0.394472 0.541963 0.044447
0.400011 0.537025 0.047615
0.403617 0.543935 0.044100
0.398076 0.549063 0.041059
0.381689 0.533017 0.048372
0.379813 0.545150 0.041647
0.376166 0.537991 0.045104
0.385328 0.539975 0.044787
0.383432 0.552486 0.038356
0.455814 0.684031 0.010664
0.454388 0.698190 0.010096
0.450342 0.690751 0.010329
0.459865 0.691477 0.010365
0.463975 0.698779 0.010126
0.462824 0.712163 0.009713
0.458544 0.705338 0.009894
0.447891 0.668860 0.011598
0.451822 0.676492 0.011068
0.446354 0.683165 0.010625
0.453346 0.662318 0.012289
0.458794 0.655860 0.013097
0.462712 0.663403 0.012311
0.457271 0.669908 0.011631
0.440182 0.653403 0.013059
0.438544 0.667736 0.011560
0.434705 0.659953 0.012223
0.444014 0.661156 0.012260
0.442421 0.675492 0.011028
0.337273 0.463439 0.100837
0.335357 0.471602 0.091676
0.331637 0.466504 0.096469
0.340992 0.468424 0.095979
0.344709 0.473540 0.091173
0.342796 0.482221 0.082263
0.339076 0.476841 0.086935
0.329823 0.453836 0.110657
0.333551 0.458580 0.105732
0.327915 0.461536 0.101304
0.335455 0.451077 0.115233
0.341089 0.448411 0.119911
0.344818 0.452953 0.114856
0.339184 0.455721 0.110245
0.322350 0.444647 0.120574
0.320460 0.451953 0.111066
0.316722 0.447314 0.115979
0.326090 0.449195 0.115607
0.324190 0.456690 0.106172
0.500435 0.441828 0.182919
0.498809 0.446732 0.170160
0.495055 0.443487 0.176774
0.504198 0.444994 0.176175
0.507969 0.448223 0.169517
0.506322 0.453480 0.157153
0.502565 0.450058 0.163619
0.492966 0.435676 0.196641
0.496689 0.438721 0.189742
0.491312 0.440311 0.183459
0.498314 0.434160 0.203195
0.503626 0.432634 0.209895
0.507333 0.435549 0.202673
0.502030 0.437138 0.196140
0.485615 0.429788 0.210671
0.483882 0.434146 0.197040
0.480207 0.431171 0.203945
0.489272 0.432697 0.203614
0.487585 0.437194 0.190215
0.471241 0.418729 0.239652
0.469365 0.422675 0.225204
0.465793 0.419944 0.232416
0.474810 0.421472 0.232354
0.478394 0.424190 0.225078
0.476564 0.428272 0.210936
0.472953 0.425443 0.218031
0.464136 0.413019 0.254310
0.467682 0.415919 0.246969
0.462235 0.417182 0.239647
0.469533 0.411462 0.261889
0.474874 0.409640 0.269667
0.478418 0.412768 0.262088
0.473079 0.414464 0.254441
0.457102 0.406935 0.269057
0.455159 0.411438 0.254161
0.451648 0.408437 0.261444
0.460607 0.410022 0.261673
0.458690 0.414352 0.246895
0.512306 0.399314 0.304233
0.511086 0.407094 0.286790
0.507491 0.403146 0.295307
0.515937 0.403602 0.295488
0.519559 0.407646 0.286839
0.518302 0.414379 0.270063
0.514685 0.410835 0.278364
0.504898 0.390252 0.321789
0.508642 0.394842 0.313016
0.503880 0.398986 0.303865
0.509377 0.385255 0.331484
0.513651 0.379559 0.341406
0.517751 0.385072 0.332183
0.513269 0.390230 0.322463
0.497017 0.380668 0.338967
0.496498 0.390313 0.320832
0.492687 0.385883 0.329154
0.501029 0.385534 0.330471
0.500227 0.394681 0.312389
0.578308 0.402654 0.303961
0.577771 0.411400 0.285749
0.573938 0.406958 0.295002
0.582071 0.407453 0.294464
0.585976 0.411847 0.285148
0.585765 0.419256 0.267823
0.581716 0.415485 0.276686
0.571182 0.392026 0.323377
0.574694 0.397494 0.313605
0.570218 0.402129 0.304413
0.575876 0.386639 0.332960
0.580730 0.380678 0.342653
0.583955 0.387099 0.332542
0.579263 0.392515 0.322982
0.564169 0.379824 0.343094
0.563038 0.391528 0.323600
0.559471 0.385733 0.333344
0.567697 0.386171 0.333230
0.566599 0.396971 0.313949
0.548117 0.351328 0.376361
0.547954 0.365707 0.361542
0.543599 0.358500 0.369428
0.552545 0.358572 0.369514
0.556683 0.365859 0.361608
0.555823 0.379478 0.343129
0.552011 0.372762 0.352654
0.538605 0.337263 0.387140
0.543452 0.344199 0.382216
0.538978 0.351342 0.376255
0.543208 0.330458 0.391293
0.547926 0.323944 0.394620
0.552788 0.330457 0.391328
0.548061 0.337221 0.387208
0.528610 0.324204 0.394511
0.529177 0.337487 0.386980
0.524119 0.330917 0.391052
0.533642 0.330585 0.391212
0.534151 0.344315 0.382079
0.411750 0.478282 0.096833
0.409795 0.486678 0.087475
0.406140 0.481484 0.092378
0.415406 0.483338 0.091818
0.419057 0.488536 0.086906
0.417087 0.497497 0.078007
0.413444 0.492015 0.082680
0.404424 0.468580 0.107117
0.408090 0.473365 0.101935
0.402480 0.476433 0.097375
0.410037 0.465757 0.111894
0.415649 0.463050 0.116787
0.419312 0.467583 0.111391
0.413701 0.470416 0.106607
0.397079 0.459398 0.117684
0.395139 0.466752 0.107606
0.391461 0.462108 0.112821
0.400754 0.463927 0.112368
0.398812 0.471524 0.102454
0.382337 0.442352 0.139463
0.380399 0.448861 0.128792
0.376702 0.444643 0.134209
0.386030 0.446472 0.133950
0.389718 0.450680 0.128477
0.387777 0.457584 0.118094
0.384090 0.453171 0.123419
0.374934 0.434349 0.150598
0.378638 0.438310 0.145013
0.372998 0.440508 0.139662
0.380579 0.432366 0.156182
0.386218 0.430504 0.161891
0.389912 0.434260 0.156106
0.384277 0.436226 0.150496
0.367516 0.426642 0.161871
0.365574 0.432460 0.150667
0.361854 0.428542 0.156218
0.371225 0.430462 0.156218
0.369288 0.436447 0.145147
0.427143 0.428177 0.185763
0.425276 0.432963 0.173404
0.421593 0.429555 0.179603
0.430819 0.431489 0.179450
0.434500 0.434856 0.173172
0.432634 0.439985 0.161098
0.428957 0.436434 0.167235
0.419837 0.421696 0.198533
0.423479 0.424911 0.192116
0.417917 0.426207 0.185845
0.425409 0.420566 0.205046
0.430983 0.419513 0.211696
0.434583 0.422554 0.205003
0.429034 0.423699 0.198502
0.412641 0.415419 0.211613
0.410623 0.419673 0.198513
0.407017 0.416478 0.204960
0.416222 0.418535 0.205029
0.414259 0.422914 0.192145
0.532435 0.688698 0.010801
0.531618 0.701607 0.010228
0.527176 0.694996 0.010487
0.536859 0.695332 0.010497
0.541337 0.701867 0.010238
0.540706 0.714220 0.009792
0.536130 0.708018 0.009997
0.523791 0.675202 0.011708
0.528076 0.681992 0.011198
0.522787 0.688288 0.010791
0.529138 0.668941 0.012335
0.534511 0.662728 0.013068
0.538720 0.669505 0.012333
0.533386 0.675729 0.011712
0.515426 0.661390 0.013086
0.514211 0.674631 0.011705
0.510028 0.667677 0.012339
0.519574 0.668333 0.012336
0.518464 0.681504 0.011191
0.499437 0.633093 0.017367
0.497864 0.646406 0.014993
0.493927 0.639211 0.016140
0.503349 0.640227 0.016096
0.507316 0.647326 0.014962
0.505911 0.660650 0.013096
0.501857 0.653557 0.013979
0.491761 0.618775 0.020329
0.495575 0.625940 0.018777
0.490042 0.631992 0.017424
0.497347 0.612861 0.021913
0.502966 0.607009 0.023603
0.506734 0.614060 0.021798
0.501139 0.619963 0.020235
0.484261 0.604402 0.023880
0.482412 0.617521 0.020420
0.478662 0.610273 0.022141
0.487990 0.611598 0.022028
0.486205 0.624761 0.018849
0.544506 0.586935 0.031178
0.542561 0.599092 0.026826
0.538805 0.592382 0.029005
0.548256 0.593547 0.028838
0.552028 0.600196 0.026686
0.550153 0.612565 0.023006
0.546341 0.605834 0.024836
0.537070 0.573854 0.036420
0.540778 0.580368 0.033705
0.535071 0.585711 0.031374
0.542792 0.568733 0.039045
0.548523 0.563722 0.041805
0.552223 0.570017 0.038786
0.546496 0.575137 0.036177
0.529710 0.561020 0.042405
0.527665 0.572527 0.036679
0.523991 0.566029 0.039613
0.533382 0.567403 0.039320
0.531358 0.579090 0.033932
0.711486 0.523130 0.081615
0.709969 0.531839 0.073475
0.705974 0.526884 0.077560
0.715506 0.528010 0.077425
0.719519 0.532945 0.073374
0.717937 0.541913 0.065700
0.713958 0.536850 0.069525
0.703432 0.513555 0.090449
0.707461 0.518309 0.085953
0.701974 0.521990 0.081791
0.708863 0.510029 0.094789
0.714264 0.506582 0.099186
0.718348 0.511209 0.094464
0.712919 0.514716 0.090182
0.695361 0.504266 0.099952
0.693960 0.512409 0.090729
0.689948 0.507731 0.095453
0.699398 0.508872 0.095112
0.697969 0.517163 0.086178
0.679176 0.486664 0.121212
0.677893 0.494212 0.110724
0.673869 0.489886 0.116197
0.683230 0.490935 0.115605
0.687277 0.495296 0.110193
0.685933 0.503137 0.100356
0.681915 0.498630 0.105445
0.671024 0.478422 0.132982
0.675110 0.482490 0.127005
0.669839 0.485655 0.121859
0.676202 0.475351 0.138353
0.681323 0.472309 0.143817
0.685498 0.476272 0.137552
0.680331 0.479364 0.132235
0.662783 0.470618 0.145457
0.661731 0.477511 0.133710
0.657646 0.473604 0.139878
0.666916 0.474466 0.139136
0.665794 0.481529 0.127700
0.605676 0.630035 0.019493
0.609691 0.636483 0.018123
0.604178 0.642104 0.016900
0.611283 0.624497 0.020935
0.616931 0.619004 0.022483
0.620856 0.625432 0.020885
0.615251 0.630929 0.019451
0.594592 0.641317 0.016928
0.600112 0.635638 0.018158
0.598709 0.647798 0.015783
0.596107 0.629173 0.019538
0.597802 0.617140 0.022603
0.603482 0.611618 0.024270
0.601714 0.623590 0.020986
0.587892 0.659416 0.013857
0.589114 0.647076 0.015803
0.593281 0.653569 0.014768
0.486128 0.455959 0.146422
0.489834 0.459732 0.140277
0.484279 0.461987 0.134808
0.491639 0.453915 0.152075
0.497120 0.451951 0.157808
0.500860 0.455486 0.151450
0.495362 0.457567 0.145825
0.475027 0.460317 0.135368
0.480589 0.458091 0.140852
0.478709 0.464328 0.129433
0.476893 0.454302 0.146961
0.478704 0.448726 0.158908
0.484187 0.446915 0.164773
0.482417 0.452291 0.152633
0.467548 0.469313 0.119024
0.469454 0.462638 0.129990
0.473131 0.466766 0.124169
0.568529 0.424575 0.252462
0.572537 0.427732 0.244231
0.567908 0.430085 0.236636
0.573014 0.421825 0.260361
0.577402 0.418803 0.268428
0.581450 0.422346 0.259799
0.577046 0.425166 0.251943
0.559218 0.429355 0.237087
0.563931 0.427074 0.244710
0.563160 0.432266 0.229137
0.559989 0.423899 0.252875
0.560669 0.417610 0.269309
0.565158 0.414400 0.277670
0.564570 0.421209 0.260814
0.553369 0.436314 0.214446
0.554395 0.431459 0.229576
0.558310 0.434314 0.221729
0.396638 0.503137 0.070679
0.400278 0.509026 0.066366
0.394699 0.513093 0.062683
0.402232 0.499321 0.074569
0.407835 0.495612 0.078567
0.411475 0.501236 0.074019
0.405871 0.505079 0.070143
0.385477 0.511119 0.063172
0.391053 0.507064 0.066883
0.389131 0.517305 0.059084
0.387395 0.501203 0.071205
0.389326 0.491811 0.079672
0.394927 0.488247 0.083801
0.392986 0.497400 0.075115
0.378033 0.526247 0.052107
0.379912 0.515318 0.059539
0.383576 0.521683 0.055561
0.520616 0.725787 0.009440
0.525300 0.731521 0.009308
0.520206 0.737027 0.009196
0.525767 0.719990 0.009599
0.530939 0.714064 0.009785
0.535551 0.720114 0.009605
0.530415 0.725884 0.009444
0.510381 0.736984 0.009193
0.515486 0.731451 0.009305
0.515136 0.742406 0.009105
0.510821 0.725671 0.009435
0.511428 0.713674 0.009771
0.516660 0.707551 0.009980
0.515989 0.719843 0.009593
0.505070 0.752839 0.008985
0.505299 0.742396 0.009103
0.510091 0.747671 0.009035
0.454542 0.613393 0.020681
0.458279 0.620827 0.019050
0.452781 0.626896 0.017615
0.460089 0.607451 0.022363
0.465668 0.601564 0.024156
0.469362 0.608890 0.022252
0.463805 0.614825 0.020596
0.443541 0.625461 0.017654
0.449028 0.619392 0.019111
0.447306 0.633047 0.016293
0.445308 0.611903 0.020765
0.447178 0.598517 0.024433
0.452766 0.592657 0.026396
0.450843 0.605959 0.022473
0.436380 0.645653 0.013996
0.438071 0.631630 0.016308
0.441844 0.639289 0.015087
0.545293 0.530601 0.062550
0.548966 0.536314 0.058607
0.543242 0.540742 0.055201
0.550994 0.526406 0.066187
0.556681 0.522322 0.069949
0.560386 0.527782 0.065746
0.554682 0.531996 0.062122
0.533860 0.539318 0.055603
0.539581 0.534904 0.059021
0.537513 0.545284 0.051908
0.535919 0.529168 0.062995
0.537936 0.519492 0.070912
0.543605 0.515568 0.074831
0.541616 0.524990 0.066647
0.526054 0.554714 0.045668
0.528136 0.543847 0.052296
0.531783 0.549941 0.048729
0.697100 0.549190 0.058508
0.701022 0.554510 0.054994
0.695340 0.558945 0.051658
0.702746 0.544974 0.062081
0.708366 0.540859 0.065757
0.712323 0.546001 0.062032
0.706683 0.550198 0.058456
0.685746 0.557972 0.051719
0.691434 0.553521 0.055051
0.689638 0.563503 0.048452
0.687528 0.548171 0.058582
0.689255 0.538733 0.065917
0.694858 0.534683 0.069701
0.693180 0.543934 0.062150
0.678179 0.572974 0.042438
0.680038 0.562544 0.048515
0.683918 0.568181 0.045378
0.633947 0.474878 0.135609
0.637934 0.478760 0.129559
0.632617 0.481813 0.124222
0.639163 0.471937 0.141177
0.644317 0.469021 0.146863
0.648396 0.472762 0.140551
0.643194 0.475745 0.135003
0.623334 0.480862 0.124816
0.628669 0.477850 0.130157
0.627248 0.484907 0.118994
0.624704 0.474011 0.136240
0.625910 0.467476 0.148156
0.631035 0.464673 0.153971
0.629939 0.471117 0.141807
0.616387 0.491249 0.108892
0.617948 0.483917 0.119583
0.621836 0.488051 0.113882
0.673924 0.451747 0.183219
0.678349 0.455240 0.175905
0.673518 0.458149 0.169743
0.678618 0.448829 0.189682
0.683230 0.445877 0.196275
0.687787 0.449352 0.188607
0.683107 0.452311 0.182192
0.664314 0.457506 0.170672
0.669154 0.454636 0.176885
0.668617 0.461054 0.163701
0.664752 0.451202 0.184198
0.664947 0.444973 0.198371
0.669504 0.442080 0.205191
0.669456 0.448326 0.190711
0.658625 0.466876 0.151935
0.659409 0.460370 0.164567
0.663652 0.463960 0.157769
0.637298 0.426125 0.246815
0.641961 0.429196 0.238509
0.637727 0.432125 0.231030
0.641331 0.423032 0.254544
0.645249 0.419837 0.262377
0.650092 0.423129 0.253763
0.646084 0.426203 0.246086
0.628897 0.432045 0.231728
0.633150 0.429124 0.239205
0.633391 0.434988 0.223653
0.628569 0.426101 0.247524
0.627998 0.419696 0.263895
0.631893 0.416277 0.271924
0.632632 0.422979 0.255260
0.624437 0.440533 0.209175
0.624542 0.434883 0.224372
0.628957 0.437785 0.216366
0.590471 0.500086 0.095208
0.594273 0.504749 0.090163
0.588676 0.508338 0.085780
0.596027 0.496711 0.099848
0.601555 0.493413 0.104599
0.605390 0.497838 0.099284
0.599846 0.501249 0.094663
0.579285 0.507100 0.086286
0.584889 0.503548 0.090686
0.583055 0.512021 0.081517
0.581100 0.498884 0.095760
0.582858 0.491140 0.105787
0.588384 0.488004 0.110699
0.586666 0.495551 0.100418
0.571753 0.519687 0.073373
0.573659 0.510746 0.082012
0.577413 0.515803 0.077381
0.559954 0.467138 0.141048
0.563789 0.470845 0.134856
0.558326 0.473471 0.129439
0.565339 0.464683 0.146673
0.570677 0.462276 0.152406
0.574579 0.465768 0.145992
0.569208 0.468281 0.140372
0.549054 0.472225 0.130104
0.554525 0.469649 0.135527
0.552833 0.476157 0.124126
0.550714 0.465945 0.141721
0.552258 0.460064 0.153754
0.557576 0.457818 0.159601
0.556109 0.463545 0.147348
0.541781 0.481742 0.113858
0.543554 0.474862 0.124788
0.547317 0.478911 0.118931
0.601327 0.448059 0.189430
0.605468 0.451067 0.182173
0.600504 0.453552 0.175824
0.606158 0.445560 0.196100
0.610897 0.442984 0.202930
0.615133 0.445902 0.195323
0.610346 0.448516 0.188668
0.591409 0.452872 0.176545
0.596409 0.450492 0.182914
0.595460 0.455993 0.169613
0.592305 0.447482 0.190149
0.593025 0.442178 0.204409
0.597763 0.439777 0.211460
0.597177 0.445098 0.196839
0.585152 0.460848 0.157566
0.586332 0.455219 0.170316
0.590341 0.458419 0.163529
0.651294 0.587037 0.034512
0.655146 0.593160 0.032071
0.649391 0.598414 0.029842
0.657055 0.581944 0.037034
0.662815 0.576940 0.039698
0.666671 0.582880 0.036971
0.660909 0.587978 0.034449
0.639787 0.597442 0.029908
0.645536 0.592208 0.032135
0.643644 0.603730 0.027766
0.641693 0.586063 0.034592
0.643615 0.574998 0.039874
0.649371 0.570092 0.042681
0.647450 0.580982 0.037114
0.632197 0.614516 0.024076
0.634051 0.602741 0.027833
0.637913 0.609096 0.025844
0.620806 0.540677 0.059721
0.624591 0.546200 0.056036
0.618867 0.550696 0.052707
0.626499 0.536386 0.063283
0.632170 0.532192 0.066974
0.635988 0.537513 0.063045
0.630299 0.541807 0.059483
0.609366 0.549565 0.052939
0.615094 0.545068 0.056272
0.613129 0.555299 0.049496
0.611326 0.539525 0.059986
0.613238 0.529882 0.067546
0.618897 0.525804 0.071376
0.617023 0.535236 0.063552
0.601635 0.564810 0.043447
0.603627 0.554167 0.049723
0.607384 0.560005 0.046408
0.665619 0.509040 0.091705
0.669566 0.513779 0.086994
0.664044 0.517495 0.082726
0.671085 0.505494 0.096196
0.676517 0.502026 0.100778
0.680511 0.506605 0.095815
0.675056 0.510150 0.091359
0.654589 0.516389 0.083016
0.660120 0.512670 0.087310
0.658491 0.521305 0.078561
0.656194 0.507944 0.092066
0.657718 0.499863 0.101660
0.663137 0.496478 0.106417
0.661669 0.504400 0.096594
0.647293 0.529215 0.070557
0.649027 0.520199 0.078825
0.652906 0.525211 0.074503
0.499567 0.568247 0.037554
0.503217 0.574973 0.034705
0.497536 0.580337 0.032296
0.505263 0.563131 0.040253
0.510971 0.558136 0.043078
0.514616 0.564609 0.039924
0.508911 0.569732 0.037248
0.488211 0.578857 0.032548
0.493883 0.573490 0.034985
0.491867 0.585826 0.030022
0.490246 0.566713 0.037864
0.492310 0.555032 0.043805
0.498010 0.550173 0.046801
0.495933 0.561598 0.040590
0.480570 0.597183 0.025892
0.482553 0.584352 0.030247
0.486212 0.591442 0.027887
0.470657 0.517939 0.066476
0.474272 0.523813 0.062323
0.468598 0.528095 0.058777
0.476320 0.513914 0.070254
0.481978 0.510013 0.074149
0.485617 0.515608 0.069732
0.479946 0.519651 0.065975
0.459327 0.526343 0.059241
0.464991 0.522080 0.062805
0.462928 0.532506 0.055337
0.461379 0.516196 0.066975
0.463403 0.506579 0.075217
0.469046 0.502846 0.079274
0.467034 0.512193 0.070771
0.451612 0.541723 0.048789
0.453668 0.530734 0.055786
0.457265 0.537049 0.052007
0.515770 0.489251 0.100018
0.519474 0.493958 0.094775
0.513859 0.497264 0.090306
0.521361 0.486197 0.104730
0.526936 0.483237 0.109562
0.530661 0.487661 0.104074
0.525076 0.490758 0.099364
0.504547 0.495683 0.090940
0.510165 0.492410 0.095423
0.508230 0.500686 0.085954
0.506467 0.487693 0.100680
0.508353 0.480226 0.110920
0.513928 0.477442 0.115876
0.512063 0.484677 0.105402
0.496939 0.507891 0.077604
0.498918 0.499076 0.086568
0.502589 0.504227 0.081720
0.425544 0.554734 0.040130
0.429136 0.561814 0.037034
0.423548 0.567241 0.034370
0.431140 0.549636 0.043051
0.436752 0.544695 0.046076
0.440345 0.551471 0.042691
0.434734 0.556562 0.039808
0.414385 0.565471 0.034603
0.419961 0.560005 0.037314
0.417961 0.572868 0.031818
0.416372 0.552877 0.040445
0.418354 0.540931 0.046848
0.423948 0.536155 0.050039
0.421951 0.547770 0.043404
0.406723 0.584879 0.027050
0.408802 0.571161 0.031998
0.412359 0.578733 0.029377
0.485607 0.672595 0.011691
0.489738 0.679758 0.011167
0.484368 0.686219 0.010746
0.491008 0.666194 0.012343
0.496423 0.659846 0.013107
0.500504 0.666972 0.012343
0.495115 0.673341 0.011700
0.474823 0.685556 0.010725
0.480214 0.679048 0.011151
0.478988 0.692747 0.010421
0.476131 0.671774 0.011677
0.477542 0.658009 0.013113
0.482985 0.651674 0.014011
0.481544 0.665341 0.012338
0.468191 0.705802 0.009918
0.469414 0.692142 0.010396
0.473584 0.699316 0.010152
0.367218 0.461291 0.108972
0.370915 0.466045 0.103914
0.365295 0.469080 0.099403
0.372841 0.458479 0.113671
0.378465 0.455771 0.118486
0.382156 0.460294 0.113254
0.376535 0.463116 0.108529
0.355968 0.467218 0.099888
0.361594 0.464204 0.104380
0.359673 0.472218 0.094989
0.357887 0.459451 0.109406
0.359805 0.452122 0.119224
0.365436 0.449531 0.124092
0.363514 0.456653 0.114078
0.348424 0.478792 0.086427
0.350340 0.470330 0.095488
0.354050 0.475456 0.090667
0.529133 0.441021 0.194370
0.532967 0.444037 0.187323
0.527733 0.445911 0.181009
0.534306 0.439175 0.201003
0.539425 0.437297 0.207843
0.543283 0.440228 0.200484
0.538151 0.442144 0.193810
0.518644 0.444637 0.181648
0.523912 0.442839 0.187925
0.522451 0.447773 0.174853
0.520110 0.439817 0.194955
0.521549 0.435140 0.208839
0.526713 0.433390 0.215797
0.525325 0.438054 0.201540
0.511743 0.451535 0.162945
0.513329 0.446425 0.175519
0.517121 0.449639 0.168839
0.499586 0.418140 0.254524
0.503182 0.421106 0.246787
0.497986 0.422786 0.239384
0.504698 0.416043 0.262241
0.509731 0.413621 0.270175
0.513338 0.416941 0.262078
0.508299 0.419173 0.254335
0.489127 0.421517 0.239553
0.494395 0.419948 0.246970
0.492716 0.424271 0.232088
0.490817 0.417009 0.254586
0.492447 0.411823 0.270147
0.497560 0.409346 0.278282
0.496009 0.415045 0.262308
0.481992 0.426953 0.217836
0.483788 0.422908 0.232256
0.487383 0.425630 0.224899
0.538344 0.390501 0.323520
0.542033 0.395671 0.314121
0.537405 0.400239 0.304798
0.542902 0.385148 0.333247
0.547438 0.379235 0.343066
0.551212 0.385391 0.333348
0.546628 0.390751 0.323653
0.529077 0.399916 0.304662
0.533741 0.395398 0.313972
0.532734 0.404421 0.295703
0.530014 0.390340 0.323277
0.530552 0.379104 0.342588
0.534879 0.372611 0.352307
0.534545 0.385014 0.333030
0.523190 0.411460 0.278322
0.524354 0.404017 0.295609
0.528000 0.408151 0.286870
0.603009 0.393844 0.320968
0.606612 0.399167 0.310862
0.602473 0.403822 0.301894
0.607380 0.388624 0.330320
0.611773 0.383092 0.339695
0.614944 0.389288 0.329109
0.610776 0.394315 0.319950
0.594428 0.403499 0.302693
0.598690 0.398800 0.311748
0.598344 0.408176 0.293078
0.595176 0.393401 0.321791
0.596648 0.381642 0.341640
0.601504 0.375272 0.351079
0.599702 0.388048 0.331267
0.590009 0.415877 0.276037
0.590204 0.407859 0.293819
0.594197 0.412190 0.284453
0.576456 0.337386 0.387290
0.580658 0.344543 0.382323
0.575519 0.351714 0.376433
0.581502 0.330576 0.391402
0.586458 0.324056 0.394723
0.590662 0.330776 0.391415
0.585739 0.337527 0.387289
0.566383 0.351543 0.376432
0.571394 0.344402 0.382322
0.570408 0.358933 0.369546
0.566986 0.337313 0.387263
0.567291 0.323965 0.394658
0.572249 0.317726 0.397231
0.571973 0.330517 0.391371
0.560526 0.373007 0.352679
0.561473 0.358724 0.369548
0.565392 0.366098 0.361610
0.441505 0.475841 0.104922
0.445164 0.480618 0.099659
0.439553 0.483744 0.095105
0.447105 0.472974 0.109699
0.452700 0.470224 0.114591
0.456367 0.474736 0.109104
0.450769 0.477617 0.104324
0.430287 0.481940 0.095696
0.435898 0.478829 0.100254
0.433939 0.486997 0.090662
0.432240 0.474049 0.105507
0.434183 0.466670 0.115748
0.439782 0.464060 0.120751
0.437844 0.471194 0.110287
0.422703 0.493876 0.082111
0.424673 0.485176 0.091246
0.428321 0.490374 0.086330
0.412206 0.441825 0.149961
0.415880 0.445722 0.144136
0.410266 0.447868 0.138683
0.417807 0.439909 0.155623
0.423392 0.438116 0.161384
0.427068 0.441784 0.155352
0.421482 0.443695 0.149695
0.400970 0.446027 0.138977
0.406593 0.443865 0.144411
0.404646 0.450128 0.133348
0.402914 0.439959 0.150180
0.404844 0.434317 0.161735
0.410444 0.432613 0.167588
0.408528 0.438025 0.155829
0.393400 0.454986 0.123054
0.395345 0.448299 0.133664
0.399023 0.452500 0.128138
0.456519 0.429245 0.197951
0.460185 0.432310 0.191283
0.454704 0.433719 0.185022
0.462004 0.427958 0.204470
0.467485 0.426694 0.211156
0.471115 0.429597 0.204222
0.465655 0.430939 0.197677
0.445530 0.431938 0.185332
0.451028 0.430568 0.191578
0.449212 0.435176 0.178884
0.447370 0.427479 0.198192
0.449266 0.423297 0.211518
0.454792 0.422177 0.218331
0.452878 0.426243 0.204691
0.438179 0.438293 0.166930
0.440022 0.433364 0.179199
0.443705 0.436696 0.172856
0.562277 0.677054 0.011727
0.566688 0.683546 0.011232
0.561466 0.689710 0.010832
0.567576 0.670926 0.012336
0.572908 0.664847 0.013048
0.577223 0.671345 0.012339
0.571939 0.677416 0.011734
0.551775 0.689409 0.010821
0.557012 0.683217 0.011222
0.556264 0.695906 0.010519
0.552630 0.676655 0.011721
0.553673 0.663878 0.013055
0.559058 0.657782 0.013882
0.557939 0.670498 0.012334
0.545878 0.708212 0.010006
0.546556 0.695635 0.010508
0.551065 0.702099 0.010248
0.529433 0.623164 0.019970
0.533328 0.630028 0.018494
0.527785 0.636002 0.017199
0.535039 0.617321 0.021487
0.540676 0.611547 0.023109
0.544513 0.618315 0.021397
0.538904 0.624133 0.019893
0.518314 0.635084 0.017252
0.523858 0.629083 0.018558
0.522274 0.642055 0.016012
0.519981 0.622147 0.020053
0.521780 0.609373 0.023339
0.527438 0.603617 0.025097
0.525585 0.616279 0.021584
0.511341 0.654384 0.013959
0.512801 0.641166 0.016053
0.516794 0.648184 0.014932
0.574893 0.578714 0.035540
0.578662 0.585023 0.032945
0.572935 0.590331 0.030668
0.580635 0.573601 0.038110
0.586380 0.568591 0.040816
0.590139 0.574718 0.037922
0.584396 0.579820 0.035364
0.563438 0.589245 0.030825
0.569161 0.583928 0.033112
0.567218 0.595741 0.028538
0.565406 0.577568 0.035737
0.567413 0.566246 0.041273
0.573159 0.561339 0.044135
0.571144 0.572452 0.038317
0.555823 0.606873 0.024719
0.557726 0.594667 0.028682
0.561514 0.601254 0.026555
0.741480 0.518310 0.089368
0.745574 0.523029 0.085094
0.740100 0.526614 0.081113
0.746907 0.514866 0.093464
0.752310 0.511494 0.097580
0.756452 0.516109 0.093135
0.751025 0.519530 0.089104
0.730553 0.525444 0.081272
0.736029 0.521834 0.085301
0.734600 0.530290 0.077172
0.731947 0.517099 0.089638
0.733255 0.509004 0.098390
0.738631 0.505665 0.102676
0.737373 0.513634 0.093797
0.723520 0.537934 0.069453
0.725049 0.529146 0.077293
0.729073 0.534061 0.073281
0.708335 0.482410 0.129925
0.712516 0.486679 0.124151
0.707273 0.489880 0.119268
0.713489 0.479278 0.135035
0.718602 0.476172 0.140212
0.722887 0.480385 0.134097
0.717721 0.483517 0.129094
0.697892 0.488776 0.119915
0.703137 0.485575 0.124883
0.701992 0.493119 0.114439
0.698982 0.481356 0.130707
0.699915 0.474145 0.142088
0.704963 0.471076 0.147534
0.704135 0.478229 0.135906
0.691321 0.499740 0.104977
0.692603 0.492014 0.115018
0.696675 0.496403 0.109673
0.691389 0.466278 0.155048
0.695667 0.470161 0.148470
0.690611 0.473207 0.142963
0.696329 0.463271 0.160824
0.701201 0.460262 0.166712
0.705594 0.464089 0.159795
0.700662 0.467124 0.154081
0.724985 0.499902 0.108104
0.729125 0.504426 0.103155
0.723749 0.507781 0.098791
0.730306 0.496651 0.112612
0.735602 0.493443 0.117147
0.739800 0.497893 0.111963
0.734475 0.501134 0.107548
0.560002 0.554028 0.047714
0.563700 0.560102 0.044407
0.557958 0.565007 0.041531
0.565746 0.549343 0.050852
0.571488 0.544767 0.054105
0.575194 0.550609 0.050535
0.569446 0.555303 0.047410
0.514283 0.595505 0.027315
0.518015 0.602441 0.025242
0.512362 0.608218 0.023467
0.519963 0.589913 0.029377
0.525656 0.584443 0.031583
0.529375 0.591170 0.029185
0.523689 0.596746 0.027140
0.545347 0.650466 0.014854
0.549476 0.657199 0.013894
0.544083 0.663326 0.013061
0.550813 0.644429 0.015906
0.556316 0.638461 0.017063
0.560366 0.645121 0.015876
0.554903 0.651128 0.014833
0.442121 0.417536 0.225412
0.445680 0.420401 0.218432
0.440131 0.421461 0.211638
0.447673 0.416558 0.232461
0.453199 0.415513 0.239619
0.456745 0.418308 0.232453
0.451224 0.419358 0.225379
0.397469 0.427142 0.173658
0.401156 0.430692 0.167677
0.395540 0.432415 0.161835
0.403076 0.425632 0.179710
0.408672 0.424225 0.185872
0.412345 0.427598 0.179684
0.406758 0.429089 0.173628
0.426866 0.457979 0.126915
0.430524 0.462267 0.121293
0.424920 0.464867 0.116287
0.432467 0.455613 0.132148
0.438059 0.453353 0.137490
0.441716 0.457407 0.131640
0.436123 0.459781 0.126410
0.557588 0.311833 0.399076
0.562480 0.317735 0.397210
0.557604 0.323950 0.394643
0.562477 0.306253 0.400307
0.567380 0.300977 0.400951
0.572319 0.306228 0.400325
0.567397 0.311825 0.399087
0.590953 0.367170 0.361103
0.593778 0.374622 0.351733
0.588791 0.381128 0.342229
0.596111 0.360044 0.369041
0.601078 0.353013 0.375930
0.603849 0.360854 0.368537
0.598858 0.367782 0.360632
0.521730 0.366147 0.360568
0.526294 0.372773 0.351889
0.522084 0.379254 0.342102
0.525727 0.358860 0.368862
0.529857 0.351544 0.376015
0.534651 0.358576 0.369232
0.530451 0.365798 0.361084
0.485337 0.405002 0.285943
0.488891 0.408473 0.278034
0.483693 0.410787 0.269945
0.490424 0.402063 0.294480
0.495391 0.398628 0.303291
0.498998 0.402634 0.294986
0.493997 0.405777 0.286374
0.514113 0.429487 0.223827
0.517812 0.432281 0.216277
0.512595 0.433934 0.209373
0.519262 0.427825 0.231039
0.524342 0.426011 0.238402
0.528065 0.428821 0.230658
0.522973 0.430584 0.223384
0.352365 0.443346 0.129619
0.356088 0.447690 0.124407
0.350454 0.450275 0.119574
0.358004 0.440952 0.134662
0.363645 0.438651 0.139836
0.367360 0.442806 0.134445
0.361724 0.445199 0.129362
0.469706 0.643181 0.015061
0.473598 0.650616 0.014019
0.468152 0.656974 0.013108
0.475182 0.636959 0.016214
0.480680 0.630820 0.017477
0.484538 0.638122 0.016179
0.479058 0.644332 0.015043
0.411145 0.527680 0.054218
0.414752 0.534230 0.050454
0.409176 0.538996 0.047231
0.416738 0.523245 0.057656
0.422347 0.518956 0.061188
0.425955 0.525167 0.057186
0.420346 0.529623 0.053772
0.500937 0.471687 0.122332
0.504645 0.475896 0.116565
0.499064 0.478645 0.111591
0.506500 0.469162 0.127538
0.512045 0.466722 0.132851
0.515764 0.470679 0.126839
0.510212 0.473244 0.121646
0.456123 0.495776 0.084577
0.459766 0.501109 0.079820
0.454130 0.504819 0.075759
0.461747 0.492341 0.088893
0.467365 0.489032 0.093332
0.471027 0.494068 0.088326
0.465399 0.497523 0.084011
0.485091 0.542196 0.050744
0.488698 0.548561 0.047193
0.483009 0.553414 0.044174
0.490787 0.537610 0.054012
0.496486 0.533152 0.057388
0.500101 0.539240 0.053571
0.494396 0.543837 0.050327
0.649815 0.491100 0.112317
0.653766 0.495430 0.106901
0.648338 0.498802 0.102094
0.655182 0.487863 0.117365
0.660511 0.484674 0.122497
0.664519 0.488863 0.116790
0.659161 0.492120 0.111803
0.605662 0.519481 0.076061
0.609452 0.524628 0.071716
0.603787 0.528698 0.067881
0.611284 0.515630 0.080161
0.616882 0.511877 0.084388
0.620707 0.516796 0.079774
0.615092 0.520661 0.075681
0.635978 0.563249 0.045874
0.639791 0.569086 0.042794
0.634040 0.573985 0.039989
0.641719 0.558543 0.048950
0.647450 0.553938 0.052158
0.651283 0.559569 0.048816
0.645539 0.564280 0.045738
0.584756 0.436443 0.220061
0.588881 0.439293 0.212155
0.584096 0.441589 0.205079
0.589407 0.434126 0.227412
0.593949 0.431668 0.234817
0.598173 0.434512 0.226709
0.593575 0.436940 0.219392
0.544540 0.453408 0.166870
0.548400 0.456687 0.160261
0.543067 0.458875 0.154420
0.549793 0.451350 0.172952
0.554995 0.449303 0.179177
0.558920 0.452421 0.172316
0.553686 0.454539 0.166224
0.575239 0.482670 0.116991
0.579050 0.486846 0.111313
0.573514 0.489930 0.106391
0.580735 0.479768 0.122163
0.586196 0.476920 0.127453
0.590042 0.480867 0.121519
0.584561 0.483828 0.116357
0.618973 0.412524 0.281893
0.623432 0.416229 0.272762
0.619485 0.419728 0.264718
0.622820 0.408618 0.290279
0.626584 0.404573 0.298774
0.631049 0.408838 0.289276
0.627288 0.412592 0.280959
0.655830 0.438486 0.214151
0.660403 0.441691 0.206189
0.655845 0.444546 0.199289
0.660234 0.435605 0.221296
0.664539 0.432674 0.228504
0.669284 0.435891 0.220268
0.664884 0.438813 0.213195
0.617789 0.460557 0.161302
0.621861 0.463955 0.154654
0.616713 0.466704 0.148849
0.622817 0.457878 0.167370
0.627770 0.455192 0.173587
0.631941 0.458478 0.166678
0.626938 0.461216 0.160594
0.681391 0.528523 0.073877
0.685326 0.533594 0.069824
0.679715 0.537660 0.066035
0.686949 0.524643 0.077885
0.692474 0.520858 0.081987
0.696455 0.525762 0.077710
0.690906 0.529629 0.073718
0.530564 0.508879 0.079963
0.534252 0.514121 0.075352
0.528584 0.518021 0.071421
0.536203 0.505239 0.084161
0.541828 0.501716 0.088485
0.545547 0.506671 0.083600
0.539906 0.510338 0.079412
0.439934 0.583619 0.028886
0.443546 0.591052 0.026567
0.437965 0.596944 0.024565
0.445533 0.577962 0.031174
0.451144 0.572453 0.033591
0.454755 0.579630 0.030937
0.449144 0.585274 0.028684
0.502531 0.700639 0.010199
0.506939 0.707274 0.009972
0.501684 0.713434 0.009764
0.507848 0.694226 0.010466
0.513155 0.687841 0.010782
0.517505 0.694628 0.010476
0.512216 0.700993 0.010209
0.381978 0.481081 0.089116
0.385655 0.486372 0.084343
0.380052 0.489923 0.080205
0.387588 0.477775 0.093458
0.393200 0.474590 0.097903
0.396869 0.479624 0.092926
0.391261 0.482938 0.088583
0.553065 0.409671 0.286772
0.556834 0.413766 0.277960
0.552260 0.416949 0.269569
0.557585 0.405817 0.295632
0.562081 0.401570 0.304699
0.565786 0.406399 0.295396
0.561336 0.410263 0.286572
0.471278 0.441909 0.171660
0.474991 0.445267 0.165251
0.469493 0.447053 0.159390
0.476740 0.440296 0.177727
0.482176 0.438729 0.183910
0.485902 0.441918 0.177284
0.480461 0.443561 0.171215
0.590082 0.604211 0.026229
0.593928 0.610675 0.024344
0.588249 0.616234 0.022670
0.595794 0.598776 0.028182
0.601514 0.593433 0.030283
0.605341 0.599770 0.028083
0.599629 0.605179 0.026139
0.682733 0.458818 0.168770
0.682131 0.465471 0.155986
0.677843 0.461758 0.162776
0.687079 0.462496 0.161816
0.686387 0.469287 0.149381
0.716682 0.491026 0.118593
0.715520 0.498701 0.108646
0.711398 0.494256 0.113857
0.720837 0.495435 0.113247
0.719638 0.503209 0.103627
0.552640 0.542126 0.054818
0.550577 0.552709 0.048034
0.546906 0.546680 0.051538
0.556317 0.548033 0.051186
0.554260 0.558821 0.044696
0.506884 0.581763 0.032047
0.504898 0.594211 0.027501
0.501207 0.587248 0.029800
0.510573 0.588610 0.029583
0.508613 0.601217 0.025397
0.537275 0.636871 0.017150
0.535810 0.649755 0.014878
0.531767 0.642896 0.015974
0.541281 0.643688 0.015938
0.539913 0.656567 0.013908
0.435063 0.411771 0.239464
0.433005 0.415580 0.225397
0.429481 0.412655 0.232347
0.438582 0.414676 0.232430
0.436553 0.418511 0.218487
0.390123 0.420203 0.185770
0.388160 0.425177 0.173641
0.384482 0.421644 0.179613
0.393789 0.423650 0.179686
0.391849 0.428763 0.167718
0.419545 0.449715 0.138349
0.417598 0.456159 0.127368
0.413934 0.451965 0.133000
0.423207 0.453799 0.132604
0.421259 0.460457 0.121794
0.547687 0.300996 0.400934
0.547788 0.311837 0.399063
0.542820 0.306270 0.400296
0.552646 0.306259 0.400299
0.552729 0.317732 0.397197
0.584499 0.351944 0.376371
0.582677 0.366740 0.361387
0.579294 0.359189 0.369485
0.587919 0.359526 0.369331
0.585767 0.374131 0.352171
0.511921 0.352806 0.374905
0.513126 0.366770 0.359767
0.508300 0.360359 0.367296
0.516890 0.359415 0.368264
0.517745 0.373136 0.351254
0.478226 0.397712 0.301687
0.476611 0.404117 0.285421
0.473086 0.400627 0.293154
0.481781 0.401411 0.293838
0.480147 0.407507 0.277676
0.506801 0.423961 0.239095
0.505234 0.428292 0.224269
0.501596 0.425551 0.231815
0.510442 0.426739 0.231440
0.508896 0.431080 0.216771
0.344886 0.434889 0.140112
0.342990 0.441476 0.129859
0.339245 0.437195 0.135034
0.348630 0.439082 0.134856
0.346725 0.445834 0.124703
0.462050 0.628270 0.017572
0.460386 0.641955 0.015074
0.456566 0.634419 0.016271
0.465859 0.635725 0.016244
0.464245 0.649481 0.014022
0.403909 0.515075 0.062181
0.401954 0.525700 0.054668
0.398331 0.519304 0.058609
0.407531 0.521292 0.058130
0.405568 0.532268 0.050872
0.493533 0.463612 0.134202
0.491664 0.470087 0.122983
0.487970 0.465982 0.128846
0.497234 0.467594 0.128214
0.495363 0.474307 0.117229
0.448821 0.485531 0.094506
0.446853 0.493996 0.085159
0.443206 0.488800 0.090069
0.452475 0.490583 0.089476
0.450495 0.499336 0.080385
0.477881 0.529815 0.058314
0.475801 0.540516 0.051163
0.472201 0.534242 0.054894
0.481487 0.535944 0.054453
0.479403 0.546910 0.047588
0.641904 0.482762 0.123657
0.640481 0.490088 0.112817
0.636552 0.485893 0.118438
0.645862 0.486876 0.117905
0.644410 0.494391 0.107368
0.598073 0.509535 0.085286
0.596239 0.518282 0.076477
0.592459 0.513250 0.081043
0.601870 0.514447 0.080585
0.600014 0.523434 0.072090
0.628380 0.551803 0.052499
0.626432 0.562192 0.046031
0.622644 0.556406 0.049292
0.632175 0.557488 0.049109
0.630230 0.568053 0.042930
0.576581 0.430728 0.236101
0.575945 0.435830 0.220674
0.571913 0.432988 0.228629
0.580656 0.433615 0.228051
0.580008 0.438694 0.212799
0.536817 0.447103 0.180394
0.535401 0.452223 0.167511
0.531565 0.449035 0.174205
0.540677 0.450221 0.173579
0.539236 0.455500 0.160917
0.567610 0.474672 0.128775
0.565921 0.481460 0.117633
0.562124 0.477407 0.123468
0.571427 0.478612 0.122814
0.569717 0.485635 0.111939
0.610515 0.404076 0.300977
0.610705 0.412524 0.282837
0.606498 0.408396 0.292246
0.614658 0.408510 0.291311
0.615047 0.416269 0.273660
0.646609 0.432259 0.230308
0.646825 0.438201 0.214972
0.642287 0.435140 0.222965
0.651234 0.435347 0.222196
0.651346 0.441332 0.207060
0.609593 0.454130 0.175062
0.608646 0.459899 0.162053
0.604583 0.456679 0.168872
0.613700 0.457282 0.168103
0.612688 0.463237 0.155376
0.673511 0.518609 0.082456
0.671887 0.527418 0.074062
0.667967 0.522413 0.078311
0.677452 0.523526 0.078085
0.675803 0.532502 0.069972
0.523175 0.498798 0.089679
0.521231 0.507378 0.080533
0.517547 0.502255 0.085339
0.526872 0.503772 0.084740
0.524911 0.512634 0.075893
0.432731 0.568994 0.034123
0.430733 0.581971 0.029072
0.427137 0.574566 0.031621
0.436329 0.576263 0.031406
0.434339 0.589445 0.026725
0.493940 0.686819 0.010762
0.492863 0.700245 0.010188
0.488586 0.693295 0.010440
0.498207 0.693786 0.010455
0.497230 0.706963 0.009964
0.374608 0.470923 0.098912
0.372683 0.479223 0.089639
0.368991 0.474084 0.094486
0.378296 0.475933 0.093977
0.376370 0.484501 0.084874
0.545682 0.400610 0.304864
0.544756 0.409135 0.286867
0.541068 0.404837 0.295757
0.549351 0.405296 0.295745
0.548482 0.413162 0.278138
0.463870 0.435440 0.184677
0.462091 0.440218 0.172083
0.458394 0.436934 0.178523
0.467570 0.438638 0.178135
0.465792 0.443587 0.165705
0.582450 0.591379 0.030528
0.580547 0.603241 0.026327
0.576731 0.596769 0.028407
0.586257 0.597777 0.028290
0.584383 0.609740 0.024425
0.733085 0.539019 0.069400
0.727509 0.542967 0.065657
0.738635 0.535176 0.073207
0.721903 0.547023 0.061992
0.716273 0.551190 0.058418
0.755129 0.524232 0.084896
0.749655 0.527788 0.080965
0.760579 0.520759 0.088847
0.744158 0.531434 0.077066
0.555635 0.708380 0.010015
0.550479 0.714355 0.009799
0.560804 0.702306 0.010258
0.545340 0.720220 0.009611
0.540219 0.725963 0.009449
0.576375 0.683867 0.011242
0.571170 0.689980 0.010844
0.581608 0.677808 0.011742
0.565985 0.696146 0.010531
0.340891 0.491395 0.073660
0.461939 0.724739 0.009397
0.398836 0.605796 0.020810
0.641785 0.615512 0.024020
0.636090 0.620952 0.022374
0.647512 0.610075 0.025789
0.630436 0.626394 0.020837
0.624831 0.631858 0.019409
0.664768 0.594076 0.032025
0.659008 0.599345 0.029794
0.670533 0.588886 0.034403
0.653254 0.604682 0.027714
0.687799 0.573889 0.042393
0.682053 0.578785 0.039590
0.693532 0.569107 0.045333
0.676295 0.583787 0.036926
0.710620 0.555482 0.054956
0.704945 0.559901 0.051618
0.699249 0.564443 0.048409
0.429163 0.666707 0.011509
0.514924 0.752785 0.008985
0.509934 0.757830 0.008953
0.519936 0.747653 0.009036
0.504972 0.762809 0.008938
0.500038 0.767734 0.008940
0.535116 0.731578 0.009312
0.530034 0.737062 0.009198
0.524974 0.742417 0.009107
0.370646 0.543202 0.041901
0.597514 0.660041 0.013851
0.592175 0.665891 0.013047
0.602890 0.654267 0.014756
0.586874 0.671815 0.012344
0.619276 0.637367 0.018089
0.613769 0.642935 0.016874
0.608308 0.648565 0.015763
0.322276 0.464597 0.096947
0.318553 0.459647 0.101762
0.325999 0.469671 0.092170
0.314824 0.454813 0.106606
0.311088 0.450086 0.111469
0.337165 0.485742 0.078168
0.333442 0.480234 0.082769
0.329720 0.474880 0.087441
0.440847 0.689960 0.010287
0.436924 0.682230 0.010579
0.444824 0.697549 0.010059
0.433037 0.674462 0.010980
0.457488 0.718396 0.009535
0.453142 0.711771 0.009691
0.448915 0.704834 0.009866
0.381452 0.565916 0.032459
0.377908 0.558148 0.035424
0.384933 0.573864 0.029699
0.374302 0.550576 0.038576
0.395289 0.597998 0.022711
0.391808 0.590040 0.024822
0.388372 0.581941 0.027154
0.409886 0.628645 0.016189
0.406132 0.621092 0.017563
0.413699 0.636181 0.014968
0.402449 0.613483 0.019100
0.425290 0.658996 0.012168
0.421417 0.651340 0.012963
0.417549 0.643739 0.013895
0.475799 0.742309 0.009094
0.471105 0.736679 0.009177
0.480554 0.747733 0.009029
0.466482 0.730828 0.009278
0.495111 0.762945 0.008938
0.490218 0.758031 0.008952
0.485362 0.752969 0.008982
0.352080 0.509305 0.060807
0.348350 0.503155 0.064974
0.355810 0.515658 0.056759
0.344621 0.497191 0.069260
0.366959 0.536016 0.045392
0.363253 0.529020 0.049041
0.359535 0.522229 0.052834
