0.592571 0.583167 0.033112
0.590751 0.594662 0.028591
0.586878 0.588390 0.030858
0.472638 0.432415 0.192560
0.470930 0.437093 0.179485
0.467183 0.433935 0.186077
0.553954 0.392945 0.321804
0.552756 0.402326 0.302247
0.549170 0.397603 0.311942
0.383692 0.467208 0.103563
0.381798 0.475260 0.094186
0.378079 0.470288 0.099035
0.504036 0.675534 0.011415
0.503058 0.688550 0.010578
0.498721 0.681781 0.010944
0.442153 0.561590 0.037596
0.440187 0.573967 0.032268
0.436549 0.566853 0.035008
0.532485 0.493693 0.094756
0.530604 0.502047 0.085304
0.526889 0.497102 0.090278
0.682789 0.512106 0.085930
0.681287 0.520750 0.077443
0.677301 0.515847 0.081813
0.617787 0.448142 0.182320
0.617024 0.454024 0.168766
0.612890 0.450830 0.175933
0.654136 0.425971 0.238630
0.654561 0.431845 0.222773
0.649900 0.428829 0.231231
0.618532 0.396617 0.315355
0.618268 0.405423 0.295823
0.614362 0.401010 0.306229
0.576619 0.469496 0.134935
0.575034 0.476237 0.123472
0.571202 0.472275 0.129521
0.545395 0.442571 0.188761
0.544100 0.447737 0.175239
0.540218 0.444608 0.182237
0.584299 0.425331 0.246945
0.583850 0.430676 0.230893
0.579759 0.427838 0.239239
0.638171 0.544617 0.055797
0.636352 0.554696 0.049160
0.632495 0.549103 0.052537
0.607363 0.503542 0.089769
0.605633 0.512113 0.080700
0.601804 0.507217 0.085439
0.650728 0.476621 0.128606
0.649435 0.483954 0.117563
0.645448 0.479798 0.123390
0.487385 0.523980 0.062461
0.485348 0.534307 0.055113
0.481712 0.528268 0.058965
0.458080 0.481221 0.099690
0.456144 0.489430 0.090090
0.452473 0.484408 0.095109
0.502680 0.459569 0.140695
0.500874 0.465929 0.129161
0.497157 0.461942 0.135201
0.413147 0.509942 0.066478
0.411179 0.520125 0.058861
0.407541 0.514015 0.062856
0.471761 0.618961 0.019626
0.470131 0.632153 0.016845
0.466255 0.624904 0.018213
0.353587 0.432167 0.144756
0.351760 0.438616 0.134305
0.347954 0.434432 0.139467
0.515038 0.419981 0.250185
0.513642 0.424685 0.234626
0.509940 0.421937 0.242445
0.485928 0.392075 0.316892
0.484514 0.399425 0.299139
0.480906 0.395743 0.307272
0.519510 0.339749 0.387563
0.520266 0.354017 0.376022
0.515300 0.347193 0.381998
0.594680 0.339709 0.388017
0.593211 0.354426 0.376511
0.589706 0.346740 0.382871
0.557447 0.292515 0.402508
0.557475 0.302507 0.402188
0.552529 0.297472 0.402417
0.428552 0.446538 0.144315
0.426672 0.452802 0.133077
0.422965 0.448736 0.138790
0.398603 0.418123 0.192290
0.396736 0.422880 0.179825
0.392992 0.419475 0.185869
0.443322 0.409959 0.248706
0.441408 0.413829 0.234182
0.437780 0.411007 0.241214
0.547416 0.627306 0.018826
0.545943 0.639769 0.016315
0.541886 0.633123 0.017551
0.516711 0.573970 0.035022
0.514782 0.585933 0.030146
0.511037 0.579246 0.032643
0.562320 0.535571 0.058582
0.560348 0.545828 0.051602
0.556622 0.540010 0.055233
0.725700 0.484620 0.121204
0.724614 0.492342 0.111254
0.720433 0.487877 0.116623
0.691094 0.452212 0.173598
0.690627 0.458954 0.160487
0.686255 0.455227 0.167602
0.596434 0.589368 0.030695
0.476378 0.435482 0.185837
0.557496 0.398041 0.311840
0.387409 0.472062 0.098617
0.508340 0.682311 0.010941
0.445789 0.568573 0.034703
0.536212 0.498503 0.089644
0.686794 0.516934 0.081441
0.621974 0.451297 0.174994
0.658893 0.429002 0.229986
0.622297 0.401363 0.304686
0.580483 0.473339 0.128768
0.549299 0.445641 0.181600
0.588431 0.428262 0.238421
0.642039 0.550114 0.052301
0.611207 0.508331 0.084894
0.654757 0.480706 0.122635
0.491029 0.529890 0.058480
0.461757 0.486105 0.094552
0.506416 0.463432 0.134541
0.416787 0.515911 0.062366
0.475614 0.626153 0.018133
0.357388 0.436259 0.139490
0.518749 0.422849 0.242215
0.489588 0.395990 0.308549
0.524517 0.346542 0.382504
0.598216 0.347289 0.382637
0.562377 0.297465 0.402423
0.432264 0.450483 0.138492
0.402331 0.421432 0.186119
0.446944 0.412791 0.241576
0.551437 0.633911 0.017479
0.520449 0.580552 0.032372
0.566056 0.541276 0.054826
0.729921 0.489060 0.115676
0.695525 0.455907 0.166301
0.688051 0.480320 0.125075
0.692170 0.484589 0.119277
0.686875 0.487892 0.114480
0.693262 0.477107 0.130097
0.708611 0.467629 0.145672
0.712917 0.471742 0.139220
0.707793 0.474909 0.134124
0.720824 0.516575 0.084379
0.724904 0.521383 0.080116
0.719416 0.525116 0.076277
0.726270 0.512986 0.088364
0.742487 0.502639 0.100499
0.746653 0.507246 0.095841
0.741246 0.510675 0.091872
0.554488 0.578927 0.033952
0.558292 0.585302 0.031426
0.552614 0.590650 0.029270
0.560183 0.573768 0.036395
0.577316 0.558858 0.044507
0.581101 0.564853 0.041399
0.575387 0.569826 0.038707
0.509400 0.623588 0.019206
0.513344 0.630477 0.017788
0.507843 0.636438 0.016574
0.514962 0.617742 0.020636
0.531811 0.600558 0.025546
0.535652 0.607289 0.023646
0.530031 0.613001 0.022032
0.542539 0.677562 0.011386
0.546962 0.684039 0.010931
0.541748 0.690131 0.010580
0.547819 0.671491 0.011937
0.563849 0.653509 0.014176
0.568109 0.659953 0.013309
0.562774 0.665920 0.012570
0.435769 0.425802 0.192975
0.439500 0.428951 0.186528
0.433982 0.430405 0.180231
0.441299 0.424522 0.199543
0.457882 0.420985 0.220274
0.461543 0.423729 0.213220
0.456038 0.424963 0.206280
0.391209 0.439410 0.144855
0.394958 0.443413 0.139307
0.389339 0.445746 0.133955
0.396822 0.437301 0.150446
0.413594 0.431710 0.167968
0.417349 0.435285 0.162005
0.411770 0.437130 0.156147
0.420938 0.474299 0.101828
0.424620 0.479187 0.096744
0.419007 0.482438 0.092279
0.426546 0.471293 0.106528
0.443345 0.462951 0.121345
0.447031 0.467333 0.115782
0.441435 0.470127 0.110843
0.557392 0.339028 0.388162
0.561929 0.346191 0.383043
0.557034 0.353427 0.376928
0.562282 0.332170 0.392390
0.577167 0.313343 0.400335
0.581942 0.319314 0.398434
0.576951 0.325594 0.395805
0.586904 0.394826 0.320105
0.590295 0.399972 0.309649
0.585736 0.404354 0.300287
0.591740 0.389645 0.329984
0.606754 0.371046 0.359047
0.609287 0.378542 0.348644
0.604459 0.384548 0.338978
0.520145 0.392060 0.320921
0.523855 0.396738 0.311417
0.518985 0.400874 0.301780
0.524868 0.387012 0.331124
0.538602 0.367892 0.361244
0.542769 0.374875 0.351980
0.538100 0.381291 0.341878
0.479615 0.415838 0.250100
0.483263 0.418622 0.242583
0.477903 0.420038 0.235025
0.484924 0.414114 0.257995
0.500455 0.407171 0.283179
0.504069 0.410595 0.274769
0.498969 0.413042 0.266372
0.509157 0.438085 0.191084
0.512952 0.441146 0.184065
0.507629 0.442978 0.177775
0.514437 0.436338 0.197686
0.530014 0.431022 0.218746
0.533814 0.433791 0.211051
0.528668 0.435648 0.203981
0.346247 0.460082 0.105021
0.350010 0.464912 0.100219
0.344386 0.468030 0.095867
0.351868 0.457166 0.109551
0.368725 0.448967 0.123864
0.372481 0.453369 0.118722
0.366864 0.456113 0.113915
0.465884 0.672611 0.011415
0.470022 0.679799 0.010929
0.464667 0.686202 0.010543
0.471258 0.666280 0.012025
0.487457 0.647622 0.014488
0.491510 0.654703 0.013537
0.486116 0.660903 0.012728
0.405321 0.554344 0.038868
0.408934 0.561528 0.035853
0.403367 0.567055 0.033247
0.410884 0.549193 0.041715
0.427664 0.534694 0.050846
0.431283 0.541240 0.047296
0.425675 0.546078 0.044282
0.495252 0.487750 0.097385
0.498947 0.492604 0.092222
0.493329 0.496017 0.087816
0.500853 0.484586 0.102041
0.517585 0.475693 0.116689
0.521309 0.480012 0.110992
0.515739 0.483016 0.106122
0.450204 0.517229 0.064448
0.453832 0.523192 0.060400
0.448183 0.527523 0.056962
0.455848 0.513139 0.068120
0.472767 0.501546 0.079916
0.476428 0.506959 0.075318
0.470783 0.510846 0.071402
0.479267 0.568176 0.036282
0.482942 0.574975 0.033508
0.477302 0.580365 0.031185
0.484925 0.563023 0.038890
0.501966 0.548263 0.047440
0.505626 0.554581 0.044075
0.499938 0.559508 0.041248
0.644980 0.507842 0.087718
0.648900 0.512650 0.083030
0.643362 0.516491 0.078901
0.650472 0.504172 0.092091
0.666776 0.493602 0.105752
0.670778 0.498097 0.100507
0.665351 0.501620 0.096005
0.600147 0.540320 0.057002
0.603945 0.545916 0.053383
0.598243 0.550503 0.050214
0.605826 0.535930 0.060402
0.622747 0.523340 0.071365
0.626598 0.528538 0.067216
0.620964 0.532739 0.063570
0.630873 0.587023 0.032482
0.634782 0.593140 0.030145
0.629092 0.598399 0.028079
0.636577 0.581905 0.034834
0.653703 0.567025 0.042697
0.657610 0.572807 0.039800
0.651901 0.577770 0.037184
0.581601 0.446061 0.185942
0.585646 0.449125 0.178648
0.580572 0.451501 0.172328
0.586565 0.443731 0.192597
0.600973 0.436541 0.213564
0.605178 0.439318 0.205472
0.600418 0.441835 0.198520
0.539618 0.464962 0.137889
0.543402 0.468790 0.131713
0.537915 0.471486 0.126357
0.545038 0.462454 0.143461
0.561040 0.455269 0.160868
0.564949 0.458661 0.154201
0.559628 0.461110 0.148410
0.569847 0.498942 0.092208
0.573631 0.503732 0.087189
0.568027 0.507400 0.082916
0.575420 0.495490 0.096746
0.592009 0.485578 0.111085
0.595845 0.489891 0.105496
0.590326 0.493240 0.100744
0.618877 0.425783 0.242991
0.623303 0.428605 0.234394
0.618917 0.431396 0.227015
0.623101 0.422800 0.250683
0.635240 0.413244 0.274770
0.639883 0.416627 0.265430
0.635884 0.419746 0.257452
0.654195 0.449937 0.178556
0.658531 0.453371 0.171228
0.653619 0.456272 0.165134
0.658982 0.447068 0.184956
0.672955 0.438429 0.204824
0.677553 0.441725 0.196719
0.672900 0.444652 0.190164
0.613655 0.473186 0.131709
0.617590 0.477107 0.125613
0.612216 0.480220 0.120421
0.618937 0.470209 0.137126
0.634424 0.461443 0.154106
0.638532 0.465064 0.147487
0.633385 0.468031 0.141838
0.676408 0.548582 0.054945
0.680346 0.553976 0.051537
0.674684 0.558517 0.048417
0.682042 0.544242 0.058298
0.698807 0.531813 0.068980
0.702809 0.536887 0.065134
0.697226 0.541009 0.061581
0.524743 0.530142 0.060423
0.528422 0.535954 0.056542
0.522725 0.540452 0.053254
0.530422 0.525867 0.063947
0.547396 0.513694 0.075290
0.551126 0.519002 0.070847
0.545466 0.523080 0.067082
0.434559 0.613401 0.020006
0.438346 0.620798 0.018435
0.432877 0.626865 0.017051
0.440072 0.607455 0.021632
0.456769 0.589986 0.027146
0.460463 0.597248 0.025015
0.454886 0.603074 0.023210
0.500896 0.725862 0.009381
0.505580 0.731608 0.009263
0.500485 0.737106 0.009164
0.506048 0.720099 0.009520
0.521619 0.702116 0.010075
0.526161 0.708443 0.009869
0.520988 0.714407 0.009684
0.376102 0.502339 0.068437
0.379797 0.508232 0.064294
0.374218 0.512345 0.060703
0.381697 0.498458 0.072224
0.398501 0.487440 0.084215
0.402177 0.492853 0.079597
0.396575 0.496540 0.075610
0.549857 0.422930 0.249306
0.553732 0.425937 0.241050
0.548873 0.428057 0.233348
0.554612 0.420448 0.257375
0.568465 0.411485 0.282893
0.572292 0.415327 0.273600
0.567769 0.418353 0.265164
0.465648 0.453311 0.142811
0.469358 0.457211 0.136808
0.463787 0.459595 0.131363
0.471187 0.451151 0.148467
0.487659 0.445219 0.166084
0.491422 0.448649 0.159630
0.485947 0.450660 0.153779
0.585714 0.630347 0.018525
0.589797 0.636738 0.017235
0.584321 0.642431 0.016107
0.591273 0.624743 0.019859
0.608149 0.608209 0.024472
0.612093 0.614560 0.022737
0.606462 0.620046 0.021213
0.671358 0.464282 0.150295
0.670441 0.471224 0.138298
0.666277 0.467327 0.144740
0.675570 0.468131 0.143693
0.682793 0.483570 0.120134
0.704461 0.497898 0.103149
0.703153 0.505978 0.093901
0.699086 0.501348 0.098745
0.708554 0.502475 0.098182
0.715355 0.520249 0.080439
0.539496 0.553938 0.045847
0.537509 0.565054 0.039853
0.533789 0.558789 0.042950
0.543213 0.560095 0.042609
0.548802 0.584184 0.031643
0.494090 0.595726 0.026316
0.492249 0.608508 0.022610
0.488468 0.601444 0.024480
0.497856 0.602728 0.024303
0.503868 0.629500 0.017876
0.525497 0.650965 0.014320
0.524297 0.663793 0.012644
0.520095 0.657032 0.013443
0.529662 0.657707 0.013413
0.537286 0.683663 0.010933
0.421044 0.413733 0.219454
0.419097 0.417724 0.205836
0.415435 0.414694 0.212436
0.424685 0.416682 0.212717
0.430239 0.427150 0.186547
0.376132 0.424206 0.167416
0.374281 0.429817 0.155948
0.370498 0.426022 0.161533
0.379907 0.427902 0.161721
0.385589 0.441638 0.139398
0.406144 0.455986 0.122911
0.404242 0.463136 0.112624
0.400530 0.458624 0.117879
0.409853 0.460387 0.117546
0.415328 0.477417 0.097247
0.537923 0.313417 0.400284
0.538134 0.325606 0.395716
0.533150 0.319424 0.398342
0.542894 0.319309 0.398369
0.552569 0.346110 0.383021
0.573937 0.368666 0.361311
0.572132 0.382476 0.341785
0.568717 0.375631 0.351980
0.577302 0.376024 0.351722
0.582180 0.399555 0.310452
0.503627 0.369962 0.357985
0.503785 0.382158 0.338918
0.499618 0.376797 0.347796
0.508062 0.375955 0.349385
0.515330 0.396547 0.311005
0.465163 0.403824 0.280544
0.463355 0.408751 0.264733
0.459767 0.405732 0.272238
0.468743 0.406949 0.272891
0.474250 0.417337 0.242401
0.494246 0.426652 0.220187
0.492585 0.430880 0.205786
0.488893 0.428067 0.213016
0.497931 0.429379 0.212770
0.503838 0.439834 0.184646
0.331095 0.441771 0.124517
0.329283 0.448923 0.114971
0.325484 0.444389 0.119809
0.334898 0.446217 0.119607
0.340623 0.463088 0.100594
0.449896 0.643130 0.014604
0.448410 0.656855 0.012749
0.444478 0.649352 0.013617
0.453820 0.650574 0.013611
0.460512 0.679000 0.010914
0.390803 0.526950 0.052572
0.388897 0.538369 0.045780
0.385250 0.531574 0.049315
0.394443 0.533568 0.048916
0.399766 0.559691 0.036117
0.480455 0.469593 0.119279
0.478564 0.476823 0.108684
0.474869 0.472337 0.114197
0.484155 0.473949 0.113633
0.489642 0.491026 0.092840
0.435625 0.494667 0.082105
0.433654 0.503893 0.073516
0.430003 0.498321 0.078014
0.439281 0.500102 0.077471
0.444560 0.521421 0.060889
0.464703 0.541817 0.049126
0.462675 0.553153 0.042748
0.459047 0.546574 0.046069
0.468330 0.548260 0.045669
0.473623 0.573448 0.033802
0.629328 0.489615 0.108295
0.627773 0.497483 0.098201
0.623881 0.492995 0.103484
0.633237 0.494014 0.102873
0.639461 0.511590 0.083453
0.584988 0.518790 0.073177
0.583118 0.528195 0.065166
0.579343 0.522838 0.069334
0.588776 0.524026 0.068863
0.594454 0.544804 0.053712
0.615396 0.563151 0.043457
0.613532 0.573987 0.037826
0.609686 0.568023 0.040676
0.619240 0.569028 0.040468
0.625178 0.592214 0.030269
0.565531 0.434410 0.216771
0.564563 0.439352 0.201724
0.560599 0.436463 0.209475
0.569516 0.437235 0.208816
0.576562 0.448370 0.179448
0.524397 0.450781 0.163647
0.522824 0.456393 0.151256
0.519031 0.452895 0.157738
0.528213 0.454168 0.157051
0.534159 0.467539 0.132424
0.554727 0.480989 0.113903
0.552953 0.488464 0.103412
0.549189 0.484036 0.108932
0.558504 0.485296 0.108247
0.564256 0.502483 0.087792
0.601719 0.412977 0.279582
0.601625 0.419827 0.261870
0.597447 0.416441 0.271102
0.605873 0.416560 0.270071
0.614559 0.428654 0.235465
0.636610 0.437207 0.209579
0.636378 0.443014 0.194671
0.632017 0.439958 0.202509
0.641032 0.440230 0.201560
0.649345 0.452805 0.172266
0.597741 0.458783 0.157663
0.596517 0.464942 0.145254
0.592551 0.461422 0.151818
0.601745 0.462203 0.150952
0.608316 0.476206 0.126402
0.660680 0.527605 0.070013
0.659002 0.536944 0.062413
0.655088 0.531714 0.066286
0.664611 0.532751 0.066013
0.670757 0.553027 0.051704
0.510017 0.507949 0.077606
0.508045 0.517295 0.069227
0.504370 0.511782 0.073634
0.513701 0.513320 0.073052
0.519054 0.534516 0.057010
0.419777 0.583630 0.027934
0.417813 0.597203 0.023716
0.414168 0.589638 0.025807
0.423416 0.591116 0.025686
0.429050 0.619466 0.018482
0.482814 0.700724 0.010058
0.481968 0.713456 0.009671
0.477517 0.706988 0.009848
0.487220 0.707349 0.009856
0.495766 0.731508 0.009262
0.361240 0.480144 0.086112
0.359356 0.489088 0.077531
0.355624 0.483621 0.082004
0.364967 0.485486 0.081545
0.370513 0.506311 0.064738
0.534808 0.409296 0.283782
0.533661 0.415873 0.266333
0.529954 0.412443 0.274943
0.538504 0.412986 0.274908
0.545019 0.425198 0.241426
0.450731 0.438823 0.167476
0.448945 0.444182 0.155376
0.445214 0.440601 0.161524
0.454471 0.442287 0.161222
0.460091 0.455572 0.137269
0.569857 0.604610 0.024933
0.568133 0.616710 0.021567
0.564206 0.610202 0.023245
0.573764 0.611079 0.023128
0.580193 0.636023 0.017290
0.574710 0.641777 0.016154
0.573479 0.654038 0.014145
0.569261 0.647612 0.015116
0.578882 0.648197 0.015077
0.583115 0.654596 0.014116
0.582098 0.666810 0.012541
0.577757 0.660439 0.013287
0.566536 0.628880 0.018665
0.570594 0.635340 0.017348
0.565104 0.641149 0.016204
0.572104 0.623172 0.020017
0.577703 0.617529 0.021469
0.581684 0.623948 0.019936
0.576121 0.629604 0.018592
0.558579 0.615855 0.021673
0.556967 0.628116 0.018743
0.552981 0.621552 0.020200
0.562532 0.622386 0.020106
0.561006 0.634649 0.017412
0.454517 0.457934 0.131840
0.452622 0.464650 0.120846
0.448934 0.460391 0.126529
0.458208 0.462072 0.126040
0.461897 0.466324 0.120333
0.459995 0.473526 0.109773
0.456309 0.469026 0.115258
0.447116 0.449983 0.143649
0.450822 0.453901 0.137714
0.445243 0.456245 0.132296
0.452669 0.447867 0.149280
0.458204 0.445852 0.155023
0.461929 0.449526 0.148884
0.456384 0.451663 0.143242
0.439678 0.442476 0.155682
0.437841 0.448276 0.144012
0.434124 0.444452 0.149947
0.443402 0.446176 0.149640
0.441548 0.452205 0.138128
0.540095 0.427277 0.233716
0.538906 0.431924 0.218336
0.535090 0.429204 0.226157
0.543928 0.430039 0.225777
0.547787 0.432790 0.217887
0.546619 0.437593 0.202947
0.542747 0.434718 0.210579
0.532505 0.421529 0.249817
0.536286 0.424455 0.241720
0.531299 0.426473 0.234032
0.537407 0.419130 0.257890
0.542240 0.416473 0.266212
0.546025 0.419781 0.257684
0.541194 0.422233 0.249597
0.525043 0.415257 0.266404
0.523787 0.420787 0.250007
0.520071 0.417762 0.258158
0.528756 0.418467 0.258037
0.527530 0.423681 0.241973
0.364929 0.510396 0.061121
0.363076 0.520997 0.053751
0.359346 0.514613 0.057579
0.368646 0.516592 0.057192
0.372351 0.522985 0.053380
0.370494 0.534399 0.046465
0.366794 0.527594 0.050043
0.357474 0.498512 0.069330
0.361204 0.504376 0.065168
0.355611 0.508423 0.061525
0.363080 0.494696 0.073156
0.368687 0.490966 0.077068
0.372398 0.496584 0.072696
0.366799 0.500436 0.068890
0.350007 0.487188 0.077985
0.348129 0.496560 0.069762
0.344386 0.490844 0.074048
0.353743 0.492782 0.073606
0.351871 0.502412 0.065585
0.490660 0.737043 0.009163
0.490367 0.747798 0.009022
0.485578 0.742474 0.009082
0.495414 0.742499 0.009084
0.500215 0.747771 0.009023
0.500070 0.757942 0.008950
0.495200 0.752948 0.008978
0.481314 0.725529 0.009374
0.485957 0.731389 0.009259
0.480837 0.736963 0.009160
0.486500 0.719692 0.009515
0.491708 0.713740 0.009677
0.496269 0.719908 0.009518
0.491102 0.725706 0.009378
0.472240 0.713144 0.009662
0.471534 0.725332 0.009369
0.466988 0.719188 0.009500
0.476739 0.719451 0.009509
0.476153 0.731253 0.009255
0.423523 0.625698 0.017063
0.421852 0.639552 0.014605
0.417953 0.632137 0.015753
0.427388 0.633102 0.015773
0.431271 0.640562 0.014625
0.429701 0.654515 0.012721
0.425771 0.647009 0.013596
0.415917 0.610902 0.020092
0.419695 0.618309 0.018500
0.414092 0.624740 0.017046
0.421510 0.604677 0.021804
0.427088 0.598596 0.023622
0.430804 0.606013 0.021732
0.425257 0.612083 0.020064
0.408532 0.595870 0.023783
0.406543 0.609847 0.020091
0.402865 0.602285 0.021865
0.412195 0.603437 0.021848
0.410286 0.617320 0.018489
0.513358 0.538992 0.053708
0.511322 0.549766 0.047018
0.507661 0.543573 0.050518
0.517023 0.545056 0.050079
0.520697 0.551206 0.046611
0.518686 0.562388 0.040519
0.514996 0.556040 0.043683
0.506040 0.527152 0.061437
0.509699 0.533022 0.057496
0.504008 0.537474 0.054177
0.511716 0.522930 0.064992
0.517383 0.518815 0.068668
0.521064 0.524426 0.064460
0.515385 0.528675 0.060923
0.498716 0.515731 0.069787
0.496707 0.525584 0.061952
0.493053 0.519799 0.066064
0.502380 0.521384 0.065531
0.500357 0.531476 0.057989
0.665088 0.557583 0.048580
0.663313 0.567937 0.042546
0.659402 0.562251 0.045577
0.669006 0.563173 0.045419
0.672931 0.568832 0.042408
0.671160 0.579516 0.036946
0.667233 0.573694 0.039668
0.657269 0.546621 0.055339
0.661176 0.552066 0.051888
0.655498 0.556636 0.048759
0.662917 0.542245 0.058700
0.668543 0.537966 0.062174
0.672476 0.543246 0.058489
0.666836 0.547606 0.055133
0.649469 0.535921 0.062670
0.647711 0.545629 0.055561
0.643830 0.540224 0.059173
0.653367 0.541238 0.058930
0.651601 0.551097 0.052088
0.602922 0.479278 0.121197
0.601335 0.486606 0.110357
0.597483 0.482401 0.116091
0.606794 0.483383 0.115333
0.610663 0.487615 0.109640
0.609041 0.495383 0.099417
0.605187 0.490934 0.104796
0.595143 0.471440 0.133370
0.599040 0.475297 0.127216
0.593627 0.478315 0.121979
0.600468 0.468575 0.138827
0.605733 0.465736 0.144381
0.609702 0.469395 0.137965
0.604400 0.472325 0.132538
0.587298 0.464079 0.146082
0.585882 0.470497 0.134164
0.581987 0.466768 0.140455
0.591228 0.467702 0.139659
0.589764 0.474345 0.128005
0.644434 0.455675 0.166088
0.643619 0.462115 0.153258
0.639461 0.458554 0.160032
0.648648 0.459185 0.159143
0.652838 0.462810 0.152358
0.651868 0.469585 0.140193
0.647755 0.465793 0.146645
0.635934 0.448984 0.180478
0.640195 0.452278 0.173197
0.635279 0.455110 0.166971
0.640722 0.446176 0.187028
0.645442 0.443361 0.193718
0.649830 0.446599 0.186053
0.645046 0.449441 0.179562
0.627352 0.442702 0.195603
0.626850 0.448553 0.181385
0.622609 0.445431 0.188875
0.631651 0.445790 0.187943
0.631074 0.451779 0.174086
0.610138 0.431415 0.228082
0.609853 0.436747 0.212579
0.605606 0.434042 0.220793
0.614435 0.434111 0.219757
0.618734 0.436862 0.211547
0.618357 0.442419 0.196565
0.614102 0.439524 0.204468
0.601556 0.425860 0.245113
0.605839 0.428688 0.236525
0.601360 0.431326 0.229093
0.605892 0.422961 0.252876
0.610142 0.419846 0.260821
0.614486 0.422892 0.251796
0.610215 0.425882 0.244087
0.593129 0.419648 0.262847
0.592914 0.425668 0.246071
0.588751 0.422607 0.254804
0.597309 0.422861 0.253878
0.597125 0.428553 0.237509
0.558651 0.506118 0.083500
0.556773 0.515030 0.074744
0.553030 0.509854 0.079332
0.562407 0.511164 0.078767
0.566164 0.516327 0.074208
0.564261 0.525723 0.066095
0.560516 0.520322 0.070331
0.551141 0.496393 0.093470
0.554895 0.501194 0.088402
0.549289 0.504799 0.084091
0.556720 0.493014 0.098045
0.562282 0.489724 0.102742
0.566064 0.494271 0.097395
0.560487 0.497687 0.092837
0.543636 0.487166 0.104083
0.541806 0.495061 0.094110
0.538068 0.490382 0.099357
0.547388 0.491716 0.098699
0.545548 0.499867 0.089019
0.528659 0.470187 0.127063
0.526864 0.477091 0.115988
0.523132 0.472903 0.121813
0.532400 0.474250 0.121111
0.536142 0.478433 0.115294
0.534331 0.485829 0.104757
0.530597 0.481399 0.110302
0.521160 0.462398 0.139304
0.524915 0.466235 0.133131
0.519402 0.468830 0.127771
0.526612 0.459997 0.144875
0.532022 0.457656 0.150560
0.535824 0.461252 0.144172
0.530390 0.463710 0.138597
0.513621 0.455057 0.151952
0.511923 0.461015 0.140011
0.508169 0.457278 0.146275
0.517394 0.458673 0.145579
0.515669 0.464866 0.133842
0.571452 0.450664 0.173110
0.570217 0.456252 0.160112
0.566275 0.452956 0.166921
0.575428 0.453870 0.166151
0.579396 0.457169 0.159328
0.578075 0.463152 0.146878
0.574151 0.459648 0.153431
0.563499 0.444462 0.187448
0.567473 0.447531 0.180209
0.562329 0.449752 0.173857
0.568550 0.442298 0.194141
0.573527 0.440120 0.201016
0.577559 0.443061 0.193395
0.572552 0.445303 0.186718
0.555592 0.438506 0.202367
0.554446 0.443550 0.188127
0.550522 0.440540 0.195466
0.559536 0.441455 0.194831
0.558384 0.446620 0.180925
0.619490 0.597477 0.028194
0.617746 0.609110 0.024374
0.613813 0.602809 0.026261
0.623412 0.603724 0.026154
0.627352 0.610018 0.024281
0.625672 0.621809 0.021064
0.621696 0.615453 0.022653
0.611697 0.585129 0.032774
0.615585 0.591278 0.030401
0.609899 0.596548 0.028318
0.617397 0.580008 0.035142
0.623102 0.574967 0.037644
0.626981 0.580966 0.034982
0.621279 0.586084 0.032623
0.603977 0.572983 0.038024
0.602127 0.584157 0.032937
0.598271 0.578033 0.035501
0.607827 0.579031 0.035315
0.606004 0.590331 0.030543
0.588748 0.549389 0.050532
0.586817 0.559973 0.044217
0.583034 0.554075 0.047462
0.592532 0.555189 0.047157
0.596329 0.561058 0.043945
0.594434 0.571957 0.038236
0.590615 0.565935 0.041141
0.581207 0.538026 0.057753
0.584975 0.543667 0.054065
0.579265 0.548248 0.050868
0.586894 0.533647 0.061180
0.592565 0.529364 0.064728
0.596355 0.534798 0.060778
0.590672 0.539186 0.057367
0.573682 0.526983 0.065621
0.571755 0.536823 0.058157
0.568007 0.531228 0.062040
0.577443 0.532461 0.061599
0.575507 0.542497 0.054434
0.633916 0.515419 0.079303
0.632210 0.524431 0.070988
0.628344 0.519334 0.075273
0.637799 0.520417 0.074884
0.641685 0.525505 0.070641
0.639953 0.534883 0.062942
0.636081 0.529616 0.066879
0.626155 0.505716 0.088682
0.630034 0.510517 0.083901
0.624479 0.514331 0.079737
0.631666 0.502081 0.093101
0.637148 0.498520 0.097638
0.641062 0.503131 0.092587
0.635562 0.506785 0.088185
0.618404 0.496438 0.098793
0.616756 0.504635 0.089209
0.612897 0.499951 0.094221
0.622279 0.501021 0.093645
0.620617 0.509430 0.084382
0.467991 0.578839 0.031451
0.466063 0.591501 0.026936
0.462373 0.584351 0.029232
0.471675 0.585873 0.028993
0.475380 0.592964 0.026728
0.473515 0.605905 0.022911
0.469773 0.598701 0.024836
0.460672 0.564977 0.036932
0.464325 0.571871 0.034099
0.458703 0.577263 0.031721
0.466312 0.559832 0.039590
0.471964 0.554807 0.042371
0.475609 0.561450 0.039239
0.469960 0.566599 0.036606
0.453402 0.551456 0.043127
0.451403 0.563310 0.037261
0.447770 0.556460 0.040302
0.457032 0.558170 0.039944
0.455047 0.570247 0.034399
0.438919 0.525722 0.057438
0.436905 0.536539 0.050412
0.433286 0.530143 0.054092
0.442539 0.531968 0.053635
0.446158 0.538347 0.049977
0.444145 0.549707 0.043513
0.440524 0.543063 0.046885
0.431665 0.513641 0.065466
0.435295 0.519614 0.061383
0.429664 0.523889 0.057914
0.437296 0.509604 0.069164
0.442929 0.505675 0.072980
0.446570 0.511388 0.068639
0.440932 0.515449 0.064957
0.424382 0.502088 0.074047
0.422404 0.511805 0.065973
0.418762 0.505965 0.070204
0.428027 0.507798 0.069686
0.426038 0.517776 0.061876
0.484023 0.494414 0.088413
0.482068 0.503193 0.079362
0.478398 0.497920 0.084103
0.487702 0.499546 0.083529
0.491378 0.504809 0.078792
0.489396 0.514134 0.070336
0.485734 0.508598 0.074770
0.476656 0.484547 0.098584
0.480341 0.489415 0.093434
0.474724 0.492782 0.088986
0.482258 0.481432 0.103283
0.487855 0.478426 0.108097
0.491554 0.483026 0.102679
0.485951 0.486165 0.097999
0.469277 0.475187 0.109234
0.467365 0.482897 0.099140
0.463681 0.478149 0.104398
0.472967 0.479805 0.103852
0.471046 0.487774 0.094001
0.394210 0.565260 0.033462
0.392168 0.578887 0.028340
0.388632 0.571103 0.030904
0.397785 0.572824 0.030742
0.401352 0.580476 0.028222
0.399253 0.594584 0.023826
0.395699 0.586744 0.025984
0.386998 0.550512 0.039467
0.390616 0.557815 0.036375
0.385071 0.563433 0.033669
0.392530 0.545334 0.042394
0.398075 0.540353 0.045406
0.401700 0.547283 0.042055
0.396153 0.552446 0.039169
0.379708 0.536384 0.046135
0.377836 0.548575 0.039744
0.374175 0.541399 0.043028
0.383361 0.543366 0.042723
0.381471 0.555920 0.036621
0.455135 0.685454 0.010522
0.453895 0.699217 0.010009
0.449735 0.692002 0.010224
0.459296 0.692684 0.010249
0.463514 0.699769 0.010029
0.462525 0.712802 0.009651
0.458156 0.706156 0.009820
0.446989 0.670709 0.011384
0.451031 0.678130 0.010893
0.445630 0.684639 0.010496
0.452388 0.664309 0.012012
0.457788 0.657981 0.012751
0.461807 0.665333 0.012021
0.456421 0.671698 0.011402
0.439064 0.655652 0.012742
0.437589 0.669645 0.011360
0.433638 0.662068 0.011976
0.443002 0.663209 0.011998
0.441581 0.677187 0.010867
0.334998 0.466181 0.096266
0.333130 0.474528 0.087434
0.329370 0.469364 0.092025
0.338759 0.471237 0.091607
0.342515 0.476419 0.087000
0.340639 0.485266 0.078431
0.336886 0.479829 0.082898
0.327454 0.456431 0.105694
0.331230 0.461249 0.100964
0.325605 0.464328 0.096660
0.333072 0.453544 0.110153
0.338690 0.450745 0.114718
0.342474 0.455364 0.109855
0.336852 0.458263 0.105358
0.319875 0.447094 0.115223
0.318054 0.454601 0.106027
0.314264 0.449888 0.110745
0.323669 0.451716 0.110449
0.321834 0.459410 0.101330
0.498481 0.441596 0.178346
0.496864 0.446708 0.165576
0.493087 0.443386 0.172161
0.502266 0.444825 0.171620
0.506054 0.448138 0.164977
0.504407 0.453650 0.152628
0.500637 0.450128 0.159063
0.490946 0.435374 0.192027
0.494705 0.438445 0.185149
0.489315 0.440148 0.178816
0.496310 0.433780 0.198653
0.501641 0.432197 0.205435
0.505385 0.435101 0.198207
0.500063 0.436766 0.191607
0.483499 0.429491 0.206011
0.481805 0.433918 0.192331
0.478078 0.430936 0.199200
0.487208 0.432388 0.198978
0.485552 0.436990 0.185539
0.468835 0.418656 0.234878
0.467033 0.422523 0.220340
0.463376 0.419853 0.227506
0.472489 0.421318 0.227611
0.476150 0.423970 0.220365
0.474376 0.428047 0.206154
0.470697 0.425246 0.213209
0.461546 0.413161 0.249479
0.465185 0.415945 0.242165
0.459725 0.417168 0.234690
0.466970 0.411696 0.257254
0.472349 0.409999 0.265254
0.475975 0.412964 0.257653
0.470604 0.414560 0.249810
0.454321 0.407357 0.264186
0.452450 0.411628 0.249113
0.448838 0.408753 0.256354
0.457921 0.410295 0.256819
0.456081 0.414432 0.241891
0.510438 0.400565 0.301415
0.509100 0.407782 0.283457
0.505481 0.404102 0.292140
0.514069 0.404556 0.292457
0.517707 0.408322 0.283619
0.516387 0.414595 0.266449
0.512733 0.411275 0.274884
0.503082 0.392014 0.319486
0.506791 0.396368 0.310441
0.501863 0.400226 0.300887
0.507778 0.387238 0.329671
0.512293 0.381705 0.340111
0.516310 0.387077 0.330519
0.511612 0.392016 0.320327
0.495330 0.382764 0.337282
0.494520 0.392045 0.318321
0.490754 0.387804 0.326910
0.499267 0.387488 0.328467
0.498221 0.396186 0.309631
0.577552 0.403912 0.301039
0.576772 0.412010 0.282258
0.572996 0.407885 0.291853
0.581241 0.408365 0.291153
0.585077 0.412440 0.281481
0.584658 0.419331 0.263734
0.580661 0.415812 0.272883
0.570562 0.393890 0.321329
0.574009 0.399079 0.311105
0.569338 0.403398 0.301635
0.575457 0.388726 0.331277
0.580504 0.382922 0.341371
0.583670 0.389189 0.330714
0.578777 0.394377 0.320799
0.563675 0.382048 0.342016
0.562278 0.393389 0.321654
0.558773 0.387806 0.331850
0.567141 0.388252 0.331660
0.565780 0.398560 0.311574
0.547827 0.353344 0.376879
0.547466 0.367942 0.361406
0.543176 0.360639 0.369650
0.552214 0.360717 0.369739
0.556305 0.368103 0.361463
0.555192 0.381691 0.342103
0.551450 0.375030 0.352091
0.538394 0.339035 0.388053
0.543201 0.346085 0.382960
0.538614 0.353355 0.376762
0.543063 0.332140 0.392335
0.547824 0.325557 0.395751
0.552673 0.332139 0.392372
0.547891 0.338994 0.388126
0.528469 0.325820 0.395633
0.528920 0.339262 0.387876
0.523911 0.332604 0.392071
0.533467 0.332267 0.392247
0.533841 0.346202 0.382807
0.409717 0.480647 0.092784
0.407784 0.489273 0.083705
0.404107 0.483988 0.088440
0.413395 0.485800 0.087932
0.417065 0.491090 0.083182
0.415111 0.500260 0.074574
0.411452 0.494696 0.079078
0.402336 0.470747 0.102744
0.406031 0.475631 0.097725
0.400422 0.478845 0.093269
0.407946 0.467769 0.107429
0.413555 0.464903 0.112240
0.417250 0.469538 0.106998
0.411640 0.472529 0.102301
0.394917 0.461375 0.112981
0.393020 0.468973 0.103164
0.389304 0.464237 0.108210
0.398631 0.465998 0.107831
0.396726 0.473841 0.098181
0.379968 0.443980 0.134081
0.378101 0.450726 0.123662
0.374346 0.446424 0.128902
0.383720 0.448184 0.128739
0.387462 0.452478 0.123438
0.385578 0.459622 0.113311
0.381844 0.455122 0.118463
0.372432 0.435817 0.144870
0.376205 0.439857 0.139458
0.370581 0.442208 0.134178
0.378059 0.433680 0.150398
0.383681 0.431662 0.156063
0.387449 0.435496 0.150441
0.381829 0.437618 0.144880
0.364861 0.427957 0.155792
0.363019 0.434002 0.144827
0.359224 0.430007 0.150198
0.368650 0.431852 0.150315
0.366805 0.438067 0.139486
0.424702 0.428576 0.180239
0.422910 0.433559 0.167976
0.419154 0.430091 0.174045
0.428454 0.431937 0.174050
0.432204 0.435365 0.167893
0.430396 0.440731 0.155923
0.426659 0.437102 0.161934
0.417221 0.422034 0.192753
0.420954 0.425274 0.186465
0.415398 0.426693 0.180154
0.422788 0.420809 0.199329
0.428358 0.419676 0.206062
0.432055 0.422713 0.199484
0.426506 0.423952 0.192908
0.409823 0.415739 0.205566
0.407921 0.420093 0.192547
0.404213 0.416880 0.198852
0.413509 0.418859 0.199116
0.411652 0.423362 0.186319
0.532056 0.689786 0.010579
0.531349 0.702385 0.010077
0.526840 0.695944 0.010308
0.536549 0.696253 0.010310
0.541089 0.702624 0.010080
0.540543 0.714717 0.009689
0.535918 0.708645 0.009872
0.523257 0.676627 0.011399
0.527622 0.683249 0.010935
0.522377 0.689409 0.010578
0.528561 0.670489 0.011962
0.533890 0.664391 0.012624
0.538182 0.671011 0.011949
0.532889 0.677114 0.011392
0.514720 0.663152 0.012665
0.513638 0.676101 0.011407
0.509366 0.669321 0.011989
0.518955 0.669927 0.011975
0.517974 0.682799 0.010938
0.498368 0.635476 0.016646
0.496927 0.648557 0.014448
0.492898 0.641517 0.015516
0.502370 0.642468 0.015460
0.506428 0.649414 0.014404
0.505159 0.662468 0.012687
0.501012 0.655544 0.013506
0.490522 0.621407 0.019420
0.494420 0.628453 0.017965
0.488924 0.634440 0.016716
0.496074 0.615537 0.020889
0.501657 0.609719 0.022458
0.505504 0.616672 0.020761
0.499946 0.622532 0.019313
0.482868 0.607237 0.022761
0.481127 0.620216 0.019525
0.477299 0.613074 0.021143
0.486672 0.614337 0.021017
0.485002 0.627338 0.018050
0.543126 0.589542 0.029470
0.541293 0.601642 0.025378
0.537462 0.594999 0.027437
0.546947 0.596097 0.027253
0.550795 0.602678 0.025220
0.549044 0.614951 0.021785
0.545150 0.608307 0.023504
0.535560 0.576542 0.034458
0.539331 0.583021 0.031872
0.533659 0.588385 0.029683
0.541250 0.571379 0.036935
0.546949 0.566317 0.039544
0.550707 0.572597 0.036658
0.545014 0.577758 0.034198
0.528088 0.563743 0.040178
0.526126 0.575280 0.034732
0.522396 0.568804 0.037534
0.531813 0.570115 0.037227
0.529880 0.581809 0.032115
0.709862 0.524012 0.076551
0.708369 0.532866 0.068776
0.704347 0.527866 0.072727
0.713904 0.528942 0.072494
0.717942 0.533921 0.068579
0.716398 0.543009 0.061277
0.712386 0.537915 0.064963
0.701773 0.514311 0.085133
0.705818 0.519132 0.080761
0.700324 0.522918 0.076829
0.707222 0.510675 0.089241
0.712645 0.507117 0.093404
0.716736 0.511819 0.088806
0.711289 0.515434 0.084757
0.693681 0.504862 0.094403
0.692273 0.513203 0.085521
0.688248 0.508446 0.090129
0.697727 0.509553 0.089677
0.696299 0.518029 0.081090
0.677492 0.486865 0.115269
0.676175 0.494638 0.105090
0.672151 0.490207 0.110473
0.681541 0.491240 0.109750
0.685588 0.495701 0.104433
0.684224 0.503762 0.094923
0.680200 0.499158 0.099908
0.669356 0.478411 0.126895
0.673432 0.482585 0.120985
0.668124 0.485869 0.116055
0.674580 0.475230 0.132048
0.679754 0.472086 0.137287
0.683912 0.476149 0.131080
0.678696 0.479347 0.125991
0.661143 0.470394 0.139280
0.660033 0.477506 0.127779
0.655960 0.473489 0.133903
0.665261 0.474347 0.132996
0.664086 0.481634 0.121826
0.604917 0.631916 0.018401
0.609022 0.638271 0.017134
0.603559 0.643852 0.016023
0.610470 0.626399 0.019719
0.616064 0.620917 0.021137
0.620077 0.627265 0.019653
0.614527 0.632745 0.018344
0.593938 0.643122 0.016064
0.599407 0.637487 0.017183
0.598138 0.649493 0.015009
0.595313 0.631117 0.018461
0.596869 0.619193 0.021293
0.602497 0.613679 0.022826
0.600867 0.625559 0.019787
0.587409 0.660970 0.013268
0.588508 0.648824 0.015042
0.592755 0.655199 0.014091
0.484172 0.456523 0.141876
0.487894 0.460407 0.135798
0.482332 0.462837 0.130363
0.489691 0.454311 0.147515
0.495181 0.452181 0.153245
0.498934 0.455820 0.146931
0.493429 0.458070 0.141321
0.473059 0.461229 0.130877
0.478627 0.458828 0.136328
0.476757 0.465355 0.125030
0.474911 0.454931 0.142362
0.476704 0.449089 0.154233
0.482196 0.447116 0.160107
0.480441 0.452751 0.148022
0.465587 0.470695 0.114729
0.467481 0.463726 0.125540
0.471175 0.467971 0.119815
0.567115 0.424296 0.248379
0.571100 0.427296 0.239961
0.566391 0.429538 0.232330
0.571703 0.421716 0.256353
0.576211 0.418895 0.264513
0.580218 0.422220 0.255633
0.575705 0.424869 0.247718
0.557641 0.428829 0.232891
0.562429 0.426656 0.240566
0.561574 0.431637 0.224803
0.558499 0.423638 0.248907
0.559293 0.417733 0.265657
0.563905 0.414757 0.274161
0.563176 0.421117 0.256937
0.551674 0.435614 0.210061
0.552755 0.430856 0.225334
0.556665 0.433634 0.217370
0.394645 0.506139 0.067482
0.398301 0.512091 0.063345
0.392720 0.516238 0.059808
0.400240 0.502226 0.071231
0.405843 0.498410 0.075094
0.409499 0.504109 0.070719
0.403895 0.508052 0.066981
0.383479 0.514288 0.060267
0.389059 0.510154 0.063830
0.387149 0.520523 0.056358
0.385383 0.504234 0.067969
0.387296 0.494677 0.076111
0.392897 0.491002 0.080107
0.390976 0.500337 0.071737
0.376039 0.529584 0.049691
0.377910 0.518558 0.056786
0.381589 0.524965 0.052988
0.520500 0.726102 0.009384
0.525217 0.731752 0.009266
0.520145 0.737192 0.009166
0.525622 0.720396 0.009524
0.530763 0.714573 0.009686
0.535417 0.720510 0.009526
0.530308 0.726190 0.009385
0.510315 0.737154 0.009165
0.515397 0.731688 0.009264
0.515094 0.742519 0.009086
0.510696 0.725995 0.009382
0.511221 0.714213 0.009682
0.516412 0.708214 0.009866
0.515832 0.720260 0.009522
0.505055 0.752876 0.008979
0.505253 0.742511 0.009085
0.510064 0.747741 0.009024
0.453112 0.616269 0.019824
0.456926 0.623591 0.018290
0.451457 0.629596 0.016960
0.458634 0.610371 0.021390
0.464188 0.604517 0.023061
0.467953 0.611751 0.021267
0.462423 0.617643 0.019727
0.442164 0.628222 0.017012
0.447623 0.622216 0.018365
0.446013 0.635672 0.015736
0.443828 0.614838 0.019921
0.445610 0.601581 0.023360
0.451178 0.595743 0.025194
0.449341 0.608936 0.021512
0.435161 0.648085 0.013616
0.436724 0.634317 0.015766
0.440586 0.641825 0.014622
0.543500 0.532939 0.059473
0.547206 0.538701 0.055654
0.541503 0.543227 0.052397
0.549184 0.528629 0.062965
0.554856 0.524422 0.066582
0.558588 0.529948 0.062496
0.552902 0.534276 0.059020
0.532105 0.541861 0.052817
0.537806 0.537349 0.056090
0.535795 0.547858 0.049252
0.534114 0.531562 0.059940
0.536092 0.521699 0.067596
0.541749 0.517642 0.071377
0.539795 0.527268 0.063449
0.524384 0.557438 0.043308
0.526401 0.546480 0.049657
0.530088 0.552595 0.046221
0.695581 0.550506 0.054625
0.699549 0.555839 0.051254
0.693899 0.560345 0.048139
0.701204 0.546208 0.057975
0.706807 0.542010 0.061424
0.710800 0.547177 0.057840
0.705182 0.551452 0.054492
0.684288 0.559438 0.048270
0.689943 0.554914 0.051387
0.688235 0.564970 0.045148
0.685990 0.549549 0.054776
0.687654 0.539999 0.061757
0.693243 0.535857 0.065321
0.691619 0.545229 0.058127
0.676863 0.574562 0.039550
0.678617 0.564079 0.045276
0.682556 0.569710 0.042285
0.632175 0.474900 0.130133
0.636153 0.478901 0.124115
0.630811 0.482090 0.118955
0.637424 0.471835 0.135526
0.642617 0.468800 0.141032
0.646682 0.472653 0.134739
0.641444 0.475757 0.129377
0.621511 0.481157 0.119675
0.626869 0.478005 0.124851
0.625422 0.485326 0.113898
0.622913 0.474044 0.130908
0.624162 0.467265 0.142659
0.629325 0.464345 0.148316
0.628178 0.471022 0.136314
0.614532 0.491968 0.104125
0.616107 0.484358 0.114601
0.619993 0.488618 0.108952
0.672606 0.451029 0.176200
0.676997 0.454583 0.168862
0.672086 0.457558 0.162920
0.677394 0.448083 0.182443
0.682109 0.445122 0.188810
0.686622 0.448618 0.181102
0.681844 0.451607 0.174921
0.662838 0.456904 0.164072
0.667753 0.453968 0.170079
0.667114 0.460541 0.157091
0.663384 0.450473 0.177428
0.663707 0.444194 0.191465
0.668366 0.441316 0.198086
0.668176 0.447567 0.183737
0.657003 0.466548 0.145735
0.657866 0.459849 0.158167
0.662086 0.463536 0.151366
0.636375 0.425764 0.240886
0.640972 0.428697 0.232342
0.636623 0.431510 0.224975
0.640542 0.422840 0.248546
0.644606 0.419841 0.256327
0.649368 0.422938 0.247404
0.645222 0.425845 0.239816
0.627742 0.431424 0.225978
0.632106 0.428620 0.233361
0.632181 0.434281 0.217717
0.627591 0.425738 0.241920
0.627234 0.419703 0.258549
0.631281 0.416511 0.266586
0.631785 0.422785 0.249607
0.623042 0.439724 0.203472
0.623284 0.434172 0.218719
0.627650 0.437014 0.210548
0.588594 0.501316 0.090974
0.592406 0.506091 0.086015
0.586814 0.509830 0.081783
0.594151 0.497781 0.095468
0.599683 0.494321 0.100073
0.603522 0.498871 0.094829
0.597977 0.502439 0.090362
0.577416 0.508639 0.082342
0.583015 0.504935 0.086597
0.581201 0.513660 0.077670
0.579218 0.500155 0.091586
0.580973 0.492117 0.101406
0.586503 0.488815 0.106188
0.584784 0.496658 0.096106
0.569922 0.521603 0.069825
0.571798 0.512435 0.078212
0.575570 0.517583 0.073684
0.558098 0.467324 0.136440
0.561925 0.471159 0.130264
0.556452 0.473950 0.124931
0.563496 0.464715 0.141993
0.568849 0.462159 0.147655
0.572741 0.465770 0.141232
0.567355 0.468435 0.135695
0.547177 0.472739 0.125648
0.552658 0.469996 0.130994
0.550952 0.476804 0.119705
0.548853 0.466166 0.137171
0.550417 0.460008 0.149145
0.555753 0.457617 0.154945
0.554261 0.463609 0.142735
0.539887 0.482738 0.109616
0.541670 0.475548 0.120410
0.545428 0.479731 0.114599
0.599696 0.447295 0.184233
0.603813 0.450359 0.176891
0.598804 0.452926 0.170636
0.604584 0.444755 0.190817
0.609388 0.442164 0.197558
0.613591 0.445095 0.189838
0.608743 0.447747 0.183287
0.589689 0.452256 0.171507
0.594730 0.449791 0.177799
0.593721 0.455470 0.164514
0.590648 0.446727 0.185117
0.591449 0.441372 0.199418
0.596253 0.438976 0.206413
0.595573 0.444300 0.191739
0.583354 0.460570 0.152639
0.584577 0.454709 0.165352
0.588570 0.458013 0.158517
0.650107 0.588844 0.032238
0.654036 0.594928 0.029935
0.648335 0.600212 0.027875
0.655817 0.583708 0.034580
0.661527 0.578655 0.037058
0.665453 0.584569 0.034473
0.659744 0.589709 0.032135
0.638705 0.599317 0.027971
0.644401 0.594052 0.030033
0.642643 0.605551 0.025961
0.640481 0.587947 0.032353
0.642284 0.576863 0.037322
0.647995 0.571899 0.039945
0.646189 0.582822 0.034701
0.631308 0.616360 0.022573
0.633022 0.604638 0.026054
0.636968 0.610933 0.024193
0.619133 0.542516 0.056350
0.622965 0.548066 0.052796
0.617271 0.552651 0.049644
0.624802 0.538123 0.059733
0.630452 0.533822 0.063242
0.634309 0.539185 0.059440
0.628645 0.543578 0.056061
0.607750 0.551590 0.049918
0.613449 0.547003 0.053078
0.611566 0.557336 0.046608
0.609635 0.541430 0.056663
0.611487 0.531635 0.063927
0.617128 0.527439 0.067582
0.615308 0.537037 0.060055
0.600144 0.566991 0.040900
0.602043 0.556275 0.046873
0.605856 0.562118 0.043692
0.663858 0.509950 0.086805
0.667822 0.514771 0.082205
0.662300 0.518608 0.078143
0.669333 0.506277 0.091088
0.674781 0.502682 0.095458
0.678784 0.507353 0.090601
0.673318 0.511021 0.086359
0.652824 0.517549 0.078520
0.658354 0.513706 0.082615
0.656751 0.522536 0.074181
0.654412 0.508894 0.087264
0.655934 0.500579 0.096559
0.661370 0.497058 0.101114
0.659895 0.505218 0.091590
0.645576 0.530674 0.066572
0.647267 0.521482 0.074525
0.651175 0.526557 0.070322
0.497944 0.571181 0.035643
0.501648 0.577878 0.032927
0.495993 0.583261 0.030659
0.503617 0.566025 0.038197
0.509301 0.560980 0.040878
0.512995 0.567444 0.037858
0.507316 0.572608 0.035327
0.486635 0.581840 0.030921
0.492284 0.576453 0.033217
0.490351 0.588759 0.028523
0.488595 0.569704 0.035962
0.490595 0.557987 0.041621
0.496276 0.553068 0.044473
0.494261 0.564548 0.038543
0.479107 0.600101 0.024658
0.481001 0.587342 0.028757
0.484722 0.594373 0.026522
0.468774 0.520671 0.063459
0.472408 0.526610 0.059446
0.466741 0.530989 0.056037
0.474432 0.516531 0.067106
0.480085 0.512505 0.070874
0.483738 0.518182 0.066589
0.478074 0.522342 0.062963
0.457456 0.529277 0.056495
0.463114 0.524918 0.059922
0.461079 0.535487 0.052736
0.459484 0.518969 0.063950
0.461491 0.509156 0.071920
0.467131 0.505291 0.075854
0.465135 0.514851 0.067615
0.449778 0.544847 0.046473
0.451803 0.533753 0.053180
0.455424 0.540106 0.049547
0.513864 0.490819 0.096075
0.517571 0.495653 0.090924
0.511957 0.499124 0.086563
0.519457 0.487588 0.100694
0.525035 0.484450 0.105435
0.528760 0.489009 0.100021
0.523173 0.492283 0.095410
0.502641 0.497588 0.087198
0.508258 0.494149 0.091578
0.506330 0.502704 0.082323
0.504556 0.489304 0.096740
0.506443 0.481527 0.106808
0.512021 0.478565 0.111689
0.510154 0.486111 0.101373
0.495048 0.510204 0.074209
0.497013 0.501140 0.082936
0.500693 0.506396 0.078205
0.423702 0.558034 0.038249
0.427325 0.565107 0.035301
0.421740 0.570553 0.032785
0.429295 0.552898 0.041022
0.434903 0.547911 0.043901
0.438525 0.554698 0.040665
0.432919 0.559827 0.037928
0.412544 0.568818 0.033022
0.418121 0.563333 0.035582
0.416155 0.576191 0.030380
0.414503 0.556207 0.038562
0.416462 0.544208 0.044659
0.422055 0.539379 0.047703
0.420082 0.551064 0.041372
0.404927 0.588184 0.025906
0.406960 0.574518 0.030568
0.410556 0.582054 0.028087
0.484901 0.674217 0.011425
0.489128 0.681188 0.010944
0.483812 0.687501 0.010570
0.490253 0.667948 0.012016
0.495622 0.661722 0.012710
0.499796 0.668670 0.012004
0.494454 0.674910 0.011423
0.474227 0.686883 0.010559
0.479561 0.680528 0.010939
0.478493 0.693871 0.010284
0.475378 0.673450 0.011423
0.476641 0.660005 0.012741
0.482039 0.653785 0.013562
0.480741 0.667152 0.012023
0.467829 0.706590 0.009836
0.468883 0.693306 0.010269
0.473155 0.700270 0.010046
0.364997 0.463672 0.104314
0.368737 0.468511 0.099440
0.363122 0.471677 0.095045
0.370612 0.460722 0.108907
0.376228 0.457870 0.113622
0.379964 0.462481 0.108567
0.374351 0.465445 0.103945
0.353762 0.469861 0.095461
0.359380 0.466720 0.099834
0.357505 0.474938 0.090754
0.355629 0.461885 0.104673
0.357487 0.454340 0.114196
0.363106 0.451606 0.118964
0.361247 0.458952 0.109235
0.346264 0.481735 0.082455
0.348140 0.473096 0.091185
0.351886 0.478291 0.086560
0.527295 0.440473 0.189933
0.531137 0.443527 0.182848
0.525881 0.445505 0.176517
0.532495 0.438562 0.196600
0.537647 0.436644 0.203477
0.541510 0.439572 0.196050
0.536347 0.441549 0.189355
0.516762 0.444283 0.177152
0.522050 0.442377 0.183457
0.520580 0.447490 0.170347
0.518234 0.439321 0.190512
0.519676 0.434583 0.204483
0.524871 0.432810 0.211506
0.523472 0.437490 0.197143
0.509840 0.451546 0.158419
0.511430 0.446196 0.170999
0.515232 0.449498 0.164320
0.497442 0.418102 0.250395
0.501100 0.420928 0.242620
0.495870 0.422543 0.235063
0.502603 0.416128 0.258309
0.507699 0.413865 0.266458
0.511354 0.416990 0.258261
0.506260 0.419092 0.250336
0.486917 0.421331 0.235096
0.492213 0.419821 0.242667
0.490575 0.423993 0.227632
0.488564 0.417016 0.250306
0.490172 0.412126 0.266121
0.495352 0.409828 0.274511
0.493801 0.415168 0.258226
0.479817 0.426685 0.213151
0.481559 0.422692 0.227665
0.485223 0.425344 0.220323
0.537148 0.392335 0.321653
0.540786 0.397248 0.311895
0.535976 0.401510 0.302233
0.541917 0.387200 0.331797
0.546669 0.381437 0.342058
0.550373 0.387454 0.331895
0.545580 0.392596 0.321798
0.527503 0.401181 0.302051
0.532345 0.396965 0.311717
0.531145 0.405372 0.292833
0.528666 0.392161 0.321359
0.529498 0.381282 0.341511
0.534059 0.374859 0.351710
0.533412 0.387053 0.331547
0.521362 0.411881 0.274931
0.522626 0.404969 0.292678
0.526279 0.408817 0.283726
0.602880 0.395683 0.318190
0.606379 0.400696 0.307557
0.602037 0.405023 0.298364
0.607454 0.390707 0.327860
0.612043 0.385363 0.337588
0.615119 0.391358 0.326368
0.610748 0.396136 0.316910
0.593895 0.404722 0.299395
0.598358 0.400348 0.308691
0.597715 0.409049 0.289361
0.594937 0.395252 0.319243
0.596683 0.383904 0.340019
0.601715 0.377629 0.349859
0.599665 0.390137 0.329053
0.589044 0.416186 0.272045
0.589478 0.408753 0.290320
0.593390 0.412766 0.280584
0.576424 0.339172 0.388174
0.580661 0.346455 0.382997
0.575457 0.353751 0.376890
0.581513 0.332274 0.392402
0.586511 0.325689 0.395801
0.590772 0.332494 0.392363
0.585797 0.339330 0.388124
0.566237 0.353570 0.376928
0.571313 0.346300 0.383042
0.570258 0.361095 0.369721
0.566897 0.339091 0.388172
0.567227 0.325581 0.395785
0.572203 0.319295 0.398414
0.571918 0.332204 0.392402
0.560091 0.375287 0.352087
0.561232 0.360876 0.369757
0.565122 0.368353 0.361431
0.439515 0.477793 0.100796
0.443191 0.482684 0.095668
0.437579 0.485968 0.091209
0.445118 0.474758 0.105494
0.450716 0.471837 0.110313
0.454399 0.476466 0.104946
0.448798 0.479518 0.100246
0.428295 0.484211 0.091753
0.433907 0.480944 0.096216
0.431963 0.489370 0.086869
0.430229 0.476054 0.101325
0.432150 0.468401 0.111347
0.437750 0.465620 0.116285
0.435835 0.473033 0.106025
0.420727 0.496519 0.078550
0.422680 0.487593 0.087408
0.426345 0.492888 0.082649
0.409917 0.442982 0.144691
0.413647 0.446964 0.139014
0.408038 0.449275 0.133607
0.415513 0.440903 0.150326
0.421094 0.438946 0.156077
0.424829 0.442694 0.150179
0.419245 0.444771 0.144541
0.398697 0.447508 0.133799
0.404311 0.445185 0.139180
0.402425 0.451698 0.128330
0.400571 0.441196 0.144793
0.402426 0.435314 0.156165
0.408017 0.433451 0.162007
0.406177 0.439101 0.150409
0.391194 0.456871 0.118184
0.393080 0.449940 0.128550
0.396810 0.454229 0.123189
0.454240 0.429248 0.192871
0.457972 0.432335 0.186277
0.452485 0.433863 0.179963
0.459732 0.427874 0.199464
0.465220 0.426543 0.206236
0.468917 0.429436 0.199355
0.463448 0.430862 0.192735
0.443242 0.432165 0.180132
0.448744 0.430675 0.186433
0.446987 0.435453 0.173781
0.445014 0.427563 0.192956
0.446832 0.423298 0.206276
0.452362 0.422125 0.213188
0.450526 0.426238 0.199532
0.435945 0.438875 0.161768
0.437730 0.433726 0.173955
0.441475 0.437119 0.167718
0.561880 0.678338 0.011375
0.566357 0.684684 0.010929
0.561170 0.690720 0.010583
0.567141 0.672324 0.011917
0.572433 0.666350 0.012554
0.576819 0.672711 0.011908
0.571573 0.678673 0.011371
0.551453 0.690442 0.010581
0.556653 0.684379 0.010930
0.556002 0.696783 0.010316
0.552202 0.677970 0.011380
0.553129 0.665454 0.012586
0.558471 0.659460 0.013333
0.557472 0.671928 0.011927
0.545684 0.708823 0.009874
0.546270 0.696533 0.010313
0.550838 0.702839 0.010083
0.528372 0.625541 0.019006
0.532354 0.632288 0.017626
0.526856 0.638197 0.016438
0.533935 0.619741 0.020406
0.539528 0.613999 0.021905
0.543448 0.620671 0.020300
0.537884 0.626447 0.018914
0.517340 0.637341 0.016504
0.522840 0.631405 0.017705
0.521390 0.644173 0.015349
0.518877 0.624588 0.019103
0.520554 0.611956 0.022166
0.526172 0.606223 0.023797
0.524439 0.618764 0.020518
0.510544 0.656313 0.013474
0.511870 0.643345 0.015404
0.515953 0.650212 0.014361
0.573495 0.581124 0.033500
0.577334 0.587395 0.031033
0.571649 0.592727 0.028904
0.579197 0.575968 0.035916
0.584904 0.570906 0.038463
0.588728 0.577011 0.035701
0.583026 0.582157 0.033300
0.562121 0.591713 0.029081
0.567803 0.586371 0.031222
0.565975 0.598151 0.026917
0.563980 0.580050 0.033719
0.565888 0.568703 0.038971
0.571599 0.563735 0.041675
0.569680 0.574891 0.036147
0.554669 0.609278 0.023370
0.556451 0.597148 0.027079
0.560315 0.603668 0.025072
0.739933 0.518906 0.083627
0.744037 0.523681 0.079487
0.738551 0.527359 0.075745
0.745380 0.515363 0.087484
0.750809 0.511890 0.091361
0.754953 0.516566 0.087050
0.749504 0.520086 0.083258
0.728979 0.526235 0.076007
0.734466 0.522528 0.079798
0.733045 0.531127 0.072042
0.730372 0.517736 0.084001
0.731696 0.509472 0.092385
0.737100 0.506026 0.096433
0.735818 0.514169 0.087923
0.721969 0.538947 0.064796
0.723471 0.530031 0.072263
0.727518 0.534987 0.068389
0.706812 0.482376 0.123209
0.710980 0.486736 0.117539
0.705691 0.490041 0.112902
0.712023 0.479148 0.128067
0.717198 0.475950 0.132987
0.721459 0.480246 0.126978
0.716237 0.483474 0.122231
0.696274 0.488951 0.113690
0.701563 0.485643 0.118415
0.700369 0.493390 0.108315
0.697421 0.481328 0.124148
0.698427 0.473926 0.135202
0.703543 0.470768 0.140396
0.702630 0.478103 0.129098
0.689635 0.500243 0.099320
0.690947 0.492301 0.109029
0.695017 0.496788 0.103786
0.689948 0.465873 0.148048
0.694201 0.469848 0.141520
0.689082 0.472986 0.136255
0.694964 0.462788 0.153578
0.699920 0.459708 0.159214
0.704279 0.463616 0.152338
0.699268 0.466728 0.146880
0.723426 0.500215 0.101846
0.727565 0.504819 0.097023
0.722160 0.508283 0.092896
0.728785 0.496857 0.106111
0.734123 0.493546 0.110399
0.738310 0.498073 0.105347
0.732947 0.501419 0.101175
0.558367 0.556491 0.045146
0.562118 0.562568 0.041971
0.556408 0.567534 0.039250
0.564084 0.551727 0.048129
0.569798 0.547062 0.051226
0.573550 0.552925 0.047785
0.567832 0.557698 0.044818
0.512906 0.598252 0.025912
0.516711 0.605112 0.023957
0.511095 0.610865 0.022308
0.518552 0.592662 0.027840
0.524211 0.587182 0.029908
0.527998 0.593854 0.027633
0.522348 0.599429 0.025724
0.544638 0.652330 0.014244
0.548851 0.658921 0.013358
0.543502 0.664944 0.012604
0.550058 0.646378 0.015202
0.555514 0.640483 0.016258
0.559651 0.647019 0.015158
0.554234 0.652943 0.014209
0.439497 0.417595 0.219992
0.443155 0.420424 0.213103
0.437604 0.421542 0.206209
0.445051 0.416599 0.227166
0.450581 0.415560 0.234462
0.454228 0.418283 0.227360
0.448703 0.419344 0.220162
0.394900 0.427992 0.167788
0.398666 0.431614 0.161958
0.393063 0.433493 0.156136
0.400494 0.426337 0.173839
0.406077 0.424796 0.180016
0.409834 0.428219 0.173969
0.404257 0.429856 0.167904
0.424769 0.459501 0.122231
0.428462 0.463891 0.116752
0.422857 0.466659 0.111814
0.430370 0.456966 0.127412
0.435963 0.454535 0.132714
0.439656 0.458689 0.126992
0.434062 0.461236 0.121811
0.557527 0.313370 0.400300
0.562416 0.319302 0.398398
0.557521 0.325564 0.395774
0.562422 0.307774 0.401548
0.567327 0.302494 0.402197
0.572274 0.307750 0.401564
0.567342 0.313363 0.400309
0.591049 0.369481 0.360639
0.593860 0.376960 0.350710
0.588698 0.383382 0.340794
0.596320 0.362279 0.368921
0.601378 0.355142 0.376086
0.604195 0.363130 0.368250
0.599088 0.370122 0.360004
0.520886 0.368368 0.360298
0.525337 0.375013 0.351225
0.520880 0.381417 0.340936
0.525107 0.360998 0.369010
0.529413 0.353559 0.376492
0.534133 0.360713 0.369430
0.529732 0.368021 0.360890
0.482940 0.405716 0.282070
0.486552 0.408973 0.274078
0.481294 0.411117 0.265735
0.488125 0.403013 0.290935
0.493223 0.399852 0.300117
0.496845 0.403588 0.291644
0.491738 0.406485 0.282707
0.512180 0.429013 0.219551
0.515913 0.431754 0.211962
0.510669 0.433434 0.204980
0.517363 0.427375 0.226862
0.522483 0.425616 0.234331
0.526236 0.428324 0.226511
0.521106 0.430057 0.219151
0.349934 0.445405 0.124217
0.353716 0.449827 0.119192
0.348095 0.452551 0.114463
0.355555 0.442868 0.129165
0.361178 0.440420 0.134253
0.364958 0.444655 0.129043
0.359337 0.447194 0.124049
0.468613 0.645524 0.014555
0.472600 0.652791 0.013583
0.467199 0.659032 0.012749
0.474051 0.639394 0.015616
0.479512 0.633332 0.016782
0.483459 0.640493 0.015568
0.478018 0.646611 0.014524
0.409215 0.530896 0.051707
0.412840 0.537482 0.048107
0.407262 0.542300 0.045033
0.414809 0.526391 0.054999
0.420417 0.522024 0.058387
0.424043 0.528285 0.054546
0.418434 0.532813 0.051277
0.499021 0.472727 0.118065
0.502732 0.477066 0.112374
0.497148 0.479994 0.107472
0.504589 0.470024 0.123216
0.510141 0.467408 0.128478
0.513862 0.471492 0.122521
0.508304 0.474234 0.117389
0.454187 0.498165 0.080998
0.457841 0.503595 0.076382
0.452207 0.507435 0.072444
0.459811 0.494583 0.085203
0.465430 0.491119 0.089538
0.469101 0.496266 0.084659
0.463473 0.499870 0.080455
0.483304 0.545123 0.048284
0.486944 0.551508 0.044872
0.481271 0.556420 0.041995
0.488985 0.540458 0.051410
0.494671 0.535909 0.054646
0.498316 0.542037 0.050965
0.492627 0.546714 0.047862
0.648023 0.491594 0.107048
0.651976 0.496037 0.101712
0.646534 0.499549 0.097099
0.653413 0.488221 0.111900
0.658770 0.484902 0.116830
0.662774 0.489202 0.111197
0.657391 0.492590 0.106414
0.603851 0.521102 0.072213
0.607668 0.526321 0.067979
0.602021 0.530510 0.064313
0.609462 0.517119 0.076145
0.615052 0.513230 0.080203
0.618898 0.518234 0.075694
0.613294 0.522229 0.071774
0.634516 0.565140 0.043041
0.638393 0.570968 0.040102
0.632686 0.575926 0.037475
0.640219 0.560362 0.045934
0.645916 0.555678 0.048952
0.649805 0.561315 0.045750
0.644100 0.566097 0.042862
0.583239 0.435699 0.215323
0.587334 0.438504 0.207284
0.582488 0.440797 0.200248
0.587966 0.433442 0.222650
0.592596 0.431071 0.230034
0.596779 0.433816 0.221759
0.592100 0.436183 0.214482
0.542711 0.453133 0.162296
0.546567 0.456519 0.155666
0.541217 0.458856 0.149861
0.547985 0.450940 0.168360
0.553211 0.448776 0.174566
0.557127 0.451978 0.167656
0.551871 0.454229 0.161595
0.573357 0.483381 0.112499
0.577165 0.487691 0.106873
0.571624 0.490944 0.102072
0.578860 0.480313 0.117558
0.584332 0.477303 0.122732
0.588172 0.481382 0.116832
0.582683 0.484506 0.111794
0.618401 0.413041 0.277256
0.622760 0.416473 0.267754
0.618661 0.419744 0.259680
0.622427 0.409421 0.285743
0.626385 0.405688 0.294369
0.630721 0.409621 0.284401
0.626781 0.413092 0.276005
0.654679 0.437740 0.207458
0.659205 0.440916 0.199376
0.654551 0.443757 0.192659
0.659195 0.434922 0.214432
0.663621 0.432077 0.221470
0.668310 0.435214 0.213082
0.663794 0.438076 0.206196
0.616072 0.460124 0.155845
0.620127 0.463631 0.149169
0.614945 0.466500 0.143506
0.621143 0.457340 0.161777
0.626145 0.454561 0.167854
0.630294 0.457942 0.160894
0.625244 0.460781 0.154962
0.679721 0.529707 0.069453
0.683689 0.534824 0.065530
0.678094 0.538985 0.061955
0.685274 0.525723 0.073243
0.690799 0.521831 0.077125
0.694804 0.526793 0.072974
0.689259 0.530760 0.069205
0.528686 0.510909 0.076421
0.532388 0.516244 0.071921
0.526731 0.520279 0.068124
0.534319 0.507121 0.080492
0.539939 0.503442 0.084692
0.543668 0.508506 0.079906
0.538034 0.512320 0.075849
0.438249 0.586815 0.027568
0.441916 0.594189 0.025375
0.436352 0.600061 0.023503
0.443836 0.581159 0.029717
0.449435 0.575641 0.031993
0.453094 0.582780 0.029473
0.447498 0.588422 0.027357
0.502189 0.701495 0.010069
0.506670 0.707959 0.009864
0.501460 0.713992 0.009680
0.507453 0.695236 0.010303
0.512711 0.688997 0.010578
0.517140 0.695606 0.010305
0.511899 0.701820 0.010072
0.379900 0.483796 0.085190
0.383603 0.489164 0.080600
0.378000 0.492823 0.076597
0.385508 0.480367 0.089408
0.391116 0.477048 0.093737
0.394814 0.482172 0.088933
0.389207 0.485613 0.084711
0.551722 0.410315 0.283626
0.555473 0.414135 0.274551
0.550782 0.417087 0.265999
0.556396 0.406762 0.292711
0.561069 0.402845 0.302033
0.564723 0.407337 0.292378
0.560113 0.410900 0.283346
0.469214 0.442096 0.166859
0.472961 0.445538 0.160513
0.467456 0.447486 0.154641
0.474685 0.440337 0.172959
0.480131 0.438640 0.179184
0.483893 0.441886 0.172601
0.478441 0.443675 0.166499
0.588983 0.606413 0.024687
0.592911 0.612806 0.022920
0.587282 0.618355 0.021378
0.594646 0.600971 0.026497
0.600318 0.595610 0.028450
0.604224 0.601892 0.026375
0.598561 0.607311 0.024576
0.681349 0.458239 0.161722
0.680645 0.465059 0.149187
0.676383 0.461255 0.155955
0.685665 0.462003 0.154783
0.684878 0.468970 0.142619
0.715136 0.491171 0.112094
0.713929 0.499041 0.102507
0.709810 0.494508 0.107602
0.719282 0.495665 0.106866
0.718047 0.503632 0.097608
0.550917 0.544550 0.051992
0.548923 0.555238 0.045489
0.545207 0.549192 0.048862
0.554635 0.550482 0.048488
0.552655 0.561355 0.042282
0.505374 0.584628 0.030399
0.503484 0.597021 0.026112
0.499725 0.590121 0.028289
0.509127 0.591422 0.028059
0.507271 0.603951 0.024126
0.536390 0.639007 0.016375
0.535059 0.651670 0.014281
0.530928 0.644955 0.015298
0.540484 0.645690 0.015249
0.539249 0.658336 0.013385
0.432218 0.411945 0.233851
0.430275 0.415714 0.219756
0.426638 0.412835 0.226597
0.435851 0.414786 0.226915
0.433929 0.418611 0.212953
0.387377 0.420937 0.179585
0.385525 0.426109 0.167626
0.381758 0.422513 0.173434
0.391135 0.424437 0.173661
0.389296 0.429766 0.161862
0.417363 0.451047 0.133375
0.415463 0.457750 0.122598
0.411756 0.453462 0.128077
0.421070 0.455224 0.127776
0.419163 0.462147 0.117173
0.547630 0.302512 0.402181
0.547721 0.313374 0.400287
0.542758 0.307791 0.401538
0.552588 0.307780 0.401541
0.552654 0.319299 0.398386
0.584541 0.354002 0.376759
0.582643 0.369027 0.361052
0.579251 0.361368 0.369594
0.587997 0.361729 0.369342
0.585717 0.376452 0.351306
0.511297 0.354842 0.375252
0.512147 0.368991 0.359384
0.507449 0.362515 0.367250
0.516161 0.361559 0.368334
0.516644 0.375365 0.350486
0.475750 0.398899 0.298033
0.474075 0.404839 0.281324
0.470495 0.401568 0.289133
0.479337 0.402355 0.290065
0.477676 0.408025 0.273515
0.504775 0.423663 0.234892
0.503230 0.427877 0.219919
0.499541 0.425212 0.227481
0.508467 0.426342 0.227201
0.506935 0.430611 0.212400
0.342327 0.436793 0.134336
0.340516 0.443597 0.124370
0.336708 0.439240 0.129356
0.346137 0.441063 0.129267
0.344311 0.448032 0.119403
0.460779 0.630908 0.016904
0.459239 0.644363 0.014582
0.455328 0.636981 0.015700
0.464674 0.638223 0.015660
0.463194 0.651720 0.013600
0.401947 0.518196 0.059334
0.400005 0.528940 0.052139
0.396367 0.522501 0.055908
0.405584 0.524464 0.055453
0.403636 0.535545 0.048510
0.491604 0.464404 0.129792
0.489738 0.471179 0.118696
0.486035 0.466951 0.124479
0.495313 0.468508 0.123875
0.493442 0.475526 0.113025
0.446862 0.487710 0.090651
0.444906 0.496427 0.081552
0.441245 0.491129 0.086317
0.450527 0.492869 0.085758
0.448560 0.501862 0.076924
0.476038 0.532666 0.055576
0.473995 0.543489 0.048705
0.470367 0.537181 0.052295
0.479670 0.538839 0.051854
0.477629 0.549905 0.045270
0.640117 0.483022 0.118259
0.638670 0.490606 0.107665
0.634742 0.486291 0.113222
0.644071 0.487253 0.112566
0.642601 0.495026 0.102290
0.596220 0.510981 0.081231
0.594415 0.519957 0.072684
0.590614 0.514839 0.077144
0.600035 0.515987 0.076630
0.598217 0.525183 0.068406
0.626804 0.553687 0.049392
0.624949 0.564158 0.043240
0.621102 0.558371 0.046363
0.630654 0.559380 0.046138
0.628810 0.570011 0.040277
0.575120 0.430161 0.231660
0.574387 0.435104 0.216086
0.570377 0.432338 0.224177
0.579168 0.432946 0.223456
0.578425 0.437921 0.208084
0.534991 0.446651 0.175883
0.533556 0.451988 0.162974
0.529718 0.448705 0.169690
0.538851 0.449848 0.169034
0.537389 0.455369 0.156365
0.565738 0.475116 0.124207
0.564036 0.482206 0.113204
0.560244 0.478018 0.118996
0.569549 0.479189 0.118280
0.567829 0.486515 0.107561
0.610167 0.405251 0.297187
0.610063 0.413061 0.278482
0.605956 0.409248 0.288285
0.614196 0.409339 0.287078
0.614310 0.416528 0.268947
0.645561 0.431650 0.223936
0.645617 0.437446 0.208578
0.641128 0.434441 0.216727
0.650132 0.434656 0.215649
0.650093 0.440548 0.200535
0.607916 0.453498 0.169707
0.606909 0.459471 0.156758
0.602864 0.456147 0.163624
0.612002 0.456745 0.162690
0.610935 0.462920 0.150049
0.671788 0.519676 0.077783
0.670196 0.528656 0.069722
0.666247 0.523593 0.073848
0.675754 0.524656 0.073534
0.674144 0.533788 0.065760
0.521277 0.500613 0.085926
0.519347 0.509456 0.077006
0.515653 0.504227 0.081703
0.524982 0.505699 0.081090
0.523041 0.514807 0.072479
0.430956 0.572268 0.032534
0.429009 0.585213 0.027761
0.425368 0.577850 0.030177
0.434596 0.579506 0.029955
0.432667 0.592631 0.025542
0.493423 0.688057 0.010576
0.492493 0.701132 0.010065
0.488125 0.694379 0.010294
0.497780 0.694832 0.010300
0.496939 0.707672 0.009861
0.372467 0.473474 0.094621
0.370578 0.481977 0.085655
0.366854 0.476761 0.090315
0.376188 0.478567 0.089867
0.374293 0.487330 0.081078
0.544395 0.401885 0.302305
0.543290 0.409787 0.283760
0.539614 0.405787 0.292911
0.548032 0.406244 0.292881
0.547010 0.413542 0.274791
0.461714 0.435504 0.179743
0.459977 0.440481 0.167184
0.456231 0.437130 0.173545
0.465464 0.438756 0.173269
0.463719 0.443931 0.160881
0.581194 0.593702 0.028742
0.579415 0.605515 0.024805
0.575520 0.599108 0.026765
0.585078 0.600044 0.026627
0.583333 0.611941 0.023020
0.731555 0.539981 0.064647
0.725988 0.544010 0.061141
0.737101 0.536054 0.068215
0.720398 0.548144 0.057711
0.714789 0.552386 0.054369
0.753617 0.524841 0.079185
0.748130 0.528489 0.075495
0.759085 0.521274 0.082897
0.742625 0.532225 0.071835
0.555456 0.708978 0.009878
0.550329 0.714841 0.009692
0.560595 0.703030 0.010087
0.545217 0.720606 0.009528
0.540120 0.726263 0.009387
0.576070 0.684980 0.010930
0.570898 0.690970 0.010586
0.581270 0.679035 0.011369
0.565745 0.697005 0.010320
0.338763 0.494581 0.070182
0.461760 0.725119 0.009361
0.397142 0.608908 0.020062
0.640927 0.617281 0.022497
0.635288 0.622723 0.020993
0.646596 0.611835 0.024115
0.629691 0.628158 0.019590
0.624142 0.633607 0.018289
0.663680 0.595767 0.029851
0.657977 0.601066 0.027794
0.669389 0.590541 0.032047
0.652280 0.606426 0.025881
0.686500 0.575405 0.039447
0.680802 0.580352 0.036848
0.692187 0.570566 0.042177
0.675097 0.585400 0.034380
0.709163 0.556749 0.051137
0.703520 0.561235 0.048024
0.697862 0.565842 0.045036
0.428159 0.668669 0.011324
0.514910 0.752821 0.008979
0.509928 0.757845 0.008950
0.519911 0.747721 0.009024
0.504971 0.762812 0.008937
0.500038 0.767734 0.008940
0.535040 0.731803 0.009267
0.529977 0.737224 0.009167
0.524935 0.742527 0.009086
0.368641 0.546643 0.039992
0.597064 0.661550 0.013251
0.591765 0.667317 0.012529
0.602399 0.655847 0.014067
0.586501 0.673146 0.011902
0.618641 0.639092 0.017088
0.613185 0.644623 0.015984
0.607772 0.650206 0.014978
0.319976 0.467506 0.092431
0.316208 0.462489 0.097045
0.323739 0.472645 0.087858
0.312432 0.457584 0.101691
0.308646 0.452784 0.106357
0.335010 0.488881 0.074480
0.331256 0.483322 0.078871
0.327499 0.477913 0.083335
0.440199 0.691258 0.010194
0.436154 0.683757 0.010463
0.444298 0.698615 0.009983
0.432147 0.676212 0.010834
0.457246 0.718903 0.009490
0.452822 0.712433 0.009636
0.448501 0.705681 0.009800
0.379495 0.569361 0.031051
0.375932 0.561601 0.033853
0.383005 0.577280 0.028444
0.372311 0.554027 0.036838
0.393526 0.601206 0.021854
0.389980 0.593334 0.023845
0.386488 0.585306 0.026043
0.408422 0.631414 0.015707
0.404589 0.623983 0.017001
0.412317 0.638819 0.014560
0.400829 0.616488 0.018449
0.424179 0.661152 0.011939
0.420208 0.653673 0.012681
0.416251 0.646232 0.013553
0.475743 0.742434 0.009080
0.471018 0.736869 0.009156
0.480521 0.747808 0.009020
0.466354 0.731103 0.009250
0.495109 0.762947 0.008938
0.490211 0.758046 0.008950
0.485346 0.753007 0.008977
0.350015 0.512610 0.057951
0.346267 0.506423 0.061914
0.353760 0.518996 0.054103
0.342517 0.500420 0.065992
0.364943 0.539439 0.043304
0.361226 0.532419 0.046769
0.357498 0.525599 0.050373
