0.580918 0.607058 0.012463
0.580505 0.617522 0.011453
0.575800 0.612209 0.011994
0.437240 0.444384 0.079712
0.436443 0.453070 0.073253
0.431933 0.448473 0.076165
0.519722 0.375009 0.134245
0.519809 0.384904 0.128567
0.514818 0.379958 0.131516
0.352406 0.514338 0.034431
0.351572 0.524319 0.030837
0.347109 0.518971 0.032489
0.500034 0.689434 0.008950
0.500001 0.699396 0.008896
0.495080 0.694435 0.008911
0.424206 0.603240 0.013930
0.423600 0.614272 0.012601
0.419003 0.608549 0.013230
0.508012 0.522404 0.035240
0.507181 0.532461 0.031206
0.502742 0.527242 0.033318
0.663654 0.528302 0.025681
0.662989 0.538125 0.022906
0.658432 0.532997 0.024559
0.593018 0.449203 0.071985
0.592014 0.458281 0.065715
0.587721 0.453616 0.069590
0.635297 0.414023 0.090782
0.634384 0.423056 0.084208
0.630040 0.418402 0.088569
0.599037 0.375605 0.125894
0.598803 0.385581 0.119432
0.594098 0.380633 0.123700
0.550481 0.484837 0.052857
0.549502 0.494388 0.047483
0.545151 0.489414 0.050504
0.515616 0.447265 0.080635
0.514670 0.456074 0.073850
0.510275 0.451507 0.077404
0.558352 0.413311 0.106454
0.557545 0.422099 0.099369
0.553082 0.417645 0.103547
0.622067 0.566726 0.017773
0.621529 0.576909 0.015883
0.616900 0.571668 0.016972
0.585680 0.525170 0.031110
0.584937 0.535146 0.027584
0.580439 0.529975 0.029612
0.627806 0.487803 0.044274
0.626950 0.497394 0.039822
0.622528 0.492374 0.042563
0.465985 0.561920 0.022146
0.465263 0.572453 0.019594
0.460747 0.566980 0.020872
0.430324 0.519082 0.035979
0.429469 0.529159 0.031995
0.425032 0.523855 0.033897
0.472919 0.481976 0.056177
0.471960 0.491468 0.050622
0.467576 0.486489 0.053367
0.388068 0.557884 0.022152
0.387270 0.568454 0.019641
0.382792 0.562812 0.020827
0.461432 0.647969 0.010206
0.461118 0.658553 0.009735
0.456346 0.653240 0.009963
0.316439 0.473037 0.049273
0.315695 0.482489 0.044971
0.311170 0.477393 0.046831
0.479397 0.411812 0.109525
0.478838 0.420376 0.102637
0.474204 0.415989 0.105958
0.440596 0.375543 0.131321
0.440640 0.384694 0.125625
0.435691 0.380188 0.128022
0.479007 0.333372 0.150951
0.479231 0.343930 0.147731
0.474215 0.338815 0.149355
0.558275 0.332812 0.150308
0.558621 0.343542 0.146925
0.553447 0.338198 0.148984
0.517904 0.292145 0.156060
0.517942 0.302039 0.155880
0.512985 0.297081 0.156018
0.394793 0.478154 0.053826
0.393956 0.487616 0.048765
0.389487 0.482575 0.051022
0.358541 0.439452 0.072948
0.357842 0.448293 0.067212
0.353284 0.443494 0.069588
0.400382 0.408711 0.102869
0.399903 0.416947 0.096407
0.395213 0.412477 0.099047
0.540141 0.648580 0.009987
0.539887 0.658940 0.009598
0.535084 0.653744 0.009796
0.502506 0.605579 0.013494
0.502004 0.616281 0.012250
0.497350 0.610829 0.012876
0.543920 0.564474 0.020577
0.543301 0.574854 0.018248
0.538726 0.569518 0.019506
0.705682 0.491646 0.035381
0.704925 0.501202 0.031991
0.700410 0.496159 0.034114
0.670126 0.452001 0.058355
0.669213 0.461303 0.053189
0.664822 0.456425 0.056539
0.585614 0.612368 0.011852
0.441755 0.448934 0.076717
0.524766 0.380061 0.131343
0.356869 0.519649 0.032708
0.504939 0.694435 0.008911
0.428792 0.608929 0.013221
0.512440 0.527593 0.033015
0.668203 0.533415 0.023962
0.597309 0.453852 0.068022
0.639669 0.418697 0.086402
0.603785 0.380685 0.121638
0.554828 0.489764 0.049731
0.520013 0.451805 0.076971
0.562848 0.417793 0.102286
0.626687 0.571952 0.016618
0.590168 0.530321 0.028988
0.632226 0.492805 0.041451
0.470491 0.567362 0.020784
0.434755 0.524345 0.033978
0.477307 0.486896 0.053337
0.392539 0.563474 0.020891
0.466186 0.653318 0.009951
0.320967 0.478102 0.047349
0.484072 0.416231 0.106252
0.445577 0.380106 0.128949
0.484021 0.338506 0.149498
0.563438 0.338117 0.148401
0.522845 0.297077 0.156019
0.399266 0.483141 0.051489
0.363106 0.444208 0.070509
0.405104 0.413157 0.100255
0.544929 0.653800 0.009766
0.507149 0.611020 0.012789
0.548486 0.569790 0.019240
0.710197 0.496682 0.033195
0.674511 0.456864 0.054934
0.666654 0.489635 0.039587
0.671122 0.494656 0.037074
0.665855 0.499212 0.035684
0.671928 0.485111 0.041068
0.687768 0.471630 0.045624
0.692222 0.476606 0.042834
0.686942 0.481096 0.041365
0.702767 0.530090 0.023276
0.707316 0.535175 0.021768
0.702086 0.539818 0.020831
0.708011 0.525485 0.024287
0.723783 0.511801 0.027414
0.728321 0.516841 0.025711
0.723061 0.521393 0.024702
0.541695 0.606359 0.013041
0.546367 0.611729 0.012375
0.541241 0.616938 0.011898
0.546835 0.601178 0.013650
0.562287 0.585766 0.015787
0.566921 0.591094 0.014820
0.561774 0.596221 0.014134
0.500781 0.648307 0.010119
0.505553 0.653576 0.009876
0.500500 0.658760 0.009681
0.505864 0.643076 0.010357
0.521182 0.627280 0.011192
0.525893 0.632671 0.010829
0.520790 0.637925 0.010567
0.539467 0.689445 0.008944
0.544375 0.694435 0.008909
0.539437 0.699392 0.008895
0.544431 0.684428 0.008998
0.559397 0.669262 0.009266
0.564251 0.674355 0.009149
0.559264 0.679404 0.009064
0.397895 0.442210 0.076781
0.402447 0.446852 0.074092
0.397157 0.450926 0.070651
0.403180 0.438226 0.080395
0.419034 0.426438 0.091752
0.423608 0.430890 0.088753
0.418317 0.434847 0.084956
0.355622 0.475737 0.051554
0.360128 0.480763 0.049445
0.354842 0.485192 0.046876
0.360904 0.471385 0.054309
0.376754 0.458585 0.063278
0.381284 0.463428 0.060900
0.375993 0.467694 0.057860
0.391401 0.516905 0.035374
0.395844 0.522209 0.033512
0.390554 0.526949 0.031563
0.396696 0.512229 0.037517
0.412607 0.498343 0.044587
0.417039 0.503479 0.042355
0.411733 0.508124 0.039984
0.518442 0.332925 0.151110
0.523528 0.338228 0.149633
0.518729 0.343533 0.148009
0.523262 0.327664 0.152369
0.537842 0.312074 0.155030
0.542910 0.317178 0.154259
0.538040 0.322401 0.153398
0.559605 0.375471 0.132061
0.564593 0.380564 0.128512
0.559611 0.385470 0.126059
0.564494 0.370337 0.134437
0.578957 0.354228 0.140759
0.584101 0.359652 0.137537
0.579278 0.365038 0.135464
0.480047 0.374982 0.133835
0.485049 0.379871 0.131227
0.480122 0.384687 0.128218
0.484886 0.369933 0.136688
0.499242 0.354169 0.144148
0.504370 0.359433 0.142001
0.499587 0.364684 0.139569
0.439935 0.410724 0.107089
0.444628 0.415094 0.104178
0.439414 0.419084 0.100378
0.445080 0.406650 0.110771
0.460295 0.393831 0.121296
0.465122 0.398373 0.118534
0.460054 0.402697 0.115093
0.476509 0.446015 0.081237
0.480979 0.450546 0.077896
0.475651 0.454748 0.074555
0.481832 0.441863 0.084737
0.497804 0.429396 0.095570
0.502295 0.433825 0.091817
0.496964 0.438010 0.088251
0.313307 0.511551 0.033429
0.317780 0.516873 0.031814
0.312456 0.521510 0.030024
0.318615 0.506983 0.035355
0.334495 0.493446 0.041678
0.338984 0.498618 0.039823
0.333693 0.503141 0.037681
0.460601 0.689420 0.008953
0.465503 0.694429 0.008912
0.460564 0.699390 0.008896
0.465573 0.684375 0.009019
0.480579 0.669049 0.009359
0.485417 0.674203 0.009217
0.480416 0.679307 0.009106
0.385080 0.601250 0.013868
0.389641 0.607141 0.013186
0.384425 0.612520 0.012545
0.390309 0.595978 0.014663
0.406023 0.580435 0.017493
0.410545 0.586131 0.016496
0.405313 0.591320 0.015558
0.469199 0.520879 0.036055
0.473624 0.526105 0.033913
0.468344 0.530955 0.031977
0.474494 0.516097 0.038191
0.490427 0.501927 0.045103
0.494808 0.507004 0.042503
0.489501 0.511736 0.040234
0.427033 0.560183 0.022299
0.431518 0.565696 0.020987
0.426269 0.570762 0.019754
0.432291 0.555178 0.023686
0.448080 0.540305 0.028415
0.452539 0.545678 0.026716
0.447279 0.550644 0.025149
0.463344 0.604590 0.013799
0.467959 0.610141 0.013080
0.462790 0.615439 0.012492
0.468528 0.599339 0.014538
0.484108 0.583743 0.017166
0.488681 0.589209 0.016122
0.483493 0.594405 0.015261
0.624614 0.526656 0.028392
0.629139 0.531794 0.026455
0.623920 0.536566 0.025240
0.629848 0.521931 0.029720
0.645590 0.507937 0.033842
0.650082 0.513012 0.031597
0.644837 0.517663 0.030273
0.582966 0.565576 0.019251
0.587561 0.570844 0.017996
0.582392 0.575864 0.017141
0.588151 0.560604 0.020215
0.603742 0.545867 0.023433
0.608301 0.551072 0.021840
0.603107 0.555970 0.020803
0.620167 0.607765 0.011760
0.624884 0.613019 0.011213
0.619790 0.618110 0.010902
0.625275 0.602699 0.012180
0.640635 0.587644 0.013680
0.645309 0.592873 0.012875
0.640198 0.597872 0.012397
0.554519 0.448360 0.077630
0.558842 0.452924 0.073700
0.553493 0.457256 0.070946
0.559876 0.444062 0.080516
0.575936 0.431112 0.089171
0.580213 0.435582 0.084721
0.574880 0.439939 0.081977
0.511760 0.483453 0.055310
0.516108 0.488363 0.052273
0.510774 0.492976 0.049745
0.517093 0.478941 0.057983
0.533110 0.465661 0.066237
0.537456 0.470375 0.062775
0.532115 0.474809 0.060099
0.546819 0.523799 0.033565
0.551275 0.528966 0.031341
0.546027 0.533821 0.029716
0.552087 0.519001 0.035355
0.567934 0.504783 0.040988
0.572340 0.509844 0.038316
0.567064 0.514581 0.036514
0.597000 0.413474 0.099428
0.601335 0.417957 0.094952
0.596101 0.422391 0.092543
0.602175 0.408973 0.101749
0.617582 0.395299 0.108518
0.622062 0.400020 0.104081
0.616904 0.404532 0.101840
0.631436 0.450356 0.065258
0.635788 0.455157 0.061523
0.630493 0.459584 0.059533
0.636740 0.445956 0.067342
0.652722 0.432839 0.073637
0.657057 0.437591 0.069580
0.651728 0.441969 0.067543
0.589128 0.486223 0.048870
0.593495 0.491182 0.045817
0.588202 0.495805 0.043905
0.594420 0.481662 0.050883
0.610280 0.468129 0.056993
0.614638 0.472987 0.053600
0.609355 0.477497 0.051638
0.661189 0.567972 0.016254
0.665802 0.573157 0.015207
0.660668 0.578042 0.014562
0.666351 0.563132 0.016999
0.681896 0.548792 0.019483
0.686468 0.553927 0.018196
0.681284 0.558690 0.017388
0.504938 0.563299 0.021560
0.509470 0.568668 0.020186
0.504267 0.573763 0.019081
0.510152 0.558255 0.022805
0.525826 0.543300 0.026991
0.530323 0.548574 0.025211
0.525102 0.553554 0.023849
0.422092 0.647505 0.010241
0.426827 0.652969 0.009983
0.421743 0.658275 0.009755
0.427212 0.642128 0.010525
0.442656 0.625896 0.011553
0.447313 0.631512 0.011155
0.442170 0.636908 0.010824
0.500000 0.728991 0.008894
0.504929 0.733921 0.008894
0.500000 0.738849 0.008894
0.504930 0.724061 0.008894
0.519719 0.709263 0.008895
0.524648 0.714196 0.008894
0.519718 0.719129 0.008894
0.349044 0.555058 0.021767
0.353519 0.560653 0.020552
0.348215 0.565573 0.019290
0.354351 0.550211 0.023163
0.370239 0.535812 0.027825
0.374692 0.541280 0.026310
0.369405 0.546090 0.024748
0.518929 0.412553 0.109536
0.523558 0.417038 0.105873
0.518269 0.421267 0.102500
0.524145 0.408219 0.112747
0.539595 0.394779 0.121688
0.544401 0.399523 0.118119
0.539246 0.404015 0.115247
0.433897 0.480231 0.055482
0.438329 0.485173 0.052902
0.432996 0.489704 0.050116
0.439224 0.475806 0.058441
0.455209 0.462818 0.067819
0.459662 0.467533 0.064878
0.454329 0.471872 0.061775
0.579510 0.648836 0.009819
0.584312 0.654016 0.009625
0.579281 0.659121 0.009489
0.584565 0.643698 0.009983
0.599788 0.628231 0.010521
0.604539 0.633491 0.010238
0.599468 0.638636 0.010079
0.648934 0.469768 0.051194
0.648059 0.479192 0.046384
0.643646 0.474245 0.049450
0.653342 0.474696 0.048057
0.661383 0.494178 0.038126
0.684618 0.509798 0.030407
0.683896 0.519460 0.027295
0.679366 0.514385 0.029197
0.689144 0.514863 0.028448
0.697534 0.534722 0.022287
0.523175 0.584817 0.016591
0.522615 0.595375 0.014785
0.518001 0.589970 0.015727
0.527779 0.590207 0.015570
0.536560 0.611560 0.012489
0.481909 0.626702 0.011420
0.481472 0.637499 0.010730
0.476772 0.632038 0.011070
0.486594 0.632184 0.011032
0.495711 0.653520 0.009899
0.519986 0.669150 0.009320
0.519840 0.679350 0.009089
0.514979 0.674254 0.009197
0.524833 0.674273 0.009189
0.534516 0.694435 0.008909
0.379557 0.423777 0.087470
0.378894 0.432256 0.081069
0.374305 0.427621 0.083688
0.384157 0.428370 0.084808
0.392610 0.446234 0.073259
0.337504 0.455911 0.060190
0.336778 0.465099 0.055166
0.332240 0.460139 0.057287
0.342046 0.460833 0.058004
0.350340 0.480125 0.048917
0.373582 0.496041 0.043239
0.372751 0.505780 0.038928
0.368286 0.500581 0.040871
0.378047 0.501204 0.041221
0.386108 0.521603 0.033336
0.498321 0.312167 0.155056
0.498470 0.322477 0.153450
0.493467 0.317355 0.154353
0.503318 0.317267 0.154346
0.513631 0.338215 0.149662
0.538995 0.354275 0.143846
0.539392 0.364898 0.139108
0.534194 0.359566 0.141741
0.544195 0.359639 0.141371
0.554671 0.380472 0.129610
0.459876 0.355132 0.143084
0.460140 0.365332 0.138270
0.455084 0.360472 0.140478
0.464916 0.360093 0.141017
0.475166 0.379898 0.130868
0.420757 0.393096 0.117646
0.420529 0.401545 0.111515
0.415710 0.397126 0.114042
0.425608 0.397523 0.115150
0.434754 0.414723 0.103334
0.458449 0.428178 0.094681
0.457684 0.436666 0.087574
0.453154 0.432217 0.090843
0.462990 0.432592 0.091328
0.471186 0.450178 0.077794
0.295362 0.490566 0.040150
0.294565 0.500245 0.036445
0.290083 0.495001 0.038113
0.299856 0.495769 0.038438
0.307986 0.516151 0.031582
0.441175 0.668924 0.009378
0.440994 0.679254 0.009114
0.436149 0.674098 0.009234
0.446002 0.674122 0.009232
0.455645 0.694426 0.008912
0.366984 0.577792 0.017288
0.366235 0.588772 0.015376
0.361718 0.582890 0.016255
0.371488 0.583619 0.016331
0.379854 0.606579 0.013148
0.451558 0.500273 0.045354
0.450649 0.510074 0.040547
0.446237 0.504931 0.042858
0.455963 0.505377 0.042931
0.463910 0.525691 0.034007
0.409179 0.538318 0.028273
0.408357 0.548654 0.025086
0.403900 0.543183 0.026601
0.413632 0.543747 0.026663
0.421775 0.565205 0.020987
0.445059 0.582331 0.017464
0.444394 0.593105 0.015520
0.439839 0.587509 0.016470
0.449605 0.587897 0.016433
0.458165 0.609870 0.013130
0.606703 0.506257 0.037496
0.605895 0.516032 0.033453
0.601438 0.510941 0.035849
0.611150 0.511331 0.035010
0.619386 0.531411 0.027094
0.564751 0.544579 0.025407
0.564073 0.554765 0.022486
0.559534 0.549509 0.024108
0.569280 0.549813 0.023679
0.577787 0.570579 0.018325
0.601442 0.586678 0.014793
0.600970 0.597025 0.013327
0.596302 0.591737 0.014146
0.606100 0.591956 0.013906
0.615064 0.612853 0.011383
0.537062 0.430372 0.093973
0.536089 0.439083 0.086560
0.531690 0.434596 0.090596
0.541460 0.434840 0.089821
0.549162 0.452661 0.074754
0.494271 0.464365 0.067999
0.493329 0.473456 0.061825
0.488936 0.468708 0.064963
0.498664 0.469060 0.064760
0.506427 0.488014 0.052681
0.529177 0.503370 0.043628
0.528268 0.513179 0.038866
0.523871 0.508082 0.041434
0.533562 0.508437 0.040943
0.541560 0.528627 0.031829
0.579022 0.395212 0.116838
0.578510 0.404490 0.110228
0.573916 0.399873 0.114404
0.583648 0.399891 0.112647
0.591797 0.417944 0.097043
0.614202 0.431569 0.081657
0.613186 0.440605 0.074998
0.608902 0.435974 0.079233
0.618482 0.436200 0.077341
0.626140 0.454773 0.063182
0.571789 0.466885 0.062421
0.570794 0.476126 0.056566
0.566465 0.471330 0.060019
0.576109 0.471640 0.058854
0.583831 0.490816 0.046874
0.642811 0.547266 0.021395
0.642208 0.557269 0.019048
0.637617 0.552084 0.020421
0.647393 0.552436 0.019949
0.656038 0.572843 0.015549
0.486962 0.541935 0.028020
0.486193 0.552243 0.024761
0.481711 0.546890 0.026420
0.491433 0.547254 0.026248
0.499725 0.568372 0.020372
0.403422 0.624737 0.011574
0.402881 0.636053 0.010833
0.398236 0.630240 0.011171
0.408050 0.630554 0.011183
0.416988 0.652857 0.009983
0.480282 0.709262 0.008895
0.480282 0.719126 0.008895
0.475352 0.714193 0.008895
0.485211 0.714195 0.008895
0.495070 0.733920 0.008895
0.331181 0.533033 0.027199
0.330317 0.543268 0.024219
0.325853 0.537779 0.025596
0.335645 0.538487 0.025755
0.343731 0.559932 0.020433
0.499850 0.394214 0.122726
0.499589 0.403348 0.116455
0.494786 0.398762 0.119587
0.504698 0.398875 0.119640
0.513685 0.416831 0.106211
0.416015 0.460931 0.066039
0.415197 0.469984 0.060257
0.410710 0.465166 0.062842
0.420508 0.465691 0.063372
0.428570 0.484702 0.052615
0.560476 0.627773 0.010894
0.560122 0.638292 0.010351
0.555378 0.632992 0.010639
0.565208 0.633092 0.010568
0.574465 0.653963 0.009664
0.569432 0.659076 0.009519
0.569250 0.669291 0.009250
0.564409 0.664177 0.009385
0.574260 0.664213 0.009363
0.579103 0.669320 0.009233
0.578977 0.679433 0.009049
0.574107 0.674376 0.009138
0.559824 0.648711 0.009908
0.564619 0.653910 0.009700
0.559584 0.659031 0.009547
0.564886 0.643551 0.010093
0.569957 0.638377 0.010289
0.574725 0.643625 0.010040
0.569667 0.648774 0.009865
0.550288 0.638205 0.010409
0.549982 0.648646 0.009948
0.545208 0.643400 0.010192
0.555047 0.643476 0.010144
0.554774 0.653855 0.009734
0.423243 0.489218 0.049841
0.422351 0.498860 0.044834
0.417922 0.493767 0.047161
0.427670 0.494268 0.047423
0.432090 0.499352 0.045047
0.431198 0.509146 0.040331
0.426776 0.503986 0.042556
0.414354 0.479241 0.054750
0.418807 0.484205 0.052285
0.413486 0.488707 0.049525
0.419670 0.474843 0.057689
0.424987 0.470492 0.060722
0.429449 0.475338 0.058090
0.424128 0.479749 0.055140
0.405404 0.469448 0.059739
0.404576 0.478709 0.054312
0.400098 0.473778 0.056733
0.409887 0.474323 0.057236
0.409039 0.483685 0.051909
0.508414 0.421059 0.102770
0.507628 0.429636 0.095420
0.503117 0.425242 0.099213
0.512956 0.425462 0.099007
0.517447 0.429874 0.095116
0.516544 0.438547 0.087727
0.512099 0.434076 0.091572
0.499158 0.412204 0.109844
0.503815 0.416644 0.106381
0.498558 0.420854 0.102879
0.504343 0.407882 0.113184
0.509497 0.403481 0.116416
0.514242 0.408037 0.113050
0.509043 0.412373 0.109771
0.489688 0.403208 0.116340
0.489275 0.412019 0.109761
0.484559 0.407555 0.112986
0.494448 0.407727 0.113162
0.493943 0.416449 0.106394
0.338413 0.564850 0.019164
0.337603 0.575605 0.016973
0.333093 0.569831 0.017964
0.342910 0.570554 0.018096
0.347415 0.576329 0.017096
0.346648 0.587352 0.015196
0.342121 0.581448 0.016051
0.329447 0.553633 0.021498
0.333926 0.559215 0.020300
0.328593 0.564132 0.019023
0.334783 0.548791 0.022900
0.340109 0.543976 0.024366
0.344574 0.549500 0.023037
0.339253 0.554344 0.021639
0.320511 0.542558 0.024063
0.319623 0.552924 0.021344
0.315154 0.547372 0.022593
0.324976 0.548081 0.022753
0.324104 0.558503 0.020151
0.490141 0.738848 0.008895
0.490141 0.748704 0.008895
0.485211 0.743775 0.008895
0.495070 0.743777 0.008895
0.500000 0.748705 0.008895
0.500000 0.758557 0.008895
0.495070 0.753631 0.008895
0.480281 0.728987 0.008895
0.485211 0.733918 0.008895
0.480281 0.738846 0.008895
0.485211 0.724058 0.008895
0.490141 0.719128 0.008895
0.495070 0.724060 0.008895
0.490141 0.728989 0.008895
0.470422 0.719123 0.008895
0.470422 0.728984 0.008895
0.465493 0.724052 0.008896
0.475352 0.724056 0.008895
0.475352 0.733915 0.008895
0.411899 0.658182 0.009753
0.411624 0.668796 0.009379
0.406828 0.663478 0.009550
0.416675 0.663552 0.009553
0.421474 0.668846 0.009380
0.421283 0.679220 0.009114
0.416442 0.674041 0.009234
0.402425 0.647183 0.010232
0.407149 0.652729 0.009979
0.402056 0.658077 0.009748
0.407556 0.641756 0.010522
0.412703 0.636306 0.010841
0.417384 0.641954 0.010527
0.412258 0.647354 0.010239
0.393060 0.635774 0.010818
0.392592 0.646994 0.010220
0.387901 0.641291 0.010495
0.397728 0.641535 0.010512
0.397310 0.652586 0.009971
0.494516 0.573471 0.019243
0.493873 0.584037 0.017047
0.489310 0.578594 0.018173
0.499068 0.578888 0.018034
0.503638 0.584306 0.016910
0.503051 0.594916 0.015048
0.498453 0.589478 0.016005
0.485462 0.562654 0.021908
0.489981 0.568058 0.020535
0.484765 0.573155 0.019382
0.490689 0.557610 0.023206
0.495919 0.552591 0.024581
0.500421 0.557941 0.023020
0.495200 0.562987 0.021748
0.476466 0.551874 0.024909
0.475723 0.562298 0.022041
0.471224 0.556884 0.023487
0.480957 0.557258 0.023362
0.480236 0.567721 0.020672
0.650898 0.577746 0.014885
0.650423 0.587901 0.013396
0.645764 0.582680 0.014262
0.655542 0.582957 0.013958
0.660196 0.588168 0.013118
0.659770 0.598336 0.011921
0.655092 0.593120 0.012616
0.641640 0.567333 0.017002
0.646263 0.572537 0.015899
0.641115 0.577460 0.015215
0.646809 0.562458 0.017786
0.651985 0.557612 0.018615
0.656584 0.562791 0.017387
0.651419 0.567648 0.016623
0.632427 0.556934 0.019492
0.631853 0.567026 0.017390
0.627244 0.561816 0.018610
0.637027 0.562132 0.018197
0.636477 0.572241 0.016258
0.578530 0.495444 0.044895
0.577621 0.505136 0.040146
0.573230 0.500100 0.042932
0.582909 0.500457 0.042010
0.587310 0.505498 0.039272
0.586470 0.515287 0.035006
0.582035 0.510199 0.037504
0.569818 0.485526 0.051040
0.574169 0.490463 0.047910
0.568858 0.495091 0.045844
0.575130 0.480973 0.053217
0.580436 0.476448 0.055394
0.584774 0.481310 0.052062
0.579475 0.485870 0.049980
0.561139 0.475800 0.057620
0.560153 0.485182 0.051998
0.555811 0.480300 0.055231
0.565475 0.480637 0.054278
0.564502 0.490114 0.048867
0.620850 0.459208 0.061111
0.619920 0.468499 0.055571
0.615564 0.463659 0.059048
0.625204 0.464032 0.057549
0.629575 0.468898 0.054128
0.628680 0.478303 0.049043
0.624292 0.473382 0.052235
0.612195 0.449697 0.068668
0.616514 0.454429 0.064818
0.611226 0.458866 0.062668
0.617487 0.445282 0.070913
0.622783 0.440877 0.073165
0.627100 0.445595 0.069138
0.621804 0.450005 0.066974
0.603608 0.440384 0.076807
0.602601 0.449431 0.070338
0.598314 0.444793 0.074391
0.607893 0.445016 0.072664
0.606905 0.454122 0.066431
0.586558 0.422381 0.094567
0.585539 0.431200 0.087433
0.581268 0.426769 0.091947
0.590838 0.426805 0.090045
0.595088 0.431272 0.085535
0.594043 0.440209 0.078592
0.589786 0.435677 0.082945
0.577811 0.413503 0.103420
0.582218 0.417956 0.099035
0.576946 0.422343 0.096404
0.583019 0.409030 0.105931
0.588183 0.404477 0.108330
0.592626 0.408991 0.103901
0.587447 0.413505 0.101529
0.568771 0.404436 0.111871
0.568110 0.413431 0.105061
0.563582 0.408912 0.109225
0.573331 0.409001 0.107704
0.572563 0.417903 0.100782
0.536308 0.533486 0.030151
0.535550 0.543625 0.026646
0.531063 0.538377 0.028537
0.540784 0.538708 0.028149
0.545280 0.543947 0.026267
0.544579 0.554169 0.023222
0.540056 0.548890 0.024874
0.527407 0.523107 0.034504
0.531849 0.528285 0.032270
0.526594 0.533148 0.030544
0.532681 0.518304 0.036407
0.537963 0.513532 0.038369
0.542383 0.518653 0.035909
0.537111 0.523454 0.034060
0.518576 0.512825 0.039302
0.517707 0.522756 0.034898
0.513290 0.517599 0.037236
0.522983 0.517952 0.036849
0.522142 0.527940 0.032666
0.501088 0.492621 0.050098
0.500122 0.502300 0.044847
0.495754 0.497261 0.047565
0.505444 0.497623 0.047264
0.509808 0.502658 0.044515
0.508887 0.512469 0.039678
0.504499 0.507369 0.042216
0.492369 0.482748 0.055943
0.496734 0.487658 0.052994
0.491391 0.492254 0.050361
0.497707 0.478255 0.058727
0.503042 0.473803 0.061561
0.507406 0.478600 0.058408
0.502072 0.483106 0.055677
0.483600 0.473088 0.061979
0.482651 0.482371 0.056110
0.478260 0.477510 0.059049
0.487991 0.477891 0.058941
0.487027 0.487286 0.053213
0.543808 0.456974 0.071893
0.542799 0.465975 0.065479
0.538457 0.461305 0.069053
0.548146 0.461605 0.068204
0.552477 0.466284 0.064591
0.551473 0.475472 0.058560
0.547136 0.470697 0.061979
0.535101 0.447838 0.079464
0.539461 0.452387 0.075649
0.534107 0.456682 0.072692
0.540465 0.443583 0.082569
0.545832 0.439328 0.085698
0.550184 0.443831 0.081632
0.544821 0.448106 0.078631
0.526323 0.438821 0.087235
0.525365 0.447557 0.080131
0.520966 0.443040 0.083913
0.530723 0.443319 0.083329
0.529744 0.452102 0.076388
0.609967 0.617961 0.011050
0.609618 0.628348 0.010413
0.604875 0.623087 0.010762
0.614701 0.623221 0.010634
0.619449 0.628466 0.010300
0.619146 0.638812 0.009917
0.614374 0.633594 0.010143
0.600539 0.607407 0.012127
0.605246 0.612689 0.011547
0.600145 0.617813 0.011191
0.605654 0.602309 0.012595
0.610775 0.597232 0.013106
0.615463 0.602502 0.012391
0.610352 0.607585 0.011947
0.591169 0.596820 0.013541
0.590728 0.607232 0.012298
0.586041 0.601928 0.012979
0.595846 0.602117 0.012791
0.595429 0.612527 0.011703
0.572615 0.575613 0.017439
0.572072 0.585990 0.015551
0.567448 0.580676 0.016592
0.577229 0.580913 0.016325
0.581859 0.586216 0.015306
0.581369 0.596618 0.013747
0.576712 0.591305 0.014603
0.563436 0.565029 0.019952
0.568017 0.570318 0.018648
0.562840 0.575364 0.017726
0.568628 0.560030 0.020990
0.573826 0.555059 0.022077
0.578389 0.560314 0.020605
0.573200 0.565301 0.019607
0.554324 0.554469 0.022868
0.553676 0.564755 0.020275
0.549119 0.559458 0.021693
0.558872 0.559746 0.021353
0.558250 0.570057 0.018954
0.614165 0.536199 0.025832
0.613501 0.546205 0.022929
0.608950 0.541016 0.024610
0.618707 0.541370 0.024064
0.623265 0.546551 0.022420
0.622648 0.556607 0.019933
0.618067 0.551402 0.021371
0.605134 0.525894 0.029760
0.609641 0.531039 0.027730
0.604417 0.535839 0.026420
0.610373 0.521143 0.031197
0.615618 0.516422 0.032666
0.620106 0.521531 0.030461
0.614870 0.526270 0.029078
0.596180 0.515654 0.034233
0.595405 0.525527 0.030438
0.590927 0.520397 0.032652
0.600647 0.520765 0.031927
0.599901 0.530675 0.028361
0.452990 0.615180 0.012532
0.452467 0.626122 0.011529
0.447821 0.620521 0.012006
0.457626 0.620765 0.011974
0.462280 0.626332 0.011498
0.461819 0.637227 0.010786
0.457132 0.631701 0.011132
0.443772 0.603965 0.013886
0.448372 0.609579 0.013169
0.443192 0.614901 0.012563
0.448967 0.598700 0.014645
0.454167 0.593465 0.015477
0.458747 0.599031 0.014598
0.453557 0.604289 0.013848
0.434623 0.592722 0.015550
0.433988 0.603620 0.013914
0.429412 0.597965 0.014703
0.439189 0.598346 0.014680
0.438581 0.609266 0.013200
0.416520 0.570252 0.019749
0.415782 0.580977 0.017508
0.411269 0.575327 0.018584
0.421023 0.575855 0.018594
0.425541 0.581472 0.017508
0.424853 0.592302 0.015567
0.420310 0.586637 0.016502
0.407553 0.559115 0.022258
0.412031 0.564671 0.020971
0.406771 0.569698 0.019728
0.412821 0.554151 0.023650
0.418090 0.549204 0.025129
0.422557 0.554684 0.023676
0.417294 0.559669 0.022287
0.398622 0.548067 0.025027
0.397811 0.558520 0.022213
0.393345 0.552969 0.023548
0.403084 0.553580 0.023607
0.402286 0.564093 0.020938
0.458628 0.530532 0.032049
0.457802 0.540741 0.028377
0.453351 0.535404 0.030185
0.463071 0.535833 0.030131
0.467524 0.541158 0.028298
0.466737 0.551484 0.025023
0.462264 0.546102 0.026654
0.449766 0.520015 0.036119
0.454194 0.525259 0.034047
0.448910 0.530093 0.032073
0.455064 0.515249 0.038298
0.460370 0.510514 0.040569
0.464781 0.515681 0.038275
0.459484 0.520456 0.036115
0.440925 0.509618 0.040460
0.440046 0.519558 0.036066
0.435621 0.514337 0.038166
0.445344 0.514801 0.038258
0.444475 0.524811 0.034035
0.374633 0.611972 0.012504
0.374003 0.623488 0.011494
0.369414 0.617441 0.011937
0.379212 0.617966 0.011981
0.383808 0.623943 0.011530
0.383240 0.635465 0.010796
0.378609 0.629512 0.011122
0.365520 0.599971 0.013762
0.370069 0.605969 0.013098
0.364840 0.611382 0.012452
0.370761 0.594692 0.014564
0.376005 0.589480 0.015442
0.380535 0.595360 0.014620
0.375300 0.600633 0.013821
0.356450 0.588059 0.015295
0.355726 0.599304 0.013688
0.351183 0.593307 0.014409
0.360981 0.593998 0.014495
0.360278 0.605333 0.013036
0.450704 0.699387 0.008897
0.450704 0.709252 0.008896
0.445775 0.704318 0.008896
0.455634 0.704322 0.008896
0.460563 0.709256 0.008896
0.460563 0.719120 0.008896
0.455634 0.714186 0.008896
0.440884 0.689410 0.008954
0.445786 0.694422 0.008913
0.440845 0.699383 0.008897
0.445859 0.684358 0.009021
0.450849 0.679268 0.009113
0.455716 0.684367 0.009020
0.450743 0.689416 0.008954
0.431138 0.679238 0.009115
0.431026 0.689404 0.008954
0.426144 0.684339 0.009021
0.436002 0.684349 0.009021
0.435927 0.694418 0.008913
0.302657 0.520781 0.029813
0.301771 0.530884 0.026661
0.297315 0.525449 0.028115
0.307120 0.526181 0.028308
0.311584 0.531609 0.026846
0.310691 0.541847 0.023896
0.306229 0.536351 0.025253
0.293731 0.510070 0.032930
0.298194 0.515411 0.031355
0.292862 0.520043 0.029609
0.299042 0.505518 0.034797
0.304344 0.501001 0.036745
0.308828 0.506262 0.035074
0.303515 0.510820 0.033175
0.284796 0.499468 0.036160
0.283955 0.509308 0.032698
0.279498 0.503976 0.034284
0.289265 0.504756 0.034534
0.288409 0.514664 0.031138
0.465861 0.454361 0.074409
0.464993 0.463236 0.068044
0.460536 0.458573 0.071084
0.470323 0.458976 0.071271
0.474766 0.463633 0.068149
0.473855 0.472702 0.062022
0.469433 0.467945 0.065022
0.456887 0.445247 0.080719
0.461382 0.449786 0.077560
0.456062 0.453952 0.074135
0.462200 0.441141 0.084307
0.467513 0.437042 0.087957
0.472020 0.441515 0.084592
0.466701 0.445643 0.081046
0.447852 0.436265 0.087054
0.447066 0.444828 0.080261
0.442547 0.440316 0.083343
0.452376 0.440741 0.083883
0.451571 0.449371 0.077194
0.429543 0.418660 0.099518
0.428896 0.426951 0.092618
0.424300 0.422556 0.095647
0.434168 0.423028 0.096513
0.438755 0.427400 0.093401
0.438012 0.435836 0.086435
0.433463 0.431379 0.089535
0.420166 0.409886 0.105160
0.424875 0.414280 0.102397
0.419667 0.418163 0.098570
0.425310 0.405953 0.108894
0.430423 0.401940 0.112565
0.435198 0.406341 0.109881
0.430053 0.410346 0.106170
0.410631 0.401057 0.110374
0.410275 0.409341 0.104060
0.405521 0.404911 0.106648
0.415417 0.405477 0.107816
0.414991 0.413758 0.101371
0.470246 0.384677 0.127788
0.470158 0.393935 0.121870
0.465289 0.389320 0.124597
0.475158 0.389374 0.125098
0.480039 0.394031 0.122300
0.479797 0.403054 0.116074
0.474995 0.398514 0.119032
0.460339 0.375187 0.132880
0.465307 0.379944 0.130380
0.460391 0.384674 0.127221
0.465175 0.370211 0.135892
0.469966 0.365078 0.138765
0.475017 0.370050 0.136348
0.470182 0.375069 0.133422
0.450282 0.365683 0.137605
0.450474 0.375353 0.132173
0.445459 0.370709 0.134521
0.455331 0.370427 0.135289
0.455454 0.380012 0.129744
0.549690 0.385350 0.127072
0.549514 0.394940 0.120873
0.544664 0.390117 0.124434
0.554585 0.390259 0.123516
0.559398 0.395073 0.119790
0.558974 0.404331 0.113257
0.554285 0.399676 0.117144
0.539671 0.375253 0.133634
0.544717 0.380348 0.130447
0.539738 0.385205 0.127818
0.544554 0.370183 0.136153
0.549388 0.364982 0.138560
0.554535 0.370277 0.135421
0.549649 0.375374 0.132978
0.529397 0.364801 0.139412
0.529682 0.375119 0.134029
0.524580 0.369960 0.136881
0.534559 0.370070 0.136627
0.534741 0.380204 0.131017
0.508827 0.343523 0.148020
0.509151 0.354148 0.144196
0.504030 0.348843 0.146185
0.513938 0.348844 0.146197
0.519070 0.354171 0.144168
0.519444 0.364724 0.139569
0.514293 0.359447 0.142007
0.498674 0.332962 0.151090
0.503739 0.338221 0.149650
0.498933 0.343556 0.147983
0.503500 0.327670 0.152374
0.508337 0.322438 0.153457
0.513379 0.327661 0.152383
0.508554 0.332924 0.151113
0.488631 0.322624 0.153441
0.488822 0.333109 0.151035
0.483812 0.327968 0.152311
0.493638 0.327761 0.152350
0.493863 0.338307 0.149596
0.380817 0.526321 0.031400
0.379979 0.536486 0.027964
0.375528 0.531058 0.029563
0.385266 0.531708 0.029715
0.389715 0.537130 0.028086
0.388885 0.547444 0.024951
0.384430 0.541949 0.026425
0.371915 0.515655 0.034920
0.376368 0.520970 0.033136
0.371077 0.525666 0.031217
0.377208 0.511018 0.037024
0.382504 0.506402 0.039236
0.386954 0.511636 0.037285
0.381660 0.516293 0.035159
0.362993 0.505143 0.038617
0.362164 0.515002 0.034677
0.357700 0.509728 0.036472
0.367457 0.510380 0.036749
0.366622 0.520315 0.032923
0.345060 0.484543 0.046397
0.344272 0.494120 0.042066
0.339779 0.488984 0.043984
0.349558 0.489645 0.044417
0.354045 0.494778 0.042456
0.353231 0.504491 0.038306
0.348756 0.499288 0.040172
0.336034 0.474423 0.050408
0.340552 0.479468 0.048392
0.335275 0.483876 0.045919
0.341307 0.470082 0.053063
0.346580 0.465776 0.055835
0.351105 0.470742 0.053685
0.345828 0.475089 0.050979
0.326974 0.464405 0.054500
0.326238 0.473739 0.049839
0.321707 0.468706 0.051829
0.331508 0.469403 0.052445
0.330760 0.478794 0.047869
0.387324 0.450302 0.069831
0.386575 0.459212 0.064052
0.382038 0.454418 0.066499
0.391866 0.455045 0.067304
0.396393 0.459814 0.064777
0.395605 0.468887 0.059165
0.391098 0.464034 0.061607
0.378204 0.440876 0.074890
0.382769 0.445580 0.072355
0.377491 0.449649 0.068957
0.383475 0.436902 0.078460
0.388749 0.432974 0.082142
0.393329 0.437586 0.079466
0.388049 0.441561 0.075863
0.369051 0.431517 0.080000
0.368369 0.440174 0.073919
0.363797 0.435460 0.076419
0.373631 0.436190 0.077439
0.372934 0.444902 0.071431
0.529578 0.699394 0.008895
0.529577 0.709262 0.008895
0.524648 0.704329 0.008895
0.534507 0.704328 0.008895
0.539437 0.709260 0.008895
0.539437 0.719125 0.008894
0.534507 0.714194 0.008894
0.519751 0.689439 0.008947
0.524657 0.694435 0.008910
0.519719 0.699395 0.008895
0.524717 0.684413 0.009005
0.529695 0.679363 0.009083
0.534574 0.684420 0.009002
0.529609 0.689442 0.008945
0.509984 0.679339 0.009094
0.509892 0.689436 0.008948
0.505002 0.684400 0.009011
0.514859 0.684407 0.009008
0.514798 0.694435 0.008910
0.490654 0.658714 0.009698
0.490431 0.669075 0.009351
0.485610 0.663891 0.009518
0.495459 0.663927 0.009506
0.500282 0.669100 0.009342
0.500128 0.679328 0.009098
0.495271 0.674220 0.009211
0.481105 0.648152 0.010169
0.485869 0.653458 0.009919
0.480808 0.658665 0.009713
0.486196 0.642896 0.010422
0.491300 0.637618 0.010695
0.496029 0.642990 0.010391
0.490943 0.648233 0.010145
0.471645 0.637369 0.010760
0.471268 0.648064 0.010189
0.466531 0.642679 0.010472
0.476363 0.642792 0.010449
0.476028 0.653391 0.009936
0.531430 0.616781 0.011995
0.531004 0.627409 0.011124
0.526304 0.622021 0.011562
0.536120 0.622165 0.011480
0.540827 0.627534 0.011051
0.540454 0.638114 0.010465
0.535720 0.632781 0.010769
0.522096 0.605980 0.013283
0.526755 0.611386 0.012596
0.521619 0.616620 0.012086
0.527246 0.600776 0.013932
0.532401 0.595595 0.014638
0.537040 0.600980 0.013795
0.531895 0.606172 0.013166
0.512831 0.595148 0.014922
0.512300 0.605782 0.013393
0.507667 0.600352 0.014177
0.517455 0.600567 0.014059
0.516951 0.611205 0.012696
0.692310 0.539383 0.021323
0.691662 0.549195 0.019042
0.687098 0.544072 0.020387
0.696869 0.544492 0.019922
0.701426 0.549605 0.018616
0.700786 0.559452 0.016630
0.696226 0.554321 0.017792
0.683202 0.529178 0.024437
0.687754 0.534277 0.022827
0.682535 0.538954 0.021833
0.688436 0.524542 0.025513
0.693679 0.519933 0.026610
0.698220 0.525010 0.024888
0.692982 0.529629 0.023846
0.674122 0.518997 0.028003
0.673426 0.528735 0.025049
0.668883 0.523636 0.026830
0.678657 0.524084 0.026161
0.677977 0.533842 0.023385
0.656114 0.498742 0.036684
0.655334 0.508388 0.032943
0.650849 0.503328 0.035255
0.660592 0.503788 0.034306
0.665087 0.508847 0.032070
0.664353 0.518543 0.028736
0.659836 0.513460 0.030772
0.647210 0.488698 0.041891
0.651655 0.493711 0.039210
0.646384 0.498282 0.037715
0.652486 0.484165 0.043475
0.657764 0.479652 0.045078
0.662201 0.484632 0.042254
0.656927 0.489162 0.040723
0.638363 0.478741 0.047718
0.637502 0.488244 0.043086
0.633083 0.483259 0.045992
0.642780 0.483707 0.044729
0.641935 0.493253 0.040325
0.599198 0.648963 0.009719
0.604007 0.654122 0.009541
0.598980 0.659208 0.009424
0.604248 0.643847 0.009858
0.609307 0.638723 0.010000
0.614090 0.643922 0.009790
0.609044 0.649026 0.009664
0.589130 0.659165 0.009458
0.594159 0.654069 0.009585
0.593963 0.664284 0.009315
0.589354 0.648900 0.009770
0.589631 0.638549 0.010153
0.594705 0.633390 0.010328
0.594406 0.643772 0.009922
0.583962 0.674397 0.009125
0.584111 0.664249 0.009340
0.588957 0.669347 0.009215
0.453423 0.481135 0.056009
0.457834 0.486066 0.053301
0.452491 0.490617 0.050528
0.458761 0.476692 0.058948
0.464098 0.472296 0.061954
0.468517 0.477110 0.059052
0.463176 0.481564 0.056143
0.442745 0.490168 0.050349
0.448084 0.485627 0.053141
0.447153 0.495203 0.047830
0.443662 0.480690 0.055777
0.444553 0.471431 0.061488
0.449881 0.467102 0.064618
0.448996 0.476257 0.058739
0.436508 0.504469 0.042724
0.437413 0.494745 0.047646
0.441826 0.499820 0.045224
0.538700 0.412971 0.108486
0.543273 0.417466 0.104565
0.537964 0.421723 0.101394
0.543934 0.408616 0.111499
0.549130 0.404188 0.114383
0.553781 0.408781 0.110490
0.548546 0.413156 0.107595
0.528125 0.421499 0.102057
0.533428 0.417262 0.105339
0.532623 0.425937 0.098081
0.528821 0.412763 0.109126
0.529332 0.403821 0.115847
0.534483 0.399345 0.118828
0.534052 0.408426 0.112250
0.521898 0.434335 0.091172
0.522792 0.425695 0.098638
0.527263 0.430128 0.094646
0.368577 0.556495 0.021984
0.373044 0.562108 0.020749
0.367766 0.567036 0.019493
0.373862 0.551633 0.023380
0.379146 0.546784 0.024857
0.383604 0.552321 0.023472
0.378324 0.557208 0.022076
0.357999 0.566302 0.019399
0.363290 0.561378 0.020657
0.362487 0.572016 0.018311
0.358818 0.555775 0.021882
0.359653 0.545387 0.024630
0.364948 0.540588 0.026183
0.364114 0.550922 0.023277
0.351929 0.582166 0.016162
0.352707 0.571282 0.018212
0.357208 0.577057 0.017201
0.519718 0.728990 0.008894
0.524648 0.733920 0.008894
0.519718 0.738849 0.008894
0.524648 0.724059 0.008894
0.529577 0.719127 0.008894
0.534507 0.724058 0.008894
0.529577 0.728989 0.008894
0.509859 0.738850 0.008894
0.514789 0.733921 0.008894
0.514789 0.743778 0.008894
0.509859 0.728991 0.008894
0.509859 0.719129 0.008894
0.514789 0.714197 0.008894
0.514789 0.724060 0.008894
0.504929 0.753632 0.008895
0.504929 0.743778 0.008894
0.509859 0.748705 0.008895
0.441761 0.647757 0.010230
0.446506 0.653157 0.009972
0.441430 0.658426 0.009750
0.446870 0.642425 0.010507
0.451994 0.637073 0.010807
0.456701 0.642557 0.010491
0.451596 0.647867 0.010220
0.431586 0.658355 0.009754
0.436666 0.653067 0.009979
0.436369 0.663670 0.009552
0.431926 0.647638 0.010238
0.432347 0.636730 0.010836
0.437497 0.631308 0.011172
0.437041 0.642283 0.010518
0.426295 0.674072 0.009234
0.426522 0.663616 0.009554
0.431324 0.668888 0.009380
0.524421 0.563898 0.021113
0.528970 0.569240 0.019752
0.523777 0.574320 0.018700
0.529627 0.558867 0.022298
0.534838 0.553864 0.023550
0.539371 0.559165 0.022008
0.534168 0.564188 0.020856
0.514020 0.574045 0.018899
0.519218 0.568957 0.019979
0.518588 0.579429 0.017701
0.514677 0.563601 0.021347
0.515371 0.553239 0.024122
0.520595 0.548253 0.025518
0.519887 0.558563 0.022564
0.508226 0.589728 0.015872
0.508827 0.579162 0.017875
0.513405 0.584565 0.016757
0.680699 0.568645 0.015544
0.685296 0.573814 0.014551
0.680169 0.578663 0.013940
0.685862 0.563842 0.016254
0.691038 0.559066 0.017003
0.695605 0.564210 0.015898
0.690440 0.568996 0.015204
0.670425 0.578347 0.014247
0.675555 0.573481 0.014875
0.675057 0.583540 0.013372
0.670949 0.568304 0.015894
0.671523 0.558322 0.017785
0.676705 0.553542 0.018615
0.676111 0.563482 0.016621
0.664860 0.593378 0.012362
0.665307 0.583243 0.013662
0.669955 0.588445 0.012846
0.608449 0.486978 0.046603
0.612842 0.491960 0.043662
0.607559 0.496569 0.041888
0.613730 0.482420 0.048472
0.619011 0.477889 0.050350
0.623401 0.482829 0.047241
0.618122 0.487381 0.045447
0.597877 0.496180 0.042903
0.603165 0.491563 0.044747
0.602279 0.501206 0.040126
0.598785 0.486592 0.047745
0.599709 0.477127 0.052909
0.604995 0.472617 0.054946
0.604071 0.482031 0.049686
0.591734 0.510564 0.036680
0.592591 0.500825 0.041074
0.597003 0.505871 0.038389
0.650767 0.451161 0.061772
0.655139 0.455996 0.058176
0.649836 0.460425 0.056323
0.656082 0.446760 0.063716
0.661402 0.442367 0.065678
0.665758 0.447169 0.061936
0.660446 0.451578 0.060048
0.640156 0.459996 0.057933
0.645458 0.455572 0.059846
0.644538 0.464867 0.054488
0.641092 0.450748 0.063520
0.642055 0.441572 0.069432
0.647382 0.437201 0.071530
0.646405 0.446354 0.065525
0.633962 0.473802 0.050851
0.634862 0.464436 0.056028
0.639247 0.469325 0.052666
0.616102 0.413601 0.095141
0.620447 0.418182 0.090716
0.615195 0.422588 0.088416
0.621307 0.409155 0.097399
0.626501 0.404700 0.099636
0.630910 0.409362 0.095198
0.625683 0.413773 0.092971
0.605641 0.422458 0.090490
0.610882 0.418035 0.092843
0.609928 0.426991 0.086053
0.606544 0.413502 0.097292
0.607328 0.404442 0.104027
0.612462 0.399883 0.106278
0.611732 0.409026 0.099582
0.599340 0.435801 0.081101
0.600378 0.426869 0.088060
0.604638 0.431393 0.083609
0.566245 0.524482 0.032424
0.570715 0.529637 0.030228
0.565475 0.534482 0.028721
0.571502 0.519691 0.034081
0.576766 0.514930 0.035773
0.581213 0.520039 0.033371
0.575961 0.524822 0.031777
0.555749 0.534154 0.029239
0.560993 0.529302 0.030808
0.560241 0.539359 0.027261
0.556531 0.524141 0.033020
0.557362 0.514233 0.037193
0.562644 0.509494 0.039073
0.561793 0.519346 0.034746
0.549792 0.549202 0.024506
0.550511 0.539035 0.027724
0.555014 0.544265 0.025854
0.531124 0.484146 0.054279
0.535471 0.489064 0.051185
0.530137 0.493682 0.048783
0.536460 0.479623 0.056818
0.541797 0.475141 0.059386
0.546138 0.479962 0.056077
0.540805 0.484492 0.053617
0.520455 0.493329 0.049307
0.525790 0.488714 0.051775
0.524809 0.498334 0.046418
0.521443 0.483799 0.054843
0.522429 0.474474 0.060698
0.527767 0.470050 0.063451
0.526777 0.479282 0.057453
0.514184 0.507726 0.041859
0.515126 0.497978 0.046880
0.519491 0.503015 0.044107
0.573834 0.448820 0.075122
0.578126 0.453404 0.071114
0.572803 0.457790 0.068605
0.579163 0.444458 0.077745
0.584482 0.440078 0.080351
0.588744 0.444612 0.076095
0.583441 0.449012 0.073608
0.563159 0.457529 0.069851
0.568498 0.453173 0.072488
0.567473 0.462182 0.066089
0.564191 0.448599 0.076461
0.565233 0.439760 0.083408
0.570587 0.435443 0.086300
0.569538 0.444274 0.079222
0.556807 0.471015 0.061060
0.557818 0.461897 0.067217
0.562141 0.466587 0.063572
0.639800 0.608133 0.011366
0.644520 0.613361 0.010854
0.639439 0.618415 0.010586
0.644895 0.603104 0.011740
0.649992 0.598099 0.012157
0.654685 0.603320 0.011522
0.649602 0.608328 0.011167
0.629615 0.618261 0.010746
0.634706 0.613187 0.011035
0.634359 0.623491 0.010361
0.629984 0.607947 0.011566
0.630390 0.597655 0.012640
0.635511 0.592636 0.013140
0.635089 0.602898 0.011961
0.624210 0.633698 0.010044
0.624530 0.623355 0.010501
0.629282 0.628586 0.010181
0.602509 0.566141 0.018523
0.607116 0.571389 0.017319
0.601954 0.576378 0.016525
0.607689 0.561199 0.019422
0.612875 0.556285 0.020370
0.617464 0.561504 0.019019
0.612286 0.566431 0.018151
0.592171 0.576119 0.016836
0.597337 0.571114 0.017660
0.596799 0.581397 0.015769
0.592736 0.565856 0.018890
0.593342 0.555661 0.021232
0.598540 0.550748 0.022306
0.597918 0.560898 0.019821
0.586507 0.591519 0.014378
0.587013 0.581154 0.016051
0.591649 0.586445 0.015053
0.644124 0.527460 0.027009
0.648664 0.532587 0.025176
0.643449 0.537328 0.024049
0.649355 0.522765 0.028237
0.654592 0.518098 0.029493
0.659116 0.523195 0.027523
0.653887 0.527876 0.026335
0.633682 0.536942 0.024645
0.638900 0.532186 0.025811
0.638240 0.542100 0.022960
0.634365 0.527053 0.027701
0.635088 0.517237 0.031074
0.640336 0.512573 0.032449
0.639598 0.522343 0.028974
0.627839 0.551740 0.020898
0.628470 0.541731 0.023513
0.633036 0.546904 0.021908
0.482922 0.605127 0.013668
0.487551 0.610620 0.012953
0.482394 0.615898 0.012387
0.488094 0.599888 0.014382
0.493272 0.594672 0.015162
0.497880 0.600129 0.014285
0.492713 0.605364 0.013587
0.472591 0.615678 0.012444
0.477754 0.610391 0.013022
0.477241 0.621199 0.011890
0.473132 0.604870 0.013739
0.473717 0.594115 0.015347
0.478910 0.588916 0.016224
0.478310 0.599625 0.014466
0.466951 0.631876 0.011104
0.467433 0.620991 0.011936
0.472094 0.626525 0.011462
0.446508 0.561098 0.022273
0.451003 0.566575 0.020934
0.445764 0.571658 0.019716
0.451757 0.556073 0.023646
0.457008 0.551074 0.025103
0.461490 0.556489 0.023582
0.456246 0.561520 0.022224
0.436017 0.571226 0.019743
0.441260 0.566148 0.020972
0.440530 0.576773 0.018568
0.436770 0.560656 0.022296
0.437551 0.550194 0.025163
0.442813 0.545235 0.026740
0.442024 0.555637 0.023679
0.430074 0.587096 0.016493
0.430777 0.576335 0.018589
0.435300 0.581919 0.017494
0.488616 0.521676 0.035761
0.493040 0.526882 0.033569
0.487770 0.531743 0.031688
0.493904 0.516878 0.037836
0.499198 0.512110 0.039989
0.503599 0.517243 0.037567
0.498317 0.522048 0.035529
0.478059 0.531358 0.031857
0.483334 0.526502 0.033767
0.482504 0.536636 0.029891
0.478910 0.521286 0.035936
0.479797 0.511345 0.040413
0.485108 0.506622 0.042718
0.484202 0.516497 0.038044
0.471988 0.546506 0.026556
0.472788 0.536243 0.030033
0.477243 0.541557 0.028179
0.404642 0.602339 0.013924
0.409215 0.608125 0.013227
0.404011 0.613483 0.012595
0.409860 0.597068 0.014710
0.415083 0.591835 0.015569
0.419636 0.597540 0.014713
0.414423 0.602813 0.013933
0.394217 0.613024 0.012576
0.399427 0.607656 0.013213
0.398811 0.618891 0.012038
0.394861 0.601819 0.013902
0.395543 0.590756 0.015533
0.400781 0.585576 0.016476
0.400084 0.596547 0.014693
0.388422 0.629893 0.011150
0.389011 0.618450 0.012014
0.393615 0.624359 0.011556
0.480318 0.689428 0.008952
0.485221 0.694433 0.008911
0.480282 0.699395 0.008896
0.485288 0.684388 0.009015
0.490272 0.679317 0.009102
0.495145 0.684395 0.009013
0.490176 0.689431 0.008951
0.470423 0.699393 0.008896
0.475363 0.694432 0.008912
0.475352 0.704328 0.008896
0.470459 0.689424 0.008953
0.470560 0.679295 0.009109
0.475563 0.674184 0.009222
0.475430 0.684382 0.009017
0.465493 0.714190 0.008896
0.465493 0.704325 0.008896
0.470423 0.709260 0.008896
0.332871 0.512969 0.033934
0.337341 0.518283 0.032267
0.332033 0.522934 0.030439
0.338170 0.508384 0.035916
0.343465 0.503823 0.037994
0.347938 0.509063 0.036195
0.342642 0.513660 0.034184
0.322250 0.522227 0.030234
0.327565 0.517583 0.032042
0.326716 0.527613 0.028694
0.323093 0.512267 0.033682
0.323915 0.502444 0.037369
0.329208 0.497932 0.039474
0.328396 0.507690 0.035636
0.316047 0.537067 0.025429
0.316923 0.526901 0.028504
0.321388 0.532324 0.027026
0.496091 0.446682 0.081210
0.500525 0.451208 0.077701
0.495192 0.455452 0.074461
0.501423 0.442483 0.084609
0.506758 0.438282 0.088063
0.511198 0.442760 0.084334
0.505860 0.446979 0.080992
0.485429 0.455112 0.074572
0.490760 0.450889 0.077865
0.489860 0.459717 0.071272
0.486306 0.446361 0.081292
0.487156 0.437714 0.088296
0.492480 0.433556 0.091913
0.491635 0.442186 0.084743
0.479191 0.468336 0.065050
0.480098 0.459357 0.071334
0.484526 0.464010 0.068134
0.459665 0.411328 0.108596
0.464342 0.415720 0.105512
0.459127 0.419791 0.101788
0.464808 0.407153 0.112178
0.469918 0.402885 0.115658
0.474677 0.407365 0.112657
0.469526 0.411583 0.109136
0.449277 0.419455 0.101140
0.454489 0.415424 0.104913
0.453881 0.423811 0.097969
0.449807 0.411045 0.107903
0.450190 0.402487 0.114372
0.455263 0.398216 0.117885
0.454949 0.406917 0.111546
0.443313 0.431813 0.090235
0.444030 0.423438 0.097291
0.448608 0.427804 0.094094
0.499849 0.374914 0.134290
0.504880 0.379897 0.131552
0.499937 0.384749 0.128670
0.504702 0.369852 0.137017
0.509511 0.364683 0.139620
0.514637 0.369886 0.137008
0.509781 0.374942 0.134329
0.490020 0.384709 0.128512
0.494955 0.379869 0.131455
0.494955 0.389491 0.125681
0.489936 0.374928 0.134125
0.489685 0.364751 0.139409
0.494463 0.359482 0.141902
0.494782 0.369865 0.136912
0.484884 0.398642 0.119383
0.485048 0.389430 0.125460
0.489937 0.394123 0.122586
0.579422 0.375548 0.129477
0.584320 0.380630 0.125559
0.579330 0.385587 0.123255
0.584332 0.370363 0.131750
0.589195 0.365059 0.133962
0.594186 0.370398 0.130038
0.589272 0.375563 0.127816
0.569493 0.385550 0.124784
0.574477 0.380612 0.127160
0.574303 0.390433 0.120889
0.569531 0.375527 0.130891
0.569336 0.365053 0.136729
0.574146 0.359667 0.138837
0.574427 0.370353 0.133214
0.564127 0.399797 0.115904
0.564467 0.390368 0.122333
0.569236 0.395167 0.118443
0.538304 0.332924 0.150987
0.543453 0.338234 0.149372
0.538625 0.343579 0.147800
0.543152 0.327620 0.152209
0.548006 0.322337 0.153224
0.553129 0.327549 0.151911
0.548289 0.332888 0.150742
0.528648 0.343559 0.147943
0.533466 0.338240 0.149560
0.533806 0.348910 0.146025
0.528344 0.332934 0.151073
0.528100 0.322433 0.153442
0.532960 0.317235 0.154330
0.533182 0.327656 0.152331
0.524223 0.359495 0.141922
0.523851 0.348872 0.146145
0.529007 0.354219 0.144062
0.410870 0.518049 0.035728
0.415306 0.523334 0.033792
0.410018 0.528114 0.031823
0.416167 0.513336 0.037897
0.421468 0.508648 0.040173
0.425896 0.513850 0.038045
0.420599 0.518579 0.035866
0.400288 0.527546 0.031704
0.405577 0.522786 0.033664
0.404732 0.532916 0.029956
0.401137 0.517491 0.035564
0.401995 0.507575 0.039765
0.407298 0.502946 0.042122
0.406433 0.512795 0.037721
0.394166 0.542583 0.026522
0.395001 0.532328 0.029845
0.399449 0.537740 0.028189
0.375209 0.476978 0.052712
0.379703 0.481987 0.050509
0.374404 0.486437 0.047841
0.380505 0.472617 0.055567
0.385801 0.468301 0.058536
0.390304 0.473209 0.056176
0.385004 0.477576 0.053290
0.364623 0.485823 0.047358
0.369916 0.481383 0.049976
0.369108 0.490916 0.045286
0.365415 0.476367 0.052131
0.366186 0.467073 0.057182
0.371470 0.462805 0.060172
0.370703 0.472008 0.054937
0.358523 0.499943 0.040521
0.359334 0.490289 0.044851
0.363815 0.495418 0.042847
0.417574 0.443385 0.078393
0.422108 0.447973 0.075544
0.416807 0.452071 0.072086
0.422870 0.439366 0.082020
0.428166 0.435368 0.085734
0.432710 0.439864 0.082719
0.427409 0.443907 0.079088
0.406984 0.451516 0.071402
0.412279 0.447432 0.074853
0.411507 0.456207 0.068717
0.407736 0.442819 0.077624
0.408465 0.434274 0.084099
0.413751 0.430345 0.087891
0.413027 0.438820 0.081246
0.400906 0.464613 0.062254
0.401689 0.455642 0.068043
0.406207 0.460387 0.065438
0.559184 0.689450 0.008940
0.564093 0.694433 0.008908
0.559155 0.699387 0.008896
0.564146 0.684444 0.008990
0.569121 0.679419 0.009056
0.574004 0.684452 0.008986
0.569042 0.689453 0.008938
0.549296 0.699390 0.008895
0.554234 0.694434 0.008908
0.554226 0.704323 0.008895
0.549325 0.689447 0.008942
0.549408 0.679390 0.009071
0.554396 0.674334 0.009160
0.554289 0.684436 0.008994
0.544366 0.714192 0.008894
0.544366 0.704325 0.008895
0.549296 0.709257 0.008895
0.520460 0.648445 0.010057
0.525240 0.653688 0.009825
0.520192 0.658849 0.009643
0.525534 0.643242 0.010279
0.530621 0.638021 0.010517
0.535371 0.643322 0.010237
0.530300 0.648513 0.010023
0.510346 0.658804 0.009663
0.515397 0.653632 0.009851
0.515157 0.663995 0.009478
0.510620 0.648376 0.010089
0.510959 0.637827 0.010613
0.516066 0.632557 0.010886
0.515699 0.643160 0.010319
0.505124 0.674237 0.009205
0.505308 0.663960 0.009493
0.510134 0.669124 0.009332
0.561303 0.606715 0.012768
0.565988 0.612053 0.012128
0.560871 0.617237 0.011688
0.566434 0.601557 0.013332
0.571571 0.596420 0.013945
0.576237 0.601742 0.013160
0.571109 0.606887 0.012619
0.551055 0.617090 0.011796
0.556177 0.611893 0.012255
0.555758 0.622438 0.011303
0.551498 0.606540 0.012908
0.551981 0.596018 0.014312
0.557131 0.590880 0.015026
0.556634 0.601370 0.013496
0.545548 0.632888 0.010706
0.545939 0.622304 0.011394
0.550650 0.627656 0.010975
0.722350 0.531024 0.022199
0.726895 0.536084 0.020788
0.721650 0.540703 0.019904
0.727603 0.526442 0.023147
0.732860 0.521880 0.024110
0.737403 0.526919 0.022607
0.732146 0.531491 0.021689
0.711866 0.540261 0.020359
0.717103 0.535630 0.021269
0.716415 0.545349 0.019043
0.712557 0.530557 0.022728
0.713263 0.520905 0.025316
0.718521 0.516344 0.026359
0.717805 0.525964 0.023707
0.705981 0.554724 0.017401
0.706639 0.544920 0.019473
0.711191 0.550022 0.018207
0.686143 0.490616 0.037416
0.690635 0.495647 0.035068
0.685368 0.500184 0.033775
0.691416 0.486103 0.038798
0.696693 0.481603 0.040199
0.701181 0.486617 0.037715
0.695906 0.491125 0.036381
0.675606 0.499693 0.034714
0.680873 0.495146 0.036055
0.680105 0.504741 0.032494
0.676392 0.490120 0.038485
0.677205 0.480603 0.042568
0.682485 0.476110 0.044087
0.681666 0.485600 0.039915
0.669598 0.513918 0.029971
0.670343 0.504259 0.033385
0.674848 0.509317 0.031225
0.668331 0.470677 0.048339
0.672760 0.475627 0.045375
0.667479 0.480122 0.043805
0.673620 0.466211 0.049997
0.678912 0.461757 0.051672
0.683331 0.466680 0.048569
0.678044 0.471148 0.046963
0.704188 0.510789 0.028855
0.708723 0.515846 0.027029
0.703467 0.520416 0.025950
0.709452 0.506248 0.029997
0.714720 0.501721 0.031149
0.719249 0.506761 0.029225
0.713985 0.511296 0.028122
0.542724 0.585303 0.016216
0.547344 0.590662 0.015219
0.542189 0.595809 0.014480
0.547894 0.580194 0.017082
0.553069 0.575112 0.017996
0.557669 0.580438 0.016845
0.552504 0.585537 0.016008
0.501543 0.627010 0.011316
0.506241 0.632440 0.010939
0.501129 0.637726 0.010656
0.506674 0.621721 0.011710
0.511811 0.616453 0.012171
0.516489 0.621874 0.011638
0.511362 0.627148 0.011256
0.539691 0.669205 0.009295
0.544542 0.674313 0.009170
0.539552 0.679376 0.009077
0.544707 0.664102 0.009426
0.549735 0.658986 0.009573
0.554558 0.664139 0.009406
0.549544 0.669233 0.009281
0.399296 0.425226 0.089767
0.403889 0.429741 0.086946
0.398609 0.433649 0.083161
0.404553 0.421406 0.093656
0.409787 0.417592 0.097533
0.414429 0.422015 0.094695
0.409167 0.425863 0.090802
0.357123 0.457286 0.061729
0.361659 0.462167 0.059447
0.356382 0.466434 0.056507
0.362394 0.453109 0.064849
0.367664 0.448980 0.068084
0.372214 0.453771 0.065673
0.366936 0.457944 0.062502
0.393105 0.497238 0.043983
0.397553 0.502389 0.041855
0.392251 0.507001 0.039516
0.398412 0.492692 0.046521
0.403723 0.488173 0.049166
0.408169 0.493241 0.046861
0.402858 0.497802 0.044303
0.518045 0.312127 0.155048
0.523057 0.317255 0.154344
0.518213 0.322435 0.153458
0.522917 0.307052 0.155557
0.527810 0.302028 0.155882
0.532807 0.307025 0.155560
0.527921 0.312118 0.155044
0.558995 0.354325 0.142745
0.564177 0.359701 0.139910
0.559372 0.365039 0.137764
0.563802 0.348910 0.144552
0.568612 0.343455 0.146181
0.573789 0.348825 0.143638
0.568981 0.354288 0.141859
0.479503 0.354473 0.143796
0.484583 0.359611 0.141704
0.479811 0.364884 0.139141
0.484279 0.349087 0.145954
0.489064 0.343690 0.147886
0.494139 0.348915 0.146106
0.489356 0.354276 0.144015
0.440545 0.393582 0.119697
0.445388 0.398039 0.117087
0.440311 0.402243 0.113524
0.445553 0.389206 0.123141
0.450523 0.384686 0.126493
0.455431 0.389264 0.123946
0.450428 0.393718 0.120564
0.478132 0.428840 0.095421
0.482656 0.433261 0.091864
0.477338 0.437391 0.088197
0.483425 0.424750 0.099165
0.488699 0.420627 0.102834
0.493274 0.425009 0.099265
0.487971 0.429131 0.095569
0.314929 0.492048 0.040904
0.319427 0.497230 0.039126
0.314132 0.501732 0.037056
0.320210 0.487609 0.043124
0.325486 0.483191 0.045444
0.329996 0.488305 0.043553
0.324715 0.492755 0.041290
0.460877 0.668991 0.009371
0.465709 0.674165 0.009226
0.460705 0.679282 0.009111
0.465913 0.663811 0.009537
0.470963 0.658611 0.009725
0.475761 0.663853 0.009528
0.470728 0.669021 0.009366
0.386504 0.579207 0.017419
0.391016 0.584973 0.016442
0.385773 0.590142 0.015494
0.391760 0.574135 0.018519
0.397020 0.569099 0.019692
0.401515 0.574755 0.018559
0.396263 0.579845 0.017464
0.471007 0.501133 0.045383
0.475400 0.506223 0.042861
0.470086 0.510937 0.040525
0.476340 0.496487 0.047920
0.481681 0.491869 0.050536
0.486052 0.496882 0.047784
0.480721 0.501538 0.045282
0.428634 0.539373 0.028385
0.433088 0.544773 0.026732
0.427821 0.549717 0.025154
0.433910 0.534492 0.030165
0.439190 0.529637 0.032049
0.443631 0.534957 0.030194
0.438357 0.539851 0.028412
0.464581 0.583085 0.017351
0.469140 0.588600 0.016309
0.463941 0.593801 0.015419
0.469795 0.577936 0.018391
0.475014 0.572816 0.019499
0.479553 0.578277 0.018292
0.474344 0.583426 0.017267
0.626127 0.507070 0.035684
0.630598 0.512146 0.033309
0.625349 0.516824 0.031873
0.631390 0.502437 0.037221
0.636661 0.497832 0.038771
0.641115 0.502877 0.036233
0.635854 0.507497 0.034764
0.584239 0.545210 0.024432
0.588782 0.550430 0.022768
0.583583 0.555357 0.021657
0.589454 0.540333 0.025693
0.594675 0.535488 0.027004
0.599200 0.540671 0.025153
0.593988 0.545535 0.023935
0.621034 0.587153 0.014251
0.625704 0.592406 0.013403
0.620581 0.597442 0.012877
0.626174 0.582153 0.014882
0.631321 0.577182 0.015551
0.635972 0.582413 0.014572
0.630835 0.587396 0.013968
0.556577 0.430796 0.091998
0.560914 0.435267 0.087675
0.555549 0.439554 0.084648
0.561941 0.426534 0.095075
0.567272 0.422242 0.098004
0.571632 0.426676 0.093624
0.566280 0.430971 0.090691
0.513710 0.465020 0.067367
0.518074 0.469721 0.064006
0.512739 0.474138 0.061185
0.519048 0.460686 0.070336
0.524393 0.456382 0.073344
0.528757 0.460998 0.069763
0.523412 0.465343 0.066866
0.548555 0.504078 0.042452
0.552949 0.509143 0.039763
0.547662 0.513883 0.037812
0.553865 0.499395 0.044562
0.559182 0.494739 0.046706
0.563548 0.499748 0.043786
0.558245 0.504431 0.041756
0.598372 0.395162 0.112867
0.602878 0.399827 0.108460
0.597764 0.404429 0.106200
0.603422 0.390428 0.115089
0.608453 0.385651 0.117313
0.613048 0.390517 0.112934
0.607972 0.395189 0.110699
0.633401 0.432101 0.077686
0.637719 0.436820 0.073488
0.632404 0.441200 0.071309
0.638720 0.427740 0.079902
0.644030 0.423389 0.082072
0.648381 0.428105 0.077810
0.643049 0.432456 0.075667
0.591032 0.467467 0.059775
0.595363 0.472271 0.056272
0.590070 0.476778 0.054160
0.596325 0.463005 0.061984
0.601616 0.458558 0.064203
0.605939 0.463317 0.060527
0.600652 0.467785 0.058394
0.662357 0.548012 0.020409
0.666938 0.553165 0.019046
0.661757 0.557963 0.018194
0.667556 0.543259 0.021367
0.672761 0.538535 0.022361
0.677327 0.543661 0.020869
0.672128 0.548398 0.019939
0.506391 0.542636 0.027580
0.510872 0.547929 0.025795
0.505644 0.552919 0.024366
0.511635 0.537705 0.029200
0.516884 0.532807 0.030896
0.521347 0.538043 0.028887
0.516106 0.542970 0.027303
0.423038 0.625384 0.011581
0.427681 0.631088 0.011184
0.422525 0.636531 0.010842
0.428215 0.619974 0.012047
0.433396 0.614603 0.012587
0.438017 0.620258 0.012030
0.432846 0.625654 0.011571
0.500000 0.709264 0.008895
0.504930 0.714197 0.008895
0.500000 0.719129 0.008895
0.504930 0.704331 0.008895
0.509860 0.699396 0.008895
0.514789 0.704330 0.008895
0.509859 0.709264 0.008895
0.350732 0.534434 0.027526
0.355192 0.539891 0.026048
0.349888 0.544682 0.024503
0.356032 0.529703 0.029232
0.361328 0.524997 0.031029
0.365785 0.530384 0.029400
0.360491 0.535126 0.027679
0.519704 0.394433 0.122558
0.524545 0.399154 0.119277
0.519409 0.403632 0.116217
0.524753 0.389783 0.125474
0.529766 0.385043 0.128295
0.534715 0.389953 0.125082
0.529648 0.394599 0.122234
0.435620 0.461925 0.067058
0.440094 0.466654 0.064262
0.434771 0.470973 0.061132
0.440938 0.457704 0.070356
0.446255 0.453521 0.073736
0.450740 0.458148 0.070771
0.445417 0.462380 0.067476
0.580130 0.628000 0.010719
0.584872 0.633289 0.010413
0.579794 0.638463 0.010223
0.585225 0.622825 0.010997
0.590324 0.617667 0.011326
0.595049 0.622956 0.010883
0.589958 0.628115 0.010623
0.659522 0.460860 0.054739
0.658628 0.470218 0.049750
0.654226 0.465307 0.052958
0.663919 0.465754 0.051460
0.663046 0.475156 0.046699
0.695141 0.500687 0.032867
0.694398 0.510289 0.029617
0.689877 0.505233 0.031631
0.699659 0.505736 0.030799
0.698929 0.515350 0.027725
0.533537 0.574590 0.018483
0.532948 0.585063 0.016410
0.528353 0.579690 0.017510
0.538122 0.579945 0.017304
0.537560 0.590437 0.015400
0.492198 0.616099 0.012323
0.491726 0.626864 0.011371
0.487051 0.621390 0.011837
0.496862 0.621563 0.011777
0.496417 0.632318 0.010988
0.530040 0.658894 0.009621
0.529839 0.669177 0.009308
0.525007 0.664030 0.009462
0.534857 0.664066 0.009445
0.534687 0.674292 0.009180
0.390016 0.416229 0.095190
0.389422 0.424528 0.088643
0.384796 0.419988 0.091319
0.394674 0.420730 0.092529
0.394024 0.429083 0.085917
0.348026 0.447586 0.066341
0.347313 0.456608 0.060958
0.342766 0.451726 0.063208
0.352578 0.452427 0.064028
0.351852 0.461509 0.058724
0.384182 0.487036 0.048322
0.383346 0.496650 0.043627
0.378881 0.491527 0.045724
0.388649 0.492121 0.046143
0.387802 0.501808 0.041555
0.508081 0.302041 0.155878
0.508179 0.312131 0.155045
0.503194 0.307064 0.155561
0.513054 0.307056 0.155557
0.513186 0.317257 0.154348
0.548623 0.343578 0.147467
0.548997 0.354316 0.143411
0.543805 0.348941 0.145754
0.553806 0.348946 0.145262
0.554192 0.359688 0.140758
0.469434 0.344273 0.147517
0.469682 0.354755 0.143493
0.464657 0.349721 0.145430
0.474453 0.349356 0.145730
0.474735 0.359816 0.141409
0.430749 0.384649 0.124640
0.430654 0.393388 0.118716
0.425770 0.388945 0.121180
0.435664 0.389118 0.122210
0.435501 0.397822 0.116168
0.468980 0.420097 0.102288
0.468291 0.428522 0.095125
0.463726 0.424152 0.098517
0.473575 0.424465 0.098916
0.472825 0.432940 0.091668
0.305902 0.481767 0.044503
0.305141 0.491321 0.040520
0.300634 0.486157 0.042278
0.310420 0.486895 0.042697
0.309640 0.496513 0.038778
0.451274 0.658492 0.009744
0.451026 0.668958 0.009375
0.446217 0.663720 0.009549
0.456065 0.663768 0.009543
0.455855 0.674144 0.009230
0.377519 0.567766 0.019574
0.376744 0.578521 0.017361
0.372250 0.572756 0.018394
0.382005 0.573468 0.018464
0.381252 0.584320 0.016394
0.462229 0.491050 0.050620
0.461286 0.500711 0.045407
0.456889 0.495646 0.047943
0.466619 0.496074 0.047973
0.465684 0.505808 0.042932
0.419745 0.528652 0.031920
0.418908 0.538862 0.028339
0.414461 0.533474 0.030045
0.424187 0.533998 0.030115
0.423361 0.544277 0.026707
0.455513 0.572067 0.019666
0.454819 0.582720 0.017416
0.450284 0.577184 0.018529
0.460039 0.577572 0.018470
0.459372 0.588260 0.016379
0.617250 0.496974 0.040861
0.616410 0.506657 0.036594
0.611973 0.501602 0.039168
0.621677 0.502012 0.038200
0.620869 0.511731 0.034163
0.575204 0.534811 0.028161
0.574493 0.544892 0.024927
0.569975 0.539679 0.026760
0.579713 0.540003 0.026229
0.579030 0.550119 0.023226
0.611740 0.576642 0.016207
0.611237 0.586914 0.014525
0.606587 0.581646 0.015480
0.616379 0.581898 0.015185
0.615901 0.592180 0.013658
0.547774 0.421924 0.100499
0.546836 0.430595 0.093091
0.542430 0.426160 0.097302
0.552205 0.426361 0.096300
0.551203 0.435065 0.088848
0.504938 0.455769 0.074221
0.503998 0.464699 0.067743
0.499605 0.460054 0.071085
0.509332 0.460371 0.070774
0.508375 0.469392 0.064441
0.539820 0.494035 0.048176
0.538866 0.503725 0.043076
0.534494 0.498688 0.045877
0.544179 0.499042 0.045259
0.543255 0.508791 0.040386
0.589113 0.385587 0.121473
0.588745 0.395200 0.114977
0.584087 0.390451 0.119190
0.593797 0.390425 0.117228
0.593300 0.399849 0.110629
0.624774 0.422786 0.086322
0.623787 0.431804 0.079683
0.619495 0.427175 0.084024
0.629090 0.427424 0.081973
0.628085 0.436481 0.075426
0.582418 0.458034 0.067205
0.581417 0.467172 0.061135
0.577108 0.462456 0.064819
0.586717 0.462720 0.063419
0.585736 0.471946 0.057578
0.653218 0.537722 0.023468
0.652585 0.547635 0.020895
0.648011 0.542478 0.022412
0.657783 0.542865 0.021882
0.657167 0.552797 0.019491
0.497477 0.532111 0.031471
0.496678 0.542295 0.027820
0.492217 0.537009 0.029704
0.501927 0.537363 0.029474
0.501153 0.547598 0.026039
0.413805 0.613898 0.012604
0.413229 0.625079 0.011582
0.408611 0.619292 0.012051
0.418413 0.619653 0.012054
0.417865 0.630837 0.011188
0.490141 0.699396 0.008896
0.490141 0.709264 0.008895
0.485212 0.704330 0.008896
0.495071 0.704331 0.008895
0.495071 0.714197 0.008895
0.341807 0.523631 0.030640
0.340962 0.533736 0.027366
0.336498 0.528317 0.028879
0.346270 0.529014 0.029058
0.345424 0.539191 0.025906
0.509868 0.384810 0.128689
0.509773 0.394311 0.122719
0.504878 0.389562 0.125760
0.514811 0.389654 0.125694
0.514618 0.398998 0.119540
0.426627 0.452589 0.072702
0.425819 0.461444 0.066578
0.421321 0.456740 0.069326
0.431131 0.457239 0.069872
0.430303 0.466187 0.063845
0.570688 0.617380 0.011574
0.570303 0.627886 0.010810
0.565579 0.622568 0.011207
0.575402 0.622696 0.011105
0.575040 0.633190 0.010493
0.715742 0.555124 0.017029
0.710534 0.559842 0.016273
0.720964 0.550435 0.017817
0.705341 0.564587 0.015553
0.700170 0.569357 0.014872
0.736690 0.536538 0.020324
0.731440 0.541143 0.019467
0.741946 0.531957 0.021197
0.726197 0.545775 0.018631
0.554225 0.714188 0.008895
0.549296 0.719122 0.008894
0.559155 0.709254 0.008895
0.544366 0.724055 0.008894
0.539436 0.728987 0.008894
0.573952 0.694432 0.008907
0.569014 0.699384 0.008896
0.578901 0.689456 0.008936
0.564085 0.704319 0.008895
0.309784 0.552218 0.021176
0.460563 0.728980 0.008896
0.382758 0.646785 0.010204
0.634047 0.633802 0.009939
0.628986 0.638901 0.009830
0.639114 0.628708 0.010057
0.623933 0.643997 0.009719
0.618889 0.649089 0.009607
0.654319 0.613544 0.010677
0.649250 0.618578 0.010426
0.659388 0.608533 0.010971
0.644182 0.623633 0.010219
0.674612 0.593645 0.012114
0.669533 0.598583 0.011690
0.679697 0.588733 0.012580
0.664459 0.603546 0.011309
0.695025 0.574158 0.014235
0.689900 0.578988 0.013641
0.684793 0.583847 0.013089
0.421168 0.689397 0.008954
0.514789 0.753632 0.008895
0.509859 0.758558 0.008895
0.519718 0.748705 0.008894
0.504930 0.763483 0.008895
0.500000 0.768407 0.008896
0.534507 0.733918 0.008894
0.529577 0.738848 0.008894
0.524648 0.743777 0.008894
0.345915 0.598641 0.013597
0.593817 0.674416 0.009112
0.588834 0.679445 0.009040
0.598811 0.669373 0.009196
0.583862 0.684459 0.008981
0.613855 0.654174 0.009496
0.608830 0.659251 0.009389
0.603816 0.664318 0.009289
0.287516 0.524728 0.027929
0.283073 0.519309 0.029414
0.291961 0.530168 0.026482
0.278631 0.513911 0.030932
0.274187 0.508533 0.032479
0.305317 0.546663 0.022422
0.300861 0.541131 0.023723
0.296409 0.535634 0.025078
0.435915 0.704313 0.008897
0.430986 0.699379 0.008897
0.440845 0.709247 0.008896
0.426068 0.694413 0.008913
0.455633 0.724048 0.008896
0.450704 0.719115 0.008896
0.445774 0.714181 0.008896
0.359611 0.616890 0.011882
0.355036 0.610787 0.012386
0.364197 0.622998 0.011449
0.350471 0.604700 0.012957
0.378074 0.641023 0.010473
0.373420 0.635129 0.010767
0.368797 0.629096 0.011085
0.396980 0.663394 0.009545
0.392213 0.657960 0.009739
0.401773 0.668739 0.009375
0.387472 0.652427 0.009959
0.416287 0.684327 0.009021
0.411427 0.679198 0.009114
0.406589 0.674005 0.009232
0.475352 0.743773 0.008895
0.470422 0.738843 0.008895
0.480281 0.748701 0.008895
0.465492 0.733912 0.008896
0.495070 0.763482 0.008896
0.490141 0.758556 0.008895
0.485211 0.753629 0.008895
0.323258 0.569114 0.017814
0.318755 0.563419 0.018866
0.327772 0.574887 0.016834
0.314264 0.557794 0.019988
0.341367 0.592620 0.014305
0.336827 0.586648 0.015080
0.332296 0.580734 0.015922
