0.578856 0.610637 0.008906
0.578868 0.620490 0.008900
0.573933 0.615564 0.008904
0.417684 0.456089 0.012970
0.418222 0.465433 0.012267
0.413086 0.460733 0.012523
0.488074 0.382459 0.019828
0.489364 0.391526 0.019374
0.483789 0.387054 0.019611
0.341889 0.532107 0.009139
0.341996 0.541861 0.009051
0.337037 0.536960 0.009077
0.500000 0.689501 0.008898
0.500000 0.699360 0.008898
0.495071 0.694430 0.008898
0.421093 0.610660 0.008915
0.421116 0.620497 0.008903
0.416177 0.615576 0.008908
0.499199 0.532363 0.009592
0.499373 0.542097 0.009383
0.494353 0.537244 0.009486
0.657556 0.531710 0.008966
0.657636 0.541594 0.008937
0.652656 0.536656 0.008959
0.575603 0.453772 0.011831
0.576185 0.463461 0.011287
0.570931 0.458761 0.011717
0.612635 0.413315 0.012324
0.613513 0.423124 0.011846
0.608043 0.418401 0.012311
0.567763 0.378084 0.017084
0.569090 0.387294 0.016521
0.563457 0.383145 0.017186
0.537799 0.493237 0.010670
0.538089 0.502941 0.010293
0.533001 0.498135 0.010518
0.496157 0.455770 0.013589
0.496797 0.465130 0.012793
0.491541 0.460498 0.013194
0.532568 0.417707 0.016726
0.533517 0.426958 0.015841
0.528071 0.422526 0.016448
0.618249 0.571208 0.008921
0.618267 0.581062 0.008914
0.613322 0.576138 0.008921
0.578359 0.531936 0.009259
0.578500 0.541761 0.009137
0.573481 0.536873 0.009219
0.617207 0.492279 0.009542
0.617453 0.502156 0.009389
0.612372 0.497253 0.009512
0.460287 0.571438 0.009057
0.460368 0.581225 0.009011
0.455401 0.576331 0.009031
0.420384 0.532455 0.009476
0.420546 0.542166 0.009296
0.415553 0.537298 0.009365
0.458755 0.493836 0.010935
0.459057 0.503450 0.010515
0.453994 0.498646 0.010695
0.381512 0.571369 0.008979
0.381563 0.581176 0.008955
0.376618 0.576262 0.008961
0.460563 0.650064 0.008898
0.460563 0.659923 0.008898
0.455634 0.654993 0.008898
0.302059 0.493089 0.009389
0.302230 0.502770 0.009269
0.297248 0.497898 0.009295
0.453476 0.419289 0.017125
0.454413 0.428453 0.016244
0.449090 0.423885 0.016634
0.410120 0.382672 0.018867
0.411485 0.391769 0.018353
0.406006 0.387196 0.018464
0.444037 0.345805 0.020637
0.444983 0.355186 0.020458
0.439584 0.350506 0.020528
0.523027 0.344848 0.020433
0.523986 0.354107 0.020238
0.518515 0.349740 0.020449
0.481762 0.307208 0.020998
0.481862 0.317016 0.020975
0.476859 0.312125 0.020990
0.380290 0.493675 0.010224
0.380542 0.503291 0.009936
0.375532 0.498442 0.010016
0.339922 0.455240 0.011062
0.340304 0.464703 0.010651
0.335256 0.459903 0.010745
0.376288 0.418734 0.014906
0.377067 0.427928 0.014201
0.371874 0.423239 0.014344
0.539437 0.650064 0.008898
0.539437 0.659923 0.008898
0.534508 0.654994 0.008898
0.499965 0.610657 0.008919
0.499989 0.620497 0.008904
0.495049 0.615576 0.008911
0.539218 0.571338 0.009024
0.539282 0.581154 0.008987
0.534315 0.576253 0.009010
0.696766 0.492116 0.008987
0.696878 0.502029 0.008962
0.691860 0.497062 0.008984
0.655659 0.452251 0.009751
0.656075 0.462233 0.009562
0.650862 0.457276 0.009730
0.583794 0.615562 0.008902
0.422837 0.460769 0.012689
0.493678 0.386916 0.019612
0.346853 0.537003 0.009108
0.504930 0.694430 0.008898
0.426035 0.615577 0.008908
0.504227 0.537210 0.009474
0.662542 0.536650 0.008943
0.580879 0.458472 0.011388
0.618143 0.418040 0.011867
0.573424 0.382225 0.016432
0.542908 0.498027 0.010419
0.501439 0.460380 0.013160
0.538039 0.422108 0.016119
0.623194 0.576132 0.008915
0.583385 0.536824 0.009170
0.622305 0.497185 0.009411
0.465258 0.576328 0.009034
0.425385 0.537315 0.009397
0.463840 0.498620 0.010730
0.386459 0.576280 0.008971
0.465493 0.654994 0.008898
0.307048 0.497953 0.009356
0.458831 0.423848 0.016753
0.415636 0.387235 0.018761
0.449389 0.350509 0.020573
0.528449 0.349204 0.020208
0.486718 0.312124 0.020991
0.385315 0.498506 0.010125
0.344980 0.460031 0.010959
0.381515 0.423405 0.014765
0.544367 0.654994 0.008898
0.504908 0.615575 0.008910
0.544188 0.576237 0.009000
0.701796 0.497092 0.008963
0.660887 0.457218 0.009581
0.656981 0.492087 0.009176
0.662050 0.497041 0.009108
0.657168 0.502007 0.009105
0.661843 0.487111 0.009184
0.676411 0.472167 0.009216
0.681536 0.477156 0.009135
0.676668 0.482131 0.009126
0.697096 0.531711 0.008916
0.702056 0.536655 0.008910
0.697139 0.541591 0.008907
0.702010 0.526774 0.008919
0.716770 0.511968 0.008923
0.721738 0.516916 0.008915
0.716814 0.521850 0.008915
0.539408 0.610649 0.008914
0.544350 0.615570 0.008907
0.539428 0.620494 0.008903
0.544325 0.605726 0.008921
0.559071 0.590960 0.008944
0.564024 0.595875 0.008931
0.559106 0.600799 0.008925
0.500000 0.650064 0.008898
0.504930 0.654994 0.008898
0.500000 0.659923 0.008898
0.504930 0.645135 0.008898
0.519718 0.630347 0.008898
0.524649 0.635276 0.008897
0.519719 0.640206 0.008897
0.539437 0.689500 0.008898
0.544367 0.694430 0.008898
0.539437 0.699360 0.008898
0.544367 0.684571 0.008898
0.559156 0.669782 0.008898
0.564085 0.674712 0.008898
0.559156 0.679641 0.008898
0.378770 0.455783 0.012105
0.383869 0.460521 0.011923
0.379226 0.465172 0.011528
0.383378 0.451167 0.012554
0.397064 0.437414 0.014089
0.402219 0.442078 0.013815
0.397667 0.446666 0.013297
0.341201 0.493360 0.009740
0.346205 0.498212 0.009686
0.341416 0.503002 0.009547
0.345963 0.488597 0.009918
0.360139 0.474418 0.010643
0.365183 0.479224 0.010537
0.360466 0.483943 0.010275
0.381111 0.532322 0.009314
0.386089 0.537205 0.009260
0.381249 0.542049 0.009177
0.385935 0.527493 0.009421
0.400357 0.513041 0.009840
0.405366 0.517890 0.009745
0.400559 0.522711 0.009599
0.483390 0.345744 0.020720
0.488756 0.350407 0.020652
0.484303 0.355086 0.020576
0.487941 0.341015 0.020782
0.501919 0.326604 0.020911
0.507110 0.331290 0.020848
0.502443 0.336151 0.020822
0.527860 0.381250 0.019313
0.533514 0.385478 0.018890
0.529170 0.390282 0.018812
0.532159 0.376467 0.019351
0.545053 0.361842 0.019228
0.550692 0.365935 0.018789
0.546408 0.370894 0.018872
0.448841 0.382739 0.019609
0.454367 0.387284 0.019440
0.450134 0.391858 0.019140
0.453036 0.378175 0.019855
0.465721 0.364422 0.020359
0.471262 0.368985 0.020275
0.467023 0.373569 0.020122
0.414821 0.419200 0.016344
0.420089 0.423820 0.016067
0.415683 0.428381 0.015510
0.419158 0.414647 0.016867
0.431982 0.400978 0.018260
0.437372 0.405567 0.018025
0.433090 0.410131 0.017584
0.456742 0.456097 0.013496
0.461972 0.460733 0.013134
0.457364 0.465429 0.012727
0.461304 0.451434 0.013949
0.474875 0.437488 0.015416
0.480213 0.442038 0.014946
0.475679 0.446702 0.014467
0.302599 0.531967 0.009023
0.307559 0.536865 0.009004
0.302678 0.541746 0.008972
0.307465 0.527101 0.009068
0.321997 0.512568 0.009267
0.326975 0.517447 0.009235
0.322138 0.522284 0.009160
0.460563 0.689500 0.008898
0.465493 0.694430 0.008898
0.460563 0.699360 0.008898
0.465493 0.684571 0.008898
0.480282 0.669782 0.008898
0.485212 0.674712 0.008898
0.480282 0.679641 0.008898
0.381666 0.610651 0.008909
0.386604 0.615572 0.008905
0.381682 0.620494 0.008901
0.386582 0.605735 0.008915
0.401307 0.591010 0.008946
0.406255 0.595920 0.008938
0.401348 0.600828 0.008926
0.459744 0.532464 0.009590
0.464762 0.537313 0.009485
0.459920 0.542177 0.009381
0.464572 0.527608 0.009720
0.479025 0.513045 0.010183
0.484077 0.517865 0.010019
0.479256 0.522727 0.009869
0.420880 0.571430 0.009024
0.425842 0.576326 0.009009
0.420952 0.581219 0.008987
0.425763 0.566544 0.009050
0.440368 0.551915 0.009199
0.445355 0.556789 0.009150
0.440486 0.561667 0.009100
0.460526 0.610661 0.008919
0.465470 0.615578 0.008911
0.460551 0.620498 0.008904
0.465438 0.605747 0.008930
0.480153 0.591019 0.008974
0.485111 0.595923 0.008957
0.480206 0.600833 0.008943
0.617974 0.531770 0.009073
0.622982 0.536692 0.009023
0.618087 0.541635 0.009006
0.622857 0.526821 0.009092
0.637491 0.511956 0.009143
0.642526 0.516891 0.009083
0.637644 0.521846 0.009070
0.578739 0.571258 0.008965
0.583698 0.576170 0.008949
0.578778 0.581098 0.008945
0.583658 0.566330 0.008968
0.598395 0.551533 0.008997
0.603375 0.556448 0.008965
0.598460 0.561381 0.008957
0.618303 0.610630 0.008901
0.623236 0.615558 0.008899
0.618308 0.620487 0.008899
0.623230 0.605700 0.008902
0.638012 0.590913 0.008904
0.642948 0.595841 0.008902
0.638019 0.600770 0.008901
0.535835 0.455022 0.013101
0.541116 0.459628 0.012608
0.536447 0.464487 0.012355
0.540469 0.450169 0.013384
0.554291 0.435453 0.014150
0.559654 0.439968 0.013504
0.555040 0.444929 0.013308
0.498212 0.493627 0.010951
0.503316 0.498404 0.010710
0.498514 0.503272 0.010525
0.502973 0.488790 0.011180
0.517152 0.474322 0.011957
0.522346 0.479013 0.011596
0.517614 0.483853 0.011356
0.538741 0.532176 0.009479
0.543772 0.537036 0.009364
0.538902 0.541948 0.009299
0.543599 0.527264 0.009560
0.558151 0.512494 0.009806
0.563216 0.517338 0.009640
0.558361 0.522272 0.009573
0.572475 0.415380 0.014590
0.577941 0.419838 0.013930
0.573398 0.424892 0.013882
0.576967 0.410322 0.014595
0.590339 0.395100 0.014523
0.595946 0.399544 0.013925
0.591468 0.404629 0.013944
0.615526 0.452753 0.010584
0.620799 0.457614 0.010299
0.616051 0.462636 0.010256
0.620252 0.447711 0.010629
0.634448 0.432531 0.010741
0.639799 0.437433 0.010442
0.635047 0.442491 0.010411
0.577477 0.492694 0.010085
0.582587 0.497532 0.009875
0.577754 0.502492 0.009820
0.582275 0.487734 0.010155
0.596584 0.472806 0.010361
0.601775 0.477644 0.010105
0.596997 0.482627 0.010049
0.657731 0.571195 0.008903
0.662666 0.576123 0.008901
0.657736 0.581053 0.008902
0.662663 0.566265 0.008903
0.677435 0.551464 0.008906
0.682382 0.556399 0.008902
0.677458 0.561332 0.008901
0.499733 0.571402 0.009057
0.504707 0.576294 0.009031
0.499811 0.581200 0.009010
0.504623 0.566500 0.009080
0.519270 0.551794 0.009201
0.524269 0.556671 0.009138
0.519384 0.561576 0.009101
0.421126 0.650064 0.008898
0.426056 0.654993 0.008898
0.421126 0.659923 0.008898
0.426056 0.645134 0.008898
0.440844 0.630346 0.008898
0.445774 0.635275 0.008898
0.440845 0.640205 0.008898
0.500000 0.728937 0.008898
0.504930 0.733867 0.008898
0.500000 0.738796 0.008898
0.504930 0.724008 0.008898
0.519719 0.709219 0.008898
0.524648 0.714148 0.008898
0.519719 0.719078 0.008898
0.342166 0.571273 0.008934
0.347100 0.576199 0.008932
0.342191 0.581108 0.008923
0.347070 0.566369 0.008945
0.361723 0.551716 0.009029
0.366673 0.556628 0.009009
0.361794 0.561506 0.008978
0.492762 0.418879 0.017344
0.498217 0.423372 0.016896
0.493732 0.428047 0.016441
0.497205 0.414214 0.017744
0.510453 0.400175 0.018703
0.516013 0.404561 0.018287
0.511590 0.409285 0.018012
0.419458 0.493850 0.010651
0.424514 0.498654 0.010499
0.419740 0.503457 0.010283
0.424194 0.489082 0.010918
0.438276 0.474865 0.011884
0.443412 0.479585 0.011631
0.438718 0.484331 0.011310
0.578874 0.650064 0.008898
0.583804 0.654993 0.008898
0.578874 0.659923 0.008898
0.583804 0.645135 0.008898
0.598592 0.630346 0.008898
0.603522 0.635275 0.008898
0.598592 0.640205 0.008898
0.636463 0.472318 0.009655
0.636809 0.482241 0.009478
0.631658 0.477319 0.009628
0.641631 0.477248 0.009500
0.652113 0.497059 0.009169
0.677147 0.511907 0.008983
0.677249 0.521810 0.008956
0.672249 0.516859 0.008981
0.682152 0.516862 0.008958
0.692182 0.536650 0.008914
0.519603 0.590994 0.008966
0.519651 0.600819 0.008938
0.514697 0.595908 0.008952
0.524560 0.595903 0.008949
0.534489 0.615571 0.008908
0.480281 0.630347 0.008898
0.480282 0.640205 0.008898
0.475352 0.635276 0.008898
0.485211 0.635276 0.008898
0.495071 0.654994 0.008898
0.519719 0.669782 0.008898
0.519719 0.679641 0.008898
0.514789 0.674712 0.008898
0.524648 0.674712 0.008898
0.534508 0.694430 0.008898
0.358369 0.436818 0.012718
0.358880 0.446146 0.012113
0.353791 0.441388 0.012242
0.363468 0.441565 0.012580
0.374141 0.460416 0.011688
0.321137 0.474015 0.009994
0.321406 0.483596 0.009746
0.316393 0.478758 0.009804
0.326158 0.478845 0.009927
0.336422 0.498141 0.009590
0.361182 0.512808 0.009534
0.361356 0.522496 0.009363
0.356377 0.517616 0.009410
0.366167 0.517683 0.009480
0.376278 0.537159 0.009222
0.462455 0.326722 0.020912
0.462970 0.336313 0.020820
0.457764 0.331533 0.020864
0.467612 0.331528 0.020874
0.478892 0.350449 0.020648
0.505229 0.364040 0.020363
0.506548 0.373086 0.020119
0.500893 0.368692 0.020284
0.510842 0.368431 0.020200
0.523539 0.386010 0.019232
0.426614 0.364443 0.020055
0.428013 0.373607 0.019744
0.422423 0.369039 0.019831
0.432157 0.369045 0.019980
0.444640 0.387301 0.019327
0.393499 0.400732 0.017065
0.394593 0.409858 0.016418
0.389259 0.405234 0.016547
0.398868 0.405342 0.016939
0.410446 0.423752 0.015799
0.435796 0.437647 0.015003
0.436519 0.446861 0.014105
0.431310 0.442238 0.014462
0.441028 0.442250 0.014620
0.452158 0.460771 0.013062
0.282737 0.512406 0.009100
0.282842 0.522155 0.009038
0.277878 0.517264 0.009054
0.287705 0.517293 0.009082
0.297723 0.536844 0.008988
0.440845 0.669782 0.008898
0.440845 0.679641 0.008898
0.435915 0.674711 0.008898
0.445775 0.674712 0.008898
0.455634 0.694430 0.008898
0.361910 0.590968 0.008924
0.361935 0.600803 0.008913
0.356998 0.595880 0.008916
0.366849 0.595890 0.008921
0.376746 0.615571 0.008904
0.439631 0.513119 0.010083
0.439855 0.522785 0.009790
0.434830 0.517948 0.009908
0.444664 0.517949 0.009951
0.454910 0.537323 0.009472
0.401014 0.551861 0.009120
0.401115 0.561623 0.009042
0.396151 0.556727 0.009067
0.405985 0.556750 0.009085
0.415993 0.576319 0.009000
0.440721 0.591025 0.008966
0.440772 0.600837 0.008938
0.435820 0.595929 0.008949
0.445676 0.595930 0.008953
0.455611 0.615578 0.008911
0.597821 0.512145 0.009416
0.598011 0.521991 0.009273
0.592962 0.517099 0.009379
0.602877 0.517039 0.009305
0.613086 0.536715 0.009053
0.558817 0.551663 0.009111
0.558910 0.561477 0.009036
0.553922 0.556585 0.009081
0.563814 0.556553 0.009055
0.573820 0.576186 0.008961
0.598548 0.590926 0.008917
0.598566 0.600779 0.008909
0.593625 0.595855 0.008915
0.603491 0.595850 0.008911
0.613375 0.615559 0.008900
0.514478 0.436850 0.015290
0.515272 0.446127 0.014322
0.509920 0.441590 0.014855
0.519853 0.441362 0.014720
0.531187 0.459860 0.012814
0.477600 0.474725 0.012111
0.478074 0.484204 0.011499
0.472918 0.479485 0.011786
0.482781 0.479421 0.011795
0.493433 0.498475 0.010739
0.518540 0.512826 0.010094
0.518763 0.522543 0.009798
0.513711 0.517713 0.009959
0.523601 0.517650 0.009918
0.533879 0.537084 0.009401
0.550359 0.398161 0.017283
0.551489 0.407385 0.016601
0.545943 0.403093 0.017224
0.555929 0.402410 0.016650
0.567964 0.420430 0.014559
0.594196 0.433634 0.012193
0.594901 0.443409 0.011643
0.589558 0.438697 0.012117
0.599562 0.438355 0.011711
0.610799 0.457783 0.010536
0.556826 0.473620 0.011312
0.557266 0.483275 0.010819
0.552093 0.478536 0.011154
0.562020 0.478343 0.010948
0.572663 0.497651 0.010016
0.637936 0.551479 0.008935
0.637978 0.561342 0.008916
0.633022 0.556413 0.008928
0.642899 0.556409 0.008920
0.652801 0.576124 0.008904
0.479786 0.551889 0.009232
0.479909 0.561648 0.009123
0.474920 0.556773 0.009171
0.484783 0.556759 0.009171
0.494842 0.576306 0.009034
0.401408 0.630346 0.008898
0.401408 0.640205 0.008898
0.396479 0.635275 0.008898
0.406338 0.635275 0.008898
0.416197 0.654993 0.008898
0.480282 0.709219 0.008898
0.480282 0.719078 0.008898
0.475352 0.714148 0.008898
0.485212 0.714148 0.008898
0.495071 0.733867 0.008898
0.322414 0.551585 0.008957
0.322458 0.561401 0.008929
0.317519 0.556480 0.008935
0.327358 0.556500 0.008946
0.337257 0.576182 0.008925
0.470866 0.400871 0.018754
0.471989 0.410003 0.018083
0.466538 0.405479 0.018398
0.476349 0.405382 0.018457
0.488307 0.423540 0.016910
0.399151 0.474757 0.011357
0.399534 0.484240 0.010863
0.394464 0.479463 0.011027
0.404238 0.479515 0.011170
0.414703 0.498634 0.010414
0.559156 0.630347 0.008898
0.559156 0.640206 0.008898
0.554226 0.635276 0.008897
0.564085 0.635276 0.008897
0.573944 0.654994 0.008898
0.569015 0.659923 0.008898
0.569015 0.669782 0.008898
0.564085 0.664853 0.008898
0.573944 0.664853 0.008898
0.578874 0.669782 0.008898
0.578874 0.679641 0.008898
0.573944 0.674712 0.008898
0.559156 0.650064 0.008898
0.564085 0.654994 0.008898
0.559156 0.659923 0.008898
0.564085 0.645135 0.008898
0.569015 0.640205 0.008898
0.573945 0.645135 0.008898
0.569015 0.650064 0.008898
0.549297 0.640206 0.008897
0.549297 0.650064 0.008898
0.544367 0.645135 0.008898
0.554226 0.645135 0.008898
0.554226 0.654994 0.008898
0.409930 0.503431 0.010204
0.410165 0.513075 0.009907
0.405147 0.508234 0.010013
0.414957 0.508264 0.010086
0.419981 0.513100 0.009970
0.420195 0.522766 0.009701
0.415181 0.517919 0.009802
0.399860 0.493786 0.010451
0.404900 0.498603 0.010324
0.400128 0.503395 0.010120
0.404599 0.489027 0.010705
0.409319 0.484282 0.010989
0.414393 0.489061 0.010815
0.409656 0.493824 0.010555
0.389757 0.484185 0.010729
0.390072 0.493736 0.010341
0.385032 0.488922 0.010461
0.394812 0.488981 0.010587
0.395104 0.498560 0.010227
0.483841 0.428197 0.016441
0.484731 0.437377 0.015442
0.479363 0.432846 0.015938
0.489235 0.432717 0.015951
0.494622 0.437238 0.015435
0.495432 0.446474 0.014471
0.490088 0.441919 0.014952
0.473031 0.419152 0.017301
0.478440 0.423676 0.016891
0.473992 0.428314 0.016408
0.477435 0.414521 0.017730
0.481826 0.409887 0.018125
0.487297 0.414385 0.017754
0.482874 0.419032 0.017340
0.462197 0.410086 0.018007
0.463232 0.419237 0.017230
0.457844 0.414689 0.017583
0.467617 0.414622 0.017673
0.468614 0.423778 0.016838
0.332344 0.581095 0.008917
0.332361 0.590939 0.008911
0.327428 0.586012 0.008912
0.337278 0.586022 0.008916
0.342212 0.590947 0.008915
0.342229 0.600791 0.008908
0.337295 0.595865 0.008909
0.322480 0.571240 0.008919
0.327412 0.576168 0.008918
0.322496 0.581085 0.008913
0.327392 0.566327 0.008926
0.332297 0.561421 0.008938
0.337232 0.566346 0.008935
0.332324 0.571255 0.008926
0.312615 0.561385 0.008921
0.312633 0.571228 0.008913
0.307702 0.566300 0.008913
0.317549 0.566311 0.008919
0.317564 0.576157 0.008913
0.490141 0.738796 0.008898
0.490141 0.748655 0.008898
0.485212 0.743726 0.008898
0.495071 0.743726 0.008898
0.500000 0.748655 0.008898
0.500000 0.758515 0.008898
0.495071 0.753585 0.008898
0.480282 0.728937 0.008898
0.485212 0.733867 0.008898
0.480282 0.738796 0.008898
0.485212 0.724008 0.008898
0.490141 0.719078 0.008898
0.495071 0.724008 0.008898
0.490141 0.728937 0.008898
0.470423 0.719078 0.008898
0.470423 0.728937 0.008898
0.465493 0.724008 0.008898
0.475352 0.724008 0.008898
0.475352 0.733867 0.008898
0.411267 0.659923 0.008898
0.411267 0.669782 0.008898
0.406338 0.664852 0.008898
0.416197 0.664852 0.008898
0.421126 0.669782 0.008898
0.421126 0.679641 0.008898
0.416197 0.674711 0.008898
0.401408 0.650064 0.008898
0.406338 0.654993 0.008898
0.401408 0.659923 0.008898
0.406338 0.645134 0.008898
0.411267 0.640205 0.008898
0.416197 0.645134 0.008898
0.411267 0.650064 0.008898
0.391549 0.640205 0.008898
0.391549 0.650064 0.008898
0.386619 0.645134 0.008898
0.396479 0.645134 0.008898
0.396479 0.654993 0.008898
0.489948 0.581209 0.009013
0.490014 0.591014 0.008973
0.485052 0.586113 0.008993
0.494914 0.586107 0.008991
0.499876 0.591008 0.008972
0.499927 0.600827 0.008941
0.494972 0.595919 0.008956
0.480006 0.571426 0.009061
0.484978 0.576315 0.009036
0.480086 0.581216 0.009014
0.484891 0.566530 0.009088
0.489773 0.561635 0.009122
0.494756 0.566516 0.009085
0.489868 0.571416 0.009060
0.470048 0.561659 0.009122
0.470145 0.571433 0.009060
0.465170 0.566547 0.009085
0.475029 0.566540 0.009088
0.475117 0.576323 0.009036
0.647871 0.581054 0.008904
0.647877 0.590912 0.008902
0.642941 0.585983 0.008904
0.652806 0.585982 0.008902
0.657740 0.590911 0.008900
0.657743 0.600769 0.008899
0.652810 0.595840 0.008900
0.637994 0.571199 0.008910
0.642933 0.576126 0.008907
0.638004 0.581056 0.008907
0.642924 0.566270 0.008910
0.647851 0.561339 0.008911
0.652794 0.566267 0.008906
0.647863 0.571197 0.008906
0.628102 0.561346 0.008923
0.628122 0.571202 0.008915
0.623177 0.566278 0.008921
0.633051 0.566273 0.008915
0.633064 0.576129 0.008910
0.567832 0.502606 0.009951
0.568067 0.512395 0.009703
0.562994 0.507555 0.009882
0.572914 0.507447 0.009763
0.577986 0.512302 0.009600
0.578187 0.522116 0.009413
0.573132 0.517249 0.009547
0.557629 0.492978 0.010409
0.562740 0.497782 0.010165
0.557912 0.502726 0.010081
0.562419 0.488042 0.010516
0.567193 0.483096 0.010619
0.572346 0.487881 0.010331
0.567552 0.492833 0.010247
0.547345 0.483441 0.010992
0.547711 0.493113 0.010550
0.542580 0.488340 0.010829
0.552497 0.488197 0.010684
0.552821 0.497909 0.010301
0.606068 0.462802 0.010482
0.606541 0.472651 0.010159
0.601330 0.467810 0.010424
0.611299 0.467649 0.010209
0.616507 0.472519 0.009973
0.616892 0.482400 0.009736
0.611729 0.477516 0.009931
0.595535 0.453197 0.011156
0.600813 0.457983 0.010796
0.596096 0.462996 0.010730
0.600223 0.448165 0.011225
0.604907 0.443119 0.011286
0.610228 0.447920 0.010912
0.605523 0.452958 0.010857
0.584915 0.443740 0.012031
0.585562 0.453468 0.011481
0.580264 0.448765 0.011936
0.590235 0.448447 0.011566
0.590840 0.458213 0.011080
0.563431 0.425468 0.014487
0.564256 0.434967 0.013672
0.558871 0.430480 0.014352
0.568837 0.429936 0.013799
0.574217 0.434477 0.013147
0.574947 0.444110 0.012450
0.569611 0.439509 0.013028
0.552522 0.416676 0.015850
0.557991 0.421055 0.015176
0.553457 0.426032 0.015031
0.557010 0.411698 0.015943
0.561474 0.406682 0.015980
0.566990 0.410996 0.015282
0.562504 0.416039 0.015258
0.541506 0.407993 0.017113
0.542543 0.417231 0.016338
0.537047 0.412864 0.016947
0.547027 0.412324 0.016498
0.548013 0.421618 0.015696
0.529013 0.541989 0.009327
0.529151 0.551764 0.009184
0.524144 0.546892 0.009261
0.534028 0.546857 0.009238
0.539036 0.551733 0.009163
0.539140 0.561530 0.009073
0.534150 0.556644 0.009122
0.518960 0.532277 0.009550
0.523990 0.537129 0.009431
0.519129 0.542028 0.009351
0.523809 0.527382 0.009650
0.528655 0.522483 0.009756
0.533701 0.527325 0.009610
0.528848 0.532229 0.009518
0.508878 0.522598 0.009830
0.509077 0.532322 0.009574
0.504040 0.527481 0.009707
0.513922 0.527434 0.009683
0.514106 0.537171 0.009456
0.488636 0.503333 0.010544
0.488893 0.513003 0.010179
0.483833 0.508190 0.010359
0.493705 0.508139 0.010348
0.498769 0.512951 0.010163
0.498997 0.522648 0.009852
0.493948 0.517822 0.010010
0.478463 0.493756 0.010978
0.483559 0.498535 0.010752
0.478768 0.503383 0.010549
0.483213 0.488941 0.011227
0.487943 0.484137 0.011495
0.493088 0.488872 0.011213
0.488333 0.493698 0.010973
0.468217 0.484257 0.011481
0.468604 0.493802 0.010965
0.463495 0.489040 0.011197
0.473348 0.488997 0.011221
0.473695 0.498583 0.010749
0.526524 0.464686 0.012525
0.527062 0.474175 0.011845
0.521846 0.469505 0.012238
0.531762 0.469334 0.012099
0.536978 0.474009 0.011701
0.537429 0.483593 0.011139
0.532256 0.478871 0.011478
0.515981 0.455462 0.013443
0.521264 0.460062 0.012974
0.516608 0.464859 0.012654
0.520600 0.450682 0.013801
0.525204 0.445892 0.014161
0.530532 0.450445 0.013620
0.525905 0.455259 0.013297
0.505346 0.446321 0.014424
0.506065 0.455632 0.013539
0.500759 0.451046 0.014000
0.510676 0.450883 0.013928
0.511348 0.460236 0.013089
0.608448 0.620488 0.008899
0.608451 0.630346 0.008898
0.603521 0.625417 0.008898
0.613380 0.625416 0.008898
0.618311 0.630345 0.008898
0.618311 0.640205 0.008898
0.613381 0.635275 0.008898
0.598580 0.610632 0.008903
0.603515 0.615560 0.008901
0.598588 0.620488 0.008899
0.603505 0.605704 0.008905
0.608430 0.600775 0.008906
0.613368 0.605702 0.008903
0.608441 0.610631 0.008902
0.588702 0.600783 0.008912
0.588718 0.610635 0.008905
0.583779 0.605710 0.008909
0.593642 0.605707 0.008907
0.593654 0.615561 0.008901
0.568903 0.581112 0.008956
0.568941 0.590950 0.008936
0.563987 0.586037 0.008950
0.573860 0.586025 0.008941
0.578811 0.590941 0.008929
0.578837 0.600787 0.008916
0.573891 0.595867 0.008925
0.558975 0.571299 0.008997
0.563941 0.576203 0.008975
0.559028 0.581127 0.008968
0.563888 0.566375 0.009004
0.568800 0.561449 0.009014
0.573774 0.566351 0.008985
0.568857 0.571278 0.008980
0.549024 0.561504 0.009056
0.549095 0.571319 0.009012
0.544122 0.566422 0.009038
0.554003 0.566399 0.009022
0.554064 0.576221 0.008988
0.608194 0.541657 0.009033
0.608284 0.551513 0.008977
0.603297 0.546597 0.009014
0.613188 0.546575 0.008991
0.618170 0.551497 0.008959
0.618224 0.561354 0.008932
0.613259 0.556432 0.008950
0.598170 0.531838 0.009155
0.603188 0.536745 0.009087
0.598298 0.541686 0.009063
0.603048 0.526892 0.009184
0.607921 0.521942 0.009212
0.612953 0.526853 0.009135
0.608073 0.531800 0.009111
0.588100 0.522049 0.009339
0.588265 0.531883 0.009204
0.583232 0.526995 0.009299
0.593140 0.526939 0.009239
0.593287 0.536781 0.009126
0.450692 0.620498 0.008904
0.450703 0.630347 0.008898
0.445770 0.625421 0.008900
0.455629 0.625421 0.008900
0.460563 0.630347 0.008898
0.460563 0.640205 0.008898
0.455634 0.635275 0.008898
0.440809 0.610661 0.008917
0.445752 0.615578 0.008910
0.440833 0.620498 0.008904
0.445721 0.605748 0.008927
0.450629 0.600837 0.008940
0.455579 0.605747 0.008929
0.450668 0.610661 0.008918
0.430915 0.600836 0.008935
0.430951 0.610661 0.008916
0.426006 0.605746 0.008924
0.435863 0.605747 0.008926
0.435894 0.615578 0.008909
0.411102 0.581212 0.008979
0.411158 0.591016 0.008951
0.406207 0.586109 0.008961
0.416057 0.586116 0.008968
0.421011 0.591021 0.008957
0.421059 0.600834 0.008932
0.416109 0.595924 0.008942
0.401191 0.571406 0.009002
0.406147 0.576309 0.008991
0.401254 0.581203 0.008971
0.406075 0.566521 0.009025
0.410953 0.561641 0.009057
0.415918 0.566535 0.009038
0.411034 0.571420 0.009013
0.391280 0.561600 0.009027
0.391350 0.571389 0.008990
0.386399 0.566481 0.008999
0.396236 0.566503 0.009012
0.396302 0.576296 0.008981
0.450069 0.542183 0.009368
0.450216 0.551915 0.009214
0.445222 0.547047 0.009277
0.455071 0.547045 0.009291
0.460069 0.551911 0.009224
0.460191 0.561665 0.009117
0.455206 0.556788 0.009160
0.440052 0.532474 0.009545
0.445063 0.537326 0.009453
0.440223 0.542183 0.009348
0.444877 0.527627 0.009677
0.449695 0.522783 0.009824
0.454721 0.527621 0.009703
0.449895 0.532472 0.009571
0.430022 0.522780 0.009748
0.430215 0.532468 0.009512
0.425206 0.527615 0.009604
0.435039 0.527625 0.009644
0.435221 0.537324 0.009427
0.371824 0.620493 0.008901
0.371830 0.630346 0.008898
0.366898 0.625418 0.008899
0.376757 0.625419 0.008899
0.381689 0.630346 0.008898
0.381690 0.640205 0.008898
0.376760 0.635275 0.008898
0.361954 0.610644 0.008905
0.366889 0.615568 0.008903
0.361966 0.620492 0.008900
0.366872 0.605726 0.008910
0.371788 0.600810 0.008917
0.376727 0.605731 0.008913
0.371809 0.610648 0.008907
0.352082 0.600796 0.008910
0.352097 0.610641 0.008904
0.347163 0.605716 0.008906
0.357018 0.605720 0.008908
0.357032 0.615566 0.008902
0.450704 0.699359 0.008898
0.450704 0.709219 0.008898
0.445775 0.704289 0.008898
0.455634 0.704289 0.008898
0.460563 0.709219 0.008898
0.460563 0.719078 0.008898
0.455634 0.714148 0.008898
0.440845 0.689500 0.008898
0.445775 0.694430 0.008898
0.440845 0.699359 0.008898
0.445775 0.684571 0.008898
0.450704 0.679641 0.008898
0.455634 0.684571 0.008898
0.450704 0.689500 0.008898
0.430986 0.679641 0.008898
0.430986 0.689500 0.008898
0.426056 0.684571 0.008898
0.435915 0.684571 0.008898
0.435915 0.694430 0.008898
0.292837 0.541730 0.008959
0.292888 0.551537 0.008928
0.287943 0.546624 0.008938
0.297787 0.546637 0.008947
0.302734 0.551548 0.008936
0.302769 0.561374 0.008915
0.297830 0.556453 0.008921
0.282928 0.531925 0.008987
0.287884 0.536826 0.008973
0.282994 0.541715 0.008949
0.287804 0.527049 0.009021
0.292672 0.522182 0.009062
0.297636 0.527073 0.009043
0.292765 0.531945 0.009004
0.273010 0.522130 0.009016
0.273089 0.531907 0.008973
0.268133 0.527006 0.008985
0.277970 0.527027 0.009002
0.278043 0.536810 0.008961
0.447553 0.465457 0.012648
0.448084 0.474854 0.011975
0.442925 0.470154 0.012255
0.452735 0.470135 0.012341
0.457907 0.474827 0.012043
0.458371 0.484295 0.011444
0.453233 0.479567 0.011704
0.437174 0.456133 0.013284
0.442365 0.460790 0.012963
0.437761 0.465466 0.012543
0.441732 0.451490 0.013752
0.446266 0.446858 0.014240
0.451505 0.451473 0.013865
0.446946 0.456126 0.013404
0.426798 0.446842 0.013940
0.427425 0.456120 0.013137
0.422255 0.451458 0.013442
0.431985 0.451484 0.013610
0.432593 0.460788 0.012837
0.406029 0.428304 0.015236
0.406744 0.437505 0.014362
0.401568 0.432857 0.014661
0.411235 0.432942 0.014936
0.416425 0.437573 0.014606
0.417084 0.446803 0.013750
0.411914 0.442152 0.014058
0.395552 0.419016 0.015706
0.400802 0.423661 0.015492
0.396375 0.428203 0.014926
0.399902 0.414488 0.016251
0.404211 0.409958 0.016779
0.409529 0.414579 0.016581
0.405186 0.419120 0.016045
0.384979 0.409734 0.016012
0.385919 0.418888 0.015326
0.380656 0.414233 0.015463
0.390277 0.414373 0.015879
0.391158 0.423545 0.015148
0.440431 0.391863 0.019008
0.441638 0.401000 0.018431
0.436213 0.396422 0.018652
0.445891 0.396430 0.018804
0.451336 0.400990 0.018571
0.452450 0.410134 0.017899
0.447049 0.405571 0.018182
0.429445 0.382715 0.019337
0.434952 0.387289 0.019186
0.430768 0.391839 0.018843
0.433588 0.378171 0.019629
0.437725 0.373626 0.019878
0.443295 0.378186 0.019754
0.439127 0.382739 0.019489
0.418303 0.373604 0.019555
0.419771 0.382696 0.019130
0.414216 0.378142 0.019231
0.423895 0.378152 0.019459
0.425290 0.387262 0.019002
0.519197 0.390749 0.019103
0.520419 0.399821 0.018512
0.514834 0.395470 0.018928
0.524805 0.395062 0.018686
0.530393 0.399369 0.018213
0.531526 0.408511 0.017517
0.525983 0.404165 0.018040
0.507929 0.382078 0.019756
0.513571 0.386424 0.019461
0.509232 0.391107 0.019284
0.512226 0.377421 0.019887
0.516505 0.372747 0.019972
0.522189 0.377009 0.019675
0.517890 0.381726 0.019590
0.496607 0.373295 0.020166
0.497980 0.382312 0.019817
0.492346 0.377874 0.020013
0.502271 0.377704 0.019989
0.503613 0.386723 0.019580
0.474446 0.355131 0.020565
0.475555 0.364375 0.020390
0.470056 0.359788 0.020469
0.479902 0.359741 0.020489
0.485413 0.364310 0.020403
0.486712 0.373415 0.020174
0.481107 0.368918 0.020299
0.463689 0.345793 0.020696
0.469043 0.350480 0.020634
0.464607 0.355162 0.020542
0.468227 0.341060 0.020769
0.472820 0.336302 0.020830
0.478079 0.341041 0.020779
0.473533 0.345773 0.020712
0.453129 0.336318 0.020804
0.453857 0.345803 0.020671
0.448553 0.341075 0.020729
0.458385 0.341071 0.020752
0.459208 0.350500 0.020609
0.371436 0.542002 0.009144
0.371541 0.551760 0.009052
0.366585 0.546854 0.009080
0.376399 0.546900 0.009108
0.381361 0.551799 0.009076
0.381448 0.561573 0.009011
0.376495 0.556666 0.009029
0.361504 0.532211 0.009222
0.366471 0.537106 0.009182
0.361627 0.541951 0.009110
0.366332 0.527382 0.009316
0.371150 0.522562 0.009426
0.376131 0.527441 0.009370
0.371306 0.532270 0.009268
0.351559 0.522435 0.009304
0.351699 0.532156 0.009178
0.346730 0.527266 0.009215
0.356534 0.527321 0.009263
0.356665 0.537051 0.009143
0.331627 0.502938 0.009466
0.331801 0.512620 0.009324
0.326818 0.507747 0.009359
0.336615 0.507805 0.009427
0.341600 0.512678 0.009387
0.341757 0.522379 0.009251
0.336781 0.517498 0.009288
0.321638 0.493217 0.009545
0.326635 0.498074 0.009503
0.321833 0.502877 0.009392
0.326416 0.488439 0.009690
0.331177 0.483678 0.009861
0.336191 0.488516 0.009799
0.331422 0.493287 0.009638
0.311632 0.483518 0.009642
0.311850 0.493151 0.009462
0.306853 0.488295 0.009504
0.316637 0.488365 0.009592
0.316844 0.498012 0.009425
0.369492 0.465065 0.011305
0.369882 0.474523 0.010835
0.364825 0.469732 0.010955
0.374563 0.469839 0.011166
0.379632 0.474616 0.011021
0.379987 0.484116 0.010586
0.374936 0.479317 0.010711
0.359345 0.455521 0.011564
0.364419 0.460293 0.011436
0.359765 0.464944 0.011073
0.363967 0.450904 0.011979
0.368569 0.446307 0.012436
0.373670 0.451046 0.012277
0.369055 0.455660 0.011839
0.349191 0.445982 0.011809
0.349635 0.455379 0.011305
0.344567 0.450600 0.011416
0.354269 0.450751 0.011688
0.354701 0.460161 0.011190
0.529578 0.699360 0.008898
0.529578 0.709219 0.008898
0.524648 0.704289 0.008898
0.534508 0.704289 0.008898
0.539437 0.709219 0.008898
0.539437 0.719078 0.008898
0.534507 0.714148 0.008898
0.519719 0.689501 0.008898
0.524648 0.694430 0.008898
0.519719 0.699360 0.008898
0.524648 0.684571 0.008898
0.529578 0.679641 0.008898
0.534508 0.684571 0.008898
0.529578 0.689500 0.008898
0.509860 0.679641 0.008898
0.509860 0.689501 0.008898
0.504930 0.684571 0.008898
0.514789 0.684571 0.008898
0.514789 0.694430 0.008898
0.490141 0.659923 0.008898
0.490141 0.669782 0.008898
0.485212 0.664853 0.008898
0.495071 0.664853 0.008898
0.500000 0.669782 0.008898
0.500000 0.679641 0.008898
0.495071 0.674712 0.008898
0.480282 0.650064 0.008898
0.485212 0.654994 0.008898
0.480282 0.659923 0.008898
0.485212 0.645135 0.008898
0.490141 0.640205 0.008898
0.495071 0.645135 0.008898
0.490141 0.650064 0.008898
0.470423 0.640205 0.008898
0.470423 0.650064 0.008898
0.465493 0.645135 0.008898
0.475352 0.645135 0.008898
0.475352 0.654994 0.008898
0.529568 0.620495 0.008903
0.529578 0.630347 0.008898
0.524645 0.625420 0.008900
0.534504 0.625420 0.008899
0.539437 0.630347 0.008898
0.539437 0.640206 0.008897
0.534508 0.635276 0.008897
0.519686 0.610653 0.008917
0.524629 0.615573 0.008909
0.519708 0.620496 0.008904
0.524601 0.605734 0.008925
0.529513 0.600815 0.008935
0.534463 0.605730 0.008923
0.529547 0.610651 0.008916
0.509789 0.600823 0.008940
0.509825 0.610655 0.008918
0.504878 0.605739 0.008928
0.514739 0.605736 0.008927
0.514768 0.615574 0.008910
0.687268 0.541589 0.008911
0.687303 0.551464 0.008903
0.682353 0.546527 0.008909
0.692222 0.546528 0.008905
0.697168 0.551464 0.008901
0.697183 0.561331 0.008898
0.692246 0.556398 0.008900
0.677331 0.531703 0.008934
0.682304 0.536647 0.008921
0.677393 0.541588 0.008918
0.682238 0.526759 0.008937
0.687145 0.521814 0.008940
0.692125 0.526764 0.008926
0.687215 0.531706 0.008923
0.667351 0.521811 0.008977
0.667445 0.531705 0.008948
0.662454 0.526761 0.008972
0.672347 0.526758 0.008953
0.672424 0.536647 0.008930
0.647239 0.502027 0.009163
0.647407 0.511932 0.009093
0.642365 0.506993 0.009155
0.652287 0.506970 0.009100
0.657322 0.511916 0.009050
0.657451 0.521817 0.009003
0.652436 0.516873 0.009043
0.637091 0.492155 0.009337
0.642176 0.497089 0.009240
0.637310 0.502059 0.009229
0.641935 0.487174 0.009353
0.646772 0.482187 0.009370
0.651888 0.487135 0.009262
0.647036 0.492114 0.009251
0.626848 0.482312 0.009600
0.627147 0.492210 0.009434
0.622032 0.487299 0.009571
0.631982 0.487229 0.009456
0.632240 0.497131 0.009321
0.598592 0.650064 0.008898
0.603522 0.654993 0.008898
0.598592 0.659923 0.008898
0.603522 0.645134 0.008898
0.608451 0.640205 0.008898
0.613381 0.645134 0.008898
0.608451 0.650064 0.008898
0.588733 0.659923 0.008898
0.593663 0.654993 0.008898
0.593663 0.664852 0.008898
0.588733 0.650064 0.008898
0.588733 0.640205 0.008898
0.593663 0.635275 0.008898
0.593663 0.645134 0.008898
0.583804 0.674711 0.008898
0.583804 0.664852 0.008898
0.588733 0.669782 0.008898
0.439087 0.493867 0.010823
0.444158 0.498660 0.010644
0.439381 0.503475 0.010424
0.443823 0.489087 0.011093
0.448539 0.484320 0.011387
0.453654 0.489070 0.011154
0.448916 0.493858 0.010887
0.429557 0.503471 0.010357
0.434331 0.498662 0.010578
0.434595 0.508293 0.010219
0.429268 0.493865 0.010741
0.428910 0.484328 0.011213
0.433604 0.479589 0.011536
0.434003 0.489091 0.011013
0.425002 0.517938 0.009857
0.424772 0.508284 0.010155
0.429802 0.513114 0.010029
0.512640 0.418435 0.017212
0.518110 0.422875 0.016685
0.513602 0.427624 0.016301
0.517106 0.413696 0.017540
0.521554 0.408940 0.017816
0.527073 0.413320 0.017293
0.522600 0.418108 0.017016
0.503659 0.427864 0.016406
0.508158 0.423157 0.016833
0.509079 0.432354 0.015866
0.502690 0.418689 0.017314
0.501637 0.409545 0.018108
0.506054 0.404866 0.018430
0.507149 0.413993 0.017688
0.499994 0.441773 0.014926
0.499145 0.432556 0.015932
0.504544 0.437068 0.015394
0.361841 0.571318 0.008954
0.366780 0.576240 0.008951
0.361879 0.581140 0.008938
0.366735 0.566426 0.008971
0.371620 0.561541 0.008994
0.376566 0.566456 0.008985
0.371675 0.571345 0.008967
0.352036 0.581123 0.008930
0.356941 0.576218 0.008941
0.356973 0.586046 0.008927
0.352005 0.571294 0.008944
0.351965 0.561473 0.008963
0.356850 0.556589 0.008990
0.356904 0.566395 0.008957
0.347147 0.595872 0.008913
0.347126 0.586033 0.008921
0.352062 0.590957 0.008919
0.519719 0.728937 0.008898
0.524648 0.733867 0.008898
0.519719 0.738796 0.008898
0.524648 0.724008 0.008898
0.529578 0.719078 0.008898
0.534507 0.724008 0.008898
0.529578 0.728937 0.008898
0.509860 0.738796 0.008898
0.514789 0.733867 0.008898
0.514789 0.743726 0.008898
0.509860 0.728937 0.008898
0.509860 0.719078 0.008898
0.514789 0.714148 0.008898
0.514789 0.724008 0.008898
0.504930 0.753585 0.008898
0.504930 0.743726 0.008898
0.509860 0.748655 0.008898
0.440845 0.650064 0.008898
0.445775 0.654993 0.008898
0.440845 0.659923 0.008898
0.445774 0.645134 0.008898
0.450704 0.640205 0.008898
0.455634 0.645135 0.008898
0.450704 0.650064 0.008898
0.430986 0.659923 0.008898
0.435915 0.654993 0.008898
0.435915 0.664852 0.008898
0.430986 0.650064 0.008898
0.430986 0.640205 0.008898
0.435915 0.635275 0.008898
0.435915 0.645134 0.008898
0.426056 0.674711 0.008898
0.426056 0.664852 0.008898
0.430986 0.669782 0.008898
0.519471 0.571372 0.009044
0.524443 0.576267 0.009018
0.519543 0.581178 0.009002
0.524367 0.566463 0.009064
0.529260 0.561554 0.009088
0.534243 0.566443 0.009052
0.529343 0.571356 0.009035
0.509676 0.581189 0.009007
0.514574 0.576281 0.009025
0.514642 0.586090 0.008985
0.509601 0.571388 0.009052
0.509510 0.561597 0.009110
0.514392 0.556696 0.009151
0.514494 0.566482 0.009073
0.504834 0.595914 0.008955
0.504777 0.586099 0.008989
0.509739 0.591002 0.008969
0.677462 0.571192 0.008899
0.682393 0.576121 0.008899
0.677463 0.581051 0.008899
0.682393 0.566262 0.008899
0.687321 0.561331 0.008899
0.692255 0.566261 0.008898
0.687324 0.571191 0.008898
0.667600 0.581051 0.008900
0.672531 0.576122 0.008900
0.672532 0.585980 0.008899
0.667597 0.571193 0.008901
0.667591 0.561334 0.008903
0.672515 0.556400 0.008904
0.672529 0.566263 0.008900
0.662672 0.595840 0.008899
0.662670 0.585981 0.008900
0.667602 0.590910 0.008899
0.597336 0.492459 0.009791
0.602442 0.497333 0.009623
0.597601 0.502300 0.009586
0.602145 0.487485 0.009839
0.606942 0.482505 0.009885
0.612086 0.487384 0.009699
0.607270 0.492362 0.009661
0.587677 0.502390 0.009699
0.592513 0.497426 0.009744
0.592754 0.507261 0.009547
0.587405 0.492570 0.009933
0.587058 0.482766 0.010226
0.591827 0.477791 0.010295
0.592208 0.487602 0.009991
0.583048 0.517169 0.009459
0.582833 0.507349 0.009651
0.587903 0.512218 0.009504
0.635582 0.452442 0.010121
0.640838 0.457362 0.009898
0.636054 0.462385 0.009869
0.640349 0.447403 0.010151
0.645117 0.442356 0.010179
0.650403 0.447296 0.009950
0.645620 0.452332 0.009925
0.626047 0.462497 0.010052
0.630814 0.457474 0.010087
0.631269 0.467400 0.009838
0.625546 0.452581 0.010339
0.624980 0.442660 0.010669
0.629711 0.437600 0.010706
0.630295 0.447541 0.010376
0.621690 0.477408 0.009772
0.621279 0.467512 0.010014
0.626481 0.472408 0.009806
0.592488 0.414229 0.013361
0.597978 0.418822 0.012804
0.593398 0.423898 0.012777
0.597018 0.409149 0.013363
0.601533 0.404063 0.013356
0.607098 0.408655 0.012821
0.602544 0.413741 0.012818
0.583385 0.424368 0.013308
0.587944 0.419302 0.013345
0.588804 0.428968 0.012728
0.582466 0.414776 0.013952
0.581440 0.405256 0.014581
0.585898 0.400182 0.014556
0.586975 0.409706 0.013955
0.579575 0.439082 0.012557
0.578809 0.429427 0.013245
0.584195 0.434032 0.012652
0.558542 0.532059 0.009379
0.563574 0.536929 0.009272
0.558695 0.541857 0.009225
0.563410 0.527129 0.009437
0.568274 0.522192 0.009492
0.573322 0.527058 0.009365
0.568450 0.531996 0.009318
0.548796 0.541904 0.009264
0.553671 0.536984 0.009321
0.553811 0.546779 0.009180
0.548639 0.532120 0.009433
0.548453 0.522347 0.009643
0.553304 0.517424 0.009726
0.553502 0.527199 0.009503
0.544034 0.556615 0.009103
0.543918 0.546820 0.009211
0.548924 0.551699 0.009139
0.517993 0.493453 0.010850
0.523100 0.498234 0.010600
0.518290 0.503124 0.010441
0.522764 0.488589 0.011050
0.527519 0.483730 0.011260
0.532669 0.488471 0.010951
0.527893 0.493350 0.010770
0.508399 0.503202 0.010491
0.513205 0.498324 0.010664
0.513473 0.508010 0.010286
0.508100 0.493546 0.010910
0.507717 0.483961 0.011426
0.512443 0.479140 0.011686
0.512866 0.488696 0.011126
0.503827 0.517771 0.009990
0.503586 0.508078 0.010324
0.508652 0.512892 0.010135
0.555712 0.454447 0.012556
0.560989 0.459073 0.012057
0.556308 0.464010 0.011891
0.560360 0.449500 0.012737
0.564994 0.444519 0.012895
0.570308 0.449119 0.012332
0.565657 0.454107 0.012203
0.546374 0.464262 0.012144
0.551050 0.459365 0.012356
0.551611 0.468925 0.011711
0.545771 0.454752 0.012855
0.545090 0.445294 0.013656
0.549697 0.440391 0.013913
0.550412 0.449854 0.013090
0.542172 0.478712 0.011331
0.541684 0.469141 0.011924
0.546899 0.473824 0.011523
0.638024 0.610628 0.008899
0.642956 0.615557 0.008899
0.638027 0.620487 0.008898
0.642953 0.605699 0.008900
0.647881 0.600770 0.008900
0.652814 0.605699 0.008899
0.647885 0.610628 0.008899
0.628168 0.620487 0.008898
0.633096 0.615557 0.008899
0.633099 0.625416 0.008898
0.628164 0.610629 0.008900
0.628157 0.600771 0.008902
0.633084 0.595842 0.008903
0.633091 0.605699 0.008901
0.623240 0.635275 0.008898
0.623239 0.625416 0.008898
0.628170 0.630345 0.008898
0.598497 0.571228 0.008939
0.603449 0.576147 0.008928
0.598525 0.581076 0.008927
0.603421 0.566297 0.008940
0.608343 0.561366 0.008943
0.613300 0.566286 0.008929
0.608374 0.571216 0.008929
0.588652 0.581086 0.008935
0.593574 0.576157 0.008938
0.593602 0.586005 0.008925
0.588619 0.571242 0.008951
0.588576 0.561400 0.008973
0.593488 0.556468 0.008983
0.593541 0.566312 0.008953
0.583758 0.595861 0.008919
0.583731 0.586014 0.008932
0.588680 0.590933 0.008922
0.637770 0.531730 0.009011
0.642767 0.536664 0.008977
0.637867 0.541608 0.008966
0.642660 0.526781 0.009024
0.647549 0.521829 0.009034
0.652559 0.526769 0.008996
0.647664 0.531718 0.008987
0.627978 0.541619 0.008984
0.632876 0.536676 0.008998
0.632963 0.546548 0.008955
0.627872 0.531747 0.009039
0.627737 0.521869 0.009111
0.632615 0.516914 0.009128
0.632760 0.526798 0.009056
0.623142 0.556421 0.008937
0.623077 0.546559 0.008971
0.628055 0.551485 0.008945
0.480245 0.610660 0.008919
0.485189 0.615577 0.008911
0.480270 0.620497 0.008905
0.485157 0.605744 0.008930
0.490066 0.600831 0.008942
0.495017 0.605742 0.008929
0.490105 0.610658 0.008919
0.470411 0.620498 0.008905
0.475329 0.615577 0.008911
0.475348 0.625421 0.008900
0.470385 0.610660 0.008919
0.470346 0.600835 0.008942
0.475251 0.595926 0.008957
0.475297 0.605746 0.008930
0.465493 0.635276 0.008898
0.465488 0.625421 0.008900
0.470422 0.630347 0.008898
0.440579 0.571440 0.009044
0.445546 0.576332 0.009025
0.440657 0.581226 0.009001
0.445461 0.566552 0.009073
0.450337 0.561668 0.009110
0.455314 0.566551 0.009080
0.450432 0.571440 0.009052
0.430803 0.581224 0.008994
0.435693 0.576330 0.009018
0.435763 0.586123 0.008980
0.430728 0.571436 0.009034
0.430638 0.561663 0.009086
0.435507 0.556787 0.009136
0.435610 0.566550 0.009063
0.425964 0.595927 0.008946
0.425909 0.586121 0.008974
0.430866 0.591024 0.008961
0.479460 0.532428 0.009605
0.484484 0.537274 0.009492
0.479636 0.542149 0.009393
0.484294 0.527560 0.009730
0.489123 0.522691 0.009865
0.494164 0.527524 0.009722
0.489326 0.532399 0.009602
0.469776 0.542166 0.009390
0.474620 0.537296 0.009492
0.474784 0.547025 0.009306
0.469599 0.532449 0.009601
0.469395 0.522753 0.009863
0.474213 0.517899 0.010017
0.474430 0.527588 0.009729
0.465061 0.556782 0.009167
0.464925 0.547037 0.009301
0.469925 0.551903 0.009230
0.401379 0.610656 0.008912
0.406319 0.615575 0.008907
0.401399 0.620496 0.008902
0.406293 0.605742 0.008919
0.411203 0.600831 0.008929
0.416149 0.605744 0.008922
0.411236 0.610658 0.008913
0.391540 0.620495 0.008902
0.396461 0.615574 0.008906
0.396475 0.625419 0.008899
0.391522 0.610654 0.008910
0.391494 0.600823 0.008923
0.396402 0.595914 0.008934
0.396437 0.605739 0.008917
0.386619 0.635275 0.008898
0.386616 0.625419 0.008899
0.391548 0.630346 0.008898
0.480282 0.689500 0.008898
0.485212 0.694430 0.008898
0.480282 0.699360 0.008898
0.485212 0.684571 0.008898
0.490141 0.679641 0.008898
0.495071 0.684571 0.008898
0.490141 0.689501 0.008898
0.470423 0.699360 0.008898
0.475352 0.694430 0.008898
0.475352 0.704289 0.008898
0.470423 0.689500 0.008898
0.470423 0.679641 0.008898
0.475352 0.674712 0.008898
0.475352 0.684571 0.008898
0.465493 0.714148 0.008898
0.465493 0.704289 0.008898
0.470423 0.709219 0.008898
0.322254 0.532026 0.009073
0.327216 0.536923 0.009049
0.322346 0.541793 0.009005
0.327108 0.527172 0.009132
0.331950 0.522329 0.009203
0.336922 0.527216 0.009171
0.332074 0.532064 0.009104
0.312514 0.541767 0.008987
0.317390 0.536891 0.009025
0.317466 0.546673 0.008971
0.312429 0.531994 0.009046
0.312321 0.522245 0.009122
0.317165 0.517401 0.009188
0.317289 0.527134 0.009097
0.307677 0.556464 0.008927
0.307629 0.546653 0.008957
0.312576 0.551564 0.008945
0.476402 0.455977 0.013598
0.481664 0.460597 0.013201
0.477043 0.465317 0.012811
0.480980 0.451286 0.014033
0.485541 0.446601 0.014484
0.490857 0.451177 0.014031
0.486268 0.455884 0.013607
0.467194 0.465382 0.012782
0.471808 0.460675 0.013181
0.472404 0.470045 0.012440
0.466560 0.456048 0.013561
0.465846 0.446778 0.014421
0.470369 0.442130 0.014910
0.471129 0.451371 0.014005
0.463069 0.479533 0.011756
0.462561 0.470099 0.012402
0.467746 0.474784 0.012088
0.434094 0.419295 0.016815
0.439391 0.423890 0.016483
0.434994 0.428468 0.015950
0.438431 0.414724 0.017302
0.442748 0.410149 0.017758
0.448115 0.414723 0.017459
0.443763 0.419308 0.016986
0.425337 0.428435 0.015749
0.429732 0.423865 0.016296
0.430568 0.433044 0.015390
0.424456 0.419258 0.016601
0.423460 0.410092 0.017363
0.427734 0.405535 0.017829
0.428788 0.414694 0.017108
0.421611 0.442206 0.014273
0.420901 0.433004 0.015179
0.426108 0.437620 0.014820
0.468382 0.382655 0.019772
0.473942 0.387161 0.019582
0.469664 0.391755 0.019316
0.472621 0.378077 0.019983
0.476852 0.373504 0.020159
0.482466 0.377989 0.020010
0.478209 0.382572 0.019813
0.459878 0.391822 0.019243
0.464134 0.387238 0.019525
0.465377 0.396351 0.019015
0.458593 0.382711 0.019704
0.457226 0.373611 0.020063
0.461445 0.369030 0.020231
0.462811 0.378139 0.019931
0.456771 0.405542 0.018306
0.455612 0.396406 0.018924
0.461079 0.400947 0.018678
0.547814 0.379917 0.018422
0.553476 0.384047 0.017868
0.549133 0.389005 0.017891
0.552109 0.374971 0.018371
0.556377 0.369983 0.018287
0.562083 0.374012 0.017714
0.557792 0.379050 0.017807
0.539150 0.389702 0.018408
0.543494 0.384826 0.018436
0.544765 0.393927 0.017871
0.537836 0.380649 0.018924
0.536437 0.371654 0.019348
0.540727 0.366785 0.019303
0.542134 0.375789 0.018917
0.535960 0.403677 0.017686
0.534782 0.394548 0.018335
0.540374 0.398817 0.017804
0.503172 0.345572 0.020701
0.508580 0.350111 0.020593
0.504102 0.354869 0.020548
0.507744 0.340764 0.020737
0.512358 0.335893 0.020749
0.517663 0.340412 0.020612
0.513101 0.345293 0.020614
0.494180 0.355020 0.020574
0.498647 0.350322 0.020644
0.499671 0.359569 0.020480
0.493261 0.345699 0.020719
0.492544 0.336257 0.020835
0.497203 0.331457 0.020879
0.497824 0.340951 0.020777
0.490980 0.368831 0.020303
0.489770 0.359679 0.020493
0.495297 0.364219 0.020398
0.400737 0.532404 0.009399
0.405727 0.537274 0.009331
0.400888 0.542121 0.009239
0.405560 0.527571 0.009517
0.410374 0.522743 0.009652
0.415380 0.527597 0.009562
0.410558 0.532433 0.009439
0.391066 0.542088 0.009209
0.395906 0.537243 0.009296
0.396041 0.546973 0.009162
0.390921 0.532367 0.009357
0.390750 0.522670 0.009544
0.395557 0.517853 0.009684
0.395745 0.527536 0.009470
0.386322 0.556699 0.009048
0.386218 0.546940 0.009135
0.391186 0.551833 0.009098
0.360747 0.493518 0.009971
0.365757 0.498366 0.009902
0.360982 0.503146 0.009733
0.365494 0.488768 0.010186
0.370223 0.484035 0.010433
0.375259 0.488851 0.010327
0.370516 0.493601 0.010100
0.351201 0.503071 0.009636
0.355983 0.498287 0.009789
0.356194 0.507937 0.009586
0.350976 0.493438 0.009851
0.350707 0.483851 0.010126
0.355432 0.479125 0.010367
0.355730 0.488681 0.010047
0.346581 0.517554 0.009346
0.346407 0.507869 0.009503
0.351393 0.512740 0.009457
0.398217 0.455972 0.012576
0.403342 0.460680 0.012341
0.398712 0.465335 0.011928
0.402808 0.451351 0.013041
0.407374 0.446745 0.013536
0.412529 0.451414 0.013253
0.407948 0.456039 0.012782
0.388966 0.465262 0.011736
0.393603 0.460609 0.012141
0.394061 0.470006 0.011546
0.388491 0.455887 0.012350
0.387964 0.446567 0.013034
0.392527 0.441983 0.013547
0.393091 0.451269 0.012808
0.384697 0.479397 0.010875
0.384309 0.469930 0.011363
0.389388 0.474694 0.011195
0.559156 0.689500 0.008898
0.564085 0.694430 0.008898
0.559156 0.699359 0.008898
0.564085 0.684571 0.008898
0.569015 0.679641 0.008898
0.573944 0.684571 0.008898
0.569015 0.689500 0.008898
0.549296 0.699359 0.008898
0.554226 0.694430 0.008898
0.554226 0.704289 0.008898
0.549296 0.689500 0.008898
0.549296 0.679641 0.008898
0.554226 0.674712 0.008898
0.554226 0.684571 0.008898
0.544367 0.714148 0.008898
0.544367 0.704289 0.008898
0.549296 0.709219 0.008898
0.519719 0.650065 0.008898
0.524649 0.654994 0.008898
0.519719 0.659923 0.008898
0.524649 0.645135 0.008898
0.529578 0.640206 0.008897
0.534508 0.645135 0.008898
0.529578 0.650065 0.008898
0.509860 0.659923 0.008898
0.514789 0.654994 0.008898
0.514789 0.664853 0.008898
0.509860 0.650064 0.008898
0.509860 0.640206 0.008897
0.514789 0.635276 0.008897
0.514789 0.645135 0.008898
0.504930 0.674712 0.008898
0.504930 0.664853 0.008898
0.509860 0.669782 0.008898
0.559132 0.610643 0.008911
0.564072 0.615566 0.008905
0.559148 0.620492 0.008902
0.564052 0.605718 0.008915
0.568972 0.600793 0.008920
0.573916 0.605714 0.008912
0.568994 0.610640 0.008908
0.549288 0.620494 0.008902
0.554211 0.615568 0.008906
0.554223 0.625419 0.008899
0.549270 0.610646 0.008912
0.549241 0.600805 0.008929
0.554156 0.595883 0.008936
0.554188 0.605722 0.008918
0.544367 0.635276 0.008897
0.544364 0.625420 0.008899
0.549296 0.630347 0.008898
0.716849 0.531726 0.008908
0.721798 0.536665 0.008904
0.716875 0.541599 0.008903
0.721771 0.526793 0.008909
0.726696 0.521860 0.008910
0.731647 0.526800 0.008905
0.726722 0.531732 0.008905
0.707008 0.541595 0.008905
0.711928 0.536661 0.008907
0.711953 0.546532 0.008902
0.706973 0.531719 0.008912
0.706928 0.521838 0.008921
0.711848 0.516902 0.008922
0.711893 0.526784 0.008913
0.702108 0.556399 0.008899
0.702088 0.546530 0.008903
0.707031 0.551466 0.008900
0.676873 0.492074 0.009059
0.681923 0.497043 0.009016
0.677025 0.501997 0.009016
0.681755 0.487111 0.009064
0.686636 0.482146 0.009071
0.691713 0.487133 0.009023
0.686820 0.492088 0.009018
0.667097 0.501997 0.009056
0.671987 0.497036 0.009057
0.672129 0.506952 0.009015
0.666926 0.492074 0.009112
0.666702 0.482132 0.009194
0.671557 0.477150 0.009204
0.671799 0.487103 0.009118
0.662343 0.516863 0.009009
0.662209 0.506957 0.009054
0.667235 0.511908 0.009013
0.656434 0.472200 0.009403
0.661580 0.477164 0.009288
0.656736 0.482151 0.009275
0.661262 0.467199 0.009420
0.666087 0.462195 0.009436
0.671262 0.467178 0.009315
0.666422 0.472173 0.009301
0.696965 0.511930 0.008943
0.701953 0.516886 0.008931
0.697038 0.521824 0.008928
0.701882 0.506993 0.008945
0.706802 0.502057 0.008946
0.711793 0.507016 0.008933
0.706871 0.511950 0.008932
0.539335 0.590978 0.008957
0.544290 0.595890 0.008941
0.539377 0.600810 0.008932
0.544244 0.586060 0.008968
0.549154 0.581141 0.008978
0.554115 0.586049 0.008960
0.549203 0.590970 0.008951
0.500000 0.630347 0.008898
0.504930 0.635276 0.008897
0.500000 0.640206 0.008898
0.504926 0.625421 0.008900
0.509849 0.620496 0.008904
0.514785 0.625421 0.008900
0.509859 0.630347 0.008898
0.539437 0.669782 0.008898
0.544367 0.674712 0.008898
0.539437 0.679641 0.008898
0.544367 0.664853 0.008898
0.549297 0.659923 0.008898
0.554226 0.664853 0.008898
0.549296 0.669782 0.008898
0.377710 0.437163 0.013454
0.382837 0.441866 0.013251
0.378264 0.446448 0.012747
0.382237 0.432616 0.014012
0.386720 0.428078 0.014581
0.391902 0.432748 0.014353
0.387386 0.437300 0.013786
0.340645 0.474211 0.010292
0.345678 0.479028 0.010208
0.340944 0.483763 0.009988
0.345350 0.469506 0.010556
0.350036 0.464823 0.010855
0.355089 0.469618 0.010749
0.350393 0.474313 0.010461
0.380758 0.512943 0.009694
0.385755 0.517806 0.009619
0.380947 0.522620 0.009486
0.385549 0.508143 0.009854
0.390332 0.503348 0.010031
0.395345 0.508193 0.009936
0.390554 0.512997 0.009769
0.482167 0.326710 0.020921
0.487327 0.331505 0.020882
0.482677 0.336285 0.020835
0.486919 0.321874 0.020952
0.491723 0.317007 0.020975
0.496789 0.321839 0.020949
0.492030 0.326693 0.020921
0.525135 0.363247 0.020005
0.530762 0.367481 0.019710
0.526469 0.372270 0.019715
0.529512 0.358399 0.019979
0.533929 0.353485 0.019934
0.539464 0.357695 0.019609
0.535094 0.362623 0.019668
0.446127 0.364462 0.020247
0.451655 0.369055 0.020167
0.447460 0.373630 0.019981
0.450425 0.359835 0.020386
0.454786 0.355181 0.020506
0.460230 0.359819 0.020435
0.455912 0.364451 0.020312
0.412722 0.400891 0.017763
0.418106 0.405491 0.017581
0.413834 0.410036 0.017094
0.416932 0.396352 0.018211
0.421120 0.391809 0.018625
0.426568 0.396390 0.018459
0.422349 0.400942 0.018037
0.455266 0.437623 0.015272
0.460558 0.442196 0.014844
0.456042 0.446830 0.014345
0.459733 0.433014 0.015814
0.464182 0.428399 0.016342
0.469529 0.432945 0.015892
0.465053 0.437569 0.015360
0.302375 0.512479 0.009172
0.307349 0.517361 0.009148
0.302498 0.522211 0.009090
0.307210 0.507644 0.009243
0.312034 0.502822 0.009327
0.317017 0.507693 0.009297
0.312189 0.512521 0.009216
0.460563 0.669782 0.008898
0.465493 0.674712 0.008898
0.460563 0.679641 0.008898
0.465493 0.664853 0.008898
0.470423 0.659923 0.008898
0.475352 0.664853 0.008898
0.470423 0.669782 0.008898
0.381606 0.590992 0.008935
0.386550 0.595907 0.008929
0.381640 0.600817 0.008920
0.386509 0.586089 0.008948
0.391408 0.581191 0.008963
0.396357 0.586100 0.008955
0.391456 0.591002 0.008941
0.459312 0.513101 0.010156
0.464356 0.517925 0.010006
0.459541 0.522772 0.009848
0.464113 0.508261 0.010342
0.468908 0.503422 0.010539
0.473969 0.508231 0.010357
0.469165 0.513078 0.010176
0.420683 0.551899 0.009162
0.425662 0.556780 0.009120
0.420794 0.561654 0.009072
0.425537 0.547036 0.009235
0.430382 0.542178 0.009323
0.435377 0.547044 0.009258
0.430523 0.551910 0.009181
0.460435 0.591025 0.008972
0.465392 0.595928 0.008956
0.460487 0.600836 0.008942
0.465332 0.586122 0.008991
0.470226 0.581222 0.009013
0.475191 0.586118 0.008993
0.470293 0.591022 0.008974
0.617656 0.512030 0.009264
0.622703 0.516946 0.009180
0.617830 0.521901 0.009159
0.622519 0.507068 0.009286
0.627381 0.502101 0.009305
0.632442 0.507025 0.009216
0.627573 0.511988 0.009200
0.578610 0.551590 0.009049
0.583599 0.556492 0.009005
0.578689 0.561422 0.008992
0.583508 0.546656 0.009072
0.588400 0.541720 0.009098
0.593403 0.546624 0.009041
0.588504 0.551559 0.009021
0.618282 0.590917 0.008909
0.623221 0.595844 0.008905
0.618294 0.600773 0.008904
0.623209 0.585988 0.008909
0.628136 0.581058 0.008910
0.633075 0.585985 0.008906
0.628148 0.590914 0.008906
0.534372 0.436259 0.014869
0.539743 0.440763 0.014250
0.535144 0.445614 0.013940
0.538936 0.431408 0.015203
0.543484 0.426528 0.015481
0.548902 0.430975 0.014820
0.544330 0.435884 0.014548
0.497353 0.474557 0.012087
0.502546 0.479249 0.011747
0.497825 0.484056 0.011472
0.502034 0.469780 0.012408
0.506699 0.465007 0.012743
0.511937 0.469654 0.012341
0.507250 0.474449 0.012038
0.538334 0.512673 0.009976
0.543397 0.517506 0.009801
0.538551 0.522418 0.009705
0.543168 0.507759 0.010087
0.547998 0.502837 0.010195
0.553078 0.507661 0.009992
0.548239 0.512587 0.009897
0.570319 0.396580 0.015913
0.575888 0.400881 0.015236
0.571448 0.405942 0.015268
0.574706 0.391515 0.015850
0.579075 0.386441 0.015783
0.584714 0.390732 0.015144
0.580310 0.395811 0.015193
0.614270 0.432984 0.011387
0.619637 0.437806 0.011004
0.614932 0.442869 0.010961
0.618948 0.427904 0.011423
0.623618 0.422824 0.011450
0.629055 0.427658 0.011075
0.624347 0.432733 0.011043
0.576693 0.473178 0.010816
0.581886 0.477957 0.010499
0.577123 0.482923 0.010416
0.581420 0.468203 0.010910
0.586136 0.463215 0.010998
0.591371 0.467994 0.010657
0.586635 0.472981 0.010580
0.657692 0.551469 0.008918
0.662646 0.556402 0.008909
0.657723 0.561336 0.008907
0.662606 0.546531 0.008922
0.667516 0.541590 0.008926
0.672481 0.546528 0.008914
0.667565 0.551466 0.008911
0.499520 0.551848 0.009225
0.504519 0.556720 0.009161
0.499640 0.561617 0.009118
0.504387 0.546956 0.009292
0.509248 0.542064 0.009370
0.514263 0.546925 0.009279
0.509393 0.551822 0.009215
0.421126 0.630346 0.008898
0.426056 0.635275 0.008898
0.421126 0.640205 0.008898
0.426052 0.625420 0.008900
0.430975 0.620497 0.008904
0.435911 0.625420 0.008900
0.430985 0.630346 0.008898
0.500000 0.709219 0.008898
0.504930 0.714148 0.008898
0.500000 0.719078 0.008898
0.504930 0.704289 0.008898
0.509860 0.699360 0.008898
0.514789 0.704289 0.008898
0.509860 0.709219 0.008898
0.342077 0.551640 0.008988
0.347023 0.556555 0.008973
0.342133 0.561445 0.008950
0.346951 0.546766 0.009028
0.351814 0.541903 0.009079
0.356770 0.546808 0.009052
0.351902 0.551676 0.009007
0.490576 0.400617 0.018809
0.496109 0.405086 0.018478
0.491709 0.409735 0.018133
0.494933 0.395987 0.019100
0.499279 0.391357 0.019358
0.504874 0.395776 0.019060
0.500498 0.400435 0.018789
0.418698 0.474840 0.011645
0.423808 0.479578 0.011424
0.419111 0.484312 0.011105
0.423355 0.470142 0.012015
0.427987 0.465458 0.012413
0.433133 0.470156 0.012145
0.428482 0.474860 0.011771
0.578874 0.630346 0.008898
0.583804 0.635275 0.008898
0.578874 0.640205 0.008898
0.583802 0.625418 0.008898
0.588728 0.620489 0.008900
0.593661 0.625417 0.008898
0.588733 0.630346 0.008898
0.646064 0.462296 0.009706
0.646448 0.472248 0.009521
0.641265 0.467310 0.009682
0.651263 0.467243 0.009542
0.651605 0.477196 0.009387
0.686952 0.502008 0.008984
0.687057 0.511915 0.008960
0.682048 0.506957 0.008984
0.691965 0.506970 0.008961
0.692053 0.516871 0.008942
0.529412 0.581167 0.008995
0.529468 0.590987 0.008962
0.524508 0.586081 0.008980
0.534375 0.586071 0.008974
0.534425 0.595896 0.008946
0.490129 0.620497 0.008904
0.490140 0.630347 0.008898
0.485207 0.625421 0.008900
0.495066 0.625421 0.008900
0.495071 0.635276 0.008898
0.529578 0.659923 0.008898
0.529578 0.669782 0.008898
0.524649 0.664853 0.008898
0.534508 0.664853 0.008898
0.534508 0.674712 0.008898
0.367414 0.427752 0.013785
0.368035 0.437003 0.013091
0.362912 0.432276 0.013237
0.372573 0.432459 0.013639
0.373150 0.441727 0.012928
0.330569 0.464587 0.010462
0.330893 0.474111 0.010137
0.325862 0.469291 0.010213
0.335608 0.469397 0.010377
0.335920 0.478935 0.010062
0.370759 0.503222 0.009836
0.370968 0.512879 0.009615
0.365976 0.508011 0.009675
0.375759 0.508082 0.009767
0.375958 0.517749 0.009551
0.472004 0.317019 0.020974
0.472309 0.326718 0.020918
0.467202 0.321884 0.020948
0.477059 0.321880 0.020951
0.477467 0.331519 0.020880
0.514042 0.354568 0.020443
0.515179 0.363718 0.020236
0.509613 0.359333 0.020415
0.519561 0.358945 0.020248
0.520799 0.368029 0.020009
0.435197 0.355178 0.020397
0.436365 0.364455 0.020165
0.430874 0.359823 0.020242
0.440641 0.359835 0.020323
0.441894 0.369059 0.020084
0.401868 0.391713 0.018027
0.403105 0.400822 0.017439
0.397700 0.396225 0.017559
0.407310 0.396298 0.017911
0.408484 0.405426 0.017284
0.444684 0.428476 0.016113
0.445514 0.437649 0.015153
0.440252 0.433063 0.015564
0.449974 0.433053 0.015705
0.450777 0.442236 0.014747
0.292423 0.502723 0.009219
0.292558 0.512441 0.009134
0.287585 0.507559 0.009155
0.297400 0.507600 0.009196
0.297529 0.517325 0.009113
0.450704 0.659923 0.008898
0.450704 0.669782 0.008898
0.445775 0.664852 0.008898
0.455634 0.664852 0.008898
0.455634 0.674712 0.008898
0.371720 0.581159 0.008947
0.371758 0.590981 0.008930
0.366818 0.586061 0.008934
0.376663 0.586076 0.008941
0.376699 0.595899 0.008925
0.449214 0.503468 0.010477
0.449468 0.513115 0.010126
0.444426 0.508292 0.010273
0.454265 0.508282 0.010314
0.454507 0.517941 0.009984
0.410715 0.542147 0.009268
0.410847 0.551883 0.009141
0.405869 0.547001 0.009187
0.415700 0.547022 0.009211
0.415822 0.556767 0.009102
0.450511 0.581226 0.009007
0.450577 0.591026 0.008970
0.445618 0.586125 0.008985
0.455474 0.586124 0.008989
0.455534 0.595929 0.008955
0.607526 0.502222 0.009483
0.607738 0.512082 0.009336
0.602675 0.507186 0.009451
0.612597 0.507121 0.009364
0.612790 0.516988 0.009239
0.568597 0.541807 0.009181
0.568714 0.551625 0.009079
0.563709 0.546737 0.009145
0.573610 0.546694 0.009107
0.573707 0.556520 0.009029
0.608396 0.581068 0.008920
0.608415 0.590921 0.008912
0.603472 0.585998 0.008919
0.613341 0.585992 0.008913
0.613356 0.595846 0.008908
0.523556 0.427322 0.016113
0.524421 0.436581 0.015116
0.519023 0.432096 0.015723
0.528976 0.431781 0.015503
0.529795 0.441086 0.014519
0.486911 0.465233 0.012815
0.487469 0.474649 0.012110
0.482264 0.469974 0.012454
0.492141 0.469886 0.012443
0.492657 0.479343 0.011782
0.528187 0.503037 0.010375
0.528434 0.512753 0.010041
0.523365 0.507934 0.010233
0.533264 0.507850 0.010167
0.533496 0.517581 0.009865
0.559117 0.388187 0.017260
0.560345 0.397398 0.016649
0.554751 0.393194 0.017294
0.564734 0.392353 0.016601
0.565912 0.401637 0.015965
0.603440 0.423482 0.012289
0.604220 0.433284 0.011770
0.598824 0.428560 0.012251
0.608872 0.428205 0.011816
0.609588 0.438058 0.011340
0.566245 0.463733 0.011595
0.566758 0.473396 0.011068
0.561543 0.468687 0.011461
0.571479 0.468435 0.011180
0.571951 0.478142 0.010719
0.647753 0.541600 0.008951
0.647815 0.551473 0.008925
0.642847 0.546540 0.008942
0.652727 0.546535 0.008931
0.652774 0.556405 0.008914
0.489502 0.542126 0.009391
0.489651 0.551871 0.009231
0.484647 0.547007 0.009306
0.494515 0.546984 0.009301
0.494649 0.556741 0.009168
0.411257 0.620497 0.008903
0.411267 0.630346 0.008898
0.406334 0.625420 0.008899
0.416193 0.625420 0.008900
0.416197 0.635275 0.008898
0.490141 0.699360 0.008898
0.490141 0.709219 0.008898
0.485212 0.704289 0.008898
0.495071 0.704289 0.008898
0.495071 0.714148 0.008898
0.332173 0.541824 0.009027
0.332248 0.551610 0.008971
0.327299 0.546699 0.008987
0.337127 0.546730 0.009006
0.337192 0.556525 0.008959
0.479492 0.391656 0.019360
0.480698 0.400761 0.018797
0.475185 0.396263 0.019074
0.485037 0.396141 0.019103
0.486207 0.405252 0.018484
0.408464 0.465392 0.012105
0.408921 0.474806 0.011506
0.403819 0.470067 0.011716
0.413583 0.470112 0.011872
0.414019 0.479554 0.011302
0.569008 0.620491 0.008901
0.569015 0.630347 0.008898
0.564083 0.625419 0.008899
0.573942 0.625418 0.008899
0.573945 0.635276 0.008898
0.711968 0.556399 0.008899
0.707042 0.561330 0.008898
0.716893 0.551467 0.008900
0.702114 0.566261 0.008898
0.697185 0.571191 0.008898
0.731666 0.536669 0.008902
0.726741 0.541602 0.008901
0.736592 0.531738 0.008902
0.721817 0.546534 0.008901
0.554226 0.714148 0.008898
0.549296 0.719078 0.008898
0.559155 0.709219 0.008898
0.544367 0.724007 0.008898
0.539437 0.728937 0.008898
0.573944 0.694430 0.008898
0.569015 0.699359 0.008898
0.578874 0.689500 0.008898
0.564085 0.704289 0.008898
0.302783 0.571220 0.008909
0.460563 0.728937 0.008898
0.381690 0.650064 0.008898
0.633099 0.635275 0.008898
0.628170 0.640205 0.008898
0.638029 0.630345 0.008898
0.623240 0.645134 0.008898
0.618311 0.650064 0.008898
0.652816 0.615557 0.008898
0.647887 0.620487 0.008898
0.657745 0.610628 0.008899
0.642958 0.625416 0.008898
0.672534 0.595839 0.008899
0.667604 0.600769 0.008899
0.677464 0.590909 0.008898
0.662674 0.605698 0.008899
0.692255 0.576120 0.008898
0.687324 0.581050 0.008898
0.682394 0.585980 0.008898
0.421126 0.689500 0.008898
0.514789 0.753585 0.008898
0.509860 0.758515 0.008898
0.519719 0.748655 0.008898
0.504930 0.763444 0.008898
0.500000 0.768374 0.008898
0.534507 0.733867 0.008898
0.529578 0.738796 0.008898
0.524648 0.743726 0.008898
0.342241 0.610638 0.008903
0.593663 0.674711 0.008898
0.588733 0.679641 0.008898
0.598592 0.669782 0.008898
0.583804 0.684571 0.008898
0.613381 0.654993 0.008898
0.608451 0.659923 0.008898
0.603522 0.664852 0.008898
0.278097 0.546613 0.008930
0.273150 0.541702 0.008940
0.283041 0.551527 0.008922
0.268200 0.536795 0.008950
0.263248 0.531890 0.008960
0.297852 0.566291 0.008909
0.292919 0.561365 0.008911
0.287982 0.556444 0.008916
0.435915 0.704289 0.008898
0.430986 0.699359 0.008898
0.440845 0.709219 0.008898
0.426056 0.694430 0.008898
0.455634 0.724007 0.008898
0.450704 0.719078 0.008898
0.445775 0.714148 0.008898
0.357040 0.625418 0.008899
0.352107 0.620491 0.008900
0.361971 0.630346 0.008898
0.347174 0.615564 0.008901
0.376760 0.645134 0.008898
0.371831 0.640205 0.008898
0.366901 0.635275 0.008898
0.396479 0.664852 0.008898
0.391549 0.659923 0.008898
0.401408 0.669782 0.008898
0.386619 0.654993 0.008898
0.416197 0.684571 0.008898
0.411267 0.679641 0.008898
0.406338 0.674711 0.008898
0.475352 0.743726 0.008898
0.470423 0.738796 0.008898
0.480282 0.748655 0.008898
0.465493 0.733867 0.008898
0.495071 0.763444 0.008898
0.490141 0.758515 0.008898
0.485212 0.753585 0.008898
0.317577 0.586004 0.008908
0.312645 0.581077 0.008909
0.322509 0.590932 0.008908
0.307714 0.576148 0.008909
0.337308 0.605712 0.008904
0.332374 0.600786 0.008905
0.327441 0.595859 0.008907
