0.579478 0.608729 0.010232
0.579352 0.618924 0.009813
0.574498 0.613781 0.010047
0.426632 0.447621 0.047694
0.426373 0.457025 0.043663
0.421540 0.452283 0.045333
0.507114 0.373911 0.082609
0.507279 0.383171 0.079453
0.502225 0.378552 0.081114
0.345607 0.525093 0.019447
0.345375 0.535137 0.017680
0.340562 0.530092 0.018389
0.500013 0.689463 0.008919
0.500000 0.699363 0.008898
0.495074 0.694422 0.008903
0.422323 0.607466 0.010839
0.422103 0.617855 0.010273
0.417298 0.612622 0.010517
0.502794 0.526308 0.022019
0.502486 0.536398 0.019787
0.497744 0.531288 0.020948
0.659600 0.529430 0.015281
0.659363 0.539427 0.014065
0.654567 0.534305 0.014848
0.584121 0.448586 0.042283
0.583699 0.458269 0.038518
0.579061 0.453375 0.041027
0.624459 0.410210 0.051712
0.624107 0.419847 0.047823
0.619439 0.414991 0.050658
0.586539 0.372967 0.075064
0.586511 0.382328 0.071292
0.581686 0.377788 0.074149
0.543448 0.486964 0.031902
0.543030 0.496862 0.028763
0.538348 0.491824 0.030585
0.505862 0.448079 0.049427
0.505483 0.457529 0.045127
0.500746 0.452759 0.047376
0.546867 0.410840 0.065503
0.546528 0.420121 0.061005
0.541782 0.415490 0.063803
0.619421 0.568711 0.012288
0.619237 0.578811 0.011501
0.614414 0.573670 0.011989
0.581124 0.527591 0.019097
0.580847 0.537657 0.017285
0.576083 0.532522 0.018390
0.621538 0.488539 0.025201
0.621206 0.498478 0.022872
0.616483 0.493382 0.024422
0.462507 0.566529 0.014941
0.462270 0.576795 0.013683
0.457484 0.571612 0.014286
0.424334 0.525572 0.021787
0.424055 0.535650 0.019638
0.419282 0.530569 0.020583
0.464992 0.486076 0.034012
0.464623 0.495928 0.030704
0.459887 0.490947 0.032271
0.383984 0.565848 0.014216
0.383732 0.576101 0.013080
0.378943 0.570922 0.013554
0.460903 0.649092 0.009412
0.460781 0.659294 0.009228
0.455915 0.654193 0.009315
0.306803 0.485408 0.026015
0.306662 0.495214 0.023816
0.301784 0.490297 0.024626
0.467321 0.410818 0.067716
0.467132 0.419992 0.063326
0.462262 0.415395 0.065369
0.427306 0.374232 0.079770
0.427476 0.383406 0.076469
0.422375 0.378858 0.077695
0.466445 0.336101 0.091042
0.466614 0.345760 0.089378
0.461565 0.340939 0.090172
0.545865 0.335849 0.090510
0.546154 0.345502 0.088697
0.541010 0.340745 0.089913
0.505602 0.296944 0.093934
0.505640 0.306797 0.093811
0.500686 0.301875 0.093903
0.385993 0.485641 0.030899
0.385751 0.495460 0.028040
0.380931 0.490517 0.029165
0.347029 0.447014 0.040538
0.346886 0.456526 0.037201
0.341990 0.451726 0.038379
0.387474 0.410455 0.060806
0.387397 0.419536 0.056766
0.382433 0.414925 0.058163
0.539669 0.649303 0.009317
0.539586 0.659430 0.009167
0.534701 0.654362 0.009246
0.500894 0.608042 0.010823
0.500721 0.618353 0.010258
0.495896 0.613163 0.010539
0.540906 0.567413 0.014157
0.540700 0.577625 0.013031
0.535898 0.572452 0.013658
0.699996 0.490749 0.019036
0.699712 0.500650 0.017514
0.694933 0.495556 0.018540
0.662017 0.450036 0.031550
0.661667 0.459906 0.028786
0.656949 0.454840 0.030728
0.584329 0.613873 0.009964
0.431466 0.452341 0.045954
0.512196 0.378538 0.081001
0.350422 0.530126 0.018692
0.504933 0.694422 0.008903
0.427126 0.612693 0.010552
0.507529 0.531408 0.020777
0.664392 0.534548 0.014464
0.588757 0.453473 0.039710
0.629146 0.415064 0.048871
0.591379 0.377516 0.072236
0.548127 0.491979 0.029994
0.510599 0.452835 0.047087
0.551629 0.415455 0.062714
0.624239 0.573850 0.011770
0.585883 0.532719 0.017932
0.626261 0.493629 0.023596
0.467290 0.571703 0.014289
0.429103 0.530640 0.020773
0.469729 0.491026 0.032365
0.388772 0.571013 0.013699
0.465763 0.654213 0.009314
0.311683 0.490313 0.025160
0.472213 0.415410 0.065719
0.432421 0.378792 0.078570
0.471482 0.340943 0.090327
0.551000 0.340615 0.089344
0.510546 0.301872 0.093904
0.390816 0.490560 0.029708
0.351929 0.451797 0.039315
0.392457 0.415043 0.059425
0.544550 0.654386 0.009229
0.505717 0.613231 0.010499
0.545705 0.572582 0.013487
0.704776 0.495844 0.017973
0.666733 0.455101 0.029564
0.660699 0.489606 0.021809
0.665454 0.494707 0.020478
0.660400 0.499535 0.019916
0.665755 0.484786 0.022427
0.680937 0.470352 0.024353
0.685690 0.475449 0.022856
0.680628 0.480258 0.022242
0.698925 0.530416 0.013807
0.703722 0.535507 0.013163
0.698684 0.540364 0.012836
0.703969 0.525572 0.014171
0.719123 0.511085 0.015297
0.723908 0.516155 0.014546
0.718857 0.520982 0.014191
0.540175 0.608359 0.010584
0.545013 0.613528 0.010278
0.540028 0.618617 0.010077
0.545164 0.603278 0.010851
0.560140 0.588093 0.011788
0.564965 0.593259 0.011324
0.559974 0.598311 0.011031
0.500285 0.649194 0.009385
0.505155 0.654296 0.009287
0.500183 0.659360 0.009210
0.505266 0.644101 0.009478
0.520225 0.628766 0.009799
0.525074 0.633930 0.009653
0.520090 0.639036 0.009554
0.539447 0.689469 0.008916
0.544369 0.694425 0.008902
0.539437 0.699364 0.008897
0.544388 0.684500 0.008936
0.559231 0.669522 0.009034
0.564136 0.674533 0.008989
0.559190 0.679524 0.008959
0.386854 0.447343 0.044526
0.391728 0.452086 0.043073
0.386653 0.456780 0.040801
0.391934 0.442696 0.046946
0.407204 0.428890 0.054654
0.412073 0.433550 0.052926
0.406981 0.438155 0.050352
0.346402 0.485501 0.028395
0.351259 0.490410 0.027400
0.346222 0.495308 0.025878
0.351440 0.480641 0.030065
0.366583 0.466205 0.035679
0.371452 0.471034 0.034482
0.366396 0.475841 0.032559
0.385005 0.525306 0.020763
0.389796 0.530362 0.019883
0.384752 0.535365 0.018787
0.390053 0.520327 0.021998
0.405219 0.505462 0.026182
0.410005 0.510465 0.025040
0.404946 0.515421 0.023632
0.506038 0.336087 0.091271
0.511095 0.340906 0.090511
0.506265 0.345713 0.089689
0.510884 0.331238 0.091919
0.525520 0.316552 0.093323
0.530573 0.321406 0.092877
0.525683 0.326321 0.092438
0.547064 0.373788 0.080773
0.552116 0.378386 0.078585
0.547196 0.383072 0.077369
0.551937 0.369085 0.081893
0.566433 0.354710 0.084596
0.571552 0.359324 0.082573
0.566729 0.364162 0.081726
0.467275 0.374017 0.082126
0.472331 0.378629 0.080754
0.467406 0.383260 0.078982
0.472157 0.369367 0.083736
0.486691 0.355276 0.087701
0.491794 0.359981 0.086645
0.486964 0.364674 0.085379
0.427506 0.410756 0.065161
0.432423 0.415331 0.063479
0.427354 0.419872 0.060892
0.432542 0.406217 0.067635
0.447542 0.392503 0.074518
0.452517 0.397080 0.072981
0.447521 0.401660 0.070757
0.466309 0.447835 0.049550
0.471108 0.452561 0.047500
0.466004 0.457247 0.045329
0.471412 0.443182 0.051848
0.486739 0.429269 0.058965
0.491544 0.433941 0.056568
0.486430 0.438587 0.054246
0.306106 0.525038 0.018164
0.310935 0.530067 0.017500
0.305867 0.535129 0.016584
0.311159 0.520022 0.019180
0.326275 0.505119 0.022649
0.331120 0.510088 0.021827
0.326083 0.515049 0.020638
0.460578 0.689459 0.008920
0.465497 0.694421 0.008904
0.460563 0.699364 0.008897
0.465524 0.684479 0.008946
0.480395 0.669441 0.009082
0.485289 0.674476 0.009026
0.480333 0.679486 0.008981
0.382997 0.607139 0.010601
0.387797 0.612389 0.010358
0.382760 0.617564 0.010086
0.388034 0.601985 0.010959
0.403140 0.586587 0.012302
0.407932 0.591799 0.011891
0.402900 0.596931 0.011441
0.463603 0.525883 0.022321
0.468353 0.530968 0.021168
0.463302 0.535972 0.020069
0.468666 0.520905 0.023561
0.483895 0.506050 0.027619
0.488616 0.511093 0.026132
0.483541 0.516042 0.024810
0.423271 0.566188 0.014719
0.428054 0.571358 0.014134
0.423025 0.576455 0.013506
0.428302 0.561111 0.015438
0.443408 0.545936 0.017987
0.448178 0.551065 0.017148
0.443144 0.556123 0.016305
0.461617 0.607754 0.010917
0.466428 0.612963 0.010601
0.461418 0.618106 0.010331
0.466629 0.602620 0.011271
0.481662 0.587267 0.012557
0.486462 0.592462 0.012060
0.481454 0.597575 0.011641
0.620329 0.528452 0.017131
0.625108 0.533584 0.016129
0.620078 0.538490 0.015623
0.625366 0.523561 0.017698
0.640492 0.508954 0.019432
0.645257 0.514071 0.018252
0.640215 0.518934 0.017708
0.580146 0.568012 0.013257
0.584955 0.573168 0.012650
0.579952 0.578172 0.012297
0.585158 0.563025 0.013655
0.600213 0.548137 0.015007
0.605006 0.553281 0.014210
0.599988 0.558235 0.013785
0.618805 0.609163 0.009837
0.623667 0.614277 0.009617
0.618696 0.619283 0.009514
0.623783 0.604166 0.009984
0.638735 0.589242 0.010506
0.643579 0.594359 0.010179
0.638597 0.599323 0.010016
0.545194 0.448355 0.047085
0.549862 0.453148 0.044506
0.544749 0.457881 0.042896
0.550313 0.443637 0.048792
0.565647 0.429431 0.053801
0.570269 0.434165 0.050783
0.565178 0.438930 0.049253
0.504291 0.486445 0.033686
0.508983 0.491424 0.031859
0.503882 0.496319 0.030372
0.509394 0.481610 0.035288
0.524722 0.467261 0.040257
0.529409 0.472133 0.038072
0.524299 0.476918 0.036485
0.541949 0.526868 0.020914
0.546693 0.531985 0.019662
0.541650 0.536951 0.018830
0.547005 0.521924 0.021850
0.562202 0.507167 0.024767
0.566916 0.512256 0.023202
0.561854 0.517170 0.022296
0.585844 0.410404 0.059203
0.590475 0.415062 0.056154
0.585457 0.419835 0.054948
0.590824 0.405636 0.060318
0.605673 0.391293 0.063459
0.610385 0.395952 0.060494
0.605427 0.400737 0.059452
0.622944 0.449106 0.036787
0.627633 0.454113 0.034489
0.622579 0.458919 0.033544
0.628001 0.444301 0.037787
0.643221 0.429909 0.040786
0.647912 0.434919 0.038282
0.642834 0.439718 0.037325
0.582498 0.487658 0.028734
0.587186 0.492714 0.026905
0.582116 0.497584 0.025967
0.587565 0.482817 0.029738
0.602740 0.468345 0.032766
0.607424 0.473362 0.030698
0.602370 0.478186 0.029747
0.658727 0.569490 0.011379
0.663547 0.574601 0.010963
0.658548 0.579526 0.010749
0.663738 0.564576 0.011623
0.678795 0.549884 0.012465
0.683600 0.554988 0.011936
0.678580 0.559879 0.011668
0.501707 0.566927 0.014740
0.506492 0.572101 0.014056
0.501484 0.577175 0.013512
0.506720 0.561872 0.015358
0.521784 0.546786 0.017485
0.526553 0.551933 0.016538
0.521531 0.556955 0.015856
0.421517 0.648990 0.009390
0.426368 0.654132 0.009301
0.421377 0.659231 0.009213
0.426521 0.643854 0.009500
0.441560 0.628365 0.009904
0.446382 0.633582 0.009762
0.441371 0.638741 0.009631
0.500000 0.728944 0.008898
0.504930 0.733873 0.008898
0.500000 0.738803 0.008898
0.504930 0.724014 0.008898
0.519719 0.709224 0.008897
0.524648 0.714154 0.008897
0.519719 0.719084 0.008897
0.344608 0.565588 0.013515
0.349411 0.570710 0.013058
0.344346 0.575833 0.012467
0.349673 0.560494 0.014191
0.364830 0.545330 0.016579
0.369622 0.550437 0.015937
0.364577 0.555480 0.015126
0.507159 0.410846 0.068014
0.512025 0.415467 0.065684
0.506914 0.420073 0.063531
0.512228 0.406244 0.070009
0.527316 0.392412 0.075313
0.532278 0.397024 0.073087
0.527251 0.401647 0.071425
0.425530 0.485832 0.032887
0.430312 0.490761 0.031478
0.425223 0.495666 0.029752
0.430621 0.480987 0.034757
0.445908 0.466624 0.040786
0.450699 0.471438 0.039075
0.445599 0.476223 0.037086
0.579060 0.649427 0.009218
0.583950 0.654488 0.009147
0.578993 0.659510 0.009104
0.584023 0.644388 0.009268
0.598920 0.629253 0.009421
0.603796 0.634360 0.009320
0.598832 0.639397 0.009278
0.641760 0.469257 0.028320
0.641425 0.479146 0.025772
0.636701 0.474067 0.027538
0.646483 0.474331 0.026509
0.655644 0.494431 0.021204
0.679765 0.510018 0.017109
0.679504 0.519964 0.015728
0.674718 0.514857 0.016642
0.684549 0.515121 0.016166
0.693886 0.535269 0.013453
0.520889 0.587642 0.012282
0.520704 0.597913 0.011419
0.515889 0.592729 0.011872
0.525700 0.592825 0.011786
0.535187 0.613449 0.010343
0.480895 0.628566 0.009898
0.480733 0.638888 0.009627
0.475893 0.633712 0.009758
0.485729 0.633755 0.009747
0.495307 0.654275 0.009298
0.519812 0.669480 0.009064
0.519761 0.679504 0.008973
0.514856 0.674496 0.009016
0.524712 0.674504 0.009012
0.534510 0.694424 0.008903
0.367248 0.428466 0.050183
0.367091 0.437786 0.046266
0.362181 0.433056 0.047622
0.372160 0.433174 0.048785
0.381779 0.452016 0.042186
0.326894 0.466024 0.032498
0.326754 0.475704 0.029740
0.321869 0.470840 0.030735
0.331782 0.470873 0.031457
0.341367 0.490381 0.026824
0.365774 0.505257 0.024477
0.365550 0.515193 0.022192
0.360731 0.510195 0.023092
0.370594 0.510242 0.023527
0.379960 0.530296 0.019606
0.485985 0.316613 0.093319
0.486099 0.326390 0.092458
0.481096 0.321503 0.092919
0.490976 0.321510 0.092948
0.501198 0.340919 0.090529
0.526470 0.355192 0.087501
0.526815 0.364591 0.085072
0.521639 0.359922 0.086479
0.531644 0.359890 0.086163
0.542168 0.378469 0.079564
0.446922 0.355360 0.086718
0.447154 0.364795 0.084172
0.442026 0.360138 0.085244
0.452023 0.360077 0.085723
0.462370 0.378658 0.080399
0.407499 0.392538 0.070895
0.407550 0.401585 0.067144
0.402513 0.397040 0.068465
0.412553 0.397078 0.069597
0.422453 0.415285 0.062614
0.447007 0.429124 0.057765
0.446748 0.438396 0.053203
0.441912 0.433730 0.055168
0.451842 0.433772 0.055719
0.461208 0.452502 0.047293
0.286731 0.505042 0.020951
0.286547 0.515001 0.019185
0.281705 0.509996 0.019868
0.291584 0.510022 0.020239
0.301042 0.530084 0.017210
0.440978 0.669406 0.009083
0.440905 0.679471 0.008981
0.436010 0.674445 0.009026
0.445866 0.674451 0.009028
0.455638 0.694421 0.008904
0.363812 0.586211 0.011846
0.363563 0.596560 0.011059
0.358762 0.591344 0.011371
0.368607 0.591425 0.011495
0.377958 0.612305 0.010287
0.444600 0.505707 0.027369
0.444281 0.515684 0.024628
0.439523 0.510655 0.025863
0.449354 0.510726 0.026051
0.458547 0.530876 0.021142
0.404148 0.545629 0.017427
0.403889 0.555802 0.015844
0.399107 0.550671 0.016522
0.408928 0.550749 0.016684
0.418239 0.571274 0.014047
0.442417 0.586925 0.012557
0.442191 0.597256 0.011645
0.437395 0.592047 0.012063
0.447211 0.592128 0.012094
0.456604 0.612895 0.010603
0.601316 0.507979 0.022091
0.601006 0.517978 0.019988
0.596264 0.512866 0.021323
0.606053 0.513088 0.020701
0.615296 0.533355 0.016575
0.560981 0.547394 0.016411
0.560740 0.557533 0.014954
0.555955 0.552378 0.015799
0.565761 0.552544 0.015496
0.575139 0.573012 0.012871
0.599422 0.588626 0.011153
0.599272 0.598779 0.010532
0.594432 0.593635 0.010898
0.604257 0.593770 0.010755
0.613830 0.614170 0.009705
0.526389 0.429421 0.057881
0.525980 0.438801 0.053100
0.521247 0.434082 0.055746
0.531115 0.434123 0.055133
0.540075 0.453071 0.045372
0.485416 0.466893 0.041423
0.485048 0.476510 0.037610
0.480309 0.471647 0.039509
0.490155 0.471730 0.039438
0.499189 0.491311 0.032117
0.523065 0.506527 0.026727
0.522701 0.516526 0.024006
0.517985 0.511453 0.025493
0.527773 0.511593 0.025156
0.536899 0.531827 0.020004
0.566930 0.392105 0.071037
0.566761 0.401389 0.067031
0.561956 0.396818 0.069826
0.571747 0.396660 0.068231
0.580844 0.415169 0.058027
0.604324 0.429368 0.047258
0.603907 0.439063 0.043266
0.599273 0.434179 0.046024
0.608953 0.434250 0.044443
0.617892 0.453912 0.035785
0.563833 0.467727 0.037198
0.563405 0.477465 0.033704
0.558741 0.472515 0.035882
0.568490 0.472658 0.034926
0.577427 0.492514 0.027735
0.639488 0.548990 0.013633
0.639274 0.559039 0.012636
0.634467 0.553904 0.013266
0.644292 0.554122 0.012963
0.653721 0.574413 0.011144
0.482619 0.546311 0.018038
0.482356 0.556496 0.016333
0.477586 0.551347 0.017177
0.487383 0.551451 0.017116
0.496695 0.571996 0.014150
0.402212 0.628148 0.009812
0.402000 0.638581 0.009562
0.397181 0.633345 0.009662
0.407024 0.633397 0.009693
0.416518 0.654110 0.009291
0.480282 0.709225 0.008897
0.480282 0.719085 0.008897
0.475352 0.714155 0.008897
0.485212 0.714155 0.008897
0.495071 0.733874 0.008898
0.325388 0.545224 0.015628
0.325119 0.555405 0.014303
0.320312 0.550322 0.014834
0.330197 0.550298 0.015054
0.339537 0.570706 0.012886
0.487395 0.392434 0.076022
0.487361 0.401638 0.072253
0.482404 0.397044 0.074111
0.492375 0.397033 0.074213
0.502074 0.415449 0.065910
0.406283 0.466412 0.038677
0.406032 0.476018 0.035215
0.401205 0.471176 0.036610
0.411112 0.471227 0.037214
0.420444 0.490708 0.031095
0.559565 0.628992 0.009633
0.559456 0.639203 0.009434
0.554589 0.634077 0.009547
0.564428 0.634129 0.009505
0.574100 0.654461 0.009169
0.569141 0.659489 0.009121
0.569086 0.669533 0.009024
0.564185 0.664510 0.009076
0.574038 0.664525 0.009062
0.578941 0.669546 0.009014
0.578904 0.679535 0.008950
0.573993 0.674542 0.008983
0.559364 0.649363 0.009271
0.564249 0.654435 0.009190
0.559289 0.659468 0.009137
0.564331 0.644308 0.009333
0.569299 0.639248 0.009396
0.574176 0.644347 0.009301
0.569212 0.649394 0.009245
0.549614 0.639160 0.009468
0.549517 0.649332 0.009295
0.544640 0.644235 0.009391
0.554485 0.644271 0.009363
0.554400 0.654409 0.009210
0.415361 0.495611 0.029379
0.415070 0.505520 0.026529
0.410286 0.500531 0.027739
0.420142 0.500587 0.028100
0.424917 0.505581 0.026844
0.424621 0.515549 0.024189
0.419848 0.510526 0.025344
0.405770 0.485732 0.031979
0.410572 0.490656 0.030672
0.405495 0.495558 0.028970
0.410848 0.480885 0.033829
0.415930 0.476068 0.035759
0.420736 0.480935 0.034316
0.415652 0.485781 0.032454
0.396130 0.475969 0.034623
0.395884 0.485685 0.031460
0.391059 0.480791 0.032718
0.400956 0.480837 0.033297
0.400696 0.490607 0.030210
0.496972 0.420052 0.063695
0.496664 0.429303 0.058918
0.491857 0.424658 0.061369
0.501791 0.424684 0.061266
0.506582 0.429339 0.058732
0.506228 0.438688 0.053965
0.501454 0.433984 0.056439
0.487238 0.410832 0.068153
0.492121 0.415436 0.065990
0.487026 0.420033 0.063715
0.492294 0.406236 0.070270
0.497332 0.401633 0.072277
0.502261 0.406236 0.070211
0.497199 0.410838 0.068156
0.477393 0.401644 0.072089
0.477278 0.410825 0.068006
0.472366 0.406235 0.069957
0.482328 0.406235 0.070184
0.482166 0.415424 0.065926
0.334461 0.575853 0.012303
0.334199 0.586162 0.011425
0.329378 0.581029 0.011767
0.339275 0.580983 0.011922
0.344088 0.586134 0.011569
0.343835 0.596489 0.010822
0.339018 0.591315 0.011110
0.324836 0.565639 0.013146
0.329647 0.570739 0.012711
0.324558 0.575913 0.012136
0.329924 0.560497 0.013803
0.335003 0.555383 0.014509
0.339806 0.560480 0.013998
0.334730 0.565596 0.013332
0.315222 0.555454 0.014095
0.314926 0.565717 0.012958
0.310118 0.560623 0.013409
0.320028 0.560544 0.013607
0.319740 0.570811 0.012533
0.490141 0.738804 0.008898
0.490141 0.748662 0.008898
0.485212 0.743733 0.008898
0.495071 0.743733 0.008898
0.500000 0.748662 0.008898
0.500000 0.758520 0.008898
0.495071 0.753591 0.008898
0.480282 0.728944 0.008897
0.485212 0.733874 0.008897
0.480282 0.738804 0.008898
0.485212 0.724015 0.008897
0.490141 0.719085 0.008897
0.495071 0.724014 0.008897
0.490141 0.728944 0.008897
0.470423 0.719085 0.008897
0.470423 0.728945 0.008897
0.465493 0.724015 0.008897
0.475352 0.724015 0.008897
0.475352 0.733874 0.008897
0.411525 0.659214 0.009205
0.411413 0.669380 0.009071
0.406538 0.664301 0.009129
0.416392 0.664314 0.009137
0.421268 0.669389 0.009076
0.421190 0.679463 0.008978
0.416297 0.674434 0.009021
0.401820 0.648934 0.009359
0.406667 0.654088 0.009279
0.401672 0.659196 0.009194
0.406829 0.643787 0.009467
0.411845 0.638624 0.009587
0.416676 0.643821 0.009485
0.411668 0.648963 0.009376
0.392154 0.638537 0.009533
0.391969 0.648903 0.009339
0.387133 0.643712 0.009418
0.396982 0.643750 0.009444
0.396816 0.654064 0.009264
0.491684 0.577076 0.013588
0.491469 0.587357 0.012512
0.486673 0.582167 0.013056
0.496477 0.582261 0.012997
0.501275 0.587448 0.012450
0.501079 0.597739 0.011554
0.496271 0.592548 0.012011
0.482112 0.566721 0.014894
0.486896 0.571895 0.014221
0.481881 0.576980 0.013642
0.487131 0.561655 0.015554
0.492152 0.556602 0.016259
0.496927 0.561761 0.015470
0.491911 0.566822 0.014831
0.472557 0.556395 0.016375
0.472311 0.566623 0.014931
0.467531 0.561456 0.015632
0.477332 0.561553 0.015608
0.477094 0.571798 0.014267
0.648722 0.579346 0.010919
0.648565 0.589405 0.010356
0.643726 0.584289 0.010707
0.653554 0.584461 0.010546
0.658392 0.589568 0.010218
0.658258 0.599611 0.009788
0.653409 0.594513 0.010050
0.639073 0.569097 0.011810
0.643894 0.574224 0.011340
0.638893 0.579166 0.011104
0.644085 0.564169 0.012080
0.649100 0.559250 0.012368
0.653912 0.564373 0.011843
0.648901 0.569294 0.011587
0.629448 0.558828 0.012919
0.629246 0.568901 0.012048
0.624433 0.563764 0.012595
0.634258 0.563965 0.012333
0.634066 0.574035 0.011551
0.572351 0.497386 0.026744
0.571980 0.507356 0.024112
0.567276 0.502271 0.025756
0.577047 0.502465 0.025034
0.581757 0.507554 0.023436
0.581427 0.517556 0.021147
0.576698 0.512451 0.022575
0.562989 0.487287 0.030470
0.567667 0.492323 0.028560
0.562583 0.497199 0.027494
0.568073 0.482449 0.031615
0.573151 0.477626 0.032747
0.577820 0.482627 0.030680
0.572746 0.487467 0.029619
0.553646 0.477314 0.034556
0.553222 0.487120 0.031231
0.548547 0.482129 0.033227
0.558315 0.482284 0.032470
0.557901 0.492145 0.029319
0.612842 0.458721 0.034781
0.612476 0.468543 0.031648
0.607791 0.463532 0.033774
0.617527 0.463729 0.032597
0.622224 0.468761 0.030534
0.621877 0.478634 0.027753
0.617172 0.473578 0.029642
0.603507 0.448788 0.039521
0.608168 0.453740 0.037088
0.603119 0.458547 0.036022
0.608556 0.443981 0.040642
0.613604 0.439172 0.041760
0.618267 0.444124 0.039210
0.613217 0.448932 0.038150
0.594226 0.438988 0.044782
0.593810 0.448674 0.040899
0.589176 0.443790 0.043534
0.598860 0.443870 0.042085
0.598458 0.453594 0.038396
0.575816 0.419931 0.056763
0.575353 0.429386 0.052266
0.570747 0.424685 0.055357
0.580418 0.424609 0.053659
0.585006 0.429346 0.050590
0.584555 0.438946 0.046306
0.579947 0.434142 0.049219
0.566484 0.410688 0.062819
0.571172 0.415296 0.059827
0.566109 0.420024 0.058407
0.571509 0.405964 0.064120
0.576502 0.401218 0.065301
0.581195 0.405793 0.062268
0.576204 0.410551 0.061110
0.556954 0.401509 0.068507
0.556702 0.410781 0.064283
0.551925 0.406181 0.067069
0.561746 0.406094 0.065719
0.561428 0.415393 0.061389
0.531855 0.536799 0.019127
0.531579 0.546925 0.017264
0.526817 0.541785 0.018286
0.536611 0.541931 0.018029
0.541377 0.547072 0.017011
0.541130 0.557228 0.015457
0.536351 0.552073 0.016320
0.522368 0.526569 0.021559
0.527107 0.531678 0.020304
0.522063 0.536656 0.019386
0.527425 0.521614 0.022594
0.532489 0.516671 0.023662
0.537215 0.521764 0.022248
0.532158 0.526714 0.021260
0.512914 0.516391 0.024294
0.512580 0.526434 0.021812
0.507850 0.521343 0.023135
0.517637 0.521473 0.022890
0.517317 0.531539 0.020562
0.494084 0.496208 0.030579
0.493697 0.506156 0.027501
0.488985 0.501124 0.029076
0.498786 0.501231 0.028916
0.503490 0.506270 0.027311
0.503128 0.516266 0.024526
0.498411 0.511203 0.025983
0.484668 0.486245 0.034036
0.489381 0.491208 0.032288
0.484274 0.496107 0.030704
0.489774 0.481407 0.035741
0.494880 0.476599 0.037483
0.499591 0.481504 0.035564
0.494486 0.486341 0.033908
0.475203 0.476427 0.037634
0.474836 0.486156 0.034071
0.470097 0.481236 0.035801
0.479942 0.481318 0.035820
0.479561 0.491113 0.032370
0.534955 0.457791 0.043659
0.534521 0.467369 0.039673
0.529838 0.462519 0.041952
0.539635 0.462619 0.041283
0.544308 0.467482 0.038969
0.543874 0.477173 0.035304
0.539199 0.472253 0.037454
0.525565 0.448223 0.048566
0.530267 0.452993 0.046089
0.525145 0.457702 0.044284
0.530694 0.443536 0.050483
0.535824 0.438847 0.052407
0.540516 0.443590 0.049721
0.535391 0.448290 0.047904
0.516112 0.438747 0.053618
0.515721 0.448152 0.049072
0.510984 0.443410 0.051509
0.520848 0.443476 0.051078
0.520440 0.452914 0.046661
0.608858 0.619188 0.009591
0.608761 0.629325 0.009365
0.603888 0.624216 0.009496
0.613727 0.624300 0.009430
0.618603 0.629401 0.009308
0.618525 0.639507 0.009195
0.613640 0.634425 0.009271
0.599139 0.608938 0.010037
0.603995 0.614067 0.009793
0.599021 0.619096 0.009666
0.604118 0.603917 0.010212
0.609100 0.598908 0.010404
0.613949 0.604039 0.010099
0.608971 0.609048 0.009937
0.589445 0.598656 0.010659
0.589308 0.608831 0.010135
0.584461 0.603687 0.010436
0.594289 0.603800 0.010325
0.594162 0.613968 0.009879
0.570136 0.578026 0.012497
0.569958 0.588219 0.011633
0.565136 0.583053 0.012136
0.574953 0.583189 0.011958
0.579777 0.588349 0.011473
0.579620 0.598536 0.010785
0.574785 0.593379 0.011183
0.560522 0.567698 0.013740
0.565325 0.572862 0.013091
0.560321 0.577886 0.012691
0.565533 0.562692 0.014192
0.570549 0.557699 0.014665
0.575345 0.562855 0.013923
0.570333 0.567852 0.013501
0.550934 0.557377 0.015218
0.550712 0.567552 0.013959
0.545918 0.562388 0.014673
0.555724 0.562536 0.014444
0.555514 0.572719 0.013299
0.610265 0.538271 0.016034
0.610027 0.548339 0.014660
0.605238 0.543197 0.015510
0.615051 0.543409 0.015132
0.619844 0.548549 0.014315
0.619625 0.558624 0.013206
0.614823 0.553482 0.013893
0.600720 0.528005 0.018108
0.605488 0.533135 0.017025
0.600456 0.538058 0.016448
0.605759 0.523098 0.018755
0.610801 0.518203 0.019413
0.615560 0.523325 0.018225
0.610523 0.528224 0.017618
0.591215 0.517763 0.020566
0.590921 0.527794 0.018601
0.586169 0.522671 0.019823
0.595962 0.522881 0.019287
0.595684 0.532923 0.017477
0.451590 0.618044 0.010329
0.451395 0.628416 0.009912
0.446576 0.623201 0.010096
0.456407 0.623257 0.010101
0.461229 0.628467 0.009913
0.461053 0.638815 0.009638
0.456219 0.633626 0.009766
0.441972 0.607610 0.010899
0.446779 0.612828 0.010595
0.441762 0.617982 0.010319
0.446990 0.602469 0.011262
0.452008 0.597335 0.011665
0.456810 0.602544 0.011272
0.451795 0.607682 0.010913
0.432372 0.597179 0.011612
0.432149 0.607539 0.010874
0.427348 0.602318 0.011203
0.437170 0.602394 0.011238
0.436953 0.612761 0.010578
0.413206 0.576370 0.013420
0.412964 0.586676 0.012385
0.408173 0.581473 0.012838
0.417994 0.581561 0.012923
0.422785 0.586761 0.012455
0.422551 0.597099 0.011566
0.417756 0.591884 0.011960
0.403634 0.566021 0.014497
0.408420 0.571189 0.013945
0.403385 0.576282 0.013320
0.408671 0.560948 0.015211
0.413708 0.555883 0.015984
0.418489 0.561030 0.015332
0.413454 0.566105 0.014615
0.394066 0.555722 0.015688
0.393811 0.565935 0.014364
0.389026 0.560782 0.014923
0.398850 0.560866 0.015075
0.398598 0.571101 0.013829
0.453495 0.535882 0.020025
0.453215 0.546021 0.018058
0.448449 0.540902 0.018973
0.458256 0.540990 0.019032
0.463020 0.546112 0.018090
0.462755 0.556299 0.016384
0.457983 0.551154 0.017194
0.443976 0.525715 0.022149
0.448736 0.530791 0.021066
0.443685 0.535800 0.019935
0.449037 0.520732 0.023425
0.454105 0.515762 0.024767
0.458854 0.520814 0.023522
0.453792 0.525796 0.022262
0.434453 0.515615 0.024427
0.434156 0.525643 0.021984
0.429390 0.520588 0.023067
0.439216 0.520657 0.023271
0.438921 0.530712 0.020940
0.372919 0.617484 0.010018
0.372684 0.627957 0.009674
0.367879 0.622678 0.009794
0.377722 0.622753 0.009857
0.382528 0.628023 0.009726
0.382307 0.638490 0.009499
0.377491 0.633234 0.009582
0.363317 0.606959 0.010425
0.368118 0.612217 0.010207
0.363074 0.617404 0.009943
0.368361 0.601798 0.010775
0.373402 0.596655 0.011171
0.378199 0.601893 0.010872
0.373159 0.607049 0.010517
0.353708 0.596502 0.010942
0.353460 0.606905 0.010327
0.348649 0.601686 0.010561
0.358514 0.601720 0.010670
0.358269 0.612145 0.010121
0.450704 0.699364 0.008897
0.450704 0.709224 0.008897
0.445774 0.704294 0.008897
0.455634 0.704294 0.008897
0.460563 0.709225 0.008897
0.460563 0.719085 0.008897
0.455634 0.714155 0.008897
0.440861 0.689457 0.008920
0.445779 0.694421 0.008904
0.440845 0.699363 0.008897
0.445808 0.684475 0.008946
0.450762 0.679474 0.008982
0.455666 0.684477 0.008946
0.450719 0.689458 0.008920
0.431048 0.679467 0.008980
0.431002 0.689456 0.008919
0.426092 0.684471 0.008944
0.435950 0.684473 0.008945
0.435920 0.694420 0.008904
0.295970 0.535160 0.016317
0.295695 0.545353 0.014925
0.290887 0.540267 0.015482
0.300786 0.540224 0.015727
0.305601 0.545293 0.015158
0.305311 0.555530 0.013887
0.300503 0.550441 0.014393
0.286329 0.525048 0.017555
0.291151 0.530100 0.016928
0.286077 0.535185 0.016060
0.291384 0.520019 0.018513
0.296430 0.515016 0.019535
0.301271 0.520021 0.018843
0.296215 0.525047 0.017854
0.276671 0.514975 0.018848
0.276449 0.525041 0.017266
0.271628 0.519983 0.017889
0.281503 0.520006 0.018196
0.281265 0.530109 0.016655
0.456107 0.457187 0.045078
0.455800 0.466682 0.041113
0.451007 0.461893 0.042908
0.460902 0.461953 0.043199
0.465683 0.466747 0.041329
0.465346 0.476352 0.037555
0.460580 0.471501 0.039327
0.446481 0.447728 0.048848
0.451299 0.452446 0.046963
0.446201 0.457131 0.044708
0.451577 0.443079 0.051234
0.456674 0.438443 0.053663
0.461497 0.443130 0.051606
0.456398 0.447780 0.049263
0.436819 0.438350 0.052616
0.436560 0.447677 0.048312
0.431725 0.442978 0.050123
0.441654 0.443030 0.050732
0.441385 0.452393 0.046509
0.417384 0.419812 0.060003
0.417171 0.428967 0.055564
0.412299 0.424343 0.057338
0.422267 0.424413 0.058241
0.427128 0.429032 0.056387
0.426881 0.438293 0.051938
0.422029 0.433621 0.053755
0.407518 0.410644 0.063188
0.412468 0.415222 0.061650
0.407400 0.419736 0.059019
0.412552 0.406142 0.065733
0.417572 0.401628 0.068213
0.422556 0.406188 0.066737
0.417519 0.410709 0.064226
0.397514 0.401521 0.065967
0.397502 0.410560 0.062048
0.392501 0.405990 0.063410
0.402533 0.406076 0.064624
0.402469 0.415142 0.060587
0.457446 0.383287 0.078555
0.457497 0.392486 0.075094
0.452503 0.387902 0.076595
0.462461 0.387880 0.077095
0.467458 0.392469 0.075537
0.467430 0.401650 0.071784
0.462473 0.397068 0.073494
0.447358 0.374083 0.081221
0.452413 0.378688 0.079928
0.447488 0.383315 0.078003
0.452248 0.369429 0.082990
0.457117 0.364759 0.084620
0.462203 0.369398 0.083414
0.457318 0.374049 0.081731
0.437128 0.364883 0.083576
0.437351 0.374149 0.080562
0.432223 0.369574 0.081736
0.442264 0.369481 0.082436
0.442441 0.378729 0.079322
0.537244 0.383132 0.078256
0.537278 0.392389 0.074628
0.532294 0.387779 0.076841
0.542251 0.387739 0.076053
0.547207 0.392336 0.073687
0.547095 0.401586 0.069731
0.542213 0.396990 0.072254
0.527096 0.373889 0.082146
0.532191 0.378516 0.080289
0.527265 0.383161 0.078887
0.531970 0.369230 0.083428
0.536818 0.364549 0.084595
0.541963 0.369177 0.082784
0.537090 0.373855 0.081586
0.516813 0.364610 0.085315
0.517091 0.373901 0.082457
0.511974 0.369267 0.084012
0.521965 0.369255 0.083824
0.522194 0.378534 0.080759
0.496361 0.345730 0.089690
0.496617 0.355255 0.087763
0.491525 0.350516 0.088748
0.501440 0.350498 0.088775
0.506541 0.355235 0.087754
0.506853 0.364625 0.085426
0.501728 0.359957 0.086670
0.486254 0.336107 0.091228
0.491299 0.340932 0.090506
0.486451 0.345744 0.089638
0.491116 0.331256 0.091909
0.495981 0.326389 0.092485
0.501001 0.331248 0.091928
0.496149 0.336100 0.091267
0.476210 0.326381 0.092409
0.476353 0.336107 0.091153
0.471327 0.331248 0.091785
0.481225 0.331256 0.091862
0.481394 0.340940 0.090438
0.374917 0.535297 0.018524
0.374665 0.545403 0.016816
0.369874 0.540308 0.017515
0.379708 0.540379 0.017766
0.384497 0.545478 0.017038
0.384240 0.555641 0.015516
0.379454 0.550515 0.016149
0.365317 0.525184 0.020114
0.370120 0.530231 0.019307
0.365077 0.535231 0.018242
0.370360 0.520209 0.021311
0.375405 0.515245 0.022591
0.380209 0.520267 0.021668
0.375163 0.525243 0.020449
0.355690 0.515146 0.021795
0.355466 0.525133 0.019779
0.350649 0.520111 0.020582
0.360507 0.520156 0.020944
0.360275 0.530173 0.018998
0.336336 0.495279 0.025348
0.336155 0.505146 0.023094
0.331306 0.500191 0.023957
0.341188 0.500220 0.024443
0.346031 0.505178 0.023548
0.345826 0.515106 0.021404
0.340995 0.510118 0.022242
0.326605 0.485447 0.027182
0.331475 0.490354 0.026259
0.326447 0.495253 0.024828
0.331633 0.480581 0.028756
0.336663 0.475735 0.030426
0.341536 0.480610 0.029404
0.336504 0.485472 0.027783
0.316845 0.475677 0.029067
0.316705 0.485426 0.026593
0.311823 0.480533 0.027494
0.321729 0.480555 0.028119
0.321580 0.490332 0.025704
0.376708 0.456716 0.039928
0.376514 0.466254 0.036503
0.371642 0.461446 0.037754
0.381581 0.461502 0.038610
0.386443 0.466305 0.037284
0.386223 0.475923 0.033981
0.381375 0.471078 0.035244
0.366930 0.447181 0.042538
0.371823 0.451944 0.041232
0.366761 0.456653 0.039007
0.371995 0.442522 0.044911
0.377069 0.437890 0.047385
0.381968 0.442612 0.045965
0.376893 0.447264 0.043557
0.357124 0.437679 0.045160
0.356976 0.447097 0.041531
0.352074 0.442332 0.042799
0.362030 0.442427 0.043848
0.361872 0.451870 0.040266
0.529578 0.699364 0.008897
0.529578 0.709224 0.008897
0.524648 0.704294 0.008897
0.534507 0.704295 0.008897
0.539437 0.709225 0.008897
0.539437 0.719086 0.008897
0.534507 0.714155 0.008897
0.519730 0.689466 0.008917
0.524652 0.694423 0.008903
0.519719 0.699363 0.008897
0.524672 0.684494 0.008940
0.529618 0.679509 0.008970
0.534530 0.684497 0.008938
0.529588 0.689467 0.008917
0.509904 0.679499 0.008975
0.509871 0.689464 0.008918
0.504956 0.684489 0.008943
0.514814 0.684491 0.008941
0.514793 0.694422 0.008903
0.490333 0.659343 0.009218
0.490250 0.669451 0.009079
0.485362 0.664399 0.009146
0.495214 0.664412 0.009141
0.500104 0.669460 0.009075
0.500047 0.679495 0.008978
0.495145 0.674482 0.009023
0.480595 0.649143 0.009405
0.485460 0.654254 0.009306
0.480483 0.659327 0.009223
0.485582 0.644040 0.009506
0.490572 0.638925 0.009614
0.495424 0.644071 0.009494
0.490440 0.649169 0.009396
0.470893 0.638852 0.009634
0.470749 0.649118 0.009410
0.465896 0.643978 0.009519
0.475739 0.644009 0.009514
0.475611 0.654234 0.009311
0.530200 0.618548 0.010130
0.530059 0.628819 0.009763
0.525212 0.623653 0.009948
0.535043 0.623715 0.009904
0.539893 0.628875 0.009724
0.539772 0.639117 0.009500
0.534911 0.633977 0.009621
0.520532 0.608194 0.010718
0.525362 0.613374 0.010401
0.520372 0.618480 0.010178
0.525525 0.603096 0.011014
0.530519 0.598007 0.011337
0.535344 0.603185 0.010937
0.530353 0.608275 0.010655
0.510890 0.597824 0.011492
0.510712 0.608117 0.010774
0.505892 0.602929 0.011141
0.515708 0.603010 0.011082
0.515539 0.613301 0.010453
0.688851 0.540132 0.013111
0.688624 0.550105 0.012221
0.683821 0.545004 0.012781
0.693652 0.545230 0.012522
0.698453 0.550323 0.011997
0.698231 0.560291 0.011288
0.693428 0.555200 0.011725
0.679256 0.529924 0.014494
0.684052 0.535030 0.013767
0.679020 0.539898 0.013407
0.684294 0.525069 0.014895
0.689337 0.520222 0.015304
0.694130 0.525321 0.014520
0.689088 0.530171 0.014138
0.669675 0.519705 0.016180
0.669426 0.529677 0.014875
0.664635 0.524563 0.015726
0.674463 0.524816 0.015297
0.674221 0.534789 0.014104
0.650591 0.499264 0.020609
0.650302 0.509217 0.018802
0.645540 0.504105 0.020019
0.655349 0.504372 0.019357
0.660117 0.509482 0.018205
0.659850 0.519447 0.016661
0.655072 0.514331 0.017685
0.641102 0.489059 0.023446
0.645842 0.494159 0.021969
0.640789 0.498995 0.021340
0.646157 0.484234 0.024129
0.651213 0.479415 0.024822
0.655952 0.484508 0.023256
0.650897 0.489330 0.022607
0.631645 0.478882 0.026759
0.631315 0.488793 0.024320
0.626592 0.483706 0.025980
0.636370 0.483966 0.025044
0.636048 0.493890 0.022773
0.598759 0.649498 0.009163
0.603653 0.654548 0.009101
0.598699 0.659556 0.009068
0.603718 0.644475 0.009201
0.608678 0.639451 0.009237
0.613566 0.644522 0.009166
0.608609 0.649536 0.009134
0.588846 0.659532 0.009086
0.593801 0.654517 0.009124
0.593747 0.664561 0.009035
0.588909 0.649462 0.009191
0.588987 0.639345 0.009318
0.593953 0.634299 0.009368
0.593870 0.644431 0.009235
0.583849 0.674551 0.008976
0.583893 0.664542 0.009049
0.588797 0.669559 0.009004
0.445276 0.485940 0.033614
0.450036 0.490877 0.032090
0.444935 0.495782 0.030374
0.450376 0.481096 0.035466
0.455477 0.476284 0.037372
0.460242 0.481162 0.035683
0.455138 0.486003 0.033860
0.435081 0.495722 0.030087
0.440177 0.490816 0.031820
0.439843 0.500706 0.028716
0.435405 0.485885 0.033278
0.435714 0.476170 0.036701
0.440810 0.471383 0.038715
0.440501 0.481039 0.035152
0.429687 0.510590 0.025619
0.429994 0.500646 0.028426
0.434761 0.505642 0.027128
0.527070 0.410879 0.067221
0.531895 0.415501 0.064660
0.526778 0.420127 0.062701
0.532143 0.406259 0.069027
0.537192 0.401630 0.070703
0.542055 0.406234 0.068171
0.536988 0.410871 0.066482
0.516855 0.420104 0.063218
0.521973 0.415493 0.065285
0.521641 0.424753 0.060606
0.517122 0.410866 0.067723
0.517281 0.401641 0.071897
0.522312 0.397032 0.073666
0.522198 0.406260 0.069637
0.511355 0.434031 0.056172
0.511719 0.424716 0.061021
0.516495 0.429384 0.058400
0.364319 0.565674 0.013877
0.369110 0.570831 0.013395
0.364064 0.575914 0.012785
0.369366 0.560613 0.014574
0.374411 0.555560 0.015328
0.379198 0.560698 0.014756
0.374154 0.565760 0.014053
0.354213 0.575853 0.012628
0.359269 0.570752 0.013228
0.359014 0.581020 0.012223
0.354471 0.565614 0.013697
0.354732 0.555421 0.014921
0.359783 0.550367 0.015716
0.359526 0.560539 0.014383
0.348899 0.591307 0.011242
0.349153 0.580980 0.012075
0.353959 0.586150 0.011709
0.519719 0.728944 0.008897
0.524648 0.733874 0.008897
0.519719 0.738803 0.008898
0.524648 0.724014 0.008897
0.529578 0.719085 0.008897
0.534507 0.724015 0.008897
0.529578 0.728944 0.008897
0.509860 0.738803 0.008898
0.514789 0.733873 0.008898
0.514789 0.743732 0.008898
0.509860 0.728943 0.008898
0.509860 0.719084 0.008897
0.514789 0.714154 0.008897
0.514789 0.724014 0.008897
0.504930 0.753591 0.008898
0.504930 0.743732 0.008898
0.509860 0.748662 0.008898
0.441211 0.649042 0.009407
0.446066 0.654172 0.009313
0.441079 0.659263 0.009225
0.446209 0.643917 0.009517
0.451212 0.638778 0.009637
0.456053 0.643948 0.009520
0.451057 0.649067 0.009411
0.431228 0.659248 0.009220
0.436217 0.654152 0.009308
0.436098 0.664338 0.009147
0.431364 0.649017 0.009400
0.431530 0.638704 0.009621
0.436544 0.633538 0.009753
0.436365 0.643886 0.009510
0.426154 0.674440 0.009024
0.426245 0.664327 0.009143
0.431123 0.669397 0.009080
0.521301 0.567157 0.014491
0.526093 0.572329 0.013809
0.521088 0.577388 0.013305
0.526313 0.562116 0.015062
0.531329 0.557088 0.015669
0.536114 0.562248 0.014879
0.531102 0.567282 0.014334
0.511285 0.577279 0.013417
0.516292 0.572212 0.013942
0.516083 0.582460 0.012826
0.511503 0.567039 0.014626
0.511736 0.556830 0.016018
0.516758 0.551801 0.016727
0.516515 0.561990 0.015222
0.506080 0.592636 0.011948
0.506279 0.582358 0.012919
0.511081 0.587543 0.012372
0.678375 0.569879 0.011010
0.683192 0.574975 0.010645
0.678194 0.579885 0.010450
0.683388 0.564979 0.011232
0.688406 0.560086 0.011469
0.693211 0.565178 0.011061
0.688197 0.570073 0.010849
0.668372 0.579706 0.010592
0.673370 0.574788 0.010796
0.673203 0.584803 0.010266
0.668552 0.569685 0.011186
0.668754 0.559670 0.011884
0.673773 0.554773 0.012166
0.673564 0.564778 0.011420
0.663235 0.594666 0.009934
0.663380 0.584632 0.010399
0.668217 0.589730 0.010094
0.602008 0.488074 0.026965
0.606712 0.493148 0.025248
0.601651 0.498008 0.024416
0.607064 0.483233 0.027857
0.612119 0.478402 0.028750
0.616824 0.483462 0.026918
0.611769 0.488300 0.026082
0.591883 0.497791 0.025191
0.596947 0.492926 0.026076
0.596593 0.502880 0.023586
0.592251 0.487860 0.027849
0.592627 0.477986 0.030746
0.597685 0.473162 0.031756
0.597312 0.483018 0.028797
0.586480 0.512654 0.021948
0.586819 0.502668 0.024309
0.591535 0.507762 0.022762
0.642463 0.449544 0.034095
0.647170 0.454588 0.031941
0.642105 0.459390 0.031094
0.647534 0.444745 0.034996
0.652608 0.439944 0.035907
0.657309 0.444983 0.033664
0.652238 0.449786 0.032798
0.632333 0.459143 0.032313
0.637395 0.454343 0.033202
0.637042 0.464193 0.030256
0.632692 0.449311 0.035433
0.633064 0.439500 0.038786
0.638137 0.434704 0.039785
0.637759 0.444514 0.036377
0.626930 0.473813 0.028589
0.627277 0.463950 0.031424
0.631984 0.469000 0.029423
0.605114 0.410216 0.055412
0.609763 0.414968 0.052468
0.604743 0.419752 0.051346
0.610104 0.405437 0.056486
0.615083 0.400655 0.057538
0.619773 0.405407 0.054605
0.614773 0.410188 0.053550
0.595094 0.419773 0.053138
0.600112 0.414993 0.054301
0.599709 0.424541 0.050168
0.595474 0.410289 0.057296
0.595787 0.400862 0.061389
0.600736 0.396082 0.062431
0.600457 0.405515 0.058390
0.589607 0.434144 0.047617
0.590060 0.424556 0.051906
0.594660 0.429338 0.048918
0.561535 0.527209 0.020081
0.566285 0.532333 0.018849
0.561245 0.537284 0.018119
0.566587 0.522277 0.020900
0.571641 0.517359 0.021730
0.576377 0.522470 0.020361
0.571330 0.527395 0.019595
0.551446 0.537113 0.018494
0.556488 0.532153 0.019277
0.556209 0.542249 0.017410
0.551742 0.527034 0.020520
0.552066 0.516992 0.022808
0.557132 0.512074 0.023782
0.556796 0.522095 0.021400
0.546151 0.552221 0.016074
0.546409 0.542085 0.017737
0.551178 0.547228 0.016726
0.523878 0.486685 0.032973
0.528563 0.491680 0.031093
0.523461 0.496570 0.029722
0.528983 0.481850 0.034451
0.534091 0.477041 0.035946
0.538769 0.481985 0.033888
0.533666 0.486819 0.032482
0.513671 0.496439 0.030085
0.518775 0.491547 0.031517
0.518364 0.501476 0.028371
0.514086 0.486560 0.033374
0.514500 0.476803 0.036920
0.519609 0.472021 0.038578
0.519191 0.481725 0.034918
0.508199 0.511323 0.025769
0.508576 0.501348 0.028679
0.513277 0.506393 0.027052
0.564720 0.448471 0.044970
0.569358 0.453298 0.042327
0.564272 0.458066 0.040953
0.569808 0.443710 0.046421
0.574885 0.438933 0.047836
0.579498 0.443739 0.044991
0.574434 0.448523 0.043670
0.554522 0.457972 0.041994
0.559624 0.453223 0.043492
0.559178 0.462831 0.039556
0.554972 0.448415 0.046107
0.555428 0.438913 0.050486
0.560539 0.434176 0.052160
0.560078 0.443678 0.047692
0.548977 0.472380 0.036725
0.549416 0.462723 0.040484
0.554079 0.467601 0.038144
0.638478 0.609405 0.009634
0.643343 0.614502 0.009441
0.638376 0.619485 0.009359
0.643452 0.604431 0.009757
0.648429 0.599467 0.009896
0.653284 0.604566 0.009656
0.648312 0.609529 0.009540
0.628536 0.619383 0.009437
0.633505 0.614388 0.009527
0.633410 0.624477 0.009295
0.628641 0.609281 0.009735
0.628763 0.599180 0.010145
0.633748 0.594205 0.010319
0.633618 0.604297 0.009868
0.623485 0.634492 0.009222
0.623568 0.624387 0.009363
0.628447 0.629479 0.009250
0.599778 0.568349 0.012771
0.604592 0.573497 0.012209
0.599590 0.578480 0.011899
0.604790 0.563382 0.013122
0.609805 0.558426 0.013495
0.614610 0.563569 0.012858
0.609598 0.568527 0.012529
0.589770 0.578324 0.012098
0.594772 0.573330 0.012429
0.594592 0.583476 0.011600
0.589961 0.568178 0.013014
0.590173 0.558050 0.014077
0.595192 0.553087 0.014528
0.594972 0.563200 0.013388
0.584608 0.593505 0.011041
0.584772 0.583330 0.011779
0.589598 0.588485 0.011313
0.639957 0.528935 0.016169
0.644744 0.534063 0.015255
0.639715 0.538954 0.014811
0.644992 0.524058 0.016664
0.650031 0.519190 0.017170
0.654812 0.524310 0.016182
0.649777 0.529182 0.015712
0.629894 0.538718 0.015214
0.634924 0.533821 0.015685
0.634688 0.543855 0.014383
0.630141 0.528689 0.016647
0.630405 0.518680 0.018272
0.635447 0.513812 0.018850
0.635176 0.523806 0.017174
0.624643 0.553689 0.013578
0.624868 0.543628 0.014756
0.629664 0.548766 0.013972
0.481257 0.607898 0.010892
0.486074 0.613097 0.010569
0.481071 0.618230 0.010311
0.486262 0.602773 0.011230
0.491267 0.597657 0.011604
0.496078 0.602850 0.011192
0.491076 0.607970 0.010863
0.471245 0.618168 0.010325
0.476251 0.613030 0.010590
0.476067 0.623370 0.010090
0.471437 0.607826 0.010910
0.471640 0.597494 0.011663
0.476651 0.592376 0.012092
0.476446 0.602697 0.011257
0.466056 0.633669 0.009765
0.466237 0.623314 0.010099
0.471062 0.628516 0.009909
0.442893 0.566352 0.014879
0.447676 0.571524 0.014259
0.442651 0.576621 0.013635
0.447921 0.561274 0.015592
0.452951 0.556208 0.016361
0.457727 0.561363 0.015627
0.452701 0.566438 0.014923
0.432839 0.576538 0.013579
0.437866 0.571440 0.014208
0.437626 0.581727 0.013053
0.433084 0.566270 0.014808
0.433335 0.556042 0.016217
0.438370 0.550983 0.017068
0.438113 0.561191 0.015528
0.427577 0.591967 0.012018
0.427812 0.581645 0.012995
0.432602 0.586843 0.012513
0.483211 0.526082 0.022277
0.487952 0.531175 0.021071
0.482904 0.536172 0.020020
0.488272 0.521109 0.023463
0.493339 0.516150 0.024700
0.498065 0.521222 0.023328
0.493006 0.526191 0.022175
0.473105 0.536068 0.020068
0.478155 0.531068 0.021145
0.477860 0.541183 0.019023
0.473410 0.525979 0.022326
0.473735 0.515940 0.024859
0.478812 0.510989 0.026213
0.478472 0.521004 0.023541
0.467786 0.551247 0.017203
0.468060 0.541083 0.019049
0.472821 0.546209 0.018083
0.402665 0.607309 0.010739
0.407466 0.612547 0.010473
0.402436 0.617716 0.010196
0.407696 0.602158 0.011102
0.412727 0.597017 0.011509
0.417524 0.602240 0.011158
0.412495 0.607389 0.010794
0.392599 0.617642 0.010145
0.397633 0.612470 0.010420
0.397404 0.622895 0.009962
0.392832 0.607226 0.010675
0.393070 0.596842 0.011362
0.398106 0.591710 0.011810
0.397866 0.602073 0.011036
0.387337 0.633291 0.009625
0.387564 0.622826 0.009914
0.392371 0.628087 0.009772
0.480295 0.689461 0.008920
0.485215 0.694422 0.008904
0.480282 0.699364 0.008897
0.485240 0.684484 0.008945
0.490190 0.679491 0.008980
0.495098 0.684486 0.008944
0.490154 0.689462 0.008919
0.470423 0.699364 0.008897
0.475356 0.694422 0.008904
0.475352 0.704294 0.008897
0.470437 0.689460 0.008920
0.470476 0.679482 0.008982
0.475433 0.674469 0.009027
0.475382 0.684481 0.008946
0.465493 0.714155 0.008897
0.465493 0.704294 0.008897
0.470423 0.709225 0.008897
0.325871 0.525044 0.018797
0.330694 0.530071 0.018089
0.325639 0.535103 0.017127
0.330916 0.520049 0.019871
0.335957 0.515074 0.021018
0.340786 0.520076 0.020224
0.335742 0.525063 0.019120
0.315757 0.535108 0.016854
0.320818 0.530062 0.017793
0.320575 0.540160 0.016229
0.315992 0.525036 0.018478
0.316204 0.515032 0.020264
0.321242 0.510065 0.021419
0.321041 0.520030 0.019523
0.310413 0.550370 0.014613
0.310686 0.540183 0.015977
0.315500 0.545248 0.015393
0.486108 0.447952 0.049744
0.490880 0.452690 0.047542
0.485770 0.457380 0.045469
0.491220 0.443291 0.051941
0.496335 0.438637 0.054172
0.501108 0.443348 0.051790
0.495992 0.448014 0.049649
0.475893 0.457311 0.045459
0.481000 0.452624 0.047583
0.480662 0.462088 0.043431
0.476213 0.447892 0.049711
0.476517 0.438538 0.054185
0.481625 0.433899 0.056560
0.481321 0.443236 0.051960
0.470450 0.471571 0.039472
0.470787 0.462018 0.043373
0.475556 0.466817 0.041432
0.447423 0.410799 0.066712
0.452316 0.415378 0.064878
0.447249 0.419944 0.062373
0.452455 0.406232 0.069078
0.457472 0.401656 0.071340
0.462407 0.406235 0.069588
0.457369 0.410810 0.067285
0.437310 0.419916 0.061686
0.442376 0.415360 0.064243
0.442166 0.424511 0.059774
0.437475 0.410785 0.065994
0.437562 0.401663 0.070027
0.442563 0.397091 0.072325
0.442508 0.406228 0.068425
0.431976 0.433681 0.054503
0.432224 0.424470 0.059053
0.437074 0.429084 0.057125
0.487193 0.373958 0.082587
0.492259 0.378575 0.081112
0.487338 0.383209 0.079465
0.492065 0.369309 0.084076
0.496909 0.364648 0.085448
0.502018 0.369284 0.084094
0.497153 0.373932 0.082653
0.477370 0.383234 0.079285
0.482294 0.378600 0.080991
0.482392 0.387835 0.077711
0.477233 0.373987 0.082411
0.477017 0.364702 0.085218
0.481857 0.360005 0.086537
0.482111 0.369337 0.083957
0.472436 0.397056 0.073871
0.472424 0.387857 0.077467
0.477424 0.392451 0.075846
0.566921 0.373505 0.078406
0.571894 0.378054 0.075878
0.566985 0.382815 0.074832
0.571792 0.368721 0.079395
0.576632 0.363891 0.080309
0.581634 0.368429 0.077788
0.576778 0.373258 0.076860
0.557113 0.382971 0.076226
0.562029 0.378253 0.077355
0.562052 0.387543 0.073707
0.557011 0.373676 0.079712
0.556783 0.364350 0.082916
0.561608 0.359562 0.083807
0.561883 0.368939 0.080761
0.552108 0.396924 0.071167
0.552173 0.387664 0.075008
0.557093 0.392244 0.072489
0.525897 0.336031 0.091169
0.531018 0.340830 0.090283
0.526160 0.345663 0.089522
0.530771 0.331151 0.091773
0.535648 0.326241 0.092266
0.540746 0.331056 0.091481
0.535880 0.335960 0.090935
0.516184 0.345698 0.089642
0.521032 0.340880 0.090454
0.521311 0.350460 0.088649
0.515939 0.336072 0.091244
0.515744 0.326366 0.092478
0.520623 0.321471 0.092948
0.520802 0.331210 0.091889
0.511665 0.359940 0.086616
0.511356 0.350482 0.088742
0.516480 0.355219 0.087678
0.404677 0.525436 0.021322
0.409457 0.530498 0.020371
0.404411 0.535505 0.019253
0.409729 0.520454 0.022584
0.414786 0.515484 0.023924
0.419561 0.520521 0.022838
0.414507 0.525503 0.021566
0.394583 0.535435 0.019030
0.399629 0.530430 0.020138
0.399366 0.540524 0.018211
0.394843 0.525370 0.021055
0.395103 0.515360 0.023312
0.400159 0.510405 0.024706
0.399893 0.520389 0.022304
0.389282 0.550593 0.016344
0.389539 0.540451 0.017998
0.394324 0.545553 0.017241
0.366198 0.485565 0.029654
0.371041 0.490478 0.028583
0.365990 0.495377 0.026966
0.371252 0.480710 0.031423
0.376311 0.475881 0.033290
0.381158 0.480749 0.032094
0.376098 0.485601 0.030294
0.356106 0.495341 0.026417
0.361150 0.490443 0.027986
0.360945 0.500290 0.025441
0.356300 0.485532 0.029019
0.356483 0.475804 0.031835
0.361530 0.470991 0.033706
0.361345 0.480675 0.030738
0.350865 0.510154 0.022664
0.351067 0.500253 0.024938
0.355903 0.505215 0.024009
0.406756 0.447491 0.046251
0.411609 0.452220 0.044646
0.406524 0.456906 0.042357
0.411844 0.442850 0.048682
0.416935 0.438228 0.051184
0.421788 0.442917 0.049439
0.416697 0.447558 0.047007
0.396591 0.456844 0.041611
0.401671 0.452155 0.043893
0.401443 0.461618 0.040144
0.396808 0.447419 0.045424
0.397018 0.438073 0.049442
0.402108 0.433470 0.052014
0.401892 0.442776 0.047851
0.391292 0.471126 0.035953
0.391515 0.461560 0.039407
0.396366 0.466358 0.038008
0.559164 0.689472 0.008913
0.564087 0.694427 0.008901
0.559155 0.699367 0.008897
0.564104 0.684507 0.008931
0.569047 0.679529 0.008955
0.573962 0.684510 0.008929
0.569023 0.689475 0.008912
0.549296 0.699365 0.008897
0.554228 0.694426 0.008902
0.554226 0.704297 0.008897
0.549305 0.689471 0.008915
0.549332 0.679518 0.008963
0.554280 0.674525 0.008996
0.554246 0.684503 0.008934
0.544366 0.714156 0.008897
0.544366 0.704295 0.008897
0.549296 0.709227 0.008897
0.519977 0.649247 0.009355
0.524852 0.654339 0.009261
0.519884 0.659394 0.009191
0.524952 0.644166 0.009439
0.529931 0.639076 0.009528
0.534796 0.644200 0.009416
0.529823 0.649274 0.009337
0.510033 0.659377 0.009201
0.515003 0.654317 0.009275
0.514919 0.664438 0.009127
0.510131 0.649220 0.009371
0.510250 0.638998 0.009578
0.515236 0.633885 0.009682
0.515109 0.644133 0.009460
0.505000 0.674490 0.009020
0.505067 0.664425 0.009134
0.509958 0.669470 0.009070
0.559824 0.608537 0.010420
0.564669 0.613694 0.010129
0.559688 0.618766 0.009954
0.564809 0.603474 0.010655
0.569796 0.598422 0.010910
0.574634 0.603579 0.010546
0.569650 0.608632 0.010327
0.549857 0.618690 0.010018
0.554840 0.613609 0.010207
0.554708 0.623845 0.009804
0.549999 0.608447 0.010506
0.550154 0.598206 0.011143
0.555146 0.593144 0.011456
0.554986 0.603374 0.010758
0.544750 0.634026 0.009586
0.544875 0.623779 0.009856
0.549729 0.628932 0.009681
0.718601 0.530891 0.013206
0.723394 0.535960 0.012630
0.718354 0.540811 0.012340
0.723647 0.526052 0.013530
0.728694 0.521220 0.013860
0.733483 0.526279 0.013234
0.728438 0.531116 0.012928
0.708519 0.540592 0.012582
0.713558 0.535738 0.012890
0.713317 0.545671 0.012059
0.708764 0.530658 0.013499
0.709017 0.520735 0.014541
0.714069 0.515907 0.014917
0.713809 0.525816 0.013842
0.703255 0.555411 0.011531
0.703484 0.545454 0.012283
0.708284 0.550538 0.011789
0.680329 0.490170 0.020339
0.685098 0.495270 0.019146
0.680040 0.500088 0.018640
0.685389 0.485358 0.020899
0.690452 0.480549 0.021473
0.695221 0.485650 0.020201
0.690158 0.490458 0.019666
0.670216 0.499810 0.019259
0.675271 0.494987 0.019792
0.674987 0.504914 0.018138
0.670509 0.489886 0.021053
0.670814 0.479971 0.023057
0.675874 0.475160 0.023699
0.675567 0.485069 0.021641
0.664892 0.514594 0.017148
0.665165 0.504642 0.018730
0.669938 0.509749 0.017641
0.661331 0.469791 0.026242
0.666068 0.474877 0.024590
0.661009 0.479690 0.023917
0.666394 0.464982 0.026968
0.671458 0.460176 0.027704
0.676193 0.465260 0.025968
0.671129 0.470068 0.025273
0.699438 0.510558 0.016145
0.704227 0.515649 0.015307
0.699176 0.520481 0.014910
0.704495 0.505740 0.016574
0.709557 0.500929 0.017005
0.714339 0.506009 0.016115
0.709282 0.510826 0.015709
0.540510 0.587858 0.012061
0.545329 0.593033 0.011577
0.540335 0.598104 0.011245
0.545509 0.582799 0.012456
0.550509 0.577752 0.012870
0.555321 0.582923 0.012303
0.550324 0.587972 0.011931
0.500559 0.628664 0.009858
0.505400 0.633840 0.009708
0.500411 0.638961 0.009598
0.505553 0.623536 0.010022
0.510546 0.618415 0.010221
0.515382 0.623594 0.009987
0.510392 0.628714 0.009830
0.539521 0.669501 0.009050
0.544424 0.674518 0.009002
0.539475 0.679513 0.008967
0.544478 0.664480 0.009099
0.549437 0.659449 0.009153
0.554331 0.664494 0.009088
0.549376 0.669511 0.009042
0.387239 0.428702 0.052576
0.392133 0.433381 0.051020
0.387048 0.437985 0.048454
0.392327 0.424161 0.055260
0.397405 0.419645 0.057941
0.402319 0.424259 0.056345
0.397227 0.428802 0.053659
0.346733 0.466110 0.034061
0.351612 0.470950 0.032943
0.346572 0.475768 0.031124
0.351775 0.461336 0.036028
0.356821 0.456589 0.038097
0.361706 0.461390 0.036884
0.356656 0.466157 0.034863
0.385505 0.505353 0.025391
0.390308 0.510348 0.024343
0.385256 0.515302 0.022965
0.390562 0.500425 0.026915
0.395625 0.495507 0.028524
0.400426 0.500476 0.027345
0.395364 0.505406 0.025802
0.505725 0.316612 0.093339
0.510721 0.321499 0.092959
0.505858 0.326380 0.092490
0.510608 0.311707 0.093622
0.515507 0.306786 0.093813
0.520497 0.311679 0.093624
0.515600 0.316600 0.093336
0.546473 0.355053 0.086493
0.551636 0.359723 0.084822
0.546810 0.364473 0.083875
0.551308 0.350227 0.087279
0.556146 0.345351 0.087975
0.561293 0.350051 0.086394
0.556462 0.354916 0.085652
0.466824 0.355314 0.087362
0.471916 0.360029 0.086348
0.467068 0.364730 0.084965
0.471679 0.350546 0.088511
0.476535 0.345754 0.089534
0.481604 0.350533 0.088660
0.476759 0.355296 0.087567
0.427566 0.392543 0.072941
0.432581 0.397101 0.071530
0.427576 0.401653 0.069175
0.432541 0.387964 0.075171
0.437499 0.383359 0.077301
0.442540 0.387929 0.075955
0.437570 0.392527 0.073793
0.466875 0.429198 0.058640
0.471700 0.433856 0.056415
0.466598 0.438490 0.053990
0.471978 0.424602 0.061151
0.477079 0.420013 0.063592
0.481918 0.424631 0.061331
0.476808 0.429233 0.058872
0.306504 0.505081 0.021780
0.311358 0.510048 0.021018
0.306319 0.515022 0.019896
0.311532 0.500147 0.023010
0.316556 0.495232 0.024317
0.321421 0.500166 0.023479
0.316392 0.505097 0.022211
0.460687 0.669423 0.009085
0.465578 0.674463 0.009028
0.460619 0.679478 0.008982
0.465657 0.664374 0.009151
0.470632 0.659311 0.009227
0.475510 0.664387 0.009149
0.470541 0.669432 0.009084
0.383483 0.586403 0.012098
0.388276 0.591618 0.011717
0.383238 0.596750 0.011272
0.388522 0.581293 0.012630
0.393560 0.576193 0.013207
0.398349 0.581384 0.012741
0.393313 0.586496 0.012206
0.464262 0.505862 0.027639
0.468999 0.510893 0.026226
0.463923 0.515847 0.024844
0.469353 0.500932 0.029164
0.474453 0.496013 0.030745
0.479174 0.501023 0.029159
0.474083 0.505952 0.027665
0.423784 0.545782 0.017745
0.428559 0.550905 0.016957
0.423523 0.555963 0.016109
0.428826 0.540747 0.018736
0.433871 0.535724 0.019801
0.438639 0.540822 0.018872
0.433598 0.545858 0.017878
0.462042 0.587093 0.012593
0.466839 0.592292 0.012109
0.461825 0.597414 0.011671
0.467059 0.581985 0.013115
0.472077 0.576886 0.013673
0.476867 0.582075 0.013095
0.471853 0.587179 0.012584
0.620892 0.508445 0.020754
0.625643 0.513560 0.019464
0.620600 0.518436 0.018841
0.625941 0.503582 0.021430
0.630993 0.498730 0.022103
0.635737 0.503840 0.020715
0.630688 0.508694 0.020090
0.580593 0.547751 0.015709
0.585379 0.552900 0.014849
0.580360 0.557872 0.014370
0.585620 0.542796 0.016275
0.590651 0.537854 0.016865
0.595428 0.542993 0.015891
0.590402 0.547940 0.015357
0.619074 0.588923 0.010830
0.623916 0.594055 0.010465
0.618931 0.599042 0.010275
0.624067 0.583948 0.011061
0.629064 0.578986 0.011301
0.633897 0.584117 0.010880
0.628904 0.589080 0.010667
0.546093 0.429458 0.056247
0.550766 0.434172 0.053343
0.545642 0.438885 0.051536
0.551229 0.424772 0.058103
0.556343 0.420086 0.059820
0.561014 0.424741 0.056840
0.555892 0.429453 0.055127
0.505093 0.467062 0.041068
0.509802 0.471916 0.038973
0.504695 0.476696 0.037252
0.510204 0.462329 0.042907
0.515320 0.457615 0.044773
0.520026 0.462422 0.042493
0.514912 0.467159 0.040721
0.542638 0.506825 0.025879
0.547347 0.511902 0.024301
0.542278 0.516827 0.023263
0.547720 0.501919 0.027017
0.552809 0.497024 0.028168
0.557500 0.502089 0.026423
0.552422 0.506990 0.025356
0.586381 0.391675 0.067383
0.591097 0.396251 0.064392
0.586155 0.401026 0.063350
0.591285 0.386885 0.068368
0.596177 0.382082 0.069347
0.600939 0.386672 0.066415
0.596024 0.391467 0.065409
0.623713 0.429551 0.043983
0.628380 0.434510 0.041321
0.623321 0.439317 0.040266
0.628777 0.424755 0.045057
0.633836 0.419970 0.046096
0.638529 0.424923 0.043396
0.633451 0.429710 0.042372
0.583288 0.468004 0.035007
0.587953 0.472980 0.032815
0.582888 0.477799 0.031746
0.588349 0.463200 0.036138
0.593406 0.458397 0.037268
0.598067 0.463355 0.034955
0.593012 0.468166 0.033885
0.659139 0.549439 0.013011
0.663945 0.554557 0.012413
0.658927 0.559461 0.012118
0.664163 0.544547 0.013360
0.669190 0.539663 0.013725
0.673991 0.544776 0.013060
0.668967 0.549662 0.012728
0.502203 0.546533 0.017832
0.506966 0.551677 0.016888
0.501944 0.556712 0.016153
0.507235 0.541521 0.018694
0.512273 0.536522 0.019606
0.517024 0.541649 0.018508
0.511992 0.546656 0.017674
0.421889 0.628262 0.009871
0.426705 0.633493 0.009739
0.421688 0.638665 0.009606
0.426912 0.623086 0.010064
0.431933 0.617920 0.010300
0.436744 0.623144 0.010084
0.431726 0.628315 0.009891
0.500000 0.709224 0.008897
0.504930 0.714154 0.008897
0.500000 0.719084 0.008897
0.504930 0.704294 0.008897
0.509859 0.699363 0.008898
0.514789 0.704294 0.008897
0.509860 0.709224 0.008897
0.345130 0.545236 0.016102
0.349933 0.550321 0.015495
0.344874 0.555389 0.014716
0.350183 0.540197 0.016996
0.355230 0.535176 0.017960
0.360033 0.540244 0.017254
0.354985 0.545273 0.016340
0.507343 0.392409 0.075971
0.512325 0.397023 0.074001
0.507303 0.401631 0.072159
0.512314 0.387790 0.077664
0.517265 0.383166 0.079262
0.522310 0.387793 0.077373
0.517329 0.392412 0.075742
0.426105 0.466520 0.039848
0.430915 0.471332 0.038267
0.425824 0.476119 0.036254
0.431196 0.461787 0.042001
0.436290 0.457079 0.044223
0.441105 0.461839 0.042502
0.436009 0.466572 0.040351
0.579240 0.629117 0.009530
0.584110 0.634240 0.009414
0.579143 0.639296 0.009358
0.584213 0.624058 0.009623
0.589186 0.619008 0.009740
0.594050 0.624135 0.009560
0.589079 0.629183 0.009476
0.651883 0.459644 0.029916
0.651542 0.469520 0.027258
0.646820 0.464449 0.029113
0.656603 0.464712 0.028017
0.656271 0.474601 0.025527
0.689872 0.500368 0.018058
0.689598 0.510288 0.016611
0.684816 0.505188 0.017582
0.694652 0.505464 0.017060
0.694385 0.515385 0.015721
0.530893 0.577504 0.013177
0.530698 0.587747 0.012178
0.525889 0.582568 0.012717
0.535698 0.582681 0.012594
0.535514 0.592927 0.011687
0.490896 0.618291 0.010288
0.490728 0.628615 0.009881
0.485896 0.623425 0.010075
0.495725 0.623481 0.010052
0.495565 0.633798 0.009730
0.529735 0.659412 0.009180
0.529667 0.669490 0.009057
0.524772 0.664452 0.009119
0.534625 0.664466 0.009109
0.534568 0.674510 0.009007
0.377378 0.419411 0.055495
0.377242 0.428591 0.051404
0.372315 0.423921 0.052822
0.382325 0.424049 0.054084
0.382150 0.433282 0.049943
0.336954 0.456466 0.036319
0.336813 0.466066 0.033273
0.331923 0.461232 0.034359
0.341847 0.461283 0.035187
0.341696 0.470910 0.032194
0.375873 0.495417 0.027518
0.375641 0.505303 0.024948
0.370821 0.500331 0.025953
0.380693 0.500376 0.026452
0.380453 0.510294 0.023950
0.495778 0.306799 0.093808
0.495858 0.316617 0.093335
0.490879 0.311711 0.093615
0.500745 0.311713 0.093622
0.500850 0.321507 0.092961
0.536157 0.345602 0.089215
0.536473 0.355141 0.087111
0.531310 0.350418 0.088412
0.541311 0.350345 0.087954
0.541645 0.359827 0.085610
0.456687 0.345761 0.089169
0.456884 0.355330 0.087085
0.451808 0.350566 0.088023
0.461748 0.350557 0.088300
0.461972 0.360053 0.086077
0.417430 0.383451 0.075519
0.417542 0.392548 0.071974
0.412471 0.388010 0.073250
0.422516 0.387992 0.074268
0.422576 0.397097 0.070619
0.457188 0.419969 0.062920
0.456940 0.429161 0.058271
0.452100 0.424543 0.060372
0.462038 0.424574 0.060831
0.461772 0.433814 0.056135
0.296768 0.495198 0.023325
0.296614 0.505067 0.021359
0.291751 0.500111 0.022103
0.301640 0.500131 0.022550
0.301470 0.510037 0.020623
0.450930 0.659279 0.009227
0.450832 0.669414 0.009084
0.445951 0.664350 0.009150
0.455804 0.664362 0.009151
0.455722 0.674457 0.009028
0.373900 0.576007 0.012939
0.373649 0.586306 0.011978
0.368857 0.581102 0.012369
0.378691 0.581198 0.012506
0.378443 0.591523 0.011612
0.454783 0.495850 0.030581
0.454435 0.505781 0.027540
0.449687 0.500772 0.028943
0.459524 0.500847 0.029092
0.459180 0.510806 0.026172
0.414234 0.535578 0.019456
0.413968 0.545705 0.017595
0.409190 0.540598 0.018404
0.419010 0.540672 0.018579
0.418745 0.550827 0.016829
0.452461 0.576707 0.013670
0.452230 0.587008 0.012584
0.447439 0.581811 0.013093
0.457250 0.581897 0.013114
0.457025 0.592209 0.012109
0.611425 0.498237 0.023644
0.611101 0.508207 0.021421
0.606370 0.503103 0.022865
0.616152 0.503337 0.022146
0.615845 0.513318 0.020081
0.571046 0.537466 0.017707
0.570786 0.547569 0.016064
0.566011 0.542423 0.017048
0.575815 0.542606 0.016661
0.575569 0.552719 0.015172
0.609412 0.578643 0.011700
0.609247 0.588772 0.010991
0.604415 0.583628 0.011420
0.614240 0.583786 0.011240
0.614086 0.593910 0.010610
0.536671 0.420134 0.061964
0.536257 0.429446 0.057164
0.531536 0.424775 0.059984
0.541401 0.424783 0.059150
0.540957 0.434153 0.054333
0.495634 0.457452 0.045358
0.495263 0.466975 0.041301
0.490524 0.462163 0.043373
0.500371 0.462242 0.043198
0.499986 0.471818 0.039259
0.533247 0.496710 0.029281
0.532852 0.506671 0.026336
0.528152 0.501613 0.027991
0.537938 0.501761 0.027540
0.537560 0.511742 0.024759
0.576798 0.382590 0.073186
0.576703 0.391904 0.069330
0.571877 0.387363 0.072153
0.581626 0.387125 0.070340
0.581459 0.396453 0.066375
0.614411 0.419775 0.049573
0.614006 0.429438 0.045612
0.609373 0.424566 0.048445
0.619060 0.424637 0.046741
0.618654 0.434360 0.042875
0.573995 0.458161 0.039770
0.573568 0.467859 0.036129
0.568919 0.462944 0.038496
0.578636 0.463064 0.037324
0.578223 0.472812 0.033876
0.649537 0.539191 0.014427
0.649313 0.549215 0.013312
0.644511 0.544086 0.014021
0.654336 0.544317 0.013680
0.654118 0.554340 0.012679
0.492698 0.536282 0.019926
0.492413 0.546419 0.017954
0.487656 0.541289 0.018955
0.497447 0.541402 0.018846
0.497176 0.551561 0.017019
0.412270 0.617787 0.010239
0.412052 0.628206 0.009845
0.407242 0.622962 0.010004
0.417078 0.623026 0.010038
0.416866 0.633446 0.009719
0.490141 0.699364 0.008898
0.490141 0.709224 0.008897
0.485211 0.704294 0.008897
0.495071 0.704294 0.008897
0.495071 0.714154 0.008897
0.335511 0.535112 0.017402
0.335265 0.545220 0.015865
0.330454 0.540155 0.016483
0.340323 0.540167 0.016739
0.340071 0.550297 0.015274
0.497308 0.383188 0.079522
0.497368 0.392420 0.076064
0.492363 0.387816 0.077825
0.502336 0.387798 0.077810
0.502348 0.397024 0.074176
0.416451 0.456967 0.043041
0.416196 0.466466 0.039290
0.411365 0.461676 0.040821
0.421283 0.461732 0.041440
0.421016 0.471280 0.037766
0.569520 0.618843 0.009885
0.569402 0.629053 0.009583
0.564542 0.623913 0.009746
0.574377 0.623984 0.009686
0.574269 0.634183 0.009460
0.713084 0.555613 0.011350
0.708056 0.560491 0.011121
0.718115 0.550741 0.011592
0.703033 0.565376 0.010906
0.698018 0.570265 0.010703
0.733230 0.536172 0.012384
0.728189 0.541021 0.012110
0.738273 0.531331 0.012666
0.723151 0.545877 0.011846
0.554226 0.714158 0.008897
0.549296 0.719087 0.008897
0.559155 0.709228 0.008897
0.544366 0.724016 0.008897
0.539437 0.728945 0.008897
0.573946 0.694429 0.008901
0.569014 0.699368 0.008897
0.578881 0.689477 0.008911
0.564085 0.704298 0.008897
0.305000 0.565831 0.012767
0.460563 0.728945 0.008897
0.382119 0.648871 0.009315
0.633331 0.634561 0.009172
0.628373 0.639565 0.009153
0.638291 0.629560 0.009192
0.623415 0.644570 0.009130
0.618460 0.649576 0.009105
0.653178 0.614616 0.009364
0.648214 0.619588 0.009288
0.658144 0.609653 0.009457
0.643251 0.624570 0.009230
0.673058 0.594819 0.009829
0.668083 0.599755 0.009690
0.678038 0.589892 0.009982
0.663112 0.604699 0.009566
0.693011 0.575160 0.010508
0.688013 0.580063 0.010322
0.683023 0.584973 0.010146
0.421143 0.689455 0.008919
0.514789 0.753591 0.008898
0.509860 0.758520 0.008898
0.519719 0.748662 0.008898
0.504930 0.763449 0.008898
0.500000 0.768378 0.008898
0.534507 0.733874 0.008897
0.529578 0.738804 0.008897
0.524648 0.743733 0.008898
0.343587 0.606895 0.010226
0.593706 0.674561 0.008968
0.588762 0.679542 0.008946
0.598652 0.669573 0.008994
0.583820 0.684514 0.008926
0.613505 0.654580 0.009078
0.608552 0.659581 0.009050
0.603602 0.664579 0.009021
0.280992 0.540305 0.015248
0.276190 0.535204 0.015813
0.285792 0.545410 0.014702
0.271385 0.530109 0.016394
0.266575 0.525024 0.016988
0.300192 0.560733 0.013210
0.295391 0.555627 0.013679
0.290591 0.550518 0.014178
0.435915 0.704294 0.008897
0.430985 0.699363 0.008897
0.440845 0.709224 0.008897
0.426060 0.694420 0.008903
0.455634 0.724015 0.008897
0.450704 0.719085 0.008897
0.445774 0.714154 0.008897
0.358028 0.622616 0.009725
0.353217 0.617356 0.009864
0.362836 0.627890 0.009616
0.348403 0.612115 0.010031
0.377284 0.643672 0.009387
0.372459 0.638441 0.009460
0.367644 0.633175 0.009534
0.396683 0.664287 0.009120
0.391819 0.659177 0.009180
0.401557 0.669370 0.009065
0.386964 0.654039 0.009246
0.416234 0.684469 0.008943
0.411333 0.679460 0.008976
0.406441 0.674427 0.009017
0.475352 0.743733 0.008898
0.470423 0.738804 0.008897
0.480282 0.748662 0.008898
0.465493 0.733874 0.008897
0.495071 0.763449 0.008898
0.490141 0.758521 0.008898
0.485212 0.753592 0.008898
0.319464 0.581118 0.011607
0.314638 0.576016 0.011965
0.324291 0.586234 0.011277
0.309816 0.570921 0.012352
0.338767 0.601697 0.010448
0.333943 0.596521 0.010697
0.329118 0.591368 0.010974
