0.578871 0.610629 0.008898
0.578873 0.620487 0.008898
0.573943 0.615558 0.008898
0.417997 0.455258 0.009653
0.418680 0.464634 0.009492
0.413496 0.459912 0.009543
0.486428 0.381826 0.011887
0.487825 0.390872 0.011669
0.482196 0.386405 0.011780
0.342141 0.531871 0.008915
0.342189 0.541682 0.008907
0.337245 0.536766 0.008909
0.500000 0.689501 0.008898
0.500000 0.699360 0.008898
0.495071 0.694430 0.008898
0.421120 0.610635 0.008899
0.421124 0.620489 0.008898
0.416193 0.615561 0.008898
0.499646 0.532011 0.008990
0.499767 0.541796 0.008954
0.494777 0.536910 0.008971
0.657704 0.531739 0.008903
0.657725 0.541605 0.008900
0.652781 0.536672 0.008902
0.576277 0.453448 0.009447
0.576901 0.463163 0.009323
0.571579 0.458412 0.009421
0.613834 0.413311 0.009568
0.614692 0.423124 0.009447
0.609147 0.418345 0.009560
0.567447 0.377672 0.010989
0.568897 0.386885 0.010765
0.563003 0.382704 0.010986
0.538404 0.492803 0.009188
0.538655 0.502553 0.009117
0.533591 0.497703 0.009158
0.496300 0.455047 0.009888
0.497130 0.464435 0.009682
0.491786 0.459779 0.009785
0.531824 0.417087 0.010726
0.533029 0.426332 0.010471
0.527390 0.421883 0.010644
0.618309 0.571191 0.008898
0.618310 0.581050 0.008898
0.613379 0.576122 0.008898
0.578685 0.531810 0.008940
0.578762 0.541655 0.008922
0.573785 0.536743 0.008934
0.617851 0.492276 0.008976
0.617979 0.502147 0.008955
0.612964 0.497224 0.008972
0.460499 0.571264 0.008908
0.460518 0.581101 0.008905
0.455580 0.576182 0.008906
0.420826 0.532038 0.008962
0.420932 0.541809 0.008936
0.415962 0.536915 0.008945
0.459359 0.493202 0.009233
0.459642 0.502870 0.009152
0.454596 0.498033 0.009183
0.381661 0.571229 0.008900
0.381670 0.581077 0.008899
0.376738 0.576149 0.008899
0.460563 0.650064 0.008898
0.460563 0.659923 0.008898
0.455634 0.654993 0.008898
0.302581 0.492571 0.008927
0.302646 0.502362 0.008919
0.297707 0.497443 0.008919
0.452607 0.418514 0.010845
0.453810 0.427660 0.010586
0.448371 0.423093 0.010687
0.408893 0.381880 0.011461
0.410372 0.390961 0.011215
0.404907 0.386367 0.011279
0.442297 0.345212 0.012505
0.443273 0.354574 0.012366
0.437869 0.349901 0.012427
0.521380 0.344301 0.012411
0.522372 0.353553 0.012270
0.516829 0.349181 0.012386
0.479953 0.306660 0.012771
0.480057 0.316465 0.012755
0.475052 0.311576 0.012766
0.380913 0.493041 0.009060
0.381103 0.502733 0.009018
0.376123 0.497853 0.009027
0.340707 0.454295 0.009189
0.341067 0.463846 0.009117
0.336048 0.458998 0.009131
0.376289 0.417701 0.010054
0.377209 0.426924 0.009871
0.372033 0.422193 0.009905
0.539437 0.650064 0.008898
0.539437 0.659923 0.008898
0.534508 0.654993 0.008898
0.499992 0.610635 0.008899
0.499998 0.620489 0.008898
0.495066 0.615562 0.008899
0.539389 0.571232 0.008906
0.539403 0.581079 0.008903
0.534465 0.576157 0.008905
0.697110 0.492271 0.008902
0.697135 0.502144 0.008900
0.692187 0.497205 0.008901
0.656753 0.452571 0.009014
0.657028 0.462514 0.008982
0.651894 0.457551 0.009010
0.583802 0.615558 0.008898
0.423210 0.459958 0.009596
0.492079 0.386278 0.011776
0.347088 0.536784 0.008913
0.504930 0.694430 0.008898
0.426052 0.615562 0.008898
0.504644 0.536893 0.008969
0.662648 0.536672 0.008901
0.581626 0.458200 0.009346
0.619413 0.418094 0.009455
0.573366 0.381849 0.010769
0.543500 0.497637 0.009139
0.501685 0.459680 0.009775
0.537491 0.421506 0.010548
0.623240 0.576120 0.008898
0.583667 0.536722 0.008927
0.622884 0.497203 0.008956
0.465438 0.576182 0.008907
0.425804 0.536926 0.008951
0.464439 0.498018 0.009194
0.386593 0.576155 0.008900
0.465493 0.654993 0.008898
0.307528 0.497483 0.008926
0.458070 0.423070 0.010742
0.414397 0.386461 0.011392
0.447655 0.349909 0.012449
0.526887 0.348663 0.012294
0.484911 0.311575 0.012766
0.385915 0.497903 0.009047
0.345737 0.459132 0.009174
0.381500 0.422412 0.010016
0.544367 0.654993 0.008898
0.504925 0.615561 0.008899
0.544329 0.576152 0.008904
0.702063 0.497214 0.008900
0.661896 0.457540 0.008985
0.657533 0.492247 0.008923
0.662521 0.497189 0.008915
0.657597 0.502127 0.008915
0.662440 0.487302 0.008924
0.677132 0.472446 0.008928
0.682156 0.477409 0.008917
0.677254 0.482359 0.008916
0.697170 0.531744 0.008898
0.702104 0.536677 0.008898
0.697177 0.541608 0.008898
0.702097 0.526813 0.008899
0.716884 0.512023 0.008899
0.721820 0.516957 0.008898
0.716890 0.521886 0.008898
0.539431 0.610632 0.008899
0.544363 0.615560 0.008898
0.539435 0.620488 0.008898
0.544358 0.605705 0.008899
0.559140 0.590922 0.008900
0.564074 0.595847 0.008900
0.559146 0.600776 0.008899
0.500000 0.650064 0.008898
0.504930 0.654993 0.008898
0.500000 0.659923 0.008898
0.504930 0.645134 0.008898
0.519719 0.630345 0.008898
0.524649 0.635275 0.008898
0.519719 0.640204 0.008898
0.539437 0.689500 0.008898
0.544367 0.694430 0.008898
0.539437 0.699360 0.008898
0.544367 0.684571 0.008898
0.559156 0.669782 0.008898
0.564085 0.674711 0.008898
0.559156 0.679641 0.008898
0.379303 0.454897 0.009416
0.384415 0.459668 0.009383
0.379831 0.464340 0.009300
0.383824 0.450266 0.009515
0.397136 0.436505 0.009875
0.402347 0.441190 0.009822
0.397927 0.445779 0.009696
0.341789 0.492785 0.008976
0.346755 0.497677 0.008972
0.341910 0.502527 0.008955
0.346595 0.487966 0.009002
0.360830 0.473647 0.009124
0.365857 0.478490 0.009107
0.361130 0.483252 0.009061
0.381479 0.531969 0.008936
0.386441 0.536869 0.008929
0.381558 0.541755 0.008919
0.386345 0.527097 0.008950
0.400883 0.512521 0.009012
0.405872 0.517396 0.008999
0.401029 0.522254 0.008977
0.481614 0.345168 0.012542
0.486985 0.349827 0.012483
0.482542 0.354497 0.012419
0.486157 0.340446 0.012594
0.500120 0.326051 0.012701
0.505324 0.330735 0.012654
0.500654 0.335591 0.012627
0.526424 0.380673 0.011684
0.532220 0.384910 0.011511
0.527856 0.389694 0.011455
0.530759 0.375907 0.011737
0.543877 0.361336 0.011832
0.549692 0.365446 0.011642
0.545304 0.370385 0.011625
0.447290 0.382059 0.011788
0.452848 0.386599 0.011704
0.448697 0.391153 0.011565
0.451422 0.377514 0.011920
0.464000 0.363805 0.012252
0.469545 0.368364 0.012175
0.465336 0.372934 0.012071
0.414229 0.418350 0.010499
0.419563 0.422978 0.010433
0.415325 0.427522 0.010269
0.418407 0.413819 0.010669
0.430811 0.400218 0.011181
0.436258 0.404803 0.011106
0.432107 0.409348 0.010941
0.456927 0.455309 0.009847
0.462243 0.459963 0.009759
0.457726 0.464666 0.009652
0.461372 0.450643 0.009971
0.474517 0.436711 0.010381
0.479993 0.441269 0.010253
0.475600 0.445928 0.010121
0.302766 0.531808 0.008904
0.307705 0.536728 0.008903
0.302790 0.541641 0.008901
0.307674 0.526902 0.008907
0.322356 0.512225 0.008923
0.327301 0.517137 0.008922
0.322413 0.522024 0.008915
0.460563 0.689500 0.008898
0.465493 0.694430 0.008898
0.460563 0.699360 0.008898
0.465493 0.684571 0.008898
0.480282 0.669782 0.008898
0.485212 0.674712 0.008898
0.480282 0.679641 0.008898
0.381686 0.610632 0.008898
0.386617 0.615560 0.008898
0.381689 0.620488 0.008898
0.386613 0.605706 0.008898
0.401390 0.590933 0.008899
0.406322 0.595858 0.008899
0.401397 0.600782 0.008899
0.460205 0.532057 0.008987
0.465197 0.536939 0.008969
0.460327 0.541828 0.008952
0.465058 0.527177 0.009010
0.479571 0.512548 0.009095
0.484601 0.517404 0.009066
0.479761 0.522285 0.009038
0.421077 0.571252 0.008904
0.426012 0.576174 0.008903
0.421092 0.581093 0.008902
0.425996 0.566336 0.008905
0.440709 0.551615 0.008923
0.445666 0.556521 0.008917
0.440762 0.561428 0.008910
0.460555 0.610637 0.008899
0.465488 0.615562 0.008899
0.460561 0.620489 0.008898
0.465480 0.605712 0.008900
0.480251 0.590942 0.008903
0.485188 0.595863 0.008902
0.480264 0.600787 0.008901
0.618212 0.531746 0.008915
0.623173 0.536676 0.008909
0.618259 0.541610 0.008907
0.623123 0.526810 0.008917
0.637862 0.512001 0.008922
0.642834 0.516936 0.008915
0.637917 0.521871 0.008914
0.578855 0.571206 0.008901
0.583790 0.576131 0.008900
0.578861 0.581061 0.008900
0.583785 0.566276 0.008901
0.598557 0.551483 0.008905
0.603504 0.556408 0.008901
0.598579 0.561340 0.008900
0.618310 0.610627 0.008898
0.623240 0.615556 0.008898
0.618311 0.620486 0.008898
0.623240 0.605697 0.008898
0.638029 0.590909 0.008898
0.642958 0.595838 0.008898
0.638029 0.600768 0.008898
0.536100 0.454435 0.009757
0.541497 0.459081 0.009634
0.536871 0.463930 0.009572
0.540676 0.449594 0.009827
0.554365 0.434940 0.010016
0.559917 0.439497 0.009852
0.555317 0.444432 0.009805
0.498805 0.493060 0.009245
0.503905 0.497875 0.009196
0.499088 0.502758 0.009161
0.503557 0.488210 0.009294
0.517641 0.473719 0.009475
0.522888 0.478450 0.009390
0.518183 0.483293 0.009335
0.539143 0.531920 0.008973
0.544138 0.536813 0.008954
0.539247 0.541732 0.008943
0.544022 0.527003 0.008987
0.558647 0.512233 0.009029
0.563674 0.517116 0.009001
0.558792 0.522046 0.008990
0.572683 0.414991 0.010135
0.578357 0.419495 0.009959
0.573744 0.424514 0.009942
0.577266 0.409968 0.010147
0.590965 0.394863 0.010173
0.596757 0.399362 0.010000
0.592169 0.404403 0.009991
0.616548 0.452760 0.009172
0.621803 0.457662 0.009115
0.616995 0.462643 0.009106
0.621340 0.447763 0.009181
0.635761 0.432746 0.009203
0.641079 0.437689 0.009143
0.636252 0.442691 0.009138
0.578123 0.492475 0.009073
0.583196 0.497353 0.009035
0.578317 0.502299 0.009028
0.582960 0.487532 0.009085
0.597391 0.472673 0.009126
0.602561 0.477550 0.009075
0.597738 0.482507 0.009064
0.657747 0.571190 0.008898
0.662677 0.576120 0.008898
0.657747 0.581049 0.008898
0.662677 0.566260 0.008898
0.677461 0.551469 0.008898
0.682393 0.556400 0.008898
0.677465 0.561330 0.008898
0.499937 0.571254 0.008909
0.504877 0.576172 0.008907
0.499955 0.581094 0.008905
0.504857 0.566332 0.008910
0.519586 0.551578 0.008926
0.524549 0.556485 0.008917
0.519638 0.561404 0.008912
0.421126 0.650064 0.008898
0.426056 0.654993 0.008898
0.421126 0.659923 0.008898
0.426056 0.645134 0.008898
0.440845 0.630345 0.008898
0.445775 0.635275 0.008898
0.440845 0.640204 0.008898
0.500000 0.728937 0.008898
0.504930 0.733867 0.008898
0.500000 0.738796 0.008898
0.504930 0.724008 0.008898
0.519719 0.709219 0.008898
0.524648 0.714148 0.008898
0.519719 0.719078 0.008898
0.342245 0.571201 0.008898
0.347174 0.576131 0.008898
0.342247 0.581057 0.008898
0.347171 0.566276 0.008899
0.361920 0.551532 0.008904
0.366860 0.556452 0.008902
0.361946 0.561365 0.008900
0.491795 0.418162 0.010938
0.497382 0.422654 0.010797
0.493041 0.427314 0.010668
0.496115 0.413514 0.011061
0.509089 0.399527 0.011383
0.514774 0.403913 0.011230
0.510421 0.408618 0.011136
0.420084 0.493193 0.009153
0.425127 0.498025 0.009129
0.420332 0.502859 0.009090
0.424817 0.488397 0.009208
0.438797 0.474118 0.009430
0.443968 0.478864 0.009377
0.439310 0.483628 0.009302
0.578874 0.650064 0.008898
0.583804 0.654993 0.008898
0.578874 0.659923 0.008898
0.583804 0.645134 0.008898
0.598592 0.630345 0.008898
0.603522 0.635275 0.008898
0.598592 0.640204 0.008898
0.637322 0.472461 0.008996
0.637545 0.482361 0.008966
0.632461 0.477419 0.008991
0.642420 0.477407 0.008970
0.652620 0.497188 0.008922
0.677402 0.512003 0.008903
0.677423 0.521873 0.008901
0.672475 0.516937 0.008903
0.682349 0.516940 0.008901
0.692242 0.536675 0.008898
0.519692 0.590933 0.008902
0.519703 0.600782 0.008900
0.514768 0.595858 0.008901
0.524628 0.595856 0.008901
0.534503 0.615560 0.008899
0.480282 0.630345 0.008898
0.480282 0.640204 0.008898
0.475352 0.635275 0.008898
0.485212 0.635275 0.008898
0.495071 0.654993 0.008898
0.519719 0.669782 0.008898
0.519719 0.679641 0.008898
0.514789 0.674712 0.008898
0.524648 0.674712 0.008898
0.534508 0.694430 0.008898
0.358929 0.435770 0.009525
0.359507 0.445158 0.009403
0.354441 0.440355 0.009424
0.364008 0.440562 0.009502
0.374742 0.459550 0.009328
0.321867 0.473260 0.009006
0.322057 0.482945 0.008971
0.317081 0.478059 0.008978
0.326853 0.478137 0.008997
0.336957 0.497624 0.008957
0.361631 0.512375 0.008960
0.361731 0.522138 0.008941
0.356774 0.517235 0.008945
0.366591 0.517274 0.008955
0.376602 0.536849 0.008925
0.460661 0.326162 0.012707
0.461190 0.335742 0.012633
0.455978 0.330967 0.012671
0.465823 0.330964 0.012676
0.477125 0.349865 0.012483
0.503491 0.363452 0.012241
0.504844 0.372487 0.012055
0.499159 0.368094 0.012169
0.509138 0.367843 0.012128
0.522088 0.385416 0.011622
0.425021 0.363783 0.012109
0.426478 0.372922 0.011890
0.420897 0.368350 0.011969
0.430559 0.368383 0.012034
0.443165 0.386603 0.011648
0.392846 0.399798 0.010729
0.394086 0.408927 0.010502
0.388769 0.404270 0.010550
0.398200 0.404438 0.010676
0.410019 0.422882 0.010333
0.435573 0.436816 0.010202
0.436549 0.446034 0.009972
0.431243 0.441402 0.010049
0.440916 0.441425 0.010116
0.452448 0.459989 0.009731
0.283018 0.512124 0.008906
0.283044 0.521954 0.008903
0.278109 0.517030 0.008904
0.287953 0.517047 0.008906
0.297853 0.536720 0.008902
0.440845 0.669782 0.008898
0.440845 0.679641 0.008898
0.435915 0.674711 0.008898
0.445775 0.674711 0.008898
0.455634 0.694430 0.008898
0.361963 0.590919 0.008898
0.361967 0.600774 0.008898
0.357036 0.595845 0.008898
0.366894 0.595848 0.008898
0.376758 0.615559 0.008898
0.440182 0.512583 0.009067
0.440361 0.522308 0.009017
0.435358 0.517440 0.009036
0.445194 0.517444 0.009046
0.455344 0.536941 0.008966
0.401311 0.551583 0.008912
0.401352 0.561403 0.008904
0.396410 0.556486 0.008906
0.406260 0.556495 0.008908
0.416157 0.576170 0.008902
0.440818 0.590941 0.008902
0.440829 0.600787 0.008900
0.435895 0.595863 0.008901
0.445753 0.595864 0.008901
0.455629 0.615562 0.008899
0.598272 0.512058 0.008962
0.598372 0.521914 0.008942
0.593376 0.517000 0.008958
0.603272 0.516974 0.008946
0.613300 0.536682 0.008912
0.559067 0.551528 0.008916
0.559106 0.561370 0.008907
0.554154 0.556454 0.008912
0.564026 0.556443 0.008909
0.573925 0.576136 0.008901
0.598589 0.590912 0.008898
0.598590 0.600770 0.008898
0.593659 0.595841 0.008898
0.603520 0.595840 0.008898
0.613381 0.615557 0.008898
0.514131 0.436150 0.010333
0.515208 0.445435 0.010075
0.509704 0.440878 0.010219
0.519677 0.440680 0.010178
0.531512 0.459263 0.009685
0.478076 0.474027 0.009509
0.478636 0.483549 0.009363
0.473446 0.478800 0.009429
0.483305 0.478753 0.009434
0.494024 0.497923 0.009201
0.519066 0.512416 0.009081
0.519243 0.522185 0.009027
0.514218 0.517316 0.009056
0.524100 0.517281 0.009049
0.534260 0.536835 0.008959
0.549628 0.397639 0.010938
0.550930 0.406860 0.010707
0.545170 0.402546 0.010902
0.555422 0.401914 0.010735
0.568096 0.420007 0.010120
0.595056 0.433443 0.009528
0.595783 0.443232 0.009403
0.590358 0.438468 0.009512
0.600506 0.438216 0.009417
0.611760 0.457749 0.009162
0.557441 0.473212 0.009328
0.557907 0.482904 0.009220
0.552708 0.478117 0.009293
0.562673 0.477985 0.009248
0.573269 0.497418 0.009061
0.638016 0.551469 0.008900
0.638028 0.561331 0.008898
0.633093 0.556400 0.008899
0.642953 0.556400 0.008899
0.652818 0.576120 0.008898
0.480132 0.551614 0.008929
0.480189 0.561429 0.008914
0.475235 0.556521 0.008920
0.485095 0.556517 0.008920
0.495016 0.576176 0.008907
0.401408 0.630345 0.008898
0.401408 0.640204 0.008898
0.396479 0.635275 0.008898
0.406338 0.635275 0.008898
0.416197 0.654993 0.008898
0.480282 0.709219 0.008898
0.480282 0.719078 0.008898
0.475352 0.714148 0.008898
0.485212 0.714148 0.008898
0.495071 0.733867 0.008898
0.322517 0.551491 0.008900
0.322530 0.561337 0.008898
0.317597 0.556410 0.008899
0.327452 0.556415 0.008899
0.337318 0.576127 0.008898
0.469509 0.400170 0.011420
0.470821 0.409279 0.011178
0.465284 0.404759 0.011286
0.475070 0.404676 0.011311
0.487476 0.422807 0.010808
0.399751 0.473990 0.009278
0.400169 0.483528 0.009181
0.395094 0.478723 0.009210
0.404853 0.478776 0.009244
0.415317 0.498007 0.009108
0.559156 0.630345 0.008898
0.559156 0.640204 0.008898
0.554226 0.635275 0.008898
0.564085 0.635275 0.008898
0.573944 0.654993 0.008898
0.569015 0.659923 0.008898
0.569015 0.669782 0.008898
0.564085 0.664852 0.008898
0.573944 0.664852 0.008898
0.578874 0.669782 0.008898
0.578874 0.679641 0.008898
0.573944 0.674711 0.008898
0.559156 0.650064 0.008898
0.564085 0.654993 0.008898
0.559156 0.659923 0.008898
0.564085 0.645134 0.008898
0.569015 0.640204 0.008898
0.573944 0.645134 0.008898
0.569015 0.650064 0.008898
0.549297 0.640204 0.008898
0.549297 0.650064 0.008898
0.544367 0.645134 0.008898
0.554226 0.645134 0.008898
0.554226 0.654993 0.008898
0.410519 0.502837 0.009072
0.410703 0.512545 0.009026
0.405707 0.507676 0.009040
0.415523 0.507699 0.009056
0.420526 0.512563 0.009039
0.420691 0.522289 0.008997
0.415698 0.517415 0.009011
0.400489 0.493135 0.009106
0.405512 0.497980 0.009088
0.400710 0.502809 0.009053
0.405234 0.488343 0.009154
0.409945 0.483570 0.009211
0.415022 0.488375 0.009181
0.410284 0.493168 0.009130
0.390400 0.483475 0.009151
0.390698 0.493092 0.009083
0.385673 0.488248 0.009101
0.395450 0.488300 0.009128
0.395711 0.497946 0.009067
0.483159 0.427448 0.010671
0.484359 0.436617 0.010391
0.478841 0.432082 0.010528
0.488702 0.431969 0.010532
0.494244 0.436495 0.010387
0.495338 0.445735 0.010123
0.489859 0.441167 0.010255
0.472094 0.418406 0.010925
0.477623 0.422928 0.010802
0.473327 0.427550 0.010658
0.476365 0.413792 0.011063
0.480637 0.409176 0.011195
0.486213 0.413671 0.011071
0.481917 0.418301 0.010940
0.461060 0.409347 0.011145
0.462324 0.418476 0.010893
0.456835 0.413932 0.010997
0.466573 0.413879 0.011039
0.467821 0.423015 0.010780
0.332390 0.581054 0.008898
0.332392 0.590911 0.008898
0.327462 0.585981 0.008898
0.337320 0.585984 0.008898
0.342249 0.590913 0.008898
0.342251 0.600770 0.008898
0.337321 0.595841 0.008898
0.322532 0.571193 0.008898
0.327461 0.576124 0.008898
0.322533 0.581052 0.008898
0.327460 0.566266 0.008898
0.332385 0.561342 0.008899
0.337316 0.566270 0.008898
0.332389 0.571197 0.008898
0.312673 0.561334 0.008898
0.312675 0.571191 0.008898
0.307745 0.566261 0.008898
0.317603 0.566263 0.008898
0.317604 0.576121 0.008898
0.490141 0.738796 0.008898
0.490141 0.748655 0.008898
0.485212 0.743726 0.008898
0.495071 0.743726 0.008898
0.500000 0.748655 0.008898
0.500000 0.758515 0.008898
0.495071 0.753585 0.008898
0.480282 0.728937 0.008898
0.485212 0.733867 0.008898
0.480282 0.738796 0.008898
0.485212 0.724008 0.008898
0.490141 0.719078 0.008898
0.495071 0.724008 0.008898
0.490141 0.728937 0.008898
0.470423 0.719078 0.008898
0.470423 0.728937 0.008898
0.465493 0.724008 0.008898
0.475352 0.724008 0.008898
0.475352 0.733867 0.008898
0.411267 0.659923 0.008898
0.411267 0.669782 0.008898
0.406338 0.664852 0.008898
0.416197 0.664852 0.008898
0.421126 0.669782 0.008898
0.421126 0.679641 0.008898
0.416197 0.674711 0.008898
0.401408 0.650064 0.008898
0.406338 0.654993 0.008898
0.401408 0.659923 0.008898
0.406338 0.645134 0.008898
0.411267 0.640204 0.008898
0.416197 0.645134 0.008898
0.411267 0.650064 0.008898
0.391549 0.640204 0.008898
0.391549 0.650064 0.008898
0.386620 0.645134 0.008898
0.396479 0.645134 0.008898
0.396479 0.654993 0.008898
0.490095 0.581098 0.008906
0.490111 0.590940 0.008903
0.485173 0.586019 0.008904
0.495033 0.586017 0.008904
0.499971 0.590938 0.008903
0.499983 0.600785 0.008901
0.495047 0.595862 0.008902
0.480216 0.571262 0.008909
0.485156 0.576179 0.008907
0.480235 0.581100 0.008906
0.485135 0.566342 0.008911
0.490049 0.561425 0.008914
0.494996 0.566338 0.008911
0.490076 0.571258 0.008909
0.470330 0.561432 0.008914
0.470357 0.571263 0.008909
0.465417 0.566346 0.008910
0.475275 0.566345 0.008911
0.475296 0.576181 0.008907
0.647888 0.581049 0.008898
0.647888 0.590909 0.008898
0.642958 0.585979 0.008898
0.652818 0.585979 0.008898
0.657747 0.590909 0.008898
0.657747 0.600768 0.008898
0.652818 0.595838 0.008898
0.638029 0.571190 0.008898
0.642959 0.576120 0.008898
0.638029 0.581049 0.008898
0.642959 0.566261 0.008898
0.647887 0.561330 0.008898
0.652818 0.566260 0.008898
0.647888 0.571190 0.008898
0.628168 0.561331 0.008898
0.628170 0.571190 0.008898
0.623240 0.566261 0.008898
0.633099 0.566261 0.008898
0.633099 0.576120 0.008898
0.568397 0.502361 0.009052
0.568555 0.512181 0.009011
0.563522 0.507300 0.009042
0.573437 0.507241 0.009020
0.578463 0.512132 0.008993
0.578586 0.521969 0.008964
0.573577 0.517071 0.008985
0.558251 0.492643 0.009136
0.563341 0.497493 0.009090
0.558477 0.502428 0.009076
0.563066 0.487718 0.009157
0.567864 0.482787 0.009178
0.573013 0.487618 0.009120
0.568187 0.492556 0.009104
0.547960 0.483013 0.009257
0.548324 0.492726 0.009164
0.543193 0.487907 0.009221
0.553125 0.487816 0.009191
0.553417 0.497567 0.009116
0.606973 0.462732 0.009151
0.607377 0.472588 0.009086
0.602184 0.467706 0.009139
0.612187 0.467619 0.009096
0.617360 0.472524 0.009051
0.617646 0.482402 0.009008
0.612529 0.477488 0.009043
0.596415 0.453034 0.009294
0.601717 0.457868 0.009216
0.596950 0.462848 0.009202
0.601157 0.448038 0.009309
0.605903 0.443031 0.009322
0.611249 0.447881 0.009241
0.606482 0.452879 0.009229
0.585664 0.443477 0.009493
0.586346 0.453224 0.009367
0.580971 0.448470 0.009471
0.591064 0.448235 0.009386
0.591672 0.458019 0.009278
0.563509 0.425013 0.010098
0.564522 0.434524 0.009890
0.558930 0.429994 0.010064
0.569132 0.429525 0.009920
0.574700 0.434112 0.009759
0.575544 0.443764 0.009592
0.570062 0.439113 0.009731
0.552155 0.416151 0.010475
0.557846 0.420562 0.010285
0.553301 0.425511 0.010245
0.556676 0.411201 0.010509
0.561204 0.406215 0.010530
0.566963 0.410566 0.010327
0.562402 0.415577 0.010311
0.540715 0.407421 0.010855
0.541963 0.416654 0.010613
0.536266 0.412267 0.010796
0.546443 0.411772 0.010666
0.547643 0.421066 0.010429
0.529374 0.541749 0.008947
0.529454 0.551566 0.008924
0.524482 0.546663 0.008935
0.534353 0.546649 0.008933
0.539323 0.551554 0.008922
0.539370 0.561388 0.008910
0.534416 0.556475 0.008916
0.519388 0.531968 0.008983
0.524385 0.536855 0.008963
0.519502 0.541766 0.008950
0.524258 0.527061 0.009001
0.529124 0.522153 0.009020
0.534138 0.527033 0.008995
0.529264 0.531945 0.008979
0.509366 0.522214 0.009032
0.509515 0.531990 0.008987
0.504508 0.527112 0.009010
0.514381 0.527088 0.009006
0.514513 0.536875 0.008967
0.489214 0.502797 0.009164
0.489435 0.512523 0.009096
0.484395 0.507673 0.009129
0.494264 0.507641 0.009127
0.499307 0.512491 0.009093
0.499492 0.522242 0.009036
0.494468 0.517379 0.009065
0.479060 0.493150 0.009248
0.484152 0.497964 0.009203
0.479348 0.502830 0.009163
0.483797 0.488319 0.009303
0.488503 0.483500 0.009364
0.493671 0.488269 0.009301
0.488927 0.493110 0.009249
0.468784 0.483586 0.009356
0.469204 0.493180 0.009243
0.464088 0.488386 0.009291
0.473936 0.488358 0.009300
0.474290 0.497995 0.009200
0.526908 0.464083 0.009613
0.527569 0.473611 0.009449
0.522285 0.468901 0.009543
0.532229 0.468772 0.009510
0.537512 0.473490 0.009416
0.538024 0.483115 0.009288
0.532816 0.478349 0.009364
0.516152 0.454791 0.009845
0.521548 0.459423 0.009725
0.516963 0.464218 0.009645
0.520678 0.450017 0.009937
0.525188 0.445236 0.010029
0.530663 0.449820 0.009889
0.526114 0.454625 0.009807
0.505257 0.445601 0.010106
0.506214 0.454931 0.009872
0.500791 0.450323 0.009995
0.510721 0.450184 0.009972
0.511606 0.459563 0.009755
0.608451 0.620486 0.008898
0.608451 0.630345 0.008898
0.603522 0.625416 0.008898
0.613381 0.625416 0.008898
0.618311 0.630345 0.008898
0.618311 0.640204 0.008898
0.613381 0.635275 0.008898
0.598591 0.610628 0.008898
0.603521 0.615557 0.008898
0.598592 0.620486 0.008898
0.603521 0.605698 0.008898
0.608450 0.600769 0.008898
0.613381 0.605698 0.008898
0.608451 0.610627 0.008898
0.588730 0.600771 0.008898
0.588732 0.610628 0.008898
0.583801 0.605700 0.008898
0.593661 0.605699 0.008898
0.593662 0.615557 0.008898
0.568996 0.581065 0.008901
0.569003 0.590919 0.008900
0.564068 0.585994 0.008901
0.573931 0.585990 0.008900
0.578865 0.590916 0.008899
0.578869 0.600772 0.008899
0.573936 0.595845 0.008899
0.559121 0.571219 0.008904
0.564059 0.576141 0.008902
0.559131 0.581070 0.008902
0.564050 0.566290 0.008904
0.568976 0.561361 0.008905
0.573918 0.566282 0.008902
0.568989 0.571212 0.008902
0.549237 0.561379 0.008908
0.549255 0.571225 0.008905
0.544315 0.566305 0.008907
0.554182 0.566298 0.008905
0.554194 0.576147 0.008903
0.608388 0.541617 0.008910
0.608425 0.551476 0.008903
0.603473 0.546550 0.008907
0.613343 0.546544 0.008905
0.618290 0.551472 0.008901
0.618307 0.561332 0.008899
0.613369 0.556404 0.008900
0.598453 0.531770 0.008926
0.603425 0.536692 0.008916
0.598514 0.541626 0.008913
0.603358 0.526833 0.008929
0.608262 0.521895 0.008933
0.613241 0.526819 0.008923
0.608334 0.531756 0.008920
0.588480 0.521939 0.008952
0.588570 0.531788 0.008932
0.583583 0.526876 0.008946
0.593472 0.526852 0.008937
0.593547 0.536705 0.008921
0.450702 0.620489 0.008898
0.450704 0.630345 0.008898
0.445774 0.625417 0.008898
0.455633 0.625417 0.008898
0.460563 0.630345 0.008898
0.460563 0.640204 0.008898
0.455634 0.635275 0.008898
0.440837 0.610636 0.008899
0.445770 0.615562 0.008899
0.440842 0.620489 0.008898
0.445763 0.605711 0.008900
0.450687 0.600788 0.008900
0.455621 0.605712 0.008900
0.450696 0.610637 0.008899
0.430971 0.600786 0.008900
0.430978 0.610636 0.008899
0.426046 0.605710 0.008899
0.435904 0.605711 0.008899
0.435911 0.615562 0.008898
0.411236 0.581090 0.008901
0.411247 0.590935 0.008900
0.406313 0.586010 0.008900
0.416170 0.586014 0.008901
0.421104 0.590937 0.008900
0.421113 0.600785 0.008899
0.416180 0.595860 0.008900
0.401369 0.571241 0.008901
0.406302 0.576166 0.008901
0.401380 0.581086 0.008900
0.406289 0.566324 0.008903
0.411204 0.561410 0.008905
0.416142 0.566330 0.008904
0.411223 0.571247 0.008902
0.391500 0.561394 0.008902
0.391515 0.571235 0.008901
0.386583 0.566309 0.008901
0.396436 0.566317 0.008901
0.396447 0.576161 0.008900
0.450475 0.541828 0.008949
0.450562 0.551619 0.008925
0.445596 0.546719 0.008935
0.455449 0.546721 0.008937
0.460416 0.551620 0.008927
0.460473 0.561432 0.008913
0.455521 0.556523 0.008918
0.440509 0.532055 0.008977
0.445494 0.536939 0.008962
0.440625 0.541824 0.008945
0.445360 0.527181 0.008999
0.450203 0.522310 0.009026
0.455207 0.527181 0.009005
0.450355 0.532058 0.008982
0.430524 0.522301 0.009007
0.430666 0.532048 0.008970
0.425680 0.527167 0.008983
0.435518 0.527176 0.008992
0.435648 0.536934 0.008957
0.371830 0.620487 0.008898
0.371831 0.630345 0.008898
0.366901 0.625416 0.008898
0.376760 0.625416 0.008898
0.381690 0.630345 0.008898
0.381690 0.640204 0.008898
0.376760 0.635275 0.008898
0.361969 0.610630 0.008898
0.366899 0.615559 0.008898
0.361971 0.620487 0.008898
0.366897 0.605702 0.008898
0.371824 0.600776 0.008898
0.376755 0.605704 0.008898
0.371827 0.610631 0.008898
0.352109 0.600772 0.008898
0.352110 0.610629 0.008898
0.347180 0.605700 0.008898
0.357039 0.605701 0.008898
0.357041 0.615558 0.008898
0.450704 0.699359 0.008898
0.450704 0.709219 0.008898
0.445775 0.704289 0.008898
0.455634 0.704289 0.008898
0.460563 0.709219 0.008898
0.460563 0.719078 0.008898
0.455634 0.714148 0.008898
0.440845 0.689500 0.008898
0.445775 0.694430 0.008898
0.440845 0.699359 0.008898
0.445775 0.684571 0.008898
0.450704 0.679641 0.008898
0.455634 0.684571 0.008898
0.450704 0.689500 0.008898
0.430986 0.679641 0.008898
0.430986 0.689500 0.008898
0.426056 0.684571 0.008898
0.435915 0.684571 0.008898
0.435915 0.694430 0.008898
0.292936 0.541636 0.008900
0.292949 0.551480 0.008899
0.288015 0.546556 0.008899
0.297871 0.546559 0.008900
0.302807 0.551482 0.008899
0.302815 0.561332 0.008898
0.297883 0.556406 0.008898
0.283065 0.531790 0.008901
0.288000 0.536713 0.008901
0.283081 0.541631 0.008900
0.287980 0.526877 0.008903
0.292890 0.521968 0.008905
0.297828 0.526889 0.008905
0.292916 0.531798 0.008902
0.273196 0.521941 0.008902
0.273213 0.531782 0.008900
0.268280 0.526857 0.008900
0.278130 0.526866 0.008902
0.278147 0.536707 0.008900
0.447933 0.464683 0.009623
0.448589 0.474116 0.009460
0.443383 0.469392 0.009522
0.453175 0.469384 0.009552
0.458400 0.474100 0.009484
0.458945 0.483611 0.009344
0.453778 0.478855 0.009401
0.437413 0.455322 0.009766
0.442678 0.459996 0.009694
0.438163 0.464683 0.009585
0.441854 0.450674 0.009892
0.446259 0.446042 0.010027
0.451597 0.450669 0.009937
0.447156 0.455325 0.009812
0.426871 0.446003 0.009906
0.427698 0.455299 0.009711
0.422456 0.450622 0.009774
0.432143 0.450658 0.009836
0.432934 0.459986 0.009648
0.405771 0.427417 0.010173
0.406723 0.436621 0.009960
0.401478 0.431957 0.010019
0.411048 0.432069 0.010110
0.416324 0.436712 0.010043
0.417211 0.445951 0.009837
0.411966 0.441285 0.009899
0.395215 0.418089 0.010284
0.400494 0.422757 0.010230
0.396233 0.427283 0.010074
0.399401 0.413583 0.010450
0.403548 0.409078 0.010621
0.408891 0.413717 0.010562
0.404711 0.418235 0.010393
0.384653 0.408743 0.010377
0.385741 0.417911 0.010170
0.380495 0.413219 0.010211
0.389935 0.413417 0.010333
0.390987 0.422600 0.010125
0.439044 0.391144 0.011500
0.440404 0.400256 0.011266
0.434927 0.395683 0.011344
0.444550 0.395706 0.011419
0.450051 0.400260 0.011334
0.451354 0.409380 0.011094
0.445878 0.404822 0.011183
0.427999 0.382006 0.011655
0.433530 0.386576 0.011578
0.429443 0.391104 0.011419
0.432061 0.377485 0.011809
0.436135 0.372959 0.011953
0.441720 0.377512 0.011871
0.437622 0.382046 0.011729
0.416861 0.372882 0.011810
0.418417 0.381954 0.011565
0.412874 0.377386 0.011639
0.422442 0.377440 0.011732
0.423942 0.386526 0.011492
0.517753 0.390137 0.011552
0.519132 0.399193 0.011315
0.513420 0.394840 0.011472
0.523492 0.394454 0.011390
0.529235 0.398769 0.011218
0.530559 0.407899 0.010975
0.524846 0.403544 0.011149
0.506298 0.381465 0.011843
0.512021 0.385810 0.011703
0.507714 0.390476 0.011619
0.510579 0.376821 0.011924
0.514862 0.372160 0.011996
0.520636 0.376427 0.011846
0.516328 0.381127 0.011779
0.494891 0.372687 0.012084
0.496332 0.381688 0.011876
0.490659 0.377254 0.011988
0.500587 0.377093 0.011970
0.502018 0.386095 0.011754
0.472692 0.354537 0.012415
0.473819 0.363766 0.012265
0.468316 0.359184 0.012338
0.478152 0.359144 0.012346
0.483669 0.363708 0.012269
0.484998 0.372799 0.012092
0.479377 0.368306 0.012184
0.461925 0.345209 0.012532
0.467283 0.349891 0.012477
0.462863 0.354563 0.012405
0.466451 0.340485 0.012589
0.471034 0.335734 0.012638
0.476298 0.340469 0.012594
0.471762 0.345193 0.012539
0.451355 0.335744 0.012626
0.452104 0.345215 0.012521
0.446794 0.340493 0.012571
0.456616 0.340493 0.012582
0.457460 0.349906 0.012466
0.371717 0.541736 0.008916
0.371767 0.551546 0.008906
0.366823 0.546630 0.008909
0.376667 0.546647 0.008911
0.381615 0.551560 0.008908
0.381648 0.561385 0.008901
0.376710 0.556464 0.008903
0.361813 0.531918 0.008925
0.366765 0.536827 0.008920
0.361876 0.541716 0.008913
0.366688 0.527041 0.008936
0.371553 0.522172 0.008949
0.376516 0.527070 0.008943
0.371645 0.531945 0.008930
0.351906 0.522105 0.008933
0.351978 0.531894 0.008920
0.347029 0.526984 0.008923
0.356860 0.527011 0.008929
0.356928 0.536804 0.008916
0.332101 0.502481 0.008943
0.332181 0.512258 0.008931
0.327234 0.507348 0.008932
0.337051 0.507388 0.008941
0.342002 0.512294 0.008939
0.342079 0.522075 0.008926
0.337129 0.517167 0.008928
0.322197 0.492671 0.008947
0.327153 0.497573 0.008944
0.322288 0.502438 0.008933
0.327029 0.487834 0.008965
0.331837 0.483016 0.008989
0.336816 0.487898 0.008982
0.331996 0.492726 0.008961
0.312270 0.482878 0.008956
0.312392 0.492619 0.008936
0.307436 0.487716 0.008940
0.317236 0.487773 0.008951
0.317343 0.497526 0.008934
0.370142 0.464225 0.009251
0.370550 0.473752 0.009162
0.365505 0.468924 0.009182
0.375209 0.469035 0.009226
0.380276 0.473845 0.009201
0.380638 0.483412 0.009121
0.375596 0.478580 0.009142
0.360018 0.454600 0.009295
0.365078 0.459414 0.009274
0.360459 0.464096 0.009202
0.364579 0.449960 0.009380
0.369096 0.445347 0.009477
0.374195 0.450124 0.009448
0.369656 0.454757 0.009356
0.349906 0.444972 0.009335
0.350369 0.454445 0.009240
0.345327 0.449619 0.009257
0.354960 0.449787 0.009316
0.355414 0.459270 0.009221
0.529578 0.699360 0.008898
0.529578 0.709219 0.008898
0.524648 0.704289 0.008898
0.534508 0.704289 0.008898
0.539437 0.709219 0.008898
0.539437 0.719078 0.008898
0.534507 0.714148 0.008898
0.519719 0.689500 0.008898
0.524648 0.694430 0.008898
0.519719 0.699360 0.008898
0.524648 0.684571 0.008898
0.529578 0.679641 0.008898
0.534508 0.684571 0.008898
0.529578 0.689500 0.008898
0.509860 0.679641 0.008898
0.509860 0.689501 0.008898
0.504930 0.684571 0.008898
0.514789 0.684571 0.008898
0.514789 0.694430 0.008898
0.490141 0.659923 0.008898
0.490141 0.669782 0.008898
0.485212 0.664852 0.008898
0.495071 0.664852 0.008898
0.500000 0.669782 0.008898
0.500000 0.679641 0.008898
0.495071 0.674712 0.008898
0.480282 0.650064 0.008898
0.485212 0.654993 0.008898
0.480282 0.659923 0.008898
0.485212 0.645134 0.008898
0.490141 0.640204 0.008898
0.495071 0.645134 0.008898
0.490141 0.650064 0.008898
0.470423 0.640204 0.008898
0.470423 0.650064 0.008898
0.465493 0.645134 0.008898
0.475352 0.645134 0.008898
0.475352 0.654993 0.008898
0.529576 0.620488 0.008898
0.529578 0.630345 0.008898
0.524648 0.625416 0.008898
0.534507 0.625416 0.008898
0.539437 0.630345 0.008898
0.539437 0.640204 0.008898
0.534508 0.635275 0.008898
0.519711 0.610634 0.008899
0.524644 0.615560 0.008899
0.519716 0.620488 0.008898
0.524637 0.605707 0.008900
0.529563 0.600781 0.008900
0.534498 0.605706 0.008900
0.529571 0.610633 0.008899
0.509843 0.600784 0.008901
0.509851 0.610634 0.008899
0.504918 0.605709 0.008900
0.514777 0.605708 0.008900
0.514784 0.615561 0.008899
0.687315 0.541607 0.008898
0.687321 0.551470 0.008898
0.682388 0.546538 0.008898
0.692249 0.546539 0.008898
0.697181 0.551470 0.008898
0.697184 0.561331 0.008898
0.692253 0.556400 0.008898
0.677440 0.531740 0.008900
0.682379 0.536674 0.008899
0.677452 0.541606 0.008899
0.682366 0.526808 0.008900
0.687293 0.521876 0.008900
0.692233 0.526810 0.008899
0.687305 0.531742 0.008899
0.667550 0.521871 0.008903
0.667572 0.531739 0.008901
0.662626 0.526805 0.008903
0.672497 0.526806 0.008901
0.672514 0.536673 0.008900
0.647699 0.502127 0.008923
0.647753 0.512000 0.008916
0.642779 0.507064 0.008923
0.652673 0.507063 0.008916
0.657639 0.511999 0.008910
0.657675 0.521870 0.008906
0.652718 0.516935 0.008910
0.637703 0.492251 0.008945
0.642713 0.497189 0.008932
0.637797 0.502128 0.008932
0.642598 0.487305 0.008947
0.647486 0.482355 0.008950
0.652523 0.487302 0.008934
0.647622 0.492248 0.008933
0.627597 0.482374 0.008985
0.627778 0.492258 0.008959
0.622728 0.487327 0.008980
0.632665 0.487311 0.008962
0.632800 0.497193 0.008943
0.598592 0.650064 0.008898
0.603522 0.654993 0.008898
0.598592 0.659923 0.008898
0.603522 0.645134 0.008898
0.608451 0.640204 0.008898
0.613381 0.645134 0.008898
0.608451 0.650064 0.008898
0.588733 0.659923 0.008898
0.593663 0.654993 0.008898
0.593663 0.664852 0.008898
0.588733 0.650064 0.008898
0.588733 0.640204 0.008898
0.593663 0.635275 0.008898
0.593663 0.645134 0.008898
0.583804 0.674711 0.008898
0.583804 0.664852 0.008898
0.588733 0.669782 0.008898
0.439702 0.493216 0.009200
0.444764 0.498039 0.009169
0.439972 0.502880 0.009127
0.444429 0.488412 0.009259
0.449121 0.483625 0.009326
0.454252 0.488404 0.009277
0.449525 0.493213 0.009219
0.430150 0.502873 0.009109
0.434941 0.498036 0.009151
0.435167 0.507726 0.009088
0.429890 0.493209 0.009177
0.429514 0.483620 0.009272
0.434174 0.478860 0.009347
0.434618 0.488410 0.009235
0.425527 0.517430 0.009023
0.425343 0.507715 0.009072
0.430352 0.512576 0.009054
0.511706 0.417752 0.010878
0.517338 0.422199 0.010717
0.512944 0.426929 0.010610
0.516081 0.413033 0.010979
0.520461 0.408298 0.011069
0.526146 0.412686 0.010900
0.521739 0.417452 0.010814
0.502970 0.427147 0.010649
0.507336 0.422456 0.010768
0.508555 0.431643 0.010493
0.501725 0.417987 0.010919
0.500437 0.408862 0.011177
0.504762 0.404200 0.011284
0.506071 0.413309 0.011032
0.499764 0.441039 0.010244
0.498607 0.431825 0.010521
0.504169 0.436343 0.010368
0.361954 0.571213 0.008899
0.366884 0.576143 0.008899
0.361959 0.581066 0.008899
0.366878 0.566292 0.008899
0.371797 0.561375 0.008900
0.376730 0.566301 0.008900
0.371808 0.571221 0.008899
0.352103 0.581061 0.008898
0.357029 0.576136 0.008899
0.357033 0.585990 0.008898
0.352100 0.571207 0.008899
0.352093 0.561355 0.008899
0.357010 0.556440 0.008901
0.357025 0.566284 0.008899
0.347179 0.595843 0.008898
0.347177 0.585987 0.008898
0.352106 0.590916 0.008898
0.519719 0.728937 0.008898
0.524648 0.733867 0.008898
0.519719 0.738796 0.008898
0.524648 0.724008 0.008898
0.529578 0.719078 0.008898
0.534507 0.724008 0.008898
0.529578 0.728937 0.008898
0.509860 0.738796 0.008898
0.514789 0.733867 0.008898
0.514789 0.743726 0.008898
0.509860 0.728937 0.008898
0.509860 0.719078 0.008898
0.514789 0.714148 0.008898
0.514789 0.724008 0.008898
0.504930 0.753585 0.008898
0.504930 0.743726 0.008898
0.509860 0.748655 0.008898
0.440845 0.650064 0.008898
0.445775 0.654993 0.008898
0.440845 0.659923 0.008898
0.445775 0.645134 0.008898
0.450704 0.640204 0.008898
0.455634 0.645134 0.008898
0.450704 0.650064 0.008898
0.430986 0.659923 0.008898
0.435915 0.654993 0.008898
0.435915 0.664852 0.008898
0.430986 0.650064 0.008898
0.430986 0.640204 0.008898
0.435915 0.635275 0.008898
0.435915 0.645134 0.008898
0.426056 0.674711 0.008898
0.426056 0.664852 0.008898
0.430986 0.669782 0.008898
0.519661 0.571243 0.008907
0.524602 0.576162 0.008906
0.519678 0.581087 0.008905
0.524584 0.566319 0.008909
0.529503 0.561396 0.008911
0.534449 0.566312 0.008908
0.529525 0.571238 0.008907
0.509816 0.581091 0.008905
0.514739 0.576167 0.008906
0.514755 0.586011 0.008904
0.509799 0.571249 0.008908
0.509774 0.561411 0.008913
0.514683 0.556494 0.008918
0.514720 0.566326 0.008909
0.504907 0.595860 0.008902
0.504894 0.586014 0.008904
0.509831 0.590936 0.008903
0.677466 0.571190 0.008898
0.682395 0.576120 0.008898
0.677466 0.581049 0.008898
0.682395 0.566260 0.008898
0.687325 0.561330 0.008898
0.692255 0.566260 0.008898
0.687325 0.571190 0.008898
0.667606 0.581049 0.008898
0.672536 0.576120 0.008898
0.672536 0.585979 0.008898
0.667606 0.571190 0.008898
0.667606 0.561330 0.008898
0.672534 0.556400 0.008898
0.672536 0.566260 0.008898
0.662677 0.595838 0.008898
0.662677 0.585979 0.008898
0.667606 0.590909 0.008898
0.597991 0.492351 0.009018
0.603044 0.497256 0.008991
0.598153 0.502203 0.008987
0.602848 0.487401 0.009026
0.607693 0.482446 0.009034
0.612788 0.487356 0.009001
0.607922 0.492307 0.008996
0.588236 0.502246 0.009006
0.593121 0.497299 0.009012
0.593260 0.507148 0.008982
0.588058 0.492407 0.009044
0.587782 0.482584 0.009099
0.592591 0.477632 0.009112
0.592905 0.487459 0.009054
0.583477 0.517032 0.008971
0.583349 0.507191 0.009000
0.588369 0.512092 0.008977
0.636676 0.452625 0.009082
0.641877 0.457573 0.009040
0.637032 0.462549 0.009034
0.641510 0.447637 0.009087
0.646348 0.442643 0.009092
0.651571 0.447604 0.009049
0.646723 0.452591 0.009045
0.627015 0.462583 0.009067
0.631844 0.457606 0.009075
0.632187 0.467518 0.009028
0.626613 0.452676 0.009123
0.626138 0.442761 0.009189
0.630945 0.437756 0.009197
0.631429 0.447685 0.009131
0.622496 0.477444 0.009014
0.622188 0.467556 0.009059
0.627343 0.472483 0.009021
0.593254 0.414014 0.009823
0.598883 0.418662 0.009679
0.594217 0.423695 0.009668
0.597882 0.408979 0.009832
0.602502 0.403939 0.009841
0.608196 0.408590 0.009697
0.603543 0.413628 0.009688
0.583980 0.424074 0.009799
0.588620 0.419046 0.009812
0.589548 0.428725 0.009655
0.582968 0.414469 0.009972
0.581842 0.404939 0.010157
0.586409 0.399904 0.010165
0.587572 0.409439 0.009982
0.580210 0.438767 0.009616
0.579340 0.429097 0.009782
0.584878 0.433751 0.009638
0.558910 0.531866 0.008958
0.563901 0.536767 0.008941
0.559002 0.541693 0.008933
0.563800 0.526938 0.008968
0.568689 0.522006 0.008977
0.573693 0.526904 0.008956
0.568798 0.531837 0.008949
0.549123 0.541713 0.008938
0.554018 0.536790 0.008948
0.554100 0.546618 0.008926
0.549025 0.531894 0.008966
0.548898 0.522083 0.009002
0.553773 0.517160 0.009016
0.553909 0.526971 0.008978
0.544284 0.556464 0.008914
0.544225 0.546634 0.008930
0.549194 0.551542 0.008919
0.518589 0.492941 0.009224
0.523688 0.497764 0.009174
0.518859 0.502662 0.009145
0.523356 0.488071 0.009267
0.528098 0.483208 0.009314
0.533270 0.487992 0.009247
0.528492 0.492875 0.009208
0.508971 0.502712 0.009154
0.513793 0.497821 0.009187
0.514023 0.507560 0.009116
0.508693 0.493003 0.009237
0.508279 0.483371 0.009350
0.512972 0.478541 0.009410
0.513452 0.488144 0.009283
0.504341 0.517349 0.009061
0.504141 0.507602 0.009123
0.509184 0.512455 0.009088
0.556146 0.453976 0.009621
0.561532 0.458650 0.009501
0.556854 0.463569 0.009462
0.560785 0.449050 0.009664
0.565423 0.444094 0.009700
0.570877 0.448744 0.009564
0.566207 0.453707 0.009534
0.546853 0.463759 0.009522
0.551504 0.458877 0.009573
0.552168 0.468470 0.009420
0.546111 0.454218 0.009695
0.545242 0.444735 0.009895
0.549804 0.439853 0.009959
0.550716 0.449337 0.009752
0.542756 0.478238 0.009331
0.542190 0.468629 0.009469
0.547469 0.473358 0.009376
0.638029 0.610627 0.008898
0.642958 0.615556 0.008898
0.638029 0.620486 0.008898
0.642958 0.605697 0.008898
0.647888 0.600768 0.008898
0.652818 0.605697 0.008898
0.647888 0.610627 0.008898
0.628170 0.620486 0.008898
0.633099 0.615556 0.008898
0.633099 0.625416 0.008898
0.628170 0.610627 0.008898
0.628170 0.600768 0.008898
0.633099 0.595838 0.008898
0.633099 0.605697 0.008898
0.623240 0.635275 0.008898
0.623240 0.625416 0.008898
0.628170 0.630345 0.008898
0.598585 0.571197 0.008899
0.603517 0.576124 0.008899
0.598587 0.581054 0.008899
0.603515 0.566266 0.008899
0.608444 0.561335 0.008899
0.613378 0.566263 0.008898
0.608448 0.571194 0.008898
0.588724 0.581057 0.008899
0.593654 0.576127 0.008899
0.593657 0.585984 0.008899
0.588721 0.571201 0.008900
0.588713 0.561345 0.008901
0.593637 0.556414 0.008903
0.593651 0.566270 0.008900
0.583798 0.595843 0.008899
0.583795 0.585987 0.008899
0.588727 0.590913 0.008899
0.637961 0.531739 0.008908
0.642913 0.536672 0.008904
0.637994 0.541605 0.008903
0.642879 0.526805 0.008909
0.647797 0.521870 0.008910
0.652753 0.526805 0.008906
0.647833 0.531739 0.008905
0.628128 0.541606 0.008905
0.633044 0.536673 0.008906
0.633075 0.546538 0.008902
0.628088 0.531741 0.008911
0.628035 0.521874 0.008919
0.632947 0.516937 0.008921
0.633002 0.526806 0.008913
0.623232 0.556401 0.008899
0.623210 0.546539 0.008903
0.628154 0.551470 0.008900
0.480273 0.610636 0.008899
0.485206 0.615562 0.008899
0.480279 0.620489 0.008898
0.485199 0.605711 0.008900
0.490123 0.600786 0.008901
0.495058 0.605710 0.008900
0.490132 0.610636 0.008899
0.470420 0.620489 0.008898
0.475347 0.615562 0.008899
0.475351 0.625417 0.008898
0.470414 0.610637 0.008899
0.470405 0.600788 0.008901
0.475328 0.595864 0.008902
0.475339 0.605712 0.008900
0.465493 0.635275 0.008898
0.465492 0.625417 0.008898
0.470423 0.630345 0.008898
0.440786 0.571260 0.008906
0.445723 0.576180 0.008905
0.440804 0.581099 0.008904
0.445704 0.566344 0.008908
0.450617 0.561431 0.008912
0.455560 0.566346 0.008909
0.450642 0.571263 0.008907
0.430947 0.581096 0.008903
0.435868 0.576178 0.008904
0.435883 0.586019 0.008902
0.430932 0.571257 0.008905
0.430909 0.561423 0.008908
0.435814 0.556516 0.008914
0.435850 0.566340 0.008907
0.426037 0.595862 0.008900
0.426026 0.586016 0.008902
0.430961 0.590940 0.008901
0.479917 0.532042 0.008991
0.484914 0.536923 0.008972
0.480041 0.541819 0.008955
0.484774 0.527154 0.009013
0.489624 0.522266 0.009038
0.494639 0.527135 0.009013
0.489780 0.532029 0.008991
0.470183 0.541825 0.008954
0.475054 0.536932 0.008971
0.475161 0.546717 0.008940
0.470059 0.532052 0.008990
0.469903 0.522299 0.009036
0.474740 0.517423 0.009064
0.474914 0.527168 0.009012
0.465377 0.556523 0.008919
0.465304 0.546721 0.008939
0.470273 0.551618 0.008928
0.401403 0.610634 0.008898
0.406334 0.615561 0.008898
0.401406 0.620488 0.008898
0.406329 0.605708 0.008899
0.411255 0.600783 0.008899
0.416188 0.605709 0.008899
0.411261 0.610635 0.008898
0.391548 0.620488 0.008898
0.396476 0.615560 0.008898
0.396478 0.625416 0.008898
0.391544 0.610633 0.008898
0.391540 0.600780 0.008899
0.396465 0.595856 0.008899
0.396471 0.605707 0.008898
0.386619 0.635275 0.008898
0.386619 0.625416 0.008898
0.391549 0.630345 0.008898
0.480282 0.689500 0.008898
0.485212 0.694430 0.008898
0.480282 0.699360 0.008898
0.485212 0.684571 0.008898
0.490141 0.679641 0.008898
0.495071 0.684571 0.008898
0.490141 0.689501 0.008898
0.470423 0.699360 0.008898
0.475352 0.694430 0.008898
0.475352 0.704289 0.008898
0.470423 0.689500 0.008898
0.470423 0.679641 0.008898
0.475352 0.674712 0.008898
0.475352 0.684571 0.008898
0.465493 0.714148 0.008898
0.465493 0.704289 0.008898
0.470423 0.709219 0.008898
0.322459 0.531835 0.008908
0.327401 0.536751 0.008907
0.322494 0.541657 0.008903
0.327357 0.526938 0.008913
0.332247 0.522048 0.008920
0.337194 0.526960 0.008918
0.332301 0.531852 0.008912
0.312643 0.541648 0.008902
0.317554 0.536738 0.008905
0.317581 0.546569 0.008901
0.312614 0.531820 0.008906
0.312575 0.522003 0.008911
0.317470 0.517110 0.008916
0.317517 0.526919 0.008910
0.307741 0.556407 0.008898
0.307727 0.546563 0.008900
0.312663 0.551486 0.008899
0.476556 0.455218 0.009888
0.481912 0.459858 0.009786
0.477382 0.464584 0.009684
0.481017 0.450526 0.010005
0.485451 0.445843 0.010128
0.490888 0.450435 0.010006
0.486414 0.455143 0.009893
0.467543 0.464634 0.009672
0.472065 0.459920 0.009777
0.472821 0.469321 0.009588
0.466727 0.455274 0.009873
0.465785 0.445989 0.010101
0.470166 0.441346 0.010238
0.471179 0.450595 0.009994
0.463604 0.478834 0.009418
0.462988 0.469360 0.009574
0.468229 0.474071 0.009500
0.433332 0.418491 0.010698
0.438723 0.423084 0.010616
0.434488 0.427648 0.010451
0.437522 0.413937 0.010864
0.441703 0.409381 0.011026
0.447152 0.413951 0.010939
0.442943 0.418519 0.010780
0.424896 0.427598 0.010362
0.429126 0.423044 0.010529
0.430231 0.432211 0.010285
0.423768 0.418435 0.010601
0.422558 0.409287 0.010841
0.426691 0.404753 0.011012
0.427947 0.413891 0.010772
0.421598 0.441355 0.009975
0.420632 0.432153 0.010199
0.425939 0.436776 0.010124
0.466765 0.382000 0.011866
0.472364 0.386501 0.011770
0.468157 0.391077 0.011649
0.470954 0.377438 0.011980
0.475147 0.372879 0.012087
0.480785 0.377360 0.011991
0.476573 0.381927 0.011884
0.458401 0.391131 0.011615
0.462581 0.386565 0.011744
0.463954 0.395655 0.011520
0.457005 0.382044 0.011834
0.455563 0.372966 0.012043
0.459747 0.368400 0.012155
0.461166 0.377489 0.011957
0.455554 0.404807 0.011243
0.454225 0.395697 0.011478
0.459753 0.400232 0.011385
0.546809 0.379404 0.011398
0.552678 0.383554 0.011193
0.548253 0.388488 0.011169
0.551197 0.374481 0.011421
0.555577 0.369516 0.011436
0.561512 0.373571 0.011214
0.557098 0.378582 0.011207
0.538022 0.389145 0.011328
0.542417 0.384291 0.011368
0.543827 0.393386 0.011136
0.536585 0.380100 0.011557
0.535093 0.371112 0.011781
0.539460 0.366260 0.011813
0.540946 0.375260 0.011595
0.534977 0.403088 0.011040
0.533628 0.393970 0.011278
0.539400 0.398252 0.011093
0.501396 0.345004 0.012526
0.506825 0.349541 0.012446
0.502342 0.354291 0.012397
0.505972 0.340202 0.012564
0.510600 0.335338 0.012591
0.515951 0.339860 0.012510
0.511362 0.344731 0.012484
0.492417 0.354437 0.012415
0.496877 0.349746 0.012476
0.497917 0.358983 0.012336
0.491483 0.345127 0.012540
0.490754 0.335694 0.012639
0.495408 0.330899 0.012675
0.496040 0.340385 0.012589
0.489245 0.368226 0.012183
0.488016 0.359087 0.012346
0.493552 0.363624 0.012264
0.401150 0.532009 0.008949
0.406120 0.536902 0.008940
0.401244 0.541786 0.008927
0.406009 0.527138 0.008966
0.410859 0.522274 0.008987
0.415844 0.527154 0.008974
0.410987 0.532025 0.008955
0.391401 0.541771 0.008923
0.396280 0.536887 0.008934
0.396358 0.546676 0.008917
0.391314 0.531991 0.008942
0.391202 0.522231 0.008967
0.396048 0.517373 0.008988
0.396177 0.527119 0.008958
0.386559 0.556476 0.008904
0.386512 0.546662 0.008914
0.391463 0.551572 0.008910
0.361357 0.492913 0.009015
0.366336 0.497795 0.009007
0.361511 0.502629 0.008984
0.366135 0.488114 0.009049
0.370881 0.483337 0.009091
0.375901 0.488186 0.009075
0.371133 0.492981 0.009037
0.351713 0.502576 0.008968
0.356548 0.497735 0.008988
0.356671 0.507476 0.008965
0.351576 0.492847 0.008994
0.351373 0.483169 0.009034
0.356119 0.478396 0.009075
0.356368 0.488038 0.009024
0.346954 0.517199 0.008936
0.346863 0.507430 0.008952
0.351818 0.512333 0.008949
0.398628 0.455117 0.009536
0.403792 0.459849 0.009490
0.399237 0.464520 0.009397
0.403117 0.450487 0.009646
0.407563 0.445876 0.009767
0.412781 0.450565 0.009710
0.408307 0.455197 0.009595
0.389529 0.464439 0.009348
0.394099 0.459767 0.009437
0.394642 0.469212 0.009313
0.388960 0.455017 0.009476
0.388304 0.445658 0.009624
0.392742 0.441071 0.009744
0.393464 0.450387 0.009581
0.385341 0.478658 0.009176
0.384921 0.469131 0.009270
0.390010 0.473925 0.009240
0.559156 0.689500 0.008898
0.564085 0.694430 0.008898
0.559156 0.699359 0.008898
0.564085 0.684571 0.008898
0.569015 0.679641 0.008898
0.573944 0.684571 0.008898
0.569015 0.689500 0.008898
0.549296 0.699359 0.008898
0.554226 0.694430 0.008898
0.554226 0.704289 0.008898
0.549296 0.689500 0.008898
0.549296 0.679641 0.008898
0.554226 0.674711 0.008898
0.554226 0.684571 0.008898
0.544367 0.714148 0.008898
0.544367 0.704289 0.008898
0.549296 0.709219 0.008898
0.519719 0.650064 0.008898
0.524649 0.654993 0.008898
0.519719 0.659923 0.008898
0.524649 0.645134 0.008898
0.529578 0.640204 0.008898
0.534508 0.645134 0.008898
0.529578 0.650064 0.008898
0.509860 0.659923 0.008898
0.514789 0.654993 0.008898
0.514789 0.664852 0.008898
0.509860 0.650064 0.008898
0.509860 0.640204 0.008898
0.514789 0.635275 0.008898
0.514789 0.645134 0.008898
0.504930 0.674712 0.008898
0.504930 0.664852 0.008898
0.509860 0.669782 0.008898
0.559151 0.610631 0.008899
0.564083 0.615559 0.008898
0.559154 0.620487 0.008898
0.564079 0.605702 0.008899
0.569008 0.600774 0.008899
0.573940 0.605701 0.008899
0.569011 0.610630 0.008898
0.549295 0.620488 0.008898
0.554223 0.615559 0.008898
0.554225 0.625416 0.008898
0.549291 0.610631 0.008899
0.549285 0.600777 0.008900
0.554212 0.595850 0.008900
0.554219 0.605704 0.008899
0.544367 0.635275 0.008898
0.544366 0.625416 0.008898
0.549296 0.630345 0.008898
0.716895 0.531748 0.008898
0.721827 0.536680 0.008898
0.716899 0.541610 0.008898
0.721824 0.526819 0.008898
0.726754 0.521889 0.008898
0.731686 0.526820 0.008898
0.726757 0.531750 0.008898
0.707038 0.541609 0.008898
0.711966 0.536679 0.008898
0.711970 0.546540 0.008898
0.707033 0.531746 0.008898
0.707026 0.521883 0.008899
0.711955 0.516953 0.008899
0.711961 0.526816 0.008898
0.702113 0.556400 0.008898
0.702110 0.546539 0.008898
0.707041 0.551470 0.008898
0.677335 0.492254 0.008908
0.682304 0.497198 0.008904
0.677376 0.502132 0.008905
0.682249 0.487312 0.008909
0.687159 0.482368 0.008910
0.692143 0.487322 0.008905
0.687226 0.492261 0.008904
0.667489 0.502128 0.008909
0.672415 0.497192 0.008909
0.672448 0.507066 0.008906
0.667438 0.492249 0.008915
0.667341 0.482353 0.008925
0.672238 0.477401 0.008926
0.672348 0.487305 0.008915
0.662598 0.516936 0.008906
0.662563 0.507064 0.008910
0.667522 0.512001 0.008906
0.657250 0.472441 0.008956
0.662309 0.477398 0.008938
0.657418 0.482352 0.008936
0.662128 0.467477 0.008959
0.667005 0.462510 0.008961
0.672082 0.467479 0.008943
0.667196 0.472440 0.008940
0.697149 0.512012 0.008899
0.702088 0.516948 0.008899
0.697160 0.521879 0.008899
0.702077 0.507082 0.008899
0.707007 0.502153 0.008899
0.711947 0.507089 0.008899
0.707017 0.512018 0.008899
0.539415 0.590928 0.008902
0.544351 0.595852 0.008901
0.539424 0.600779 0.008900
0.544341 0.586001 0.008902
0.549267 0.581074 0.008903
0.554204 0.585997 0.008902
0.549277 0.590925 0.008901
0.500000 0.630345 0.008898
0.504930 0.635275 0.008898
0.500000 0.640204 0.008898
0.504929 0.625416 0.008898
0.509857 0.620488 0.008898
0.514788 0.625416 0.008898
0.509860 0.630345 0.008898
0.539437 0.669782 0.008898
0.544367 0.674712 0.008898
0.539437 0.679641 0.008898
0.544367 0.664852 0.008898
0.549297 0.659923 0.008898
0.554226 0.664852 0.008898
0.549296 0.669782 0.008898
0.378005 0.436191 0.009702
0.383150 0.440927 0.009664
0.378694 0.445514 0.009551
0.382386 0.431647 0.009833
0.386712 0.427118 0.009974
0.391925 0.431816 0.009927
0.387563 0.436361 0.009789
0.341367 0.473444 0.009058
0.346372 0.478305 0.009046
0.341609 0.483091 0.009010
0.346086 0.468694 0.009103
0.350769 0.463969 0.009158
0.355800 0.468806 0.009141
0.351104 0.473543 0.009089
0.381251 0.512458 0.008986
0.386226 0.517344 0.008977
0.381376 0.522204 0.008958
0.386084 0.507613 0.009009
0.390905 0.502774 0.009036
0.395894 0.507647 0.009024
0.391066 0.512492 0.008999
0.480368 0.326153 0.012711
0.485533 0.330945 0.012679
0.480888 0.335720 0.012640
0.485116 0.321321 0.012736
0.489918 0.316457 0.012754
0.494986 0.321287 0.012733
0.490231 0.326138 0.012710
0.523560 0.362687 0.012101
0.529289 0.366929 0.011950
0.524945 0.371703 0.011904
0.527992 0.357853 0.012135
0.532473 0.352953 0.012158
0.538137 0.357174 0.012004
0.533688 0.362086 0.011983
0.444451 0.363828 0.012199
0.449983 0.368415 0.012125
0.445830 0.372974 0.012004
0.448720 0.359216 0.012300
0.453057 0.354575 0.012388
0.458505 0.359208 0.012323
0.454210 0.363826 0.012230
0.411754 0.400068 0.010972
0.417161 0.404679 0.010908
0.413039 0.409198 0.010734
0.415825 0.395559 0.011149
0.419885 0.391045 0.011323
0.425357 0.395631 0.011252
0.421264 0.400156 0.011081
0.454961 0.436817 0.010319
0.460377 0.441397 0.010210
0.456004 0.446027 0.010070
0.459260 0.432220 0.010475
0.463544 0.427620 0.010630
0.469028 0.432166 0.010509
0.464718 0.436778 0.010357
0.302694 0.512169 0.008913
0.307634 0.517086 0.008912
0.302734 0.521984 0.008908
0.307586 0.507279 0.008918
0.312470 0.502398 0.008925
0.317412 0.507312 0.008924
0.312527 0.512195 0.008917
0.460563 0.669782 0.008898
0.465493 0.674712 0.008898
0.460563 0.679641 0.008898
0.465493 0.664852 0.008898
0.470423 0.659923 0.008898
0.475352 0.664852 0.008898
0.470423 0.669782 0.008898
0.381676 0.590926 0.008899
0.386608 0.595853 0.008899
0.381682 0.600778 0.008898
0.386601 0.586003 0.008899
0.391525 0.581081 0.008900
0.396457 0.586007 0.008900
0.391533 0.590930 0.008899
0.459863 0.512578 0.009087
0.464886 0.517436 0.009061
0.460050 0.522307 0.009032
0.464680 0.507715 0.009122
0.469491 0.502854 0.009160
0.474534 0.507698 0.009127
0.469713 0.512566 0.009092
0.421009 0.551602 0.008917
0.425962 0.556510 0.008912
0.421057 0.561417 0.008907
0.425898 0.546707 0.008927
0.430778 0.541818 0.008940
0.435746 0.546714 0.008931
0.430859 0.551609 0.008920
0.460533 0.590943 0.008903
0.465469 0.595865 0.008902
0.460546 0.600788 0.008901
0.465455 0.586021 0.008904
0.470376 0.581101 0.008905
0.475314 0.586021 0.008904
0.470392 0.590943 0.008903
0.618072 0.512015 0.008939
0.623058 0.516943 0.008928
0.618149 0.521881 0.008925
0.622979 0.507074 0.008941
0.627889 0.502133 0.008942
0.632881 0.507066 0.008931
0.627968 0.512004 0.008930
0.578815 0.551502 0.008910
0.583768 0.556422 0.008904
0.578846 0.561352 0.008903
0.583729 0.546571 0.008913
0.588639 0.541639 0.008917
0.593602 0.546559 0.008910
0.588687 0.551491 0.008907
0.618310 0.590909 0.008898
0.623240 0.595838 0.008898
0.618310 0.600768 0.008898
0.623240 0.585979 0.008898
0.628170 0.581050 0.008898
0.633099 0.585979 0.008898
0.628170 0.590909 0.008898
0.534170 0.435635 0.010211
0.539727 0.440168 0.010048
0.535200 0.445003 0.009970
0.538651 0.430805 0.010296
0.543141 0.425950 0.010369
0.548768 0.430426 0.010191
0.544248 0.435310 0.010123
0.497826 0.473899 0.009506
0.503069 0.478623 0.009424
0.498385 0.483440 0.009360
0.502445 0.469113 0.009585
0.507038 0.464335 0.009668
0.512357 0.469014 0.009568
0.507726 0.473815 0.009494
0.538847 0.512330 0.009060
0.543878 0.517203 0.009029
0.539009 0.522119 0.009012
0.543705 0.507414 0.009079
0.548563 0.502492 0.009098
0.553611 0.507358 0.009062
0.548744 0.512283 0.009046
0.570256 0.396176 0.010547
0.576068 0.400518 0.010345
0.571519 0.405545 0.010337
0.574767 0.391144 0.010553
0.579263 0.386106 0.010559
0.585132 0.390444 0.010360
0.580606 0.395484 0.010353
0.615411 0.432987 0.009342
0.620799 0.437860 0.009259
0.616021 0.442874 0.009251
0.620173 0.427959 0.009349
0.624929 0.422935 0.009357
0.630379 0.427823 0.009273
0.625588 0.432841 0.009266
0.577416 0.472906 0.009220
0.582620 0.477731 0.009153
0.577824 0.482677 0.009136
0.582175 0.467954 0.009240
0.586926 0.462992 0.009260
0.592180 0.467818 0.009187
0.587405 0.472779 0.009170
0.657739 0.551469 0.008899
0.662674 0.556400 0.008898
0.657746 0.561330 0.008898
0.662664 0.546537 0.008899
0.667589 0.541605 0.008900
0.672526 0.546537 0.008899
0.667600 0.551469 0.008898
0.499855 0.551599 0.008928
0.504819 0.556503 0.008919
0.499911 0.561419 0.008914
0.504748 0.546689 0.008939
0.509633 0.541782 0.008952
0.514614 0.546677 0.008938
0.509719 0.551589 0.008927
0.421126 0.630345 0.008898
0.426056 0.635275 0.008898
0.421126 0.640204 0.008898
0.426055 0.625417 0.008898
0.430983 0.620489 0.008898
0.435914 0.625417 0.008898
0.430986 0.630345 0.008898
0.500000 0.709219 0.008898
0.504930 0.714148 0.008898
0.500000 0.719078 0.008898
0.504930 0.704289 0.008898
0.509860 0.699360 0.008898
0.514789 0.704289 0.008898
0.509860 0.709219 0.008898
0.342222 0.551507 0.008902
0.347159 0.556430 0.008900
0.342240 0.561348 0.008899
0.347131 0.546599 0.008905
0.352033 0.541698 0.008910
0.356978 0.546614 0.008907
0.352072 0.551519 0.008903
0.489186 0.399942 0.011439
0.494808 0.404406 0.011312
0.490510 0.409039 0.011195
0.493462 0.395328 0.011550
0.497740 0.390714 0.011656
0.503410 0.395129 0.011525
0.499108 0.399772 0.011422
0.419257 0.474081 0.009355
0.424393 0.478844 0.009313
0.419726 0.483600 0.009242
0.423856 0.469365 0.009442
0.428415 0.464667 0.009540
0.433612 0.469386 0.009485
0.429022 0.474106 0.009393
0.578874 0.630345 0.008898
0.583804 0.635275 0.008898
0.578874 0.640204 0.008898
0.583803 0.625416 0.008898
0.588733 0.620487 0.008898
0.593663 0.625416 0.008898
0.588733 0.630345 0.008898
0.647037 0.462526 0.009006
0.647291 0.472448 0.008974
0.642180 0.467496 0.009001
0.652160 0.467483 0.008978
0.652370 0.477400 0.008953
0.687258 0.502137 0.008902
0.687277 0.512007 0.008901
0.682329 0.507070 0.008902
0.692205 0.507076 0.008900
0.692220 0.516944 0.008900
0.529540 0.581083 0.008904
0.529553 0.590931 0.008902
0.524616 0.586008 0.008903
0.534478 0.586005 0.008903
0.534489 0.595854 0.008901
0.490138 0.620489 0.008898
0.490141 0.630345 0.008898
0.485210 0.625417 0.008898
0.495070 0.625417 0.008898
0.495071 0.635275 0.008898
0.529578 0.659923 0.008898
0.529578 0.669782 0.008898
0.524649 0.664852 0.008898
0.534508 0.664852 0.008898
0.534508 0.674712 0.008898
0.367723 0.426698 0.009766
0.368462 0.435993 0.009613
0.363357 0.431221 0.009639
0.372864 0.431449 0.009737
0.373572 0.440757 0.009584
0.331353 0.463728 0.009081
0.331622 0.473350 0.009030
0.326625 0.468482 0.009040
0.336361 0.468586 0.009070
0.336617 0.478219 0.009020
0.371306 0.502684 0.009001
0.371440 0.512419 0.008973
0.366474 0.507525 0.008979
0.376277 0.507572 0.008994
0.376408 0.517312 0.008966
0.470199 0.316467 0.012754
0.470512 0.326159 0.012710
0.465402 0.321329 0.012735
0.475257 0.321326 0.012736
0.475674 0.330957 0.012678
0.512327 0.353999 0.012349
0.513494 0.363141 0.012187
0.507881 0.358755 0.012301
0.517906 0.358379 0.012234
0.519181 0.367455 0.012056
0.433511 0.354559 0.012336
0.434721 0.363812 0.012159
0.429227 0.359186 0.012231
0.438961 0.359209 0.012269
0.440254 0.368410 0.012084
0.400909 0.390848 0.011095
0.402281 0.399949 0.010855
0.396891 0.395324 0.010911
0.406336 0.395457 0.011035
0.407664 0.404574 0.010796
0.444125 0.427669 0.010526
0.445246 0.436830 0.010267
0.439862 0.432242 0.010363
0.449538 0.432246 0.010427
0.450627 0.441423 0.010169
0.292818 0.502329 0.008914
0.292857 0.512145 0.008909
0.287921 0.507223 0.008910
0.297755 0.507250 0.008913
0.297795 0.517065 0.008909
0.450704 0.659923 0.008898
0.450704 0.669782 0.008898
0.445775 0.664852 0.008898
0.455634 0.664852 0.008898
0.455634 0.674712 0.008898
0.371814 0.581071 0.008899
0.371820 0.590923 0.008899
0.366889 0.585995 0.008899
0.376745 0.585999 0.008899
0.376751 0.595851 0.008898
0.449803 0.502879 0.009141
0.450019 0.512584 0.009078
0.444997 0.507729 0.009103
0.454835 0.507726 0.009114
0.455037 0.517443 0.009055
0.411087 0.541798 0.008931
0.411160 0.551593 0.008914
0.406204 0.546688 0.008920
0.416051 0.546698 0.008924
0.416111 0.556503 0.008910
0.450660 0.581101 0.008905
0.450675 0.590942 0.008902
0.445740 0.586021 0.008903
0.455597 0.586021 0.008904
0.455611 0.595865 0.008901
0.608067 0.502170 0.008969
0.608173 0.512033 0.008950
0.603169 0.507115 0.008966
0.613075 0.507090 0.008952
0.613166 0.516955 0.008936
0.568882 0.541673 0.008928
0.568942 0.551514 0.008913
0.563976 0.546602 0.008922
0.573853 0.546585 0.008917
0.573898 0.556432 0.008907
0.608449 0.581052 0.008898
0.608450 0.590910 0.008898
0.603519 0.585982 0.008898
0.613380 0.585980 0.008898
0.613380 0.595839 0.008898
0.522963 0.426658 0.010551
0.524132 0.435914 0.010281
0.518545 0.431413 0.010447
0.528576 0.431134 0.010382
0.529684 0.440444 0.010121
0.487245 0.464518 0.009687
0.487942 0.473970 0.009511
0.482675 0.469267 0.009595
0.492550 0.469198 0.009594
0.493179 0.478694 0.009432
0.528754 0.502609 0.009132
0.528954 0.512374 0.009071
0.523912 0.507514 0.009106
0.533806 0.507465 0.009094
0.533987 0.517243 0.009040
0.558547 0.387719 0.010979
0.559917 0.396930 0.010753
0.554088 0.392698 0.010964
0.564412 0.391914 0.010761
0.565734 0.401201 0.010541
0.604454 0.423378 0.009551
0.605234 0.433188 0.009429
0.599757 0.428411 0.009541
0.609965 0.428155 0.009439
0.610653 0.438014 0.009333
0.566874 0.463361 0.009393
0.567427 0.473055 0.009274
0.562162 0.468295 0.009362
0.572169 0.468114 0.009299
0.572646 0.477850 0.009199
0.647860 0.541605 0.008902
0.647878 0.551469 0.008899
0.642938 0.546537 0.008901
0.652801 0.546537 0.008900
0.652814 0.556400 0.008898
0.489902 0.541809 0.008955
0.489992 0.551608 0.008929
0.485021 0.546711 0.008941
0.494883 0.546701 0.008940
0.494956 0.556511 0.008920
0.411265 0.620489 0.008898
0.411267 0.630345 0.008898
0.406337 0.625417 0.008898
0.416196 0.625417 0.008898
0.416197 0.635275 0.008898
0.490141 0.699360 0.008898
0.490141 0.709219 0.008898
0.485212 0.704289 0.008898
0.495071 0.704289 0.008898
0.495071 0.714148 0.008898
0.332342 0.541669 0.008905
0.332370 0.551498 0.008901
0.327433 0.546577 0.008902
0.337283 0.546587 0.008903
0.337306 0.556422 0.008900
0.477965 0.390991 0.011667
0.479320 0.400073 0.011438
0.473736 0.395580 0.011547
0.483572 0.395471 0.011557
0.484911 0.404559 0.011320
0.408954 0.464585 0.009445
0.409500 0.474043 0.009317
0.404372 0.469278 0.009356
0.414110 0.469329 0.009399
0.414619 0.478816 0.009278
0.569014 0.620487 0.008898
0.569015 0.630345 0.008898
0.564085 0.625416 0.008898
0.573944 0.625416 0.008898
0.573944 0.635275 0.008898
0.711972 0.556401 0.008898
0.707043 0.561331 0.008898
0.716901 0.551471 0.008898
0.702114 0.566260 0.008898
0.697184 0.571190 0.008898
0.731688 0.536681 0.008898
0.726759 0.541611 0.008898
0.736618 0.531751 0.008898
0.721830 0.546541 0.008898
0.554226 0.714148 0.008898
0.549296 0.719078 0.008898
0.559155 0.709219 0.008898
0.544367 0.724007 0.008898
0.539437 0.728937 0.008898
0.573944 0.694430 0.008898
0.569015 0.699359 0.008898
0.578874 0.689500 0.008898
0.564085 0.704289 0.008898
0.302816 0.571190 0.008898
0.460563 0.728937 0.008898
0.381690 0.650064 0.008898
0.633099 0.635275 0.008898
0.628170 0.640204 0.008898
0.638029 0.630345 0.008898
0.623240 0.645134 0.008898
0.618311 0.650064 0.008898
0.652818 0.615557 0.008898
0.647888 0.620486 0.008898
0.657747 0.610627 0.008898
0.642958 0.625416 0.008898
0.672536 0.595838 0.008898
0.667606 0.600768 0.008898
0.677466 0.590909 0.008898
0.662677 0.605697 0.008898
0.692254 0.576120 0.008898
0.687325 0.581049 0.008898
0.682395 0.585979 0.008898
0.421126 0.689500 0.008898
0.514789 0.753585 0.008898
0.509860 0.758515 0.008898
0.519719 0.748655 0.008898
0.504930 0.763444 0.008898
0.500000 0.768374 0.008898
0.534507 0.733867 0.008898
0.529578 0.738796 0.008898
0.524648 0.743726 0.008898
0.342252 0.610628 0.008898
0.593663 0.674711 0.008898
0.588733 0.679641 0.008898
0.598592 0.669782 0.008898
0.583804 0.684571 0.008898
0.613381 0.654993 0.008898
0.608451 0.659923 0.008898
0.603522 0.664852 0.008898
0.278159 0.546553 0.008899
0.273225 0.541627 0.008899
0.283092 0.551479 0.008898
0.268292 0.536702 0.008899
0.263360 0.531776 0.008899
0.297887 0.566261 0.008898
0.292956 0.561332 0.008898
0.288024 0.556405 0.008898
0.435915 0.704289 0.008898
0.430986 0.699359 0.008898
0.440845 0.709219 0.008898
0.426056 0.694430 0.008898
0.455634 0.724007 0.008898
0.450704 0.719078 0.008898
0.445775 0.714148 0.008898
0.357042 0.625416 0.008898
0.352112 0.620487 0.008898
0.361971 0.630345 0.008898
0.347182 0.615557 0.008898
0.376760 0.645134 0.008898
0.371831 0.640204 0.008898
0.366901 0.635275 0.008898
0.396479 0.664852 0.008898
0.391549 0.659923 0.008898
0.401408 0.669782 0.008898
0.386620 0.654993 0.008898
0.416197 0.684571 0.008898
0.411267 0.679641 0.008898
0.406338 0.674711 0.008898
0.475352 0.743726 0.008898
0.470423 0.738796 0.008898
0.480282 0.748655 0.008898
0.465493 0.733867 0.008898
0.495071 0.763444 0.008898
0.490141 0.758515 0.008898
0.485212 0.753585 0.008898
0.317604 0.585980 0.008898
0.312675 0.581050 0.008898
0.322533 0.590910 0.008898
0.307746 0.576120 0.008898
0.337322 0.605699 0.008898
0.332392 0.600769 0.008898
0.327463 0.595840 0.008898
