0.582823 0.603832 0.016228
0.582057 0.614631 0.014375
0.577544 0.609033 0.015362
0.448580 0.440678 0.114035
0.447328 0.448305 0.105382
0.443130 0.443991 0.109502
0.532976 0.378431 0.188370
0.532642 0.388825 0.179496
0.527929 0.383608 0.184053
0.360791 0.500155 0.054117
0.359384 0.509798 0.048686
0.355281 0.504300 0.051368
0.500284 0.687497 0.009143
0.500178 0.697900 0.009004
0.495296 0.692652 0.009056
0.427035 0.594472 0.019386
0.425977 0.606062 0.016959
0.421649 0.599810 0.018184
0.514137 0.516406 0.051283
0.512797 0.526227 0.045476
0.508671 0.520924 0.048558
0.668343 0.526320 0.039193
0.667286 0.535909 0.034745
0.662951 0.530785 0.037314
0.601679 0.450316 0.103407
0.600298 0.458523 0.094823
0.596259 0.454210 0.099916
0.644863 0.419376 0.131576
0.643623 0.427523 0.122380
0.639499 0.423247 0.128147
0.610930 0.381067 0.179205
0.610194 0.391398 0.169494
0.605845 0.386160 0.175426
0.558044 0.482017 0.076026
0.556604 0.490964 0.068588
0.552552 0.486147 0.072717
0.525555 0.446606 0.113267
0.524178 0.454473 0.104221
0.520088 0.450215 0.108994
0.569173 0.417379 0.148266
0.567964 0.425389 0.138591
0.563798 0.421237 0.144115
0.625373 0.563533 0.025667
0.624435 0.573788 0.022460
0.620027 0.568414 0.024254
0.590960 0.521510 0.045872
0.589772 0.531277 0.040613
0.585540 0.526082 0.043566
0.634449 0.486627 0.066140
0.633173 0.495698 0.059644
0.629011 0.490833 0.063488
0.470462 0.553899 0.032295
0.469211 0.564573 0.028287
0.465009 0.558788 0.030368
0.437521 0.509457 0.053747
0.436100 0.519269 0.047933
0.432019 0.513815 0.050859
0.481682 0.476416 0.080955
0.480206 0.485229 0.073332
0.476160 0.480359 0.077221
0.393553 0.545553 0.033918
0.392186 0.556264 0.029852
0.388066 0.550229 0.031918
0.462489 0.643088 0.011861
0.461930 0.654240 0.010872
0.457295 0.648497 0.011362
0.327607 0.458736 0.077622
0.326320 0.467489 0.071311
0.322134 0.462419 0.074263
0.491695 0.413899 0.152409
0.490756 0.421558 0.143057
0.486399 0.417494 0.147669
0.454758 0.378393 0.185075
0.454521 0.387426 0.176622
0.449787 0.382963 0.180333
0.493637 0.331869 0.216190
0.493697 0.343568 0.210934
0.488793 0.337957 0.213586
0.572738 0.331334 0.215659
0.572781 0.343388 0.210216
0.567792 0.337315 0.213387
0.532770 0.288783 0.224065
0.532800 0.298694 0.223849
0.527848 0.293722 0.224013
0.404822 0.468577 0.080522
0.403445 0.477318 0.073396
0.399325 0.472345 0.076797
0.371173 0.431351 0.109082
0.369997 0.439118 0.101158
0.365756 0.434538 0.104724
0.413971 0.407693 0.146996
0.413128 0.414797 0.138291
0.408711 0.410630 0.142163
0.540939 0.645851 0.011286
0.540470 0.656591 0.010468
0.535785 0.651083 0.010888
0.504763 0.600125 0.018004
0.503870 0.611202 0.015815
0.499430 0.605390 0.016947
0.547710 0.559449 0.029469
0.546632 0.569934 0.025771
0.542320 0.564389 0.027765
0.711707 0.492170 0.055250
0.710568 0.501255 0.049960
0.706272 0.496317 0.053170
0.677946 0.454269 0.088060
0.676667 0.462796 0.080605
0.672505 0.458218 0.085237
0.587323 0.609410 0.015138
0.452788 0.444925 0.109824
0.537741 0.383881 0.183809
0.364895 0.505589 0.051349
0.505143 0.692787 0.009044
0.431345 0.600666 0.018053
0.518253 0.521648 0.048069
0.672670 0.531414 0.036537
0.605720 0.454597 0.098204
0.649016 0.423687 0.125758
0.615307 0.386569 0.173222
0.562098 0.486760 0.071781
0.529651 0.450821 0.108370
0.573367 0.421603 0.142725
0.629770 0.568871 0.023775
0.595182 0.526661 0.042801
0.638615 0.491453 0.062194
0.474654 0.559627 0.030107
0.441597 0.514836 0.050707
0.485735 0.481199 0.076960
0.397666 0.551507 0.031760
0.467095 0.648863 0.011315
0.331798 0.463752 0.074592
0.496096 0.418032 0.147818
0.459531 0.382994 0.181357
0.498557 0.337480 0.213841
0.577732 0.337319 0.212805
0.537709 0.293718 0.224014
0.408951 0.473468 0.077030
0.375425 0.435864 0.105445
0.418426 0.411846 0.143146
0.545598 0.651386 0.010820
0.509184 0.605910 0.016763
0.552011 0.564952 0.027370
0.716004 0.497094 0.051953
0.682105 0.458817 0.083333
0.672950 0.489231 0.060585
0.677180 0.494107 0.056946
0.671747 0.498318 0.054692
0.678383 0.485082 0.062957
0.694683 0.472811 0.070225
0.698913 0.477586 0.066213
0.693479 0.481674 0.063859
0.707279 0.529013 0.035963
0.711626 0.534070 0.033521
0.706230 0.538468 0.031886
0.712688 0.524688 0.037697
0.728957 0.511946 0.043025
0.733290 0.516917 0.040324
0.727865 0.521147 0.038594
0.543767 0.602132 0.017156
0.548231 0.607800 0.015986
0.542946 0.613044 0.015123
0.549079 0.596939 0.018208
0.565066 0.581554 0.021832
0.569469 0.587113 0.020242
0.564145 0.592239 0.019063
0.501699 0.644550 0.011596
0.506338 0.650172 0.011086
0.501190 0.655460 0.010689
0.506897 0.639227 0.012082
0.522621 0.623205 0.013792
0.527153 0.628942 0.013050
0.521916 0.634268 0.012504
0.539650 0.688134 0.009081
0.544516 0.693354 0.008995
0.539562 0.698387 0.008964
0.544646 0.683047 0.009194
0.559751 0.667722 0.009750
0.564523 0.673076 0.009497
0.559492 0.678162 0.009318
0.409885 0.436478 0.112032
0.414130 0.440839 0.108135
0.408689 0.444100 0.103726
0.415309 0.433343 0.116626
0.431544 0.424112 0.130970
0.435836 0.428201 0.126746
0.430417 0.431325 0.121945
0.366240 0.463863 0.079125
0.370405 0.468812 0.075882
0.364917 0.472605 0.072398
0.371717 0.460196 0.082818
0.388116 0.449601 0.094650
0.392319 0.454266 0.091096
0.386849 0.457797 0.087104
0.399193 0.505076 0.054103
0.403274 0.510506 0.051189
0.397769 0.514828 0.048446
0.404701 0.500869 0.057072
0.421236 0.488526 0.066714
0.425311 0.493668 0.063368
0.419798 0.497807 0.060140
0.533003 0.331313 0.216468
0.537972 0.337203 0.214058
0.533068 0.343120 0.211355
0.537901 0.325564 0.218504
0.552648 0.308973 0.222656
0.557667 0.314335 0.221527
0.552736 0.319901 0.220169
0.572295 0.379650 0.185827
0.576934 0.385215 0.180566
0.571786 0.390239 0.176558
0.577380 0.374119 0.189872
0.592440 0.356187 0.201243
0.597214 0.362663 0.196336
0.592198 0.368613 0.192545
0.493728 0.377986 0.188010
0.498513 0.383145 0.183847
0.493477 0.388014 0.179318
0.498678 0.372603 0.192503
0.513399 0.355032 0.204880
0.518344 0.361009 0.201209
0.513427 0.366897 0.197113
0.452866 0.411482 0.150507
0.457305 0.415549 0.146339
0.451988 0.418809 0.141459
0.458107 0.408046 0.155329
0.473591 0.396641 0.169593
0.478184 0.401070 0.165461
0.473022 0.404960 0.160751
0.487172 0.444018 0.114678
0.491330 0.448231 0.110108
0.485863 0.451751 0.105769
0.492625 0.440569 0.119206
0.508957 0.430152 0.133260
0.513145 0.434213 0.128225
0.507696 0.437733 0.123572
0.322262 0.494877 0.054041
0.326384 0.500308 0.051396
0.320848 0.504428 0.048819
0.327783 0.490860 0.056781
0.344296 0.479046 0.065637
0.348436 0.484236 0.062702
0.342933 0.488194 0.059713
0.460922 0.686846 0.009189
0.465767 0.692221 0.009083
0.460796 0.697396 0.009033
0.465941 0.681602 0.009335
0.481131 0.665775 0.010048
0.485875 0.671289 0.009742
0.480814 0.676547 0.009510
0.388368 0.590360 0.019897
0.392614 0.596881 0.018530
0.387212 0.602390 0.017371
0.393789 0.585062 0.021249
0.410102 0.569711 0.025840
0.414293 0.575876 0.024064
0.408860 0.581000 0.022547
0.475833 0.513227 0.052918
0.479923 0.518540 0.049761
0.474437 0.523053 0.047039
0.481332 0.508836 0.055875
0.497850 0.495955 0.065351
0.501900 0.500988 0.061664
0.496401 0.505304 0.058541
0.431970 0.550159 0.033209
0.436115 0.556006 0.031035
0.430648 0.560891 0.029157
0.437444 0.545379 0.035279
0.453879 0.531301 0.042164
0.457999 0.536889 0.039523
0.452525 0.541601 0.037240
0.465838 0.597640 0.018756
0.470206 0.603608 0.017462
0.464865 0.608940 0.016435
0.471208 0.592396 0.019984
0.487379 0.576940 0.024207
0.491679 0.582737 0.022474
0.486296 0.587890 0.021087
0.629563 0.523862 0.042565
0.633844 0.528984 0.039689
0.628452 0.533561 0.037705
0.634969 0.519372 0.044704
0.651221 0.506195 0.051343
0.655469 0.511182 0.048064
0.650055 0.515558 0.045913
0.586488 0.561573 0.027645
0.590839 0.566991 0.025646
0.585486 0.571957 0.024195
0.591857 0.556690 0.029257
0.607991 0.542321 0.034550
0.612305 0.547597 0.032111
0.606932 0.552375 0.030385
0.621947 0.605268 0.015162
0.626480 0.610744 0.014156
0.621230 0.615933 0.013510
0.627219 0.600132 0.015977
0.643087 0.584962 0.018828
0.647564 0.590347 0.017423
0.642283 0.595381 0.016506
0.563772 0.448768 0.109590
0.567817 0.452980 0.104438
0.562345 0.456753 0.100623
0.569244 0.445054 0.113573
0.585615 0.433849 0.125655
0.589632 0.437906 0.119919
0.584193 0.441699 0.116024
0.519894 0.479431 0.079208
0.523926 0.484180 0.075035
0.518419 0.488312 0.071580
0.525388 0.475439 0.082832
0.541852 0.463786 0.094026
0.545902 0.468235 0.089389
0.540414 0.472141 0.085726
0.552493 0.519124 0.048913
0.556660 0.524312 0.045726
0.551225 0.528925 0.043313
0.557944 0.514615 0.051532
0.574328 0.501356 0.059784
0.578448 0.506323 0.056069
0.572995 0.510753 0.053393
0.607107 0.418212 0.140828
0.611179 0.422371 0.134982
0.605835 0.426319 0.131332
0.612398 0.414126 0.144447
0.628140 0.401545 0.155248
0.632345 0.406154 0.149284
0.627083 0.410263 0.145721
0.639639 0.452051 0.096001
0.643757 0.456504 0.090988
0.638324 0.460451 0.087950
0.645074 0.448159 0.099167
0.661425 0.436617 0.108754
0.665543 0.440961 0.103315
0.660090 0.444819 0.100199
0.596190 0.484282 0.071421
0.600286 0.489051 0.067249
0.594828 0.493302 0.064393
0.601637 0.480130 0.074408
0.617938 0.467905 0.083525
0.622043 0.472489 0.078941
0.616613 0.476570 0.075982
0.664336 0.565448 0.023579
0.668749 0.570719 0.021780
0.663440 0.575545 0.020585
0.669671 0.560709 0.024937
0.685731 0.546808 0.029372
0.690103 0.551969 0.027229
0.684748 0.556576 0.025776
0.509041 0.556942 0.031033
0.513285 0.562546 0.028866
0.507875 0.567528 0.027145
0.514462 0.552048 0.032939
0.530736 0.537643 0.039235
0.534945 0.543053 0.036573
0.529526 0.547859 0.034508
0.423350 0.641341 0.012056
0.427916 0.647305 0.011479
0.422725 0.652828 0.010994
0.428596 0.635777 0.012655
0.444472 0.619143 0.014767
0.448914 0.625251 0.013915
0.443628 0.630770 0.013233
0.500055 0.728525 0.008928
0.504970 0.733583 0.008918
0.500030 0.738596 0.008913
0.504998 0.723488 0.008935
0.519830 0.708350 0.008958
0.524737 0.713471 0.008944
0.519794 0.718504 0.008938
0.355144 0.540155 0.034465
0.359260 0.546120 0.032333
0.353755 0.550756 0.030395
0.360657 0.535636 0.036562
0.377175 0.522306 0.043413
0.381264 0.528023 0.040911
0.375765 0.532490 0.038622
0.530524 0.415645 0.151907
0.534854 0.419885 0.146875
0.529456 0.423558 0.142311
0.535852 0.411758 0.156381
0.551666 0.399211 0.169366
0.556158 0.403977 0.164273
0.550882 0.408177 0.160048
0.443297 0.472782 0.081212
0.447385 0.477613 0.077470
0.441863 0.481550 0.073776
0.448803 0.468998 0.085098
0.465290 0.458022 0.097311
0.469417 0.462515 0.093179
0.463919 0.466198 0.089128
0.580175 0.647097 0.010953
0.584854 0.652554 0.010534
0.579739 0.657719 0.010230
0.585337 0.641883 0.011326
0.600953 0.626111 0.012601
0.605538 0.631655 0.011996
0.600333 0.636915 0.011599
0.656189 0.470204 0.076918
0.654922 0.478969 0.069943
0.650753 0.474257 0.074197
0.660357 0.474882 0.072570
0.667516 0.493415 0.058239
0.689981 0.508934 0.047051
0.688870 0.518230 0.042140
0.684561 0.513214 0.045045
0.694285 0.513927 0.044067
0.701878 0.533386 0.034259
0.526180 0.579461 0.023096
0.525185 0.590264 0.020130
0.520814 0.584567 0.021697
0.530535 0.585123 0.021421
0.538466 0.607355 0.016186
0.483500 0.621408 0.014317
0.482734 0.632699 0.012903
0.478216 0.626826 0.013623
0.487995 0.627292 0.013517
0.496523 0.649867 0.011149
0.520447 0.666731 0.009908
0.520161 0.677330 0.009419
0.515375 0.671935 0.009656
0.525208 0.672156 0.009625
0.534674 0.693207 0.009007
0.392740 0.419258 0.127607
0.391654 0.426527 0.118982
0.387365 0.422191 0.122827
0.397046 0.423541 0.123715
0.404455 0.439664 0.107535
0.349452 0.444522 0.092357
0.348207 0.452827 0.085215
0.344000 0.447986 0.088481
0.353666 0.449300 0.089014
0.360759 0.467589 0.075562
0.382813 0.483987 0.066316
0.381415 0.493206 0.060045
0.377309 0.487965 0.063077
0.386922 0.489165 0.063195
0.393686 0.509325 0.051254
0.513139 0.309059 0.222675
0.513202 0.319941 0.220214
0.508248 0.314499 0.221604
0.518097 0.314402 0.221607
0.528104 0.337156 0.214093
0.552905 0.355443 0.204502
0.552862 0.367576 0.196494
0.547939 0.361431 0.200860
0.557851 0.361638 0.200436
0.567183 0.384905 0.181771
0.474290 0.356427 0.203296
0.474314 0.367646 0.195417
0.469438 0.362408 0.199078
0.479164 0.361830 0.199855
0.488744 0.383073 0.183470
0.434655 0.394809 0.166113
0.434111 0.402451 0.157580
0.429538 0.398268 0.161360
0.439267 0.399030 0.162355
0.447588 0.414779 0.145654
0.470315 0.427583 0.133103
0.469130 0.434948 0.123701
0.464897 0.430852 0.128215
0.474564 0.431629 0.128500
0.481712 0.447477 0.110226
0.305701 0.473683 0.064943
0.304350 0.482793 0.059352
0.300211 0.477509 0.062063
0.309853 0.478913 0.062178
0.316730 0.498936 0.051396
0.441853 0.664691 0.010144
0.441498 0.675673 0.009566
0.436752 0.670071 0.009834
0.446571 0.670332 0.009821
0.455927 0.692066 0.009089
0.371645 0.564579 0.026434
0.370345 0.576017 0.023083
0.366182 0.569543 0.024773
0.375794 0.570937 0.024647
0.382953 0.595776 0.018632
0.459571 0.492523 0.066511
0.458112 0.501842 0.059744
0.454051 0.496679 0.063144
0.463628 0.497614 0.062983
0.470340 0.517670 0.050067
0.415524 0.527172 0.042909
0.414128 0.537457 0.038027
0.410029 0.531712 0.040494
0.419619 0.532845 0.040328
0.426495 0.554973 0.031231
0.448682 0.573743 0.025115
0.447514 0.584859 0.021890
0.443255 0.578837 0.023545
0.452925 0.579708 0.023354
0.460479 0.602935 0.017619
0.612680 0.503710 0.055675
0.611436 0.513111 0.049734
0.607243 0.508090 0.053146
0.616863 0.508692 0.052150
0.624163 0.528401 0.040475
0.569304 0.540102 0.037061
0.568172 0.550248 0.032582
0.563900 0.544873 0.035037
0.573566 0.545431 0.034477
0.581123 0.566500 0.026095
0.604034 0.583348 0.020408
0.603176 0.593918 0.017864
0.598719 0.588414 0.019259
0.608478 0.588823 0.018912
0.616684 0.610437 0.014415
0.547466 0.432246 0.131003
0.546089 0.439968 0.121173
0.541984 0.435845 0.126489
0.551571 0.436348 0.125555
0.558297 0.452489 0.105640
0.503673 0.461202 0.096579
0.502261 0.469460 0.088255
0.498190 0.464933 0.092574
0.507749 0.465652 0.092150
0.514392 0.483484 0.075643
0.536055 0.498837 0.063077
0.534653 0.508214 0.056390
0.530566 0.503157 0.060001
0.540132 0.503834 0.059330
0.547047 0.523681 0.046369
0.590330 0.400543 0.164040
0.589368 0.409527 0.154536
0.585090 0.404993 0.160190
0.594633 0.405215 0.158331
0.601791 0.422237 0.137171
0.623322 0.434823 0.117649
0.621961 0.442913 0.108512
0.617912 0.438685 0.114055
0.627374 0.439045 0.112001
0.634210 0.455970 0.092851
0.579939 0.465967 0.089577
0.578528 0.474452 0.081546
0.574477 0.469922 0.086155
0.583987 0.470431 0.084841
0.590734 0.488481 0.068464
0.646816 0.544499 0.031961
0.645817 0.554423 0.028100
0.641449 0.549179 0.030290
0.651176 0.549714 0.029672
0.659011 0.570243 0.022286
0.492283 0.534771 0.040968
0.490992 0.545041 0.036090
0.486825 0.539483 0.038641
0.496441 0.540266 0.038284
0.503620 0.561879 0.029205
0.405547 0.616345 0.015127
0.404600 0.628505 0.013480
0.400193 0.622078 0.014291
0.409928 0.622759 0.014229
0.418126 0.646919 0.011508
0.480428 0.708000 0.008985
0.480382 0.718264 0.008957
0.475479 0.713103 0.008972
0.485329 0.713180 0.008968
0.495113 0.733555 0.008921
0.338718 0.516979 0.043749
0.337287 0.527041 0.039046
0.333179 0.521287 0.041396
0.342823 0.522669 0.041318
0.349629 0.544711 0.032442
0.512578 0.397801 0.170807
0.511933 0.406578 0.161732
0.507401 0.402113 0.166288
0.517156 0.402422 0.166256
0.525169 0.419415 0.147357
0.426749 0.454174 0.096489
0.425434 0.462313 0.088579
0.421278 0.457676 0.092345
0.430916 0.458726 0.092634
0.437785 0.476631 0.077429
0.561769 0.624776 0.013227
0.561111 0.635691 0.012072
0.556533 0.630063 0.012679
0.566327 0.630420 0.012551
0.575036 0.652287 0.010607
0.569920 0.657451 0.010290
0.569574 0.667977 0.009709
0.564825 0.662594 0.010004
0.574645 0.662859 0.009954
0.579399 0.668213 0.009669
0.579153 0.678580 0.009266
0.574350 0.673307 0.009464
0.560556 0.646489 0.011123
0.565223 0.651993 0.010679
0.560104 0.657164 0.010350
0.565723 0.641270 0.011526
0.570911 0.636030 0.011960
0.575527 0.641589 0.011428
0.570364 0.646803 0.011039
0.551313 0.635346 0.012182
0.550748 0.646171 0.011205
0.546115 0.640606 0.011718
0.555919 0.640940 0.011623
0.555411 0.651689 0.010750
0.432268 0.480544 0.073748
0.430826 0.489578 0.066717
0.426751 0.484510 0.070172
0.436343 0.485539 0.070188
0.440409 0.490595 0.066684
0.438959 0.499898 0.060000
0.434894 0.494707 0.063324
0.424073 0.470753 0.080971
0.428181 0.475612 0.077345
0.422668 0.479503 0.073677
0.429571 0.467015 0.084835
0.435063 0.463342 0.088800
0.439189 0.468026 0.084991
0.433688 0.471786 0.081117
0.415799 0.461243 0.088300
0.414451 0.469683 0.080774
0.410314 0.464876 0.084358
0.419946 0.465964 0.084625
0.418570 0.474558 0.077212
0.519788 0.423080 0.142730
0.518594 0.430681 0.132942
0.514381 0.426651 0.138022
0.524033 0.427148 0.137660
0.528225 0.431204 0.132473
0.526906 0.438874 0.122684
0.522764 0.434759 0.127807
0.511113 0.414801 0.152470
0.515481 0.418970 0.147665
0.510116 0.422607 0.142986
0.516407 0.410941 0.157063
0.521674 0.406928 0.161593
0.526131 0.411331 0.156812
0.520820 0.415215 0.152273
0.502195 0.406225 0.161715
0.501404 0.414371 0.152515
0.496960 0.410149 0.157090
0.506683 0.410557 0.157152
0.505790 0.418519 0.147816
0.344110 0.549325 0.030492
0.342746 0.560279 0.026748
0.338592 0.554014 0.028616
0.348250 0.555468 0.028534
0.352398 0.561733 0.026662
0.351076 0.573215 0.023282
0.346907 0.566682 0.024968
0.335855 0.537338 0.034657
0.339979 0.543287 0.032535
0.334447 0.547876 0.030572
0.341395 0.532865 0.036770
0.346928 0.528429 0.038957
0.351034 0.534258 0.036672
0.345508 0.538754 0.034568
0.327630 0.525638 0.039124
0.326184 0.535906 0.034732
0.322068 0.530031 0.036927
0.331740 0.531455 0.036855
0.330311 0.541847 0.032612
0.490173 0.738575 0.008914
0.490154 0.748590 0.008903
0.485233 0.743584 0.008909
0.495091 0.743599 0.008907
0.500012 0.748600 0.008902
0.500003 0.758536 0.008897
0.495077 0.753573 0.008899
0.480344 0.728448 0.008933
0.485257 0.733526 0.008923
0.480315 0.738553 0.008916
0.485289 0.723391 0.008943
0.490234 0.718326 0.008953
0.495143 0.723440 0.008939
0.490199 0.728488 0.008931
0.470530 0.718199 0.008960
0.470489 0.728406 0.008936
0.465582 0.723285 0.008948
0.475435 0.723340 0.008946
0.475401 0.733494 0.008925
0.412924 0.652509 0.011013
0.412410 0.663897 0.010181
0.407745 0.658109 0.010572
0.417556 0.658360 0.010561
0.422227 0.664125 0.010172
0.421849 0.675229 0.009579
0.417112 0.669600 0.009850
0.403789 0.640487 0.012121
0.408334 0.646556 0.011532
0.403121 0.652222 0.011027
0.409059 0.634776 0.012747
0.414353 0.629086 0.013428
0.418828 0.635274 0.012704
0.413569 0.640907 0.012091
0.394850 0.627912 0.013525
0.394007 0.640081 0.012144
0.389527 0.633787 0.012813
0.399292 0.634280 0.012783
0.398540 0.646219 0.011550
0.498201 0.566857 0.027456
0.497071 0.577627 0.023947
0.492787 0.571877 0.025790
0.502470 0.572557 0.025504
0.506769 0.578267 0.023673
0.505730 0.589140 0.020625
0.501386 0.583382 0.022224
0.489742 0.555508 0.031708
0.493959 0.561173 0.029526
0.488532 0.566140 0.027751
0.495180 0.550632 0.033672
0.500619 0.545798 0.035732
0.504819 0.551359 0.033317
0.499390 0.556247 0.031381
0.481369 0.544243 0.036420
0.480099 0.554725 0.032013
0.475915 0.549049 0.034308
0.485545 0.549862 0.034003
0.484304 0.560422 0.029826
0.653697 0.575095 0.021065
0.652849 0.585361 0.018408
0.648389 0.580002 0.019912
0.658141 0.580427 0.019462
0.662601 0.585769 0.017980
0.661819 0.596102 0.015764
0.657325 0.590729 0.017025
0.644857 0.564475 0.024634
0.649269 0.569776 0.022789
0.643946 0.574654 0.021538
0.650201 0.559684 0.026043
0.655550 0.554945 0.027517
0.659938 0.560191 0.025491
0.654599 0.564956 0.024108
0.636084 0.553914 0.028681
0.635112 0.564004 0.025156
0.630726 0.558700 0.027141
0.640462 0.559188 0.026596
0.639519 0.569320 0.023287
0.585268 0.492730 0.065538
0.583904 0.501938 0.058792
0.579798 0.497022 0.062642
0.589366 0.497598 0.061569
0.593487 0.502521 0.057766
0.592197 0.511924 0.051590
0.588038 0.506906 0.055107
0.577121 0.483178 0.073899
0.581190 0.487921 0.069654
0.575713 0.492158 0.066639
0.582587 0.479054 0.077055
0.588042 0.474969 0.080224
0.592109 0.479586 0.075747
0.586655 0.483730 0.072687
0.569007 0.473910 0.082750
0.567583 0.482609 0.075009
0.563530 0.477940 0.079372
0.573060 0.478508 0.078266
0.571644 0.487350 0.070763
0.628786 0.459920 0.089720
0.627470 0.468443 0.081924
0.623362 0.463898 0.086611
0.632897 0.464431 0.084927
0.637023 0.469007 0.080291
0.635731 0.477730 0.073022
0.631594 0.473055 0.077393
0.620612 0.451100 0.099781
0.624690 0.455476 0.094672
0.619270 0.459422 0.091456
0.626028 0.447202 0.103131
0.631447 0.443322 0.106505
0.635535 0.447657 0.101173
0.630111 0.451554 0.097911
0.612504 0.442555 0.110476
0.611136 0.450688 0.101613
0.607094 0.446432 0.106927
0.616549 0.446794 0.105049
0.615195 0.455018 0.096456
0.596443 0.426194 0.133449
0.595062 0.434079 0.123807
0.591049 0.430062 0.129615
0.600464 0.430222 0.127615
0.604465 0.434270 0.121802
0.603068 0.442248 0.112399
0.599058 0.438131 0.118031
0.588251 0.417963 0.144997
0.592374 0.422122 0.139249
0.586996 0.426016 0.135385
0.593574 0.413894 0.148807
0.598859 0.409690 0.152546
0.603010 0.414001 0.146694
0.597715 0.418117 0.143014
0.579818 0.409274 0.156288
0.578735 0.417708 0.146750
0.574513 0.413398 0.152319
0.584069 0.413688 0.150681
0.582894 0.421907 0.141101
0.541606 0.528285 0.043905
0.540367 0.538295 0.038732
0.536169 0.532940 0.041525
0.545793 0.533586 0.040980
0.550005 0.538922 0.038202
0.548834 0.549104 0.033587
0.544589 0.543684 0.036085
0.533300 0.517811 0.050183
0.537441 0.523027 0.046974
0.531995 0.527623 0.044463
0.538762 0.513323 0.052911
0.544230 0.508883 0.055719
0.548350 0.513980 0.052245
0.542893 0.518480 0.049569
0.525084 0.507524 0.057008
0.523714 0.517119 0.050755
0.519608 0.511940 0.054101
0.529181 0.512642 0.053529
0.527843 0.522348 0.047541
0.508879 0.487596 0.072138
0.507403 0.496718 0.064881
0.503364 0.491754 0.068701
0.512909 0.492492 0.068189
0.516951 0.497446 0.064344
0.515522 0.506811 0.057574
0.511455 0.501737 0.061170
0.500813 0.478002 0.080266
0.504851 0.482762 0.076168
0.499332 0.486846 0.072619
0.506316 0.474060 0.083988
0.511809 0.470170 0.087774
0.515856 0.474762 0.083458
0.510358 0.478733 0.079782
0.492697 0.468708 0.088634
0.491254 0.477229 0.080658
0.487194 0.472534 0.084760
0.496763 0.473318 0.084424
0.495299 0.482000 0.076609
0.552818 0.456227 0.101727
0.551386 0.464373 0.093095
0.547336 0.459990 0.097855
0.556868 0.460548 0.096841
0.560914 0.464932 0.092045
0.559480 0.473345 0.083846
0.555433 0.468823 0.088423
0.544691 0.447752 0.111739
0.548760 0.451964 0.106696
0.543278 0.455671 0.102694
0.550173 0.444108 0.115922
0.555654 0.440465 0.120154
0.559720 0.444601 0.114830
0.554241 0.448277 0.110742
0.536503 0.439435 0.122016
0.535128 0.447193 0.112580
0.531027 0.443018 0.117608
0.540607 0.443579 0.116848
0.539210 0.451408 0.107606
0.611430 0.615636 0.013738
0.610759 0.626393 0.012429
0.606187 0.620862 0.013133
0.615989 0.621151 0.012933
0.620570 0.626653 0.012250
0.619970 0.637385 0.011340
0.615352 0.631909 0.011844
0.602376 0.604582 0.015713
0.606892 0.610111 0.014665
0.601635 0.615320 0.013959
0.607656 0.599426 0.016592
0.612946 0.594304 0.017539
0.617435 0.599786 0.016289
0.612159 0.604933 0.015442
0.593412 0.593518 0.018178
0.592597 0.604215 0.015975
0.588113 0.598659 0.017167
0.597882 0.599050 0.016884
0.597105 0.609769 0.014906
0.575764 0.571475 0.024608
0.574800 0.582021 0.021492
0.570411 0.576495 0.023187
0.580140 0.576967 0.022810
0.584539 0.582474 0.021140
0.583652 0.593106 0.018484
0.579213 0.587558 0.019925
0.567086 0.560549 0.028589
0.571413 0.566002 0.026536
0.566047 0.570984 0.025009
0.572467 0.555647 0.030281
0.577852 0.550789 0.032046
0.582159 0.556171 0.029772
0.576784 0.561065 0.028123
0.558500 0.549688 0.033095
0.557395 0.560012 0.029037
0.553103 0.554548 0.031241
0.562782 0.555109 0.030770
0.561709 0.565490 0.026960
0.618768 0.532991 0.038438
0.617683 0.542868 0.033910
0.613377 0.537630 0.036462
0.623065 0.538189 0.035777
0.627385 0.543412 0.033266
0.626358 0.553406 0.029254
0.622011 0.548128 0.031509
0.610241 0.522682 0.044230
0.614492 0.527821 0.041255
0.609093 0.532420 0.039168
0.615654 0.518173 0.046486
0.621072 0.513712 0.048792
0.625305 0.518771 0.045598
0.619896 0.523271 0.043401
0.601811 0.512515 0.050666
0.600596 0.522095 0.045054
0.596384 0.516988 0.048240
0.606013 0.517579 0.047366
0.604832 0.527240 0.042031
0.455132 0.608281 0.016575
0.454219 0.619759 0.014662
0.449796 0.613683 0.015624
0.459536 0.614322 0.015502
0.463973 0.620341 0.014552
0.463170 0.631786 0.013077
0.458675 0.625805 0.013822
0.446421 0.596147 0.019086
0.450760 0.602220 0.017770
0.445405 0.607583 0.016709
0.451804 0.590888 0.020349
0.457198 0.585683 0.021704
0.461502 0.591664 0.020171
0.456125 0.596914 0.018924
0.437839 0.583990 0.022066
0.436724 0.595337 0.019239
0.432432 0.589200 0.020680
0.442114 0.590069 0.020518
0.441048 0.601466 0.017915
0.421023 0.559831 0.029344
0.419735 0.570821 0.025671
0.415558 0.564740 0.027547
0.425187 0.565827 0.027369
0.429377 0.571860 0.025495
0.428170 0.583062 0.022235
0.423939 0.576932 0.023899
0.412753 0.547972 0.033583
0.416880 0.553879 0.031417
0.411405 0.558706 0.029522
0.418237 0.543253 0.035664
0.423723 0.538570 0.037849
0.427839 0.544345 0.035477
0.422359 0.549094 0.033401
0.404535 0.536291 0.038194
0.403151 0.546791 0.033756
0.399042 0.540907 0.036005
0.408638 0.542108 0.035840
0.407271 0.552723 0.031593
0.464849 0.522162 0.047323
0.463475 0.532227 0.041918
0.459363 0.526706 0.044688
0.468955 0.527614 0.044424
0.473075 0.533115 0.041637
0.471750 0.543403 0.036722
0.467604 0.537794 0.039261
0.456675 0.511414 0.053425
0.460757 0.516761 0.050325
0.455263 0.521235 0.047563
0.462179 0.507062 0.056426
0.467689 0.502762 0.059536
0.471756 0.507967 0.056179
0.466254 0.512339 0.053198
0.448535 0.500887 0.059890
0.447097 0.510453 0.053601
0.443026 0.505147 0.056757
0.452602 0.506122 0.056616
0.451176 0.515817 0.050536
0.377543 0.601325 0.017457
0.376418 0.613852 0.015324
0.372134 0.607034 0.016372
0.381815 0.608039 0.016302
0.386120 0.614726 0.015264
0.385103 0.627305 0.013563
0.380738 0.620629 0.014395
0.369090 0.587892 0.020111
0.373303 0.594601 0.018728
0.367882 0.600199 0.017537
0.374524 0.582566 0.021492
0.379961 0.577370 0.022958
0.384151 0.583851 0.021374
0.378725 0.589161 0.020007
0.360719 0.574630 0.023192
0.359447 0.586585 0.020201
0.355255 0.579857 0.021692
0.364897 0.581228 0.021601
0.363655 0.593374 0.018815
0.450954 0.697258 0.009037
0.450885 0.707707 0.008997
0.445996 0.702433 0.009017
0.455840 0.702554 0.009014
0.460732 0.707809 0.008994
0.460678 0.718131 0.008963
0.455779 0.712939 0.008979
0.441253 0.686486 0.009201
0.446089 0.691906 0.009093
0.441114 0.697115 0.009040
0.446276 0.681204 0.009354
0.451323 0.675902 0.009556
0.456107 0.681406 0.009346
0.451087 0.686669 0.009196
0.431675 0.675436 0.009574
0.431421 0.686297 0.009204
0.426619 0.680794 0.009364
0.436448 0.680995 0.009360
0.436252 0.691741 0.009096
0.311188 0.503033 0.048840
0.309741 0.512791 0.043917
0.305635 0.507176 0.046367
0.315300 0.508589 0.046328
0.319411 0.514206 0.043868
0.317957 0.524218 0.039191
0.313848 0.518472 0.041523
0.302959 0.492101 0.053995
0.307075 0.497538 0.051398
0.301531 0.501624 0.048866
0.308482 0.488122 0.056668
0.313997 0.484185 0.059436
0.318133 0.489505 0.056723
0.312608 0.493501 0.054014
0.294713 0.481376 0.059285
0.293317 0.490686 0.053988
0.289204 0.485289 0.056600
0.298839 0.486715 0.056625
0.297425 0.496130 0.051408
0.476245 0.450957 0.105848
0.474907 0.458884 0.097303
0.470771 0.454469 0.101543
0.480389 0.455299 0.101501
0.484511 0.459702 0.097178
0.483118 0.467914 0.088906
0.479022 0.463365 0.093089
0.467895 0.442442 0.114596
0.472081 0.446673 0.110215
0.466615 0.450116 0.105801
0.473345 0.439081 0.119197
0.478788 0.435723 0.123878
0.482991 0.439851 0.119269
0.477539 0.443255 0.114704
0.459466 0.434122 0.123390
0.458242 0.441581 0.114360
0.454026 0.437392 0.118664
0.463690 0.438260 0.118988
0.462439 0.445820 0.110074
0.442273 0.417963 0.140776
0.441246 0.425088 0.131624
0.436923 0.421061 0.135875
0.446632 0.421976 0.136544
0.450947 0.425978 0.132208
0.449789 0.433250 0.122983
0.445531 0.429148 0.127313
0.433413 0.409830 0.148891
0.437865 0.413916 0.144889
0.432556 0.417020 0.140023
0.438646 0.406599 0.153707
0.443844 0.403222 0.158506
0.448378 0.407373 0.154559
0.443139 0.410710 0.149734
0.424384 0.401544 0.156593
0.423689 0.408826 0.147978
0.419195 0.404674 0.151806
0.428918 0.405705 0.152789
0.428144 0.412942 0.144054
0.483726 0.387870 0.178886
0.483313 0.396962 0.170125
0.478675 0.392387 0.174261
0.488411 0.392616 0.174744
0.493054 0.397258 0.170506
0.492461 0.405843 0.161546
0.487911 0.401449 0.165889
0.474242 0.378101 0.186906
0.479004 0.383027 0.182941
0.473998 0.387727 0.178302
0.479161 0.372874 0.191525
0.484038 0.367295 0.196084
0.488900 0.372700 0.192091
0.483970 0.378021 0.187537
0.464573 0.368130 0.194522
0.464502 0.378236 0.186075
0.459686 0.373458 0.189810
0.469432 0.373126 0.190771
0.469276 0.383001 0.182240
0.562042 0.389901 0.177685
0.561400 0.399601 0.168426
0.556869 0.394664 0.173554
0.566609 0.395028 0.172516
0.571093 0.399958 0.167219
0.570219 0.408954 0.157797
0.565850 0.404360 0.163169
0.552662 0.379033 0.187595
0.557393 0.384571 0.182714
0.552260 0.389540 0.178544
0.557719 0.373578 0.191760
0.562746 0.367822 0.195874
0.567565 0.373856 0.190942
0.562494 0.379351 0.186842
0.542971 0.367326 0.196865
0.542809 0.378710 0.188081
0.537988 0.373013 0.192644
0.547850 0.373286 0.192318
0.547572 0.384221 0.183388
0.523202 0.343071 0.211372
0.523254 0.355056 0.204931
0.518300 0.349037 0.208304
0.528163 0.349081 0.208313
0.533114 0.355145 0.204889
0.533114 0.367117 0.197074
0.528198 0.361095 0.201202
0.513272 0.331321 0.216441
0.518237 0.337139 0.214080
0.513341 0.343082 0.211327
0.518166 0.325544 0.218509
0.523062 0.319904 0.220226
0.528032 0.325545 0.218519
0.523134 0.331291 0.216472
0.503365 0.320116 0.220181
0.503431 0.331494 0.216349
0.498494 0.325910 0.218383
0.508314 0.325642 0.218468
0.508383 0.337225 0.214004
0.388181 0.513615 0.048525
0.386764 0.523589 0.043309
0.382678 0.517942 0.045911
0.392266 0.519190 0.045820
0.396351 0.524829 0.043191
0.394943 0.535074 0.038348
0.390851 0.529300 0.040785
0.380005 0.502663 0.054131
0.384095 0.508105 0.051297
0.378590 0.512363 0.048585
0.385512 0.498513 0.057061
0.391020 0.494405 0.060115
0.395109 0.499708 0.057081
0.389601 0.503887 0.054129
0.371804 0.491986 0.059967
0.370403 0.501418 0.054127
0.366299 0.496050 0.056981
0.375909 0.497291 0.057024
0.374499 0.506856 0.051326
0.355275 0.471366 0.072129
0.353933 0.480319 0.065809
0.349788 0.475186 0.068821
0.359427 0.476441 0.069041
0.363565 0.481567 0.065980
0.362187 0.490746 0.059884
0.358066 0.485504 0.062828
0.346931 0.461355 0.078378
0.351110 0.466337 0.075240
0.345629 0.470101 0.071859
0.352403 0.457705 0.081971
0.357869 0.454113 0.085693
0.362061 0.458965 0.082396
0.356587 0.462623 0.078753
0.338542 0.451513 0.084732
0.337272 0.460059 0.078002
0.333077 0.455098 0.081111
0.342742 0.456415 0.081543
0.341456 0.465059 0.074917
0.399015 0.442908 0.103135
0.397783 0.450809 0.095203
0.393569 0.446218 0.098836
0.403240 0.447422 0.099414
0.407446 0.451978 0.095699
0.406157 0.460132 0.087960
0.401980 0.455445 0.091577
0.390519 0.433985 0.110598
0.394774 0.438430 0.106858
0.389340 0.441669 0.102485
0.395933 0.430882 0.115154
0.401342 0.427839 0.119824
0.405623 0.432148 0.115929
0.400202 0.435260 0.111344
0.381977 0.425183 0.118137
0.380843 0.432683 0.109845
0.376580 0.428234 0.113554
0.386253 0.429572 0.114358
0.385097 0.437159 0.106155
0.529718 0.698261 0.008973
0.529679 0.708439 0.008951
0.524774 0.703304 0.008966
0.534621 0.703411 0.008957
0.539528 0.708530 0.008944
0.539499 0.718625 0.008928
0.534588 0.713545 0.008938
0.519970 0.687808 0.009112
0.524832 0.693063 0.009020
0.519873 0.698138 0.008983
0.524973 0.682675 0.009234
0.529995 0.677532 0.009395
0.534810 0.682859 0.009214
0.529811 0.687969 0.009097
0.510324 0.677133 0.009444
0.510128 0.687650 0.009128
0.505293 0.682322 0.009272
0.515134 0.682497 0.009253
0.514988 0.692924 0.009032
0.491369 0.655176 0.010741
0.490957 0.666021 0.010017
0.486238 0.660477 0.010374
0.496063 0.660744 0.010333
0.500787 0.666257 0.009982
0.500486 0.676941 0.009468
0.495707 0.671508 0.009715
0.482084 0.643856 0.011737
0.486709 0.649547 0.011208
0.481552 0.654877 0.010788
0.487292 0.638493 0.012252
0.492524 0.633119 0.012809
0.497093 0.638869 0.012170
0.491889 0.644212 0.011669
0.472949 0.632255 0.012992
0.472284 0.643481 0.011801
0.467707 0.637675 0.012405
0.477497 0.638095 0.012331
0.476900 0.649213 0.011263
0.533174 0.612609 0.015301
0.532406 0.623615 0.013654
0.527892 0.617892 0.014502
0.537671 0.618316 0.014345
0.542193 0.624013 0.013514
0.541514 0.634993 0.012291
0.536945 0.629325 0.012928
0.524258 0.601169 0.017589
0.528702 0.606892 0.016382
0.523404 0.612156 0.015475
0.529584 0.595962 0.018689
0.534919 0.590790 0.019873
0.539330 0.596461 0.018451
0.534011 0.601660 0.017374
0.515456 0.589713 0.020380
0.514509 0.600657 0.017799
0.510105 0.594900 0.019149
0.519843 0.595442 0.018922
0.518942 0.606410 0.016574
0.696485 0.537809 0.032589
0.695468 0.547416 0.028735
0.691103 0.542282 0.030958
0.700844 0.542916 0.030289
0.705208 0.548035 0.028103
0.704209 0.557718 0.024617
0.699838 0.552561 0.026624
0.687791 0.527636 0.037557
0.692133 0.532714 0.035009
0.686746 0.537162 0.033300
0.693194 0.523265 0.039379
0.698605 0.518940 0.041230
0.702937 0.523969 0.038531
0.697530 0.528318 0.036754
0.679148 0.517536 0.043064
0.678062 0.526971 0.038370
0.673741 0.521904 0.041112
0.683462 0.522576 0.040240
0.682397 0.532057 0.035768
0.662082 0.497635 0.055918
0.660890 0.506852 0.050248
0.656649 0.501895 0.053617
0.666316 0.502565 0.052458
0.670573 0.507528 0.049167
0.669438 0.516860 0.044001
0.665154 0.511842 0.047044
0.653670 0.487894 0.063356
0.657868 0.492743 0.059549
0.652432 0.496972 0.057160
0.659106 0.483736 0.065864
0.664539 0.479613 0.068398
0.668736 0.484398 0.064403
0.663303 0.488552 0.061963
0.645319 0.478342 0.071496
0.644052 0.487253 0.064760
0.639884 0.482464 0.068811
0.649488 0.483093 0.067341
0.648234 0.492090 0.060875
0.599811 0.647606 0.010777
0.604502 0.653008 0.010386
0.599389 0.658170 0.010108
0.604969 0.642395 0.011115
0.610150 0.637162 0.011471
0.614792 0.642614 0.011005
0.609636 0.647822 0.010686
0.589562 0.657958 0.010169
0.594675 0.652795 0.010461
0.594298 0.663308 0.009855
0.589991 0.647365 0.010866
0.590522 0.636644 0.011723
0.595729 0.631380 0.012142
0.595151 0.642152 0.011222
0.584181 0.673512 0.009432
0.584469 0.663097 0.009904
0.589229 0.668422 0.009629
0.462504 0.474672 0.081256
0.466575 0.479480 0.077390
0.461045 0.483460 0.073705
0.468018 0.470844 0.085125
0.473524 0.467077 0.089071
0.477612 0.471710 0.084994
0.472097 0.475563 0.081154
0.451455 0.482520 0.073766
0.456982 0.478563 0.077468
0.455515 0.487492 0.070109
0.452902 0.473742 0.081264
0.454305 0.465279 0.089080
0.459801 0.461623 0.093155
0.458413 0.469939 0.085154
0.444472 0.495711 0.063248
0.445929 0.486532 0.070167
0.449991 0.491575 0.066619
0.549914 0.416573 0.150569
0.554184 0.420824 0.145271
0.548770 0.424542 0.140897
0.555261 0.412650 0.154854
0.560573 0.408585 0.159051
0.564911 0.413047 0.153712
0.559566 0.416998 0.149540
0.539122 0.424060 0.141712
0.544533 0.420371 0.146190
0.543322 0.428170 0.136413
0.540228 0.416113 0.151353
0.541155 0.407740 0.160784
0.546427 0.403564 0.165112
0.545572 0.412217 0.155743
0.532377 0.435306 0.127235
0.533681 0.427658 0.137131
0.537853 0.431738 0.131835
0.374366 0.542910 0.034213
0.378471 0.548892 0.032067
0.372988 0.553571 0.030149
0.379859 0.538344 0.036303
0.385354 0.533806 0.038491
0.389449 0.539653 0.036160
0.383958 0.544258 0.034070
0.363381 0.552172 0.030281
0.368874 0.547513 0.032207
0.367509 0.558322 0.028314
0.364763 0.541539 0.034346
0.366167 0.531153 0.038745
0.371672 0.526709 0.041026
0.370265 0.536997 0.036438
0.356554 0.568125 0.024881
0.357889 0.556905 0.028433
0.362031 0.563166 0.026558
0.519766 0.728599 0.008921
0.524682 0.733639 0.008913
0.519744 0.738636 0.008909
0.524706 0.723582 0.008927
0.529647 0.718564 0.008933
0.534560 0.723631 0.008923
0.529621 0.728636 0.008918
0.509887 0.738616 0.008911
0.514826 0.733611 0.008916
0.514807 0.743627 0.008905
0.509911 0.728562 0.008924
0.509942 0.718444 0.008943
0.514886 0.713398 0.008950
0.514852 0.723535 0.008931
0.504936 0.753579 0.008899
0.504949 0.743614 0.008906
0.509871 0.748608 0.008901
0.442911 0.642244 0.011967
0.447498 0.648114 0.011405
0.442322 0.653548 0.010941
0.448141 0.636769 0.012539
0.453396 0.631291 0.013157
0.457921 0.637233 0.012474
0.452698 0.642675 0.011916
0.432524 0.653181 0.010970
0.437705 0.647714 0.011444
0.437170 0.658976 0.010526
0.433130 0.641792 0.012014
0.433867 0.630223 0.013304
0.439160 0.624667 0.014002
0.438367 0.636283 0.012599
0.426934 0.669814 0.009844
0.427364 0.658651 0.010545
0.432041 0.664395 0.010160
0.528362 0.558247 0.030283
0.532635 0.563800 0.028146
0.527242 0.568782 0.026482
0.533768 0.553349 0.032127
0.539176 0.548494 0.034058
0.543432 0.553961 0.031693
0.538033 0.558860 0.029884
0.517555 0.568168 0.026820
0.522957 0.563187 0.028513
0.521854 0.573808 0.024896
0.518698 0.557608 0.030666
0.519883 0.547198 0.034938
0.525308 0.542396 0.037038
0.524111 0.552711 0.032542
0.511098 0.583987 0.021964
0.512159 0.573196 0.025205
0.516472 0.578877 0.023389
0.683797 0.566462 0.022512
0.688203 0.571701 0.020753
0.682903 0.576475 0.019609
0.689131 0.561776 0.023825
0.694479 0.557141 0.025196
0.698857 0.562324 0.023267
0.693520 0.566984 0.021974
0.673176 0.576005 0.020100
0.678479 0.571205 0.021269
0.677617 0.581304 0.018540
0.674069 0.565949 0.023047
0.675016 0.556022 0.026356
0.680369 0.551388 0.027836
0.679403 0.561236 0.024382
0.667077 0.591120 0.016619
0.667884 0.580861 0.019004
0.672343 0.586186 0.017544
0.615293 0.485426 0.068824
0.619422 0.490226 0.064761
0.613975 0.494478 0.062052
0.620730 0.481263 0.071658
0.626164 0.477140 0.074515
0.630299 0.481855 0.070247
0.624863 0.486019 0.067493
0.604396 0.493884 0.063231
0.609848 0.489633 0.066014
0.608526 0.498773 0.059369
0.605736 0.484847 0.070134
0.607078 0.476018 0.077422
0.612511 0.471944 0.080461
0.611178 0.480688 0.073045
0.597636 0.507495 0.054132
0.598941 0.498181 0.060476
0.603078 0.503112 0.056727
0.658773 0.453139 0.092043
0.662914 0.457636 0.087153
0.657472 0.461596 0.084284
0.664219 0.449234 0.095034
0.669667 0.445346 0.098051
0.673801 0.449780 0.092966
0.668356 0.453698 0.090047
0.647889 0.461015 0.086134
0.653328 0.457065 0.089078
0.652033 0.465583 0.081442
0.649195 0.452586 0.094041
0.650516 0.444292 0.102347
0.655966 0.440447 0.105542
0.654640 0.448692 0.097109
0.641164 0.473645 0.075814
0.642454 0.464994 0.083206
0.646597 0.469598 0.078621
0.625919 0.418627 0.136298
0.630023 0.422874 0.130472
0.624660 0.426772 0.126950
0.631233 0.414644 0.139826
0.636531 0.410639 0.143347
0.640702 0.415036 0.137442
0.635370 0.418962 0.133965
0.615235 0.426509 0.129163
0.620586 0.422583 0.132749
0.619281 0.430652 0.123382
0.616501 0.418377 0.138585
0.617666 0.409982 0.148047
0.622914 0.405785 0.151643
0.621802 0.414340 0.142159
0.608475 0.438381 0.116065
0.609863 0.430404 0.125521
0.613882 0.434516 0.119748
0.571714 0.520345 0.047473
0.575907 0.525505 0.044324
0.570484 0.530131 0.042027
0.577152 0.515818 0.049962
0.582593 0.511338 0.052505
0.586764 0.516402 0.049106
0.581333 0.520928 0.046683
0.560851 0.529540 0.042687
0.566280 0.524919 0.045045
0.565066 0.534805 0.039798
0.562101 0.519746 0.048214
0.563401 0.510152 0.054221
0.568862 0.505732 0.056974
0.567545 0.515227 0.050772
0.554241 0.544291 0.035573
0.555426 0.534207 0.040404
0.559651 0.539525 0.037645
0.538964 0.480767 0.077794
0.543007 0.485513 0.073571
0.537503 0.489680 0.070235
0.544458 0.476734 0.081293
0.549948 0.472755 0.084838
0.553995 0.477349 0.080381
0.548504 0.481403 0.076954
0.527958 0.489006 0.070945
0.533465 0.484857 0.074344
0.531999 0.493893 0.066952
0.529427 0.480109 0.078545
0.530879 0.471505 0.086511
0.536367 0.467622 0.090244
0.534922 0.476097 0.082110
0.521007 0.502458 0.060614
0.522451 0.493203 0.067605
0.526499 0.498152 0.063742
0.582772 0.449630 0.106806
0.586801 0.453845 0.101575
0.581354 0.457704 0.097995
0.588215 0.445819 0.110538
0.593645 0.441987 0.114278
0.597655 0.446113 0.108765
0.592235 0.449981 0.105162
0.571857 0.457246 0.099382
0.577318 0.453434 0.103086
0.575897 0.461573 0.094426
0.573283 0.449221 0.108280
0.574708 0.441338 0.117583
0.580165 0.437604 0.121618
0.578742 0.445465 0.112144
0.564960 0.469385 0.087345
0.566389 0.461076 0.095699
0.570432 0.465464 0.090874
0.641534 0.605892 0.014572
0.646078 0.611321 0.013610
0.640841 0.616476 0.013028
0.646793 0.600793 0.015322
0.652056 0.595738 0.016139
0.656567 0.601131 0.014978
0.651320 0.606205 0.014260
0.631034 0.616212 0.013273
0.636281 0.611034 0.013889
0.635609 0.621668 0.012513
0.631739 0.605585 0.014872
0.632500 0.595032 0.016861
0.637791 0.589974 0.017812
0.637008 0.600462 0.015656
0.625170 0.632139 0.011688
0.625797 0.621419 0.012727
0.630385 0.626891 0.012066
0.605916 0.562568 0.026669
0.610291 0.567948 0.024726
0.604948 0.572891 0.023344
0.611276 0.557708 0.028210
0.616641 0.552893 0.029822
0.620997 0.558207 0.027678
0.615640 0.563054 0.026172
0.595214 0.572428 0.023774
0.600562 0.567473 0.025190
0.599612 0.577882 0.022028
0.596199 0.562074 0.027160
0.597231 0.551851 0.030943
0.602609 0.547061 0.032709
0.601563 0.557202 0.028736
0.588964 0.587992 0.019597
0.589873 0.577430 0.022424
0.594284 0.582917 0.020779
0.648933 0.525062 0.040872
0.653240 0.530170 0.038101
0.647854 0.534710 0.036220
0.654334 0.520607 0.042892
0.659741 0.516200 0.044951
0.664032 0.521247 0.041996
0.658633 0.525683 0.040028
0.638148 0.534131 0.036967
0.643538 0.529570 0.038896
0.642472 0.539303 0.034392
0.639242 0.524457 0.041723
0.640380 0.514931 0.046884
0.645798 0.510540 0.049098
0.644646 0.519982 0.043799
0.631725 0.548654 0.030903
0.632764 0.538746 0.035088
0.637096 0.543952 0.032618
0.485286 0.598965 0.018396
0.489681 0.604836 0.017126
0.484353 0.610145 0.016138
0.490642 0.593731 0.019584
0.496010 0.588537 0.020861
0.500371 0.594333 0.019371
0.495021 0.599566 0.018204
0.474605 0.609561 0.016290
0.479940 0.604241 0.017297
0.479037 0.615495 0.015241
0.475558 0.598323 0.018580
0.476589 0.587199 0.021303
0.481980 0.582048 0.022711
0.480922 0.593084 0.019789
0.468442 0.626330 0.013725
0.469283 0.614926 0.015374
0.473733 0.620890 0.014437
0.451204 0.552117 0.032792
0.455371 0.557904 0.030609
0.449916 0.562826 0.028753
0.456669 0.547297 0.034842
0.462135 0.542522 0.036995
0.466290 0.548195 0.034588
0.460830 0.553029 0.032555
0.440279 0.561885 0.028960
0.445740 0.556977 0.030831
0.444467 0.567799 0.026986
0.441584 0.551163 0.033006
0.442920 0.540639 0.037457
0.448398 0.535945 0.039753
0.447054 0.546360 0.035071
0.433593 0.577919 0.023726
0.434824 0.566846 0.027182
0.439026 0.572830 0.025310
0.494989 0.514892 0.052202
0.499089 0.520168 0.049006
0.493616 0.524717 0.046342
0.500475 0.510460 0.055096
0.505963 0.506076 0.058086
0.510042 0.511215 0.054624
0.504564 0.515668 0.051767
0.484027 0.523904 0.046712
0.489506 0.519373 0.049407
0.488146 0.529316 0.043779
0.485412 0.514079 0.052586
0.486834 0.504494 0.058935
0.492340 0.500201 0.062094
0.490905 0.509667 0.055514
0.477213 0.538658 0.038967
0.478549 0.528484 0.044122
0.482678 0.533963 0.041320
0.407683 0.592549 0.019656
0.411962 0.598895 0.018307
0.406578 0.604338 0.017179
0.413092 0.587269 0.020980
0.418511 0.582066 0.022395
0.422758 0.588268 0.020834
0.417355 0.593542 0.019525
0.396891 0.603394 0.017278
0.402283 0.597920 0.018422
0.401201 0.609886 0.016143
0.398021 0.591490 0.019780
0.399217 0.579862 0.022691
0.404655 0.574749 0.024221
0.403436 0.586201 0.021118
0.390462 0.621369 0.014346
0.391504 0.608989 0.016226
0.395830 0.615556 0.015199
0.480600 0.687183 0.009170
0.485451 0.692514 0.009067
0.480484 0.697658 0.009021
0.485613 0.681974 0.009308
0.490649 0.676747 0.009490
0.495453 0.682150 0.009291
0.490441 0.687343 0.009157
0.470639 0.697529 0.009028
0.475608 0.692370 0.009076
0.475531 0.702784 0.009005
0.470760 0.687017 0.009180
0.470981 0.676340 0.009528
0.476045 0.671063 0.009766
0.475776 0.681791 0.009323
0.465628 0.713023 0.008976
0.465685 0.702672 0.009010
0.470579 0.707907 0.008990
0.341545 0.497559 0.054087
0.345659 0.502990 0.051382
0.340138 0.507153 0.048764
0.347057 0.493501 0.056888
0.352564 0.489482 0.059800
0.356682 0.494787 0.056936
0.351173 0.498868 0.054104
0.330499 0.505800 0.048795
0.336026 0.501659 0.051392
0.334610 0.511357 0.046243
0.331908 0.496229 0.054066
0.333295 0.486882 0.059623
0.338799 0.482945 0.062572
0.337425 0.492191 0.056836
0.323521 0.519889 0.041464
0.324961 0.509982 0.046289
0.329071 0.515602 0.043813
0.506392 0.445392 0.114229
0.510516 0.449594 0.109488
0.505051 0.453194 0.105235
0.511849 0.441853 0.118674
0.517305 0.438311 0.123199
0.521441 0.442440 0.118211
0.515978 0.446011 0.113813
0.495466 0.452496 0.105565
0.500932 0.448937 0.109861
0.499580 0.456819 0.101053
0.496790 0.444730 0.114520
0.498074 0.437115 0.123813
0.503518 0.433642 0.128505
0.502245 0.441235 0.119006
0.488614 0.464170 0.092888
0.489993 0.456082 0.101337
0.494101 0.460475 0.096937
0.472286 0.412804 0.151743
0.476702 0.416903 0.147371
0.471382 0.420298 0.142532
0.477528 0.409201 0.156509
0.482735 0.405423 0.161224
0.487240 0.409698 0.156875
0.481988 0.413378 0.152151
0.461693 0.419582 0.142051
0.467009 0.416256 0.146922
0.466026 0.423585 0.137634
0.462584 0.412174 0.151183
0.463308 0.404447 0.160120
0.468470 0.400652 0.164878
0.467823 0.408652 0.155990
0.455220 0.430024 0.127808
0.456336 0.422809 0.137137
0.460638 0.426806 0.132707
0.513331 0.378082 0.188492
0.518117 0.383401 0.184137
0.513045 0.388344 0.179720
0.518319 0.372658 0.192860
0.523269 0.366972 0.197155
0.528153 0.372802 0.192822
0.523153 0.378224 0.188504
0.503253 0.388169 0.179596
0.508309 0.383252 0.184070
0.507942 0.393054 0.175251
0.503519 0.378005 0.188329
0.503597 0.366918 0.196926
0.508500 0.361015 0.201095
0.508490 0.372591 0.192759
0.497650 0.401794 0.166165
0.498168 0.392836 0.175075
0.502810 0.397535 0.170733
0.591757 0.380259 0.183043
0.596279 0.385832 0.177400
0.591129 0.390844 0.173535
0.596850 0.374779 0.186986
0.601898 0.369083 0.190918
0.606474 0.375249 0.185139
0.601396 0.380627 0.181266
0.581483 0.390551 0.175172
0.586635 0.385518 0.179109
0.585948 0.395658 0.169659
0.582054 0.379942 0.184560
0.582433 0.368290 0.193899
0.587454 0.362253 0.197732
0.587145 0.374410 0.188558
0.575495 0.404702 0.161806
0.576304 0.395360 0.171215
0.580737 0.400275 0.165754
0.552820 0.331373 0.216337
0.557833 0.337301 0.213781
0.552881 0.343282 0.211118
0.557759 0.325563 0.218344
0.562692 0.319848 0.219999
0.567719 0.325514 0.218050
0.562780 0.331371 0.216090
0.542948 0.343199 0.211277
0.547879 0.337258 0.213977
0.547929 0.349285 0.208104
0.542882 0.331349 0.216427
0.542806 0.319919 0.220211
0.547723 0.314386 0.221595
0.547805 0.325577 0.218465
0.538051 0.361239 0.201087
0.538028 0.349170 0.208246
0.542986 0.355282 0.204755
0.418364 0.507342 0.053974
0.422440 0.512752 0.050991
0.416938 0.517132 0.048228
0.423871 0.503082 0.056969
0.429381 0.498870 0.060085
0.433450 0.504134 0.056876
0.427944 0.508419 0.053873
0.407354 0.516001 0.048347
0.412858 0.511650 0.051101
0.411437 0.521556 0.045585
0.408780 0.506228 0.054051
0.410211 0.496707 0.060163
0.415723 0.492592 0.063378
0.414288 0.501994 0.057034
0.400440 0.530530 0.040647
0.401852 0.520395 0.045711
0.405937 0.526024 0.043058
0.385540 0.466264 0.079861
0.389690 0.471188 0.076512
0.384191 0.475004 0.072931
0.391025 0.462587 0.083650
0.396506 0.458982 0.087559
0.400674 0.463750 0.084033
0.395185 0.467436 0.080216
0.374556 0.473815 0.072667
0.380050 0.470009 0.076199
0.378692 0.478873 0.069476
0.375891 0.465075 0.079495
0.377190 0.456593 0.086639
0.382656 0.453060 0.090584
0.381372 0.461401 0.083237
0.367690 0.486746 0.062954
0.369061 0.477669 0.069259
0.373191 0.482788 0.066150
0.429240 0.438713 0.113177
0.433468 0.443002 0.109117
0.428018 0.446316 0.104691
0.434674 0.435508 0.117788
0.440105 0.432325 0.122499
0.444353 0.436481 0.118260
0.438912 0.439727 0.113639
0.418356 0.445237 0.104244
0.423801 0.441952 0.108662
0.422563 0.449679 0.100360
0.419564 0.437630 0.112642
0.420728 0.430244 0.121317
0.426141 0.427170 0.126106
0.424993 0.434463 0.117244
0.411632 0.456582 0.091993
0.412905 0.448576 0.099922
0.417101 0.453100 0.096127
0.559325 0.688475 0.009050
0.564196 0.693657 0.008971
0.559248 0.698647 0.008944
0.564314 0.683434 0.009153
0.569322 0.678379 0.009292
0.574147 0.683625 0.009133
0.569161 0.688651 0.009034
0.549406 0.698516 0.008954
0.554357 0.693504 0.008983
0.554313 0.703630 0.008940
0.549488 0.688303 0.009066
0.549661 0.677948 0.009344
0.554696 0.672840 0.009530
0.554480 0.683238 0.009174
0.544438 0.713621 0.008933
0.544467 0.703519 0.008949
0.549375 0.708622 0.008937
0.521320 0.645205 0.011444
0.525970 0.650779 0.010955
0.520832 0.656022 0.010581
0.526506 0.639926 0.011903
0.531714 0.634633 0.012398
0.536310 0.640268 0.011811
0.531129 0.645529 0.011366
0.511011 0.655740 0.010636
0.516155 0.650476 0.011021
0.515714 0.661259 0.010244
0.511509 0.644879 0.011521
0.512118 0.633894 0.012607
0.517361 0.628549 0.013170
0.516701 0.639578 0.011994
0.505542 0.671720 0.009686
0.505889 0.661001 0.010289
0.510618 0.666492 0.009945
0.563288 0.603018 0.016704
0.567770 0.608639 0.015576
0.562496 0.613870 0.014758
0.568588 0.597834 0.017704
0.573896 0.592680 0.018779
0.578348 0.598254 0.017441
0.573054 0.603433 0.016471
0.552720 0.613465 0.014942
0.557999 0.608228 0.015783
0.557233 0.619124 0.014023
0.553526 0.602584 0.016932
0.554399 0.591778 0.019340
0.559728 0.586649 0.020549
0.558831 0.597396 0.017959
0.546739 0.629699 0.012805
0.547451 0.618727 0.014185
0.551980 0.624400 0.013371
0.726787 0.530430 0.034427
0.731130 0.535454 0.032090
0.725724 0.539809 0.030523
0.732203 0.526144 0.036079
0.737626 0.521894 0.037749
0.741964 0.526877 0.035293
0.736544 0.531145 0.033682
0.715977 0.539137 0.031197
0.721377 0.534761 0.032798
0.720329 0.544212 0.028985
0.717032 0.529720 0.035188
0.718106 0.520405 0.039456
0.723529 0.516159 0.041233
0.722445 0.525414 0.036881
0.709570 0.553165 0.026025
0.710586 0.543561 0.029629
0.714944 0.548663 0.027483
0.692293 0.490655 0.057881
0.696557 0.495558 0.054410
0.691124 0.499745 0.052290
0.697726 0.486518 0.060118
0.703160 0.482409 0.062381
0.707425 0.487272 0.058726
0.701991 0.491402 0.056555
0.681428 0.499021 0.053483
0.686860 0.494821 0.055669
0.685694 0.503965 0.050187
0.682612 0.489932 0.059224
0.683816 0.480964 0.065355
0.689250 0.476875 0.067778
0.688046 0.485788 0.061529
0.674851 0.512519 0.046038
0.675997 0.503255 0.051315
0.680270 0.508222 0.048101
0.675408 0.471465 0.073542
0.679604 0.476188 0.069359
0.674170 0.480278 0.066868
0.680844 0.467433 0.076151
0.686280 0.463423 0.078784
0.690473 0.468089 0.074415
0.685038 0.472126 0.071875
0.709448 0.510417 0.044998
0.713773 0.515405 0.042159
0.708351 0.519667 0.040333
0.714878 0.506211 0.046908
0.720312 0.502032 0.048830
0.724630 0.506984 0.045858
0.719200 0.511180 0.044002
0.545613 0.580556 0.022482
0.549993 0.586164 0.020847
0.544657 0.591296 0.019610
0.550971 0.575494 0.023903
0.556337 0.570471 0.025396
0.560689 0.576006 0.023550
0.555337 0.581067 0.022162
0.503054 0.622348 0.014062
0.507570 0.628146 0.013289
0.502320 0.633514 0.012709
0.508339 0.616999 0.014809
0.513636 0.611688 0.015647
0.518115 0.617453 0.014657
0.512837 0.622783 0.013928
0.540102 0.667219 0.009830
0.544868 0.672608 0.009562
0.539829 0.677738 0.009369
0.545184 0.662052 0.010103
0.550287 0.656876 0.010410
0.555005 0.662322 0.010054
0.549926 0.667469 0.009791
0.412136 0.421871 0.129432
0.416443 0.426048 0.125388
0.411036 0.429082 0.120611
0.417504 0.418929 0.134315
0.422841 0.415965 0.139195
0.427213 0.420048 0.135133
0.421840 0.423040 0.130240
0.368783 0.447120 0.093516
0.372992 0.451836 0.090065
0.367530 0.455368 0.086167
0.374229 0.443727 0.097612
0.379667 0.440406 0.101826
0.383898 0.444983 0.098227
0.378449 0.448372 0.094087
0.402038 0.486321 0.066592
0.406129 0.491483 0.063352
0.400618 0.495573 0.060155
0.407549 0.482350 0.070016
0.413060 0.478427 0.073560
0.417154 0.483447 0.070115
0.411640 0.487440 0.066672
0.532858 0.309021 0.222670
0.537825 0.314399 0.221607
0.532928 0.319910 0.220228
0.537758 0.303785 0.223414
0.542667 0.298683 0.223852
0.547646 0.303759 0.223417
0.542730 0.309015 0.222667
0.572748 0.355724 0.203326
0.577629 0.362006 0.198867
0.572609 0.368049 0.195007
0.577731 0.349586 0.206559
0.582689 0.343470 0.209465
0.587595 0.349769 0.205618
0.582627 0.355887 0.202401
0.493754 0.355388 0.204388
0.498676 0.361142 0.200835
0.493796 0.367049 0.196584
0.498621 0.349302 0.207980
0.503498 0.343231 0.211185
0.508448 0.349094 0.208203
0.503559 0.355132 0.204704
0.454129 0.395890 0.168060
0.458742 0.400189 0.164143
0.453579 0.403876 0.159364
0.459215 0.391873 0.172810
0.464264 0.387586 0.177537
0.468953 0.392141 0.173618
0.463867 0.396288 0.168895
0.489653 0.428973 0.133471
0.493878 0.433023 0.128646
0.488437 0.436445 0.123915
0.495058 0.425579 0.138306
0.500440 0.422106 0.143096
0.504724 0.426136 0.138236
0.499310 0.429588 0.133438
0.325004 0.476423 0.065286
0.329155 0.481627 0.062441
0.323649 0.485547 0.059530
0.330494 0.472597 0.068377
0.335977 0.468808 0.071586
0.340144 0.473905 0.068601
0.334654 0.477747 0.065463
0.461485 0.665253 0.010102
0.466217 0.670827 0.009787
0.461151 0.676125 0.009543
0.466601 0.659912 0.010445
0.471739 0.654566 0.010832
0.476418 0.660200 0.010411
0.471306 0.665518 0.010077
0.390859 0.567284 0.026151
0.395026 0.573551 0.024370
0.389584 0.578652 0.022828
0.396321 0.562366 0.027878
0.401792 0.557517 0.029692
0.405936 0.563587 0.027717
0.400477 0.568532 0.025999
0.478723 0.494313 0.066077
0.482774 0.499375 0.062458
0.477263 0.503646 0.059267
0.484247 0.490162 0.069501
0.489774 0.486057 0.073018
0.493810 0.490977 0.069140
0.488290 0.495152 0.065751
0.434698 0.529330 0.042567
0.438802 0.534962 0.039957
0.433321 0.539632 0.037658
0.440188 0.524777 0.045103
0.445680 0.520271 0.047760
0.449773 0.525760 0.044912
0.444287 0.530336 0.042375
0.468016 0.575433 0.024688
0.472288 0.581313 0.022937
0.466890 0.586463 0.021509
0.473438 0.570382 0.026314
0.478868 0.565379 0.028027
0.483110 0.571153 0.026059
0.477694 0.576210 0.024454
0.631922 0.504931 0.053536
0.636139 0.509914 0.050128
0.630719 0.514319 0.047843
0.637356 0.500607 0.055962
0.642795 0.496327 0.058412
0.646995 0.501243 0.054792
0.641565 0.505556 0.052447
0.588632 0.541218 0.035819
0.592921 0.546522 0.033303
0.587538 0.551323 0.031497
0.594028 0.536508 0.037820
0.599428 0.531848 0.039893
0.603698 0.537070 0.037143
0.598307 0.541771 0.035187
0.623550 0.584176 0.019638
0.628014 0.589603 0.018188
0.622720 0.594675 0.017205
0.628864 0.579176 0.020788
0.634187 0.574223 0.022005
0.638628 0.579586 0.020356
0.633317 0.584572 0.019239
0.566608 0.433148 0.128734
0.570665 0.437234 0.123122
0.565195 0.440923 0.118958
0.572071 0.429477 0.132979
0.577501 0.425738 0.137100
0.581580 0.429810 0.131404
0.576129 0.433530 0.127297
0.522774 0.462538 0.095531
0.526830 0.466986 0.090988
0.521346 0.470847 0.087194
0.528251 0.458793 0.099500
0.533731 0.455085 0.103525
0.537796 0.459405 0.098741
0.532314 0.463174 0.094838
0.555183 0.500141 0.061557
0.559280 0.505122 0.057817
0.553813 0.509529 0.054996
0.560670 0.495835 0.064578
0.566159 0.491571 0.067652
0.570233 0.496438 0.063647
0.564754 0.500760 0.060703
0.609303 0.400915 0.159876
0.613504 0.405519 0.153956
0.608268 0.409797 0.150330
0.614479 0.396390 0.163539
0.619629 0.391792 0.167227
0.623903 0.396770 0.161232
0.618716 0.401173 0.157586
0.642305 0.435627 0.113309
0.646403 0.439937 0.107750
0.640965 0.443785 0.104454
0.647741 0.431807 0.116676
0.653162 0.427989 0.120002
0.657300 0.432297 0.114326
0.651851 0.436112 0.111054
0.598923 0.466904 0.086635
0.602993 0.471422 0.081952
0.597555 0.475485 0.078836
0.604352 0.462918 0.089883
0.609776 0.458957 0.093157
0.613848 0.463393 0.088264
0.608424 0.467393 0.085095
0.666267 0.545629 0.030658
0.670636 0.550818 0.028445
0.665283 0.555478 0.026936
0.671636 0.541053 0.032313
0.677012 0.536528 0.034019
0.681367 0.541661 0.031633
0.675998 0.546213 0.030013
0.511500 0.536267 0.040161
0.515680 0.541715 0.037479
0.510248 0.546512 0.035346
0.516944 0.531576 0.042526
0.522391 0.526937 0.044987
0.526552 0.532270 0.042041
0.521114 0.536968 0.039711
0.424998 0.617812 0.014961
0.429412 0.624053 0.014085
0.424109 0.629658 0.013370
0.430337 0.612292 0.015853
0.435687 0.606847 0.016837
0.440063 0.613006 0.015741
0.434732 0.618496 0.014867
0.500129 0.708177 0.008973
0.505034 0.713326 0.008957
0.500088 0.718386 0.008948
0.505077 0.703097 0.008983
0.510026 0.698018 0.008993
0.514926 0.703200 0.008974
0.509980 0.708263 0.008965
0.357971 0.519678 0.043597
0.362069 0.525380 0.041133
0.356555 0.529799 0.038856
0.363483 0.515364 0.046065
0.368992 0.511090 0.048639
0.373085 0.516662 0.045991
0.367579 0.521001 0.043509
0.532120 0.398411 0.170473
0.536668 0.403136 0.165690
0.531413 0.407308 0.161283
0.537298 0.393885 0.174826
0.542449 0.389163 0.179131
0.547094 0.394276 0.174321
0.541896 0.398800 0.170037
0.446030 0.456178 0.097024
0.450177 0.460693 0.093038
0.444686 0.464329 0.088965
0.451505 0.452678 0.101282
0.456975 0.449228 0.105633
0.461143 0.453594 0.101463
0.455663 0.457117 0.097205
0.581353 0.625485 0.012926
0.585924 0.631082 0.012284
0.580714 0.636349 0.011843
0.586593 0.620224 0.013510
0.591843 0.614985 0.014171
0.596387 0.620553 0.013325
0.591151 0.625808 0.012767
0.667064 0.462188 0.082439
0.665792 0.470825 0.075223
0.661627 0.466182 0.079665
0.671229 0.466798 0.077902
0.669974 0.475524 0.070957
0.700838 0.500490 0.051115
0.699707 0.509667 0.046016
0.695406 0.504695 0.049076
0.705135 0.505445 0.047981
0.704023 0.514659 0.043104
0.536934 0.569371 0.026133
0.535894 0.580021 0.022794
0.531553 0.574395 0.024575
0.541259 0.574957 0.024244
0.540261 0.585655 0.021138
0.494108 0.610691 0.015980
0.493274 0.621893 0.014192
0.488798 0.616030 0.015103
0.498566 0.616529 0.014958
0.497780 0.627731 0.013405
0.530651 0.656305 0.010525
0.530275 0.666973 0.009869
0.525539 0.661521 0.010198
0.535362 0.661785 0.010151
0.535039 0.672379 0.009594
0.403417 0.413515 0.137309
0.402432 0.420604 0.128543
0.398092 0.416379 0.132447
0.407796 0.417705 0.133417
0.406744 0.424837 0.124590
0.360330 0.437796 0.100482
0.359117 0.445837 0.092940
0.354895 0.441124 0.096358
0.364562 0.442442 0.096989
0.363329 0.450583 0.089542
0.393822 0.476176 0.073185
0.392429 0.485169 0.066472
0.388318 0.480058 0.069687
0.397937 0.481220 0.069874
0.396528 0.490340 0.063292
0.522939 0.298697 0.223848
0.522994 0.309023 0.222668
0.518037 0.303796 0.223416
0.527895 0.303789 0.223413
0.527959 0.314396 0.221611
0.562834 0.343349 0.210771
0.562832 0.355595 0.204028
0.557871 0.349403 0.207808
0.567811 0.349498 0.207290
0.567752 0.361826 0.199770
0.483959 0.344123 0.210567
0.484004 0.355818 0.203927
0.479128 0.350303 0.207135
0.488847 0.349705 0.207626
0.488896 0.361416 0.200422
0.444779 0.387195 0.175593
0.444388 0.395411 0.167118
0.439734 0.391130 0.170855
0.449473 0.391555 0.171873
0.449005 0.399663 0.163290
0.481069 0.420955 0.142869
0.479986 0.428305 0.133359
0.475706 0.424305 0.138005
0.485384 0.424969 0.138229
0.484226 0.432353 0.128644
0.316659 0.466141 0.071036
0.315349 0.475070 0.065109
0.311182 0.469896 0.067932
0.320837 0.471262 0.068152
0.319504 0.480286 0.062307
0.452124 0.653901 0.010909
0.451668 0.664977 0.010124
0.446977 0.659299 0.010502
0.456787 0.659612 0.010475
0.456393 0.670583 0.009806
0.382585 0.554947 0.030004
0.381249 0.565964 0.026296
0.377111 0.559723 0.028177
0.386713 0.561078 0.028031
0.385406 0.572280 0.024512
0.470628 0.484363 0.073561
0.469149 0.493437 0.066330
0.465098 0.488418 0.069986
0.474676 0.489308 0.069783
0.473203 0.498513 0.062754
0.426519 0.518222 0.048090
0.425111 0.528275 0.042746
0.421021 0.522675 0.045441
0.430605 0.523749 0.045280
0.429210 0.533928 0.040149
0.459560 0.563721 0.028529
0.458345 0.574611 0.024908
0.454117 0.568706 0.026777
0.463774 0.569566 0.026553
0.462603 0.580532 0.023151
0.623567 0.495082 0.060856
0.622294 0.504316 0.054612
0.618122 0.499374 0.058248
0.627732 0.499986 0.057112
0.626494 0.509299 0.051144
0.580125 0.530705 0.041328
0.578964 0.540663 0.036447
0.574712 0.535379 0.039160
0.584366 0.535944 0.038493
0.583240 0.545979 0.033892
0.614688 0.573345 0.022906
0.613789 0.583768 0.020028
0.609357 0.578324 0.021624
0.619108 0.578756 0.021210
0.618244 0.589220 0.018555
0.558386 0.424987 0.139857
0.557053 0.432718 0.129969
0.552939 0.428648 0.135482
0.562524 0.429086 0.134337
0.561133 0.436812 0.124433
0.514619 0.453848 0.104788
0.513229 0.461886 0.096109
0.509149 0.457509 0.100649
0.518704 0.458161 0.100134
0.517293 0.466330 0.091622
0.547052 0.490333 0.069449
0.545617 0.499500 0.062349
0.541552 0.494563 0.066229
0.551109 0.495210 0.065438
0.549703 0.504490 0.058603
0.600712 0.391119 0.171647
0.599864 0.400747 0.162081
0.595538 0.395918 0.167854
0.605052 0.396134 0.165794
0.604102 0.405356 0.156224
0.634120 0.427110 0.124691
0.632795 0.435193 0.115504
0.628728 0.430968 0.121198
0.638215 0.431355 0.118966
0.636871 0.439463 0.109902
0.590831 0.458118 0.096456
0.589435 0.466438 0.088146
0.585392 0.462037 0.093013
0.594870 0.462468 0.091470
0.593486 0.470919 0.083415
0.657567 0.535302 0.035479
0.656540 0.545058 0.031307
0.652188 0.539873 0.033693
0.661909 0.540457 0.033000
0.660905 0.550260 0.029057
0.503206 0.525492 0.045929
0.501891 0.535539 0.040581
0.497744 0.530107 0.043398
0.507343 0.530859 0.042979
0.506059 0.541008 0.037895
0.416273 0.605227 0.017073
0.415269 0.617095 0.015047
0.410906 0.610733 0.016054
0.420618 0.611535 0.015957
0.419668 0.623417 0.014161
0.490330 0.697781 0.009013
0.490278 0.708091 0.008980
0.485379 0.702893 0.008999
0.495227 0.702996 0.008991
0.495181 0.713255 0.008963
0.349767 0.508485 0.048728
0.348350 0.518337 0.043677
0.344246 0.512711 0.046191
0.353870 0.514047 0.046131
0.352453 0.524033 0.041230
0.522844 0.388557 0.179688
0.522349 0.398085 0.170724
0.517726 0.393285 0.175274
0.527512 0.393555 0.175137
0.526912 0.402754 0.166063
0.437675 0.447338 0.105068
0.436392 0.455200 0.096786
0.432215 0.450730 0.100730
0.441862 0.451728 0.101036
0.440548 0.459731 0.092863
0.572275 0.614260 0.014571
0.571559 0.625140 0.013080
0.567017 0.619508 0.013858
0.576803 0.619876 0.013688
0.576123 0.630762 0.012420
0.719298 0.553770 0.025443
0.713931 0.558301 0.024050
0.724678 0.549291 0.026881
0.708576 0.562883 0.022710
0.703238 0.567516 0.021431
0.740883 0.536152 0.031397
0.735472 0.540484 0.029864
0.746301 0.531864 0.032951
0.730070 0.544863 0.028357
0.554287 0.713698 0.008927
0.549350 0.718687 0.008923
0.559223 0.708716 0.008930
0.544413 0.723679 0.008919
0.539476 0.728674 0.008915
0.574035 0.693807 0.008959
0.569089 0.698780 0.008934
0.578999 0.688812 0.009020
0.564157 0.703742 0.008932
0.316494 0.534460 0.034792
0.460635 0.728361 0.008938
0.384226 0.639689 0.012161
0.634992 0.632345 0.011526
0.629796 0.637584 0.011204
0.640203 0.627113 0.011875
0.624619 0.642807 0.010892
0.619465 0.648011 0.010593
0.655864 0.611613 0.013322
0.650639 0.616744 0.012772
0.661094 0.606523 0.013940
0.645418 0.621911 0.012289
0.676818 0.591518 0.016204
0.671570 0.596474 0.015380
0.682074 0.586612 0.017100
0.666329 0.601476 0.014625
0.697921 0.572207 0.020232
0.692623 0.576954 0.019112
0.687342 0.581757 0.018069
0.421586 0.686139 0.009205
0.514795 0.753583 0.008898
0.509862 0.758538 0.008896
0.519729 0.748616 0.008901
0.504930 0.763480 0.008896
0.500000 0.768407 0.008896
0.534538 0.733666 0.008911
0.529601 0.738656 0.008907
0.524665 0.743640 0.008904
0.349789 0.585242 0.020272
0.594015 0.673691 0.009402
0.588989 0.678754 0.009243
0.599062 0.668604 0.009590
0.583984 0.683794 0.009115
0.614332 0.653194 0.010310
0.609221 0.658355 0.010047
0.604131 0.663492 0.009806
0.295972 0.505770 0.046410
0.291876 0.500217 0.048900
0.300070 0.511377 0.043968
0.287779 0.494715 0.051431
0.283680 0.489258 0.053998
0.312378 0.528589 0.036986
0.308272 0.522780 0.039250
0.304169 0.517045 0.041580
0.436154 0.702307 0.009018
0.431275 0.696969 0.009041
0.441039 0.707601 0.008999
0.426416 0.691583 0.009097
0.455729 0.723229 0.008950
0.450827 0.718059 0.008965
0.445931 0.712851 0.008981
0.362456 0.605983 0.016433
0.358214 0.599033 0.017604
0.366723 0.612932 0.015377
0.353993 0.592110 0.018885
0.379763 0.633292 0.012837
0.375361 0.626680 0.013595
0.371020 0.619855 0.014437
0.397930 0.657896 0.010578
0.393315 0.651967 0.011036
0.402589 0.663712 0.010185
0.388745 0.645905 0.011562
0.416787 0.680637 0.009366
0.412020 0.675071 0.009582
0.407286 0.669433 0.009854
0.475376 0.743568 0.008910
0.470459 0.738529 0.008917
0.480295 0.748580 0.008904
0.465545 0.733461 0.008927
0.495070 0.763479 0.008896
0.490144 0.758533 0.008897
0.485218 0.753568 0.008900
0.328915 0.552541 0.028681
0.324764 0.546411 0.030634
0.333075 0.558803 0.026814
0.320624 0.540392 0.032673
0.345597 0.578454 0.021763
0.341415 0.571769 0.023352
0.337242 0.565213 0.025037
