0.588245 0.592836 0.024860
0.586755 0.604039 0.021453
0.582659 0.597997 0.023234
0.464647 0.436403 0.163312
0.463252 0.441950 0.151951
0.459269 0.438423 0.157643
0.542265 0.388424 0.270858
0.542755 0.398412 0.255188
0.537917 0.393504 0.262988
0.375872 0.477745 0.086114
0.373980 0.486334 0.078130
0.370223 0.481092 0.082285
0.501918 0.680702 0.010244
0.501410 0.692597 0.009758
0.496777 0.686459 0.009981
0.435562 0.573807 0.030478
0.433805 0.585951 0.026260
0.429975 0.579029 0.028471
0.526071 0.503212 0.077269
0.524192 0.512130 0.069131
0.520426 0.506976 0.073487
0.677976 0.519633 0.064899
0.676451 0.528691 0.057958
0.672418 0.523645 0.061723
0.613546 0.450381 0.150920
0.612452 0.457183 0.139195
0.608373 0.453536 0.145703
0.653203 0.424348 0.195665
0.652982 0.431342 0.182334
0.648438 0.427711 0.189917
0.615216 0.390432 0.262714
0.615712 0.400184 0.246632
0.611008 0.395365 0.255524
0.570838 0.475565 0.111458
0.569147 0.483129 0.101412
0.565311 0.478817 0.106859
0.539286 0.445379 0.159924
0.537993 0.451491 0.148033
0.534007 0.447950 0.154286
0.579560 0.423429 0.208859
0.579111 0.429916 0.195242
0.574783 0.426541 0.202585
0.633233 0.553878 0.041766
0.631606 0.564058 0.036481
0.627601 0.558496 0.039293
0.601699 0.512010 0.071047
0.599984 0.521074 0.063387
0.596092 0.516009 0.067533
0.645993 0.482098 0.102445
0.644494 0.490137 0.093071
0.640534 0.485667 0.098262
0.480750 0.535677 0.050355
0.478826 0.546167 0.044259
0.475071 0.540120 0.047507
0.450949 0.491547 0.082383
0.449007 0.500328 0.074129
0.445295 0.495061 0.078470
0.495966 0.466541 0.118013
0.494164 0.473731 0.107862
0.490391 0.469393 0.113201
0.405679 0.522181 0.054531
0.403739 0.532584 0.048210
0.400033 0.526383 0.051566
0.467107 0.628717 0.016261
0.465895 0.641146 0.014230
0.461704 0.634404 0.015263
0.345266 0.439984 0.121623
0.343545 0.447135 0.112672
0.339668 0.442589 0.117122
0.505836 0.419340 0.213012
0.505246 0.425063 0.199965
0.500940 0.421893 0.206496
0.468420 0.389233 0.265683
0.468913 0.397235 0.251520
0.464118 0.393351 0.257838
0.501105 0.336085 0.325578
0.501891 0.349899 0.315397
0.496717 0.343303 0.320587
0.578804 0.335266 0.325682
0.578764 0.349260 0.315537
0.574050 0.342124 0.321231
0.539319 0.289717 0.339390
0.539353 0.299689 0.339083
0.534399 0.294668 0.339313
0.420859 0.454255 0.121150
0.419084 0.461277 0.111420
0.415276 0.456863 0.116354
0.389391 0.422832 0.162245
0.387943 0.428395 0.151595
0.383966 0.424604 0.156747
0.431235 0.410825 0.210003
0.430479 0.415598 0.198082
0.426203 0.412384 0.203757
0.544091 0.635640 0.014955
0.543038 0.647349 0.013215
0.538704 0.641155 0.014116
0.511363 0.584955 0.027533
0.509739 0.596588 0.023744
0.505760 0.590169 0.025736
0.556574 0.546084 0.045907
0.554780 0.556451 0.040194
0.550904 0.550676 0.043248
0.722066 0.489685 0.092039
0.720706 0.497971 0.083882
0.716596 0.493262 0.088527
0.688688 0.454715 0.137758
0.687654 0.462186 0.126853
0.683452 0.458074 0.133132
0.592324 0.598833 0.022942
0.468655 0.439839 0.157517
0.547149 0.393725 0.262821
0.379631 0.482883 0.081865
0.506517 0.686863 0.009938
0.439380 0.580623 0.028128
0.529841 0.508253 0.072772
0.682014 0.524622 0.061022
0.617667 0.453991 0.144273
0.657834 0.428030 0.187943
0.619933 0.395599 0.253579
0.574700 0.479772 0.105893
0.543306 0.448862 0.153527
0.583954 0.426896 0.201406
0.637237 0.559366 0.038837
0.605595 0.516991 0.066767
0.649980 0.486507 0.097126
0.484503 0.541620 0.046983
0.454666 0.496694 0.077920
0.499763 0.470764 0.112566
0.409382 0.528259 0.051066
0.471264 0.635433 0.015128
0.349150 0.444445 0.117084
0.510211 0.422609 0.206405
0.473290 0.393379 0.259176
0.506254 0.342629 0.321110
0.583446 0.342271 0.320766
0.544254 0.294663 0.339317
0.424686 0.458555 0.116120
0.393388 0.426526 0.157006
0.435570 0.414032 0.204298
0.548384 0.641825 0.013966
0.515323 0.591298 0.025401
0.560449 0.551774 0.042731
0.726197 0.494371 0.087265
0.692925 0.458800 0.131332
0.683884 0.485596 0.097347
0.687940 0.490157 0.092257
0.682460 0.493799 0.088522
0.689320 0.482039 0.101254
0.705491 0.471564 0.113266
0.709646 0.475983 0.107651
0.704249 0.479476 0.103736
0.716428 0.523699 0.061955
0.720518 0.528660 0.058301
0.714960 0.532633 0.055414
0.721973 0.519842 0.064973
0.738571 0.508628 0.074183
0.742694 0.513437 0.070177
0.737160 0.517154 0.067174
0.549691 0.589226 0.026147
0.553719 0.595370 0.024128
0.548143 0.600622 0.022557
0.555299 0.584104 0.027972
0.572200 0.569141 0.034121
0.576170 0.575014 0.031566
0.570538 0.580005 0.029538
0.505479 0.632542 0.015617
0.509718 0.638961 0.014559
0.504352 0.644599 0.013741
0.510917 0.626959 0.016601
0.527416 0.610413 0.020023
0.531518 0.616790 0.018569
0.526019 0.622288 0.017455
0.540869 0.682342 0.010020
0.545530 0.688280 0.009744
0.540466 0.693868 0.009599
0.545998 0.676747 0.010312
0.561579 0.660090 0.011602
0.566081 0.666074 0.011006
0.560895 0.671596 0.010589
0.427047 0.430238 0.163229
0.431067 0.433759 0.157738
0.425647 0.435675 0.152244
0.432412 0.428484 0.168932
0.448301 0.423422 0.186823
0.452443 0.426565 0.180908
0.447149 0.428321 0.174906
0.383126 0.447280 0.121551
0.386983 0.451644 0.116776
0.381381 0.454340 0.112186
0.388699 0.444787 0.126356
0.405292 0.437953 0.141490
0.409221 0.441905 0.136374
0.403693 0.444176 0.131296
0.413452 0.484806 0.084433
0.417178 0.489970 0.080049
0.411522 0.493502 0.076263
0.419103 0.481479 0.088454
0.436023 0.472052 0.101241
0.439768 0.476761 0.096397
0.434128 0.479924 0.092129
0.539906 0.335228 0.326227
0.544921 0.342050 0.321699
0.540296 0.349019 0.316377
0.544645 0.328634 0.330006
0.559201 0.310366 0.337253
0.564205 0.316127 0.335434
0.559307 0.322249 0.333062
0.579182 0.389429 0.268624
0.583898 0.394822 0.259951
0.579488 0.399633 0.252588
0.583600 0.383815 0.276467
0.596920 0.364420 0.299956
0.601390 0.371688 0.291061
0.597037 0.378039 0.283244
0.505151 0.388370 0.269950
0.510141 0.393275 0.262447
0.505788 0.397816 0.254690
0.509357 0.382905 0.278210
0.521887 0.363252 0.303001
0.527093 0.370099 0.295381
0.522877 0.376682 0.287086
0.468657 0.416029 0.212119
0.473034 0.419189 0.206023
0.467998 0.421193 0.199617
0.473544 0.413755 0.218697
0.487636 0.405239 0.239387
0.492289 0.408947 0.232777
0.487614 0.411926 0.225876
0.502074 0.441454 0.162328
0.506079 0.444897 0.156183
0.500722 0.447260 0.150662
0.507360 0.439162 0.168105
0.522937 0.432106 0.186367
0.527070 0.435321 0.179645
0.521891 0.437758 0.173536
0.338131 0.470497 0.087619
0.341925 0.475620 0.083497
0.336257 0.478979 0.079836
0.343786 0.467309 0.091452
0.360702 0.458218 0.103612
0.364517 0.462959 0.099176
0.358880 0.466003 0.095088
0.463139 0.678502 0.010420
0.467643 0.684980 0.010089
0.462496 0.690856 0.009875
0.468335 0.672644 0.010802
0.484070 0.655255 0.012414
0.488449 0.661732 0.011724
0.483209 0.667504 0.011200
0.398101 0.566906 0.031911
0.401861 0.573988 0.029453
0.396286 0.579446 0.027441
0.403686 0.561772 0.034145
0.420520 0.547196 0.041412
0.424254 0.553727 0.038460
0.418635 0.558592 0.036064
0.488477 0.497729 0.080072
0.492213 0.502829 0.075558
0.486549 0.506575 0.071821
0.494132 0.494190 0.084065
0.511050 0.484058 0.096708
0.514800 0.488695 0.091644
0.509167 0.492112 0.087453
0.443140 0.529301 0.052457
0.446854 0.535337 0.049035
0.441189 0.539789 0.046239
0.448807 0.525042 0.055474
0.465817 0.512781 0.065276
0.469540 0.518357 0.061327
0.463868 0.522470 0.058073
0.473305 0.579841 0.029001
0.477190 0.586424 0.026758
0.471607 0.591732 0.024997
0.478921 0.574716 0.031016
0.495856 0.559880 0.037722
0.499686 0.566089 0.034933
0.494039 0.571042 0.032723
0.639737 0.515817 0.067940
0.643704 0.520798 0.063858
0.638121 0.524916 0.060612
0.645302 0.511835 0.071400
0.661927 0.500268 0.082191
0.665923 0.505011 0.077588
0.660386 0.508859 0.074055
0.594820 0.550179 0.043764
0.598760 0.555760 0.040716
0.593109 0.560462 0.038279
0.600467 0.545626 0.046412
0.617360 0.532413 0.055014
0.621308 0.537694 0.051450
0.615683 0.542101 0.048606
0.626939 0.596157 0.023618
0.631054 0.602101 0.021786
0.625490 0.607281 0.020375
0.632530 0.591069 0.025276
0.649358 0.576140 0.030906
0.653432 0.581839 0.028553
0.647826 0.586820 0.026697
0.576444 0.448451 0.156223
0.580503 0.451954 0.149629
0.575234 0.454845 0.144299
0.581627 0.445605 0.161815
0.596840 0.436817 0.179225
0.601058 0.440119 0.171913
0.596004 0.443151 0.166191
0.533383 0.471471 0.115065
0.537194 0.475669 0.109522
0.531624 0.478835 0.104901
0.538893 0.468472 0.119883
0.555222 0.459757 0.134881
0.559154 0.463562 0.128861
0.553713 0.466518 0.123896
0.563797 0.507937 0.074254
0.567630 0.512935 0.069836
0.561992 0.516931 0.066308
0.569423 0.504116 0.078034
0.586235 0.493010 0.089989
0.590086 0.497618 0.084991
0.584490 0.501357 0.081055
0.616159 0.423815 0.202903
0.620615 0.427248 0.195237
0.615833 0.430593 0.189370
0.620797 0.420266 0.208943
0.634271 0.409047 0.227666
0.639047 0.413042 0.219461
0.634549 0.416705 0.213276
0.650893 0.452230 0.144887
0.655101 0.456101 0.138318
0.649861 0.459411 0.133492
0.656059 0.448960 0.149935
0.671372 0.439166 0.165450
0.675765 0.442947 0.158231
0.670649 0.446235 0.153147
0.608361 0.478917 0.107083
0.612277 0.483192 0.101590
0.606767 0.486724 0.097322
0.613806 0.475508 0.111533
0.629916 0.465441 0.125349
0.633960 0.469460 0.119376
0.628594 0.472850 0.114816
0.671806 0.557323 0.039874
0.675860 0.562726 0.037029
0.670257 0.567369 0.034753
0.677409 0.552839 0.042362
0.694175 0.539872 0.050346
0.698241 0.545035 0.047078
0.692654 0.549333 0.044437
0.518556 0.541287 0.048118
0.522363 0.547103 0.044828
0.516688 0.551728 0.042199
0.524227 0.536832 0.050970
0.541218 0.523962 0.060242
0.545036 0.529379 0.056399
0.539374 0.533689 0.053332
0.429064 0.624016 0.016859
0.433145 0.630984 0.015648
0.427759 0.636816 0.014659
0.434510 0.618265 0.018041
0.451016 0.601290 0.022085
0.454964 0.608220 0.020416
0.449460 0.613872 0.019102
0.500424 0.727014 0.009158
0.505240 0.732454 0.009093
0.500235 0.737715 0.009047
0.505454 0.721580 0.009222
0.520586 0.704871 0.009454
0.525339 0.710682 0.009348
0.520304 0.716227 0.009275
0.368247 0.514555 0.056511
0.371985 0.520584 0.053029
0.366352 0.524789 0.050104
0.373894 0.510546 0.059619
0.390843 0.498999 0.069554
0.394559 0.504616 0.065629
0.388911 0.508485 0.062323
0.542802 0.421544 0.212140
0.547182 0.425005 0.205104
0.542261 0.427753 0.198662
0.547573 0.418476 0.218756
0.561428 0.407881 0.239237
0.566054 0.412079 0.231532
0.561457 0.415654 0.224794
0.458442 0.460727 0.119935
0.462245 0.464983 0.114688
0.456642 0.467806 0.109936
0.464000 0.458106 0.124884
0.480519 0.450700 0.140346
0.484421 0.454509 0.134694
0.478918 0.457020 0.129554
0.582845 0.638292 0.014290
0.587177 0.644330 0.013361
0.581848 0.649709 0.012667
0.588258 0.632933 0.015140
0.604716 0.616964 0.018134
0.608895 0.623050 0.016843
0.603405 0.628355 0.015867
0.667563 0.468222 0.119640
0.666283 0.475895 0.109542
0.662209 0.471645 0.115267
0.671666 0.472432 0.113781
0.678426 0.489194 0.093489
0.700106 0.504238 0.078172
0.698649 0.512838 0.070577
0.694589 0.507997 0.074782
0.704176 0.509039 0.073859
0.710875 0.527628 0.058975
0.533904 0.564900 0.035866
0.532164 0.575909 0.031072
0.528250 0.569797 0.033614
0.537803 0.570933 0.033190
0.544098 0.594417 0.024437
0.489055 0.606303 0.021050
0.487580 0.618523 0.018286
0.483524 0.611850 0.019724
0.493086 0.612943 0.019491
0.500075 0.638166 0.014706
0.522754 0.657908 0.012028
0.521990 0.669761 0.010916
0.517501 0.663561 0.011474
0.527204 0.664112 0.011385
0.535769 0.687953 0.009796
0.410724 0.416628 0.185403
0.409527 0.421488 0.173932
0.405451 0.418066 0.179439
0.414835 0.419971 0.179821
0.421652 0.432047 0.157637
0.367515 0.430550 0.140951
0.365894 0.436936 0.131122
0.361982 0.432751 0.135928
0.371442 0.434639 0.136059
0.377536 0.449877 0.116873
0.398432 0.465251 0.102643
0.396570 0.473066 0.093787
0.392799 0.468235 0.098323
0.402210 0.469979 0.098010
0.407800 0.488224 0.080533
0.519788 0.310485 0.337228
0.520045 0.322367 0.333004
0.514999 0.316365 0.335412
0.524806 0.316243 0.335443
0.535243 0.342042 0.321683
0.559876 0.363401 0.302975
0.560306 0.377070 0.286839
0.555354 0.370313 0.295298
0.564787 0.370488 0.294932
0.574768 0.394602 0.261000
0.484511 0.365726 0.299740
0.485750 0.378215 0.284030
0.480607 0.372717 0.291194
0.489701 0.371737 0.292721
0.500885 0.393293 0.261945
0.450583 0.402753 0.236113
0.450393 0.408461 0.223490
0.445875 0.405137 0.229353
0.455168 0.406165 0.230163
0.463683 0.418093 0.205658
0.485767 0.428440 0.187378
0.484647 0.433647 0.174972
0.480561 0.430438 0.181151
0.489894 0.431574 0.181066
0.496744 0.443738 0.156676
0.322836 0.450881 0.104421
0.321041 0.458666 0.096254
0.317211 0.453797 0.100429
0.326679 0.455670 0.100184
0.332465 0.473761 0.083884
0.445679 0.651725 0.012744
0.444701 0.664412 0.011427
0.440391 0.657587 0.012067
0.449962 0.658534 0.012006
0.457962 0.684390 0.010118
0.383169 0.539568 0.043226
0.381303 0.551040 0.037690
0.377571 0.544229 0.040615
0.386891 0.546219 0.040189
0.392525 0.572211 0.029768
0.473533 0.478388 0.099306
0.471628 0.486339 0.090055
0.467894 0.481545 0.094891
0.477274 0.483065 0.094339
0.482818 0.501356 0.076194
0.428314 0.506150 0.067481
0.426355 0.515770 0.060237
0.422651 0.510031 0.064065
0.432019 0.511773 0.063524
0.437474 0.533636 0.049546
0.458067 0.553977 0.039575
0.456200 0.565270 0.034395
0.452419 0.558784 0.037140
0.461838 0.560353 0.036702
0.467707 0.585059 0.027099
0.623994 0.496647 0.086081
0.622353 0.505146 0.077501
0.618442 0.500402 0.082181
0.627911 0.501319 0.081267
0.634160 0.519863 0.064564
0.579203 0.528447 0.057610
0.577437 0.538167 0.050931
0.573555 0.532744 0.054512
0.583087 0.533777 0.053884
0.589167 0.554805 0.041210
0.610699 0.572807 0.032473
0.609108 0.583556 0.028093
0.605072 0.577720 0.030407
0.614724 0.578581 0.030030
0.621361 0.601292 0.022074
0.559955 0.434948 0.183863
0.558991 0.440947 0.170759
0.554865 0.437595 0.177673
0.564118 0.438259 0.176776
0.571208 0.451277 0.150737
0.517930 0.455725 0.138113
0.516365 0.462252 0.127174
0.512494 0.458362 0.132947
0.521828 0.459514 0.132229
0.527841 0.474530 0.110336
0.548569 0.488895 0.093548
0.546745 0.497089 0.084394
0.542957 0.492371 0.089311
0.552364 0.493509 0.088492
0.558163 0.511830 0.070583
0.597939 0.408857 0.234711
0.598022 0.416731 0.220157
0.593448 0.412855 0.228077
0.602564 0.412919 0.226584
0.611452 0.427257 0.196943
0.633773 0.437577 0.172859
0.633051 0.444359 0.160116
0.628783 0.440810 0.167215
0.638094 0.441123 0.165606
0.645697 0.455512 0.139898
0.592556 0.462931 0.130596
0.591136 0.469977 0.119754
0.587189 0.466053 0.125705
0.596533 0.466770 0.124504
0.602878 0.482368 0.102705
0.655685 0.536134 0.052633
0.654099 0.545744 0.046481
0.650087 0.540453 0.049772
0.659702 0.541362 0.049219
0.666199 0.561893 0.037480
0.503448 0.518754 0.062858
0.501536 0.528472 0.055769
0.497777 0.522850 0.059554
0.507208 0.524260 0.058927
0.512878 0.545817 0.045367
0.413278 0.595530 0.023079
0.411606 0.608646 0.019843
0.407717 0.601372 0.021492
0.417147 0.602751 0.021300
0.423638 0.629851 0.015758
0.481461 0.703810 0.009551
0.481076 0.715484 0.009340
0.476368 0.709558 0.009447
0.486150 0.709829 0.009431
0.495403 0.732375 0.009101
0.353249 0.491619 0.071449
0.351341 0.500944 0.064249
0.347580 0.495281 0.068033
0.357008 0.497177 0.067572
0.362603 0.518636 0.053485
0.524601 0.406487 0.240487
0.524619 0.413901 0.226380
0.520031 0.410143 0.233358
0.529262 0.410479 0.233326
0.537951 0.424423 0.205604
0.442962 0.444760 0.141363
0.441362 0.450957 0.130839
0.437474 0.447004 0.136158
0.446873 0.448601 0.135952
0.452862 0.463433 0.115095
0.565993 0.613854 0.019059
0.564650 0.625433 0.016653
0.560471 0.619262 0.017909
0.570146 0.620013 0.017694
0.577472 0.643684 0.013512
0.572138 0.649115 0.012805
0.571302 0.660579 0.011490
0.566840 0.654587 0.012169
0.576557 0.655124 0.012044
0.581028 0.661099 0.011379
0.580380 0.672444 0.010413
0.575815 0.666532 0.010906
0.563453 0.636995 0.014623
0.567770 0.643074 0.013664
0.562431 0.648550 0.012944
0.568875 0.631551 0.015502
0.574333 0.626141 0.016455
0.578564 0.632230 0.015321
0.573147 0.637632 0.014456
0.554976 0.624701 0.016851
0.553768 0.636333 0.014789
0.549515 0.630157 0.015866
0.559190 0.630871 0.015684
0.558072 0.642464 0.013816
0.447261 0.466224 0.110363
0.445401 0.473690 0.100786
0.441647 0.469095 0.105742
0.451026 0.470706 0.105300
0.454776 0.475292 0.100309
0.452875 0.483204 0.091116
0.449142 0.478392 0.095907
0.439665 0.457566 0.120637
0.443477 0.461841 0.115480
0.437877 0.464605 0.110762
0.445222 0.455010 0.125552
0.450756 0.452540 0.130573
0.454612 0.456580 0.125232
0.449055 0.459167 0.120302
0.431960 0.449330 0.131054
0.430267 0.455928 0.120924
0.426422 0.451745 0.126051
0.435827 0.453397 0.125831
0.434086 0.460214 0.115826
0.533021 0.427129 0.199132
0.532198 0.432854 0.185907
0.528014 0.429677 0.192716
0.537264 0.430358 0.192259
0.541454 0.433577 0.185352
0.540444 0.439425 0.172345
0.536337 0.436104 0.179094
0.524342 0.420497 0.212780
0.528715 0.423849 0.205967
0.523774 0.426491 0.199491
0.529134 0.417519 0.219443
0.533845 0.414304 0.226231
0.538358 0.417985 0.219177
0.533576 0.421019 0.212525
0.515381 0.413490 0.226417
0.515095 0.419946 0.212939
0.510649 0.416548 0.219643
0.519897 0.417051 0.219591
0.519469 0.423254 0.206227
0.356960 0.522809 0.050538
0.355096 0.533559 0.044478
0.351321 0.527094 0.047663
0.360723 0.529106 0.047255
0.364481 0.535577 0.044081
0.362632 0.547059 0.038448
0.358867 0.540217 0.041404
0.349431 0.510670 0.057419
0.353196 0.516670 0.053926
0.347544 0.520807 0.050956
0.355097 0.506726 0.060560
0.360760 0.502852 0.063783
0.364506 0.508645 0.060095
0.358850 0.512623 0.056971
0.341904 0.499018 0.064703
0.339991 0.508695 0.057854
0.336220 0.502825 0.061454
0.345668 0.504786 0.061013
0.343767 0.514681 0.054353
0.490393 0.737667 0.009052
0.490258 0.748053 0.008977
0.485394 0.742897 0.009011
0.495241 0.742912 0.009008
0.500112 0.748022 0.008975
0.500048 0.757996 0.008940
0.495144 0.753082 0.008953
0.480774 0.726751 0.009176
0.485570 0.732281 0.009107
0.480552 0.737605 0.009056
0.485820 0.721260 0.009247
0.490875 0.715701 0.009326
0.495634 0.721429 0.009235
0.490597 0.726891 0.009167
0.471282 0.715248 0.009352
0.470955 0.726598 0.009183
0.466206 0.720873 0.009265
0.476011 0.721074 0.009257
0.475738 0.732174 0.009113
0.418222 0.635795 0.014741
0.417007 0.648813 0.012932
0.412809 0.641863 0.013810
0.422381 0.642756 0.013753
0.426587 0.649694 0.012882
0.425538 0.662620 0.011513
0.421251 0.655731 0.012168
0.410065 0.621758 0.017092
0.414114 0.628802 0.015852
0.408663 0.634874 0.014807
0.415557 0.615800 0.018343
0.421062 0.609929 0.019679
0.425036 0.617009 0.018201
0.419569 0.622856 0.016984
0.402155 0.607382 0.019993
0.400553 0.620720 0.017184
0.396597 0.613503 0.018580
0.406077 0.614633 0.018470
0.404576 0.627832 0.015929
0.507201 0.550424 0.042716
0.505345 0.561223 0.037249
0.501525 0.555111 0.040168
0.511013 0.556436 0.039671
0.514850 0.562500 0.036780
0.513069 0.573584 0.031884
0.509192 0.567383 0.034486
0.499628 0.538587 0.049250
0.503407 0.544473 0.045911
0.497728 0.549057 0.043237
0.505305 0.534181 0.052147
0.510978 0.529857 0.055158
0.514761 0.535536 0.051556
0.509086 0.539968 0.048683
0.492103 0.527037 0.056368
0.490183 0.537156 0.049808
0.486427 0.531314 0.053305
0.495860 0.532771 0.052732
0.493948 0.543071 0.046451
0.660589 0.566553 0.035186
0.659041 0.576931 0.030515
0.654974 0.571304 0.032994
0.664650 0.572106 0.032582
0.668725 0.577712 0.030122
0.667221 0.588339 0.025996
0.663124 0.582611 0.028181
0.652507 0.555609 0.040819
0.656541 0.561054 0.037933
0.650922 0.565730 0.035619
0.658122 0.551085 0.043342
0.663728 0.546639 0.045961
0.667763 0.551962 0.042850
0.662156 0.556467 0.040345
0.644476 0.544853 0.047004
0.642863 0.554749 0.041293
0.638858 0.549330 0.044334
0.648486 0.550208 0.043839
0.646885 0.560214 0.038387
0.597358 0.485868 0.098396
0.595665 0.493934 0.089012
0.591808 0.489415 0.094156
0.601228 0.490302 0.093124
0.605101 0.494842 0.088025
0.603406 0.503269 0.079260
0.599531 0.498553 0.084044
0.589599 0.477321 0.109379
0.593485 0.481540 0.103821
0.587952 0.484997 0.099453
0.595066 0.474002 0.113932
0.600491 0.470707 0.118545
0.604433 0.474756 0.112735
0.598979 0.478128 0.108244
0.581779 0.469192 0.120883
0.580217 0.476467 0.110446
0.576329 0.472361 0.116133
0.585697 0.473206 0.115067
0.584092 0.480678 0.104885
0.640471 0.458809 0.134973
0.639292 0.466089 0.124015
0.635211 0.462119 0.130120
0.644592 0.462739 0.128723
0.648691 0.466766 0.122634
0.647397 0.474319 0.112292
0.643353 0.470157 0.118072
0.632158 0.451232 0.147970
0.636326 0.454974 0.141387
0.631108 0.458246 0.136392
0.637293 0.447989 0.153204
0.642390 0.444743 0.158526
0.646656 0.448445 0.151622
0.641508 0.451706 0.146467
0.623751 0.444021 0.161672
0.622839 0.450792 0.149450
0.618672 0.447211 0.156242
0.627966 0.447582 0.154730
0.626984 0.454470 0.142835
0.606666 0.430583 0.191037
0.606053 0.437020 0.177725
0.601793 0.433766 0.185139
0.610980 0.433850 0.183544
0.615256 0.437154 0.176121
0.614485 0.443724 0.163216
0.610279 0.440327 0.170381
0.597877 0.423866 0.206174
0.602297 0.427273 0.198578
0.597485 0.430490 0.192583
0.602550 0.420394 0.212340
0.607145 0.416726 0.218586
0.611674 0.420329 0.210688
0.607030 0.423886 0.204608
0.588890 0.416606 0.221576
0.588718 0.423704 0.207595
0.584261 0.420124 0.215180
0.593407 0.420321 0.213836
0.593126 0.427148 0.200066
0.552521 0.515794 0.067022
0.550694 0.525149 0.059587
0.546872 0.519838 0.063574
0.556345 0.521001 0.062890
0.560183 0.526294 0.058929
0.558376 0.536019 0.052128
0.554527 0.530545 0.055771
0.544908 0.505660 0.075783
0.548709 0.510680 0.071320
0.543065 0.514616 0.067730
0.550541 0.501906 0.079629
0.556165 0.498222 0.083587
0.559976 0.503032 0.078839
0.554345 0.506821 0.075024
0.537337 0.495914 0.085183
0.535482 0.504456 0.076531
0.531707 0.499526 0.081168
0.541117 0.500736 0.080405
0.539268 0.509487 0.072050
0.522264 0.477649 0.105693
0.520423 0.485345 0.095951
0.516665 0.480823 0.101145
0.526031 0.482059 0.100373
0.529797 0.486572 0.095174
0.527941 0.494695 0.085956
0.524181 0.489969 0.090886
0.514689 0.469134 0.116624
0.518488 0.473338 0.111114
0.512903 0.476403 0.106456
0.520213 0.466241 0.121476
0.525702 0.463397 0.126424
0.529553 0.467382 0.120701
0.524038 0.470332 0.115862
0.507020 0.461036 0.127881
0.505332 0.467867 0.117349
0.501510 0.463758 0.122906
0.510867 0.465033 0.122216
0.509129 0.472082 0.111863
0.565923 0.454095 0.145352
0.564555 0.460638 0.133916
0.560593 0.456918 0.140068
0.569917 0.457736 0.139061
0.573890 0.461461 0.132883
0.572421 0.468355 0.121944
0.568497 0.464448 0.127873
0.557872 0.447039 0.158265
0.561909 0.450532 0.151754
0.556611 0.453284 0.146325
0.563089 0.444340 0.163966
0.568253 0.441615 0.169793
0.572361 0.445010 0.162943
0.567161 0.447779 0.157292
0.549720 0.440214 0.171609
0.548579 0.446238 0.159141
0.544526 0.442806 0.165695
0.553809 0.443604 0.164883
0.552608 0.449727 0.152684
0.615797 0.606474 0.020644
0.614409 0.617758 0.017903
0.610248 0.611698 0.019330
0.619941 0.612501 0.019080
0.624108 0.618563 0.017672
0.622804 0.629942 0.015474
0.618593 0.623847 0.016630
0.607576 0.594518 0.024236
0.611675 0.600479 0.022363
0.606110 0.605665 0.020913
0.613170 0.589430 0.025933
0.618774 0.584398 0.027740
0.622846 0.590256 0.025603
0.617254 0.595342 0.023926
0.599454 0.582696 0.028449
0.597906 0.593683 0.024547
0.593843 0.587736 0.026599
0.603502 0.588591 0.026264
0.601996 0.599660 0.022652
0.583510 0.559509 0.038750
0.581811 0.570092 0.033701
0.577853 0.564289 0.036386
0.587458 0.565240 0.035940
0.591430 0.571019 0.033286
0.589806 0.581819 0.028808
0.585794 0.575936 0.031175
0.575674 0.548206 0.044827
0.579583 0.553830 0.041713
0.573920 0.558532 0.039226
0.581332 0.543656 0.047528
0.586984 0.539180 0.050333
0.590896 0.544650 0.046964
0.585242 0.549204 0.044292
0.567899 0.537116 0.051529
0.566115 0.547169 0.045365
0.562239 0.541564 0.048663
0.571779 0.542632 0.048093
0.570009 0.552825 0.042219
0.628572 0.523977 0.061282
0.626923 0.533363 0.054402
0.622971 0.528158 0.058097
0.632528 0.529104 0.057458
0.636497 0.534297 0.053806
0.634867 0.543954 0.047525
0.630888 0.538630 0.050880
0.620698 0.513934 0.069463
0.624628 0.518919 0.065283
0.619032 0.523022 0.061968
0.626276 0.509973 0.073006
0.631841 0.506073 0.076641
0.635782 0.510908 0.072199
0.630211 0.514881 0.068694
0.612875 0.504212 0.078374
0.611194 0.512978 0.070248
0.607294 0.508079 0.074662
0.616780 0.509031 0.073826
0.615107 0.517961 0.066017
0.462126 0.590371 0.025311
0.460494 0.602629 0.021826
0.456562 0.595781 0.023639
0.466042 0.597133 0.023353
0.469993 0.603911 0.021567
0.468477 0.616312 0.018697
0.464463 0.609487 0.020186
0.454396 0.576938 0.029737
0.458245 0.583637 0.027441
0.452666 0.588955 0.025626
0.460007 0.571818 0.031802
0.465633 0.566795 0.033978
0.469454 0.573295 0.031409
0.463841 0.578417 0.029369
0.446784 0.563692 0.034811
0.444970 0.575405 0.030106
0.441165 0.568698 0.032591
0.450577 0.570288 0.032195
0.448803 0.582159 0.027783
0.431812 0.538057 0.046737
0.429886 0.548976 0.040954
0.426160 0.542574 0.044026
0.435532 0.544332 0.043547
0.439266 0.550705 0.040492
0.437386 0.562049 0.035232
0.433627 0.555471 0.038021
0.424396 0.525821 0.053503
0.428102 0.531886 0.050057
0.422445 0.536278 0.047231
0.430058 0.521624 0.056543
0.435724 0.517509 0.059697
0.439430 0.523355 0.056008
0.433764 0.527582 0.052982
0.416990 0.513998 0.060769
0.415034 0.524020 0.054019
0.411331 0.518051 0.057595
0.420692 0.519856 0.057072
0.418738 0.530093 0.050563
0.477153 0.505072 0.072434
0.475212 0.514337 0.064704
0.471486 0.508880 0.068795
0.480882 0.510409 0.068202
0.484616 0.515851 0.064110
0.482681 0.525558 0.056952
0.478943 0.519897 0.060754
0.469703 0.494718 0.081286
0.473427 0.499841 0.076798
0.467764 0.503530 0.073019
0.475359 0.491238 0.085321
0.481011 0.487847 0.089472
0.484744 0.492735 0.084713
0.479088 0.496245 0.080697
0.462249 0.484789 0.090595
0.460323 0.493151 0.081841
0.456600 0.488124 0.086424
0.465977 0.489701 0.085888
0.464043 0.498287 0.077371
0.386950 0.577711 0.027718
0.385117 0.591007 0.023709
0.381367 0.583441 0.025762
0.390708 0.585107 0.025526
0.394488 0.592540 0.023509
0.392711 0.606130 0.020128
0.388892 0.598595 0.021836
0.379466 0.563146 0.032602
0.383206 0.570379 0.030080
0.377631 0.575930 0.027990
0.385036 0.557989 0.034901
0.390618 0.553008 0.037285
0.394354 0.559908 0.034524
0.388777 0.565052 0.032257
0.371979 0.549057 0.038080
0.370148 0.561221 0.032930
0.366393 0.554067 0.035620
0.375723 0.556035 0.035271
0.373895 0.568512 0.030383
0.452802 0.690311 0.009896
0.452210 0.702712 0.009598
0.447645 0.696285 0.009739
0.457356 0.696776 0.009724
0.461950 0.703110 0.009585
0.461495 0.714991 0.009362
0.456829 0.708943 0.009473
0.443850 0.677088 0.010488
0.448297 0.683750 0.010144
0.443123 0.689719 0.009915
0.449065 0.671159 0.010891
0.454299 0.665271 0.011376
0.458691 0.671930 0.010848
0.453485 0.677822 0.010456
0.435123 0.663495 0.011474
0.434232 0.676301 0.010516
0.429865 0.669479 0.010963
0.439459 0.670332 0.010929
0.438649 0.683060 0.010167
0.326793 0.477095 0.080243
0.324895 0.485913 0.072777
0.321114 0.480506 0.076688
0.330579 0.482411 0.076264
0.334360 0.487833 0.072342
0.332448 0.497071 0.065148
0.328672 0.491435 0.068926
0.319203 0.466768 0.088332
0.323002 0.471884 0.084268
0.317329 0.475206 0.080649
0.324859 0.463611 0.092100
0.330507 0.460531 0.095968
0.334325 0.465471 0.091777
0.328667 0.468640 0.087975
0.311577 0.456789 0.096545
0.309741 0.464892 0.088691
0.305934 0.459861 0.092759
0.315395 0.461739 0.092426
0.313538 0.470005 0.084652
0.491373 0.446030 0.151133
0.489891 0.452053 0.139924
0.485964 0.448346 0.145692
0.495325 0.449640 0.145246
0.499250 0.453342 0.139404
0.497663 0.459755 0.128526
0.493790 0.455854 0.134200
0.483388 0.439067 0.163025
0.487394 0.442507 0.157061
0.482011 0.444732 0.151496
0.488706 0.436935 0.168834
0.493982 0.434791 0.174773
0.498041 0.438086 0.168527
0.492738 0.440297 0.162735
0.475299 0.432423 0.175054
0.474025 0.437763 0.163205
0.469991 0.434406 0.169113
0.479356 0.435705 0.169022
0.478031 0.441204 0.157335
0.458629 0.419985 0.199297
0.457693 0.424817 0.187046
0.453498 0.421745 0.193019
0.462880 0.423051 0.193289
0.467073 0.426107 0.187227
0.465930 0.431133 0.175056
0.461834 0.427939 0.181044
0.449948 0.413717 0.211134
0.454315 0.416877 0.205242
0.449247 0.418657 0.198936
0.454874 0.411730 0.217588
0.459716 0.409520 0.224182
0.464215 0.412808 0.218168
0.459306 0.414940 0.211645
0.441077 0.407242 0.222773
0.440589 0.412346 0.210588
0.436195 0.409123 0.216335
0.445532 0.410505 0.216976
0.444943 0.415525 0.204790
0.496550 0.397719 0.254193
0.496872 0.405623 0.239870
0.492136 0.401689 0.246678
0.501369 0.401923 0.247169
0.506117 0.405943 0.240196
0.506131 0.413039 0.226356
0.501538 0.409403 0.233094
0.486721 0.388729 0.268351
0.491666 0.393324 0.261259
0.487338 0.397598 0.253510
0.490860 0.383503 0.276646
0.494907 0.377599 0.285220
0.500071 0.383157 0.277550
0.495907 0.388526 0.269270
0.476656 0.379010 0.282433
0.477558 0.388978 0.267137
0.472601 0.384486 0.273877
0.481713 0.383951 0.275426
0.482477 0.393355 0.260339
0.570348 0.399375 0.253576
0.570581 0.408237 0.238395
0.565908 0.403790 0.246329
0.575054 0.404096 0.245408
0.579714 0.408523 0.237349
0.579754 0.416374 0.222831
0.575195 0.412422 0.230563
0.560783 0.388932 0.270207
0.565595 0.394332 0.261846
0.561177 0.399062 0.254353
0.565192 0.383378 0.278148
0.569643 0.377279 0.286281
0.574437 0.383605 0.277412
0.570008 0.389200 0.269523
0.550943 0.376858 0.287158
0.551523 0.388651 0.270639
0.546597 0.382900 0.278918
0.555900 0.383128 0.278651
0.556383 0.394026 0.262456
0.530672 0.349027 0.316325
0.531381 0.363169 0.303181
0.526216 0.356122 0.310112
0.535778 0.356087 0.310213
0.540869 0.363182 0.303232
0.541595 0.376707 0.287295
0.536517 0.370087 0.295493
0.520451 0.335325 0.326101
0.525562 0.342080 0.321610
0.521049 0.349119 0.316188
0.525109 0.328668 0.329948
0.529839 0.322302 0.333046
0.534876 0.328638 0.329991
0.530177 0.335242 0.326188
0.510276 0.322590 0.332914
0.510749 0.335582 0.325906
0.505636 0.329168 0.329660
0.515354 0.328818 0.329848
0.515891 0.342250 0.321436
0.402146 0.491730 0.076753
0.400211 0.500828 0.069054
0.396494 0.495321 0.073094
0.405866 0.497122 0.072598
0.409578 0.502631 0.068542
0.407628 0.512193 0.061295
0.403922 0.506452 0.065117
0.394678 0.481291 0.085308
0.398418 0.486453 0.080993
0.392767 0.489935 0.077224
0.400326 0.478007 0.089304
0.405970 0.474813 0.093425
0.409717 0.479754 0.088896
0.404068 0.483059 0.084883
0.387161 0.471314 0.094130
0.385280 0.479519 0.085718
0.381519 0.474485 0.090061
0.390927 0.476247 0.089690
0.389030 0.484668 0.081436
0.371935 0.452571 0.112325
0.370147 0.460000 0.103386
0.366323 0.455353 0.107905
0.375769 0.457126 0.107722
0.379584 0.461762 0.103151
0.377743 0.469557 0.094458
0.373953 0.464732 0.098902
0.364214 0.443680 0.121620
0.368083 0.448089 0.116957
0.362481 0.450781 0.112454
0.369792 0.441181 0.126343
0.375353 0.438786 0.131194
0.379248 0.442997 0.126357
0.373673 0.445492 0.121592
0.356427 0.435059 0.131030
0.354746 0.441844 0.121631
0.350854 0.437472 0.126260
0.360328 0.439338 0.126311
0.358622 0.446278 0.117028
0.416227 0.433927 0.152150
0.414723 0.439738 0.141563
0.410773 0.435890 0.146765
0.420199 0.437665 0.146853
0.424146 0.441471 0.141569
0.422549 0.447657 0.131203
0.418649 0.443658 0.136374
0.408215 0.426636 0.162796
0.412231 0.430251 0.157458
0.406801 0.432114 0.151989
0.413588 0.424957 0.168468
0.418930 0.423353 0.174266
0.423002 0.426772 0.168737
0.417632 0.428477 0.163043
0.400135 0.419572 0.173588
0.398802 0.424756 0.162531
0.394781 0.421158 0.167858
0.404182 0.423079 0.168172
0.402810 0.428405 0.157243
0.530695 0.693575 0.009642
0.530379 0.705092 0.009426
0.525640 0.699218 0.009542
0.535421 0.699475 0.009507
0.540175 0.705296 0.009396
0.539936 0.716488 0.009237
0.535145 0.710851 0.009324
0.521383 0.681561 0.010136
0.526013 0.687607 0.009845
0.520929 0.693266 0.009683
0.526530 0.675896 0.010452
0.531706 0.670254 0.010838
0.536261 0.676332 0.010383
0.531123 0.681961 0.010079
0.512280 0.669247 0.010991
0.511647 0.681142 0.010191
0.507084 0.674962 0.010581
0.516804 0.675440 0.010517
0.516262 0.687245 0.009893
0.494706 0.643827 0.013868
0.493718 0.655989 0.012323
0.489371 0.649522 0.013104
0.499018 0.650277 0.012995
0.503385 0.656662 0.012227
0.502575 0.668710 0.011064
0.498119 0.662385 0.011644
0.486250 0.630748 0.015945
0.490450 0.637315 0.014850
0.485081 0.642994 0.013992
0.491690 0.625131 0.016974
0.497164 0.619541 0.018078
0.501294 0.626073 0.016788
0.495854 0.631675 0.015782
0.478018 0.617446 0.018492
0.476668 0.629762 0.016105
0.472545 0.623066 0.017338
0.482107 0.624128 0.017157
0.480846 0.636405 0.014991
0.538521 0.599678 0.022845
0.537042 0.611332 0.019777
0.532960 0.605009 0.021373
0.542583 0.605943 0.021106
0.546680 0.612211 0.019534
0.545313 0.623932 0.017051
0.541157 0.617651 0.018347
0.530497 0.587180 0.026825
0.534492 0.593421 0.024751
0.528913 0.598690 0.023139
0.536109 0.582054 0.028695
0.541734 0.577001 0.030678
0.545696 0.583101 0.028330
0.540087 0.588225 0.026483
0.522608 0.574769 0.031474
0.520922 0.586090 0.027175
0.516979 0.579822 0.029446
0.526536 0.580961 0.029067
0.524900 0.592381 0.025073
0.705315 0.531632 0.056041
0.703821 0.540819 0.049794
0.699749 0.535713 0.053161
0.709394 0.536686 0.052576
0.713474 0.541772 0.049246
0.711969 0.551128 0.043446
0.707895 0.545958 0.046560
0.697174 0.521634 0.063413
0.701242 0.526613 0.059650
0.695682 0.530642 0.056671
0.702718 0.517726 0.066547
0.708254 0.513885 0.069725
0.712338 0.518773 0.065760
0.706793 0.522658 0.062683
0.689062 0.511812 0.071436
0.687568 0.520627 0.064151
0.683523 0.515690 0.068139
0.693113 0.516699 0.067339
0.691621 0.525612 0.060331
0.672944 0.492838 0.089678
0.671448 0.501220 0.081182
0.667443 0.496528 0.085909
0.676961 0.497485 0.084829
0.680985 0.502201 0.080174
0.679488 0.510807 0.072303
0.675464 0.505982 0.076648
0.664906 0.483782 0.099944
0.668928 0.488266 0.094717
0.663445 0.491909 0.090830
0.670341 0.480237 0.104003
0.675751 0.476730 0.108112
0.679821 0.481118 0.102634
0.674387 0.484671 0.098651
0.656830 0.475094 0.110948
0.655440 0.482927 0.101221
0.651425 0.478576 0.106674
0.660874 0.479392 0.105357
0.659446 0.487373 0.095936
0.602247 0.639707 0.013960
0.606593 0.645734 0.013059
0.601274 0.651018 0.012394
0.607654 0.634418 0.014780
0.613104 0.629135 0.015671
0.617355 0.635206 0.014599
0.611952 0.640466 0.013794
0.591560 0.650343 0.012530
0.596883 0.645014 0.013210
0.595996 0.656326 0.011797
0.592545 0.638983 0.014125
0.593711 0.627597 0.016063
0.599201 0.622272 0.017056
0.597954 0.633662 0.014960
0.585550 0.667034 0.010807
0.586275 0.655703 0.011920
0.590755 0.661664 0.011268
0.477213 0.463731 0.119110
0.481012 0.467972 0.113764
0.475406 0.470859 0.109014
0.482769 0.461039 0.124054
0.488296 0.458417 0.129084
0.492144 0.462426 0.123521
0.486593 0.465163 0.118601
0.466023 0.469350 0.109492
0.471630 0.466500 0.114255
0.469784 0.473818 0.104360
0.467828 0.462247 0.119543
0.469534 0.455567 0.129937
0.475042 0.453103 0.135094
0.473386 0.459596 0.124502
0.458516 0.479987 0.095404
0.460403 0.472279 0.104839
0.464153 0.476858 0.099820
0.561226 0.422608 0.210871
0.565606 0.426098 0.203601
0.560724 0.428966 0.197279
0.565961 0.419440 0.217353
0.570614 0.416053 0.223908
0.575115 0.419825 0.216355
0.570401 0.423059 0.209953
0.551500 0.428383 0.198051
0.556405 0.425583 0.204442
0.555754 0.431683 0.190970
0.552022 0.422093 0.211598
0.552267 0.415198 0.225467
0.556884 0.411676 0.232288
0.556782 0.418984 0.218156
0.545601 0.436866 0.178443
0.546511 0.431031 0.191685
0.550709 0.434289 0.184676
0.386981 0.518389 0.055543
0.390691 0.524465 0.052063
0.385064 0.528714 0.049180
0.392621 0.514335 0.058624
0.398269 0.510354 0.061812
0.401974 0.516212 0.058112
0.396328 0.520302 0.055039
0.375718 0.526753 0.049652
0.381347 0.522523 0.052555
0.379446 0.533078 0.046383
0.377623 0.516473 0.056035
0.379544 0.506613 0.062823
0.385193 0.502762 0.066133
0.383265 0.512440 0.059129
0.368233 0.542231 0.041020
0.370096 0.531098 0.046829
0.373836 0.537576 0.043664
0.520084 0.727206 0.009136
0.524916 0.732569 0.009077
0.519924 0.737779 0.009035
0.525098 0.721820 0.009194
0.530119 0.716364 0.009257
0.534923 0.721916 0.009178
0.529916 0.727280 0.009124
0.510080 0.737751 0.009041
0.515077 0.732517 0.009085
0.514940 0.742917 0.009000
0.510253 0.727120 0.009147
0.510492 0.716071 0.009293
0.515536 0.710496 0.009371
0.515275 0.721709 0.009208
0.505002 0.753009 0.008952
0.505091 0.742915 0.009004
0.509966 0.747988 0.008972
0.448048 0.626455 0.016568
0.452164 0.633317 0.015394
0.446792 0.639063 0.014453
0.453486 0.620773 0.017694
0.458958 0.615119 0.018900
0.463005 0.621948 0.017517
0.457567 0.627613 0.016416
0.437272 0.637935 0.014561
0.442645 0.632171 0.015523
0.441450 0.644856 0.013594
0.438550 0.625240 0.016718
0.439982 0.612570 0.019303
0.445487 0.606899 0.020646
0.443988 0.619543 0.017869
0.430834 0.656607 0.012123
0.431925 0.643765 0.013680
0.436133 0.650696 0.012818
0.537534 0.543777 0.047003
0.541376 0.549531 0.043769
0.535704 0.554183 0.041184
0.543203 0.539289 0.049809
0.548867 0.534877 0.052730
0.552713 0.540449 0.049235
0.547047 0.544954 0.046453
0.526187 0.552979 0.041688
0.531862 0.548340 0.044296
0.530034 0.558914 0.038699
0.528038 0.542556 0.047558
0.529895 0.532457 0.053938
0.535559 0.528167 0.057030
0.533708 0.538082 0.050388
0.518714 0.568614 0.034046
0.520516 0.557699 0.039182
0.524370 0.563724 0.036319
0.691119 0.559024 0.038941
0.695190 0.564373 0.036131
0.689597 0.568979 0.033890
0.696716 0.554586 0.041400
0.702309 0.550229 0.043941
0.706378 0.555453 0.040924
0.700783 0.559867 0.038479
0.679926 0.568178 0.034321
0.685524 0.563553 0.036579
0.684004 0.573682 0.031756
0.681461 0.558176 0.039407
0.683005 0.548435 0.044939
0.688594 0.544113 0.047603
0.687060 0.553713 0.041879
0.672815 0.583369 0.027809
0.674327 0.572899 0.032169
0.678411 0.578480 0.029729
0.627153 0.480500 0.104771
0.631103 0.484840 0.099370
0.625609 0.488429 0.095191
0.632586 0.477022 0.109133
0.637986 0.473575 0.113569
0.641996 0.477788 0.107926
0.636565 0.481294 0.103616
0.616183 0.487577 0.096254
0.621685 0.484016 0.100478
0.620087 0.492063 0.091079
0.617753 0.479708 0.105926
0.619215 0.472130 0.116059
0.624584 0.468776 0.120663
0.623191 0.476263 0.110333
0.608982 0.499480 0.083107
0.610653 0.491184 0.092098
0.614543 0.495747 0.087048
0.669762 0.453414 0.141424
0.673989 0.457386 0.134901
0.668727 0.460734 0.130262
0.674955 0.450103 0.146280
0.680113 0.446793 0.151208
0.684419 0.450714 0.144384
0.679221 0.454048 0.139608
0.659282 0.460057 0.131917
0.664536 0.456731 0.136638
0.663435 0.464098 0.125688
0.660313 0.452806 0.143199
0.661194 0.445696 0.155043
0.666299 0.442434 0.160213
0.665497 0.449519 0.148140
0.652770 0.470885 0.116708
0.654000 0.463401 0.127250
0.658116 0.467480 0.121173
0.634557 0.423904 0.199412
0.639104 0.427470 0.191762
0.634295 0.430810 0.185972
0.639215 0.420427 0.205379
0.643801 0.416891 0.211411
0.648524 0.420646 0.203484
0.643848 0.424082 0.197597
0.625037 0.430665 0.187680
0.629830 0.427318 0.193514
0.629424 0.434099 0.180223
0.625328 0.423815 0.201167
0.625363 0.416617 0.215078
0.629857 0.412874 0.221318
0.629974 0.420300 0.207177
0.619512 0.440545 0.168805
0.620180 0.433943 0.181892
0.624493 0.437338 0.174498
0.582733 0.510039 0.072678
0.586597 0.515016 0.068313
0.580970 0.519070 0.064861
0.588346 0.506149 0.076372
0.593946 0.502321 0.080159
0.597817 0.507119 0.075511
0.592213 0.511033 0.071862
0.571475 0.518023 0.065587
0.577109 0.513997 0.069081
0.575333 0.523195 0.061511
0.573261 0.509012 0.073472
0.575040 0.500357 0.081919
0.580645 0.496656 0.085907
0.578882 0.505153 0.077214
0.564034 0.531667 0.055142
0.565832 0.522120 0.062203
0.569687 0.527394 0.058270
0.552093 0.473612 0.113347
0.555930 0.477813 0.107784
0.550365 0.481072 0.103223
0.557596 0.470514 0.118105
0.563065 0.467462 0.122947
0.566960 0.471463 0.117144
0.561461 0.474613 0.112424
0.540989 0.479975 0.104078
0.546557 0.476763 0.108672
0.544779 0.484384 0.098747
0.542733 0.472564 0.114227
0.544370 0.465525 0.124790
0.549814 0.462624 0.129789
0.548240 0.469516 0.119018
0.533563 0.491191 0.090108
0.535400 0.483243 0.099574
0.539177 0.487755 0.094373
0.595002 0.449572 0.153774
0.599089 0.453087 0.147113
0.593848 0.456145 0.141925
0.600154 0.446546 0.159213
0.605248 0.443465 0.164745
0.609406 0.446874 0.157743
0.604276 0.449997 0.152381
0.584542 0.455529 0.143160
0.589797 0.452560 0.148425
0.588559 0.459185 0.136815
0.585724 0.449051 0.155054
0.586755 0.442726 0.167514
0.591826 0.439797 0.173323
0.590891 0.446122 0.160573
0.577844 0.465279 0.126823
0.579239 0.458492 0.137979
0.583224 0.462226 0.131781
0.646336 0.597744 0.023004
0.650466 0.603667 0.021210
0.644900 0.608879 0.019837
0.651926 0.592636 0.024621
0.657523 0.587589 0.026347
0.661630 0.593386 0.024291
0.656045 0.598498 0.022695
0.635189 0.608089 0.020106
0.640756 0.602900 0.021498
0.639346 0.614121 0.018580
0.636632 0.596961 0.023311
0.638130 0.586033 0.027045
0.643742 0.581053 0.028923
0.642224 0.591866 0.024950
0.628294 0.624662 0.016416
0.629640 0.613310 0.018830
0.633811 0.619382 0.017439
0.614005 0.552070 0.042743
0.617977 0.557606 0.039757
0.612337 0.562303 0.037364
0.619641 0.547518 0.045347
0.625269 0.543037 0.048059
0.629244 0.548434 0.044835
0.623612 0.552983 0.042249
0.602718 0.561393 0.037817
0.608363 0.556693 0.040232
0.606697 0.567077 0.035069
0.604408 0.551135 0.043247
0.606107 0.541145 0.049167
0.611738 0.536742 0.052036
0.610049 0.546581 0.045873
0.595429 0.576838 0.030789
0.597073 0.566169 0.035501
0.601060 0.571923 0.032876
0.658830 0.517694 0.066420
0.662835 0.522683 0.062431
0.657263 0.526783 0.059280
0.664386 0.513725 0.069765
0.669930 0.509822 0.073176
0.673948 0.514697 0.068949
0.668398 0.518655 0.065656
0.647685 0.525847 0.059950
0.653263 0.521734 0.063147
0.651679 0.530960 0.056209
0.649276 0.516750 0.067187
0.650855 0.507918 0.074934
0.656397 0.504064 0.078532
0.654837 0.512771 0.070587
0.640480 0.539548 0.050324
0.642097 0.530035 0.056833
0.646084 0.535215 0.053222
0.492294 0.582516 0.028267
0.496216 0.588980 0.026077
0.490630 0.594279 0.024370
0.497911 0.577388 0.030229
0.503545 0.572345 0.032302
0.507437 0.578635 0.029834
0.501818 0.583767 0.027899
0.481108 0.593034 0.024684
0.486692 0.587731 0.026418
0.485062 0.599663 0.022780
0.482789 0.581207 0.028634
0.484552 0.569682 0.033143
0.490198 0.564738 0.035379
0.488406 0.576080 0.030623
0.473982 0.610698 0.019955
0.475542 0.598427 0.023067
0.479513 0.605136 0.021309
0.461921 0.532581 0.051419
0.465653 0.538572 0.048022
0.459980 0.543079 0.045255
0.467595 0.528265 0.054411
0.473269 0.524036 0.057520
0.477006 0.529812 0.053864
0.471329 0.534151 0.050892
0.450578 0.541462 0.045746
0.456247 0.536978 0.048530
0.454314 0.547677 0.042591
0.452524 0.530966 0.051936
0.454477 0.520863 0.058613
0.460147 0.516776 0.061882
0.458196 0.526675 0.054946
0.443015 0.557162 0.037578
0.444916 0.546037 0.043066
0.448658 0.552371 0.040031
0.507268 0.500575 0.078714
0.511017 0.505648 0.074194
0.505360 0.509453 0.070512
0.512915 0.496967 0.082655
0.518554 0.493433 0.086712
0.522309 0.498272 0.081917
0.516667 0.501922 0.077996
0.495952 0.508034 0.071181
0.501613 0.504261 0.074890
0.499696 0.513344 0.066945
0.497871 0.499174 0.079411
0.499781 0.490735 0.088170
0.505421 0.487359 0.092383
0.503523 0.495603 0.083376
0.488355 0.521394 0.060163
0.490285 0.511897 0.067586
0.494027 0.517324 0.063494
0.416798 0.570456 0.031206
0.420586 0.577394 0.028806
0.415012 0.582776 0.026868
0.422393 0.565338 0.033379
0.428003 0.560346 0.035651
0.431771 0.567044 0.032988
0.426172 0.572155 0.030846
0.405640 0.581133 0.027158
0.411215 0.575715 0.029133
0.409444 0.588318 0.025032
0.407442 0.568707 0.031560
0.409282 0.556785 0.036473
0.414894 0.551930 0.038895
0.413032 0.563582 0.033764
0.398298 0.599988 0.021670
0.400067 0.586732 0.025283
0.403875 0.594046 0.023299
0.482496 0.679704 0.010339
0.487051 0.686013 0.010020
0.481926 0.691813 0.009823
0.487676 0.673908 0.010699
0.492883 0.668134 0.011134
0.497373 0.674459 0.010642
0.492199 0.680228 0.010293
0.472204 0.691356 0.009850
0.477339 0.685521 0.010056
0.476814 0.697641 0.009686
0.472809 0.679129 0.010382
0.473553 0.666817 0.011262
0.478798 0.661020 0.011800
0.477997 0.673303 0.010752
0.466594 0.709262 0.009461
0.467079 0.697228 0.009706
0.471701 0.703476 0.009569
0.357025 0.474156 0.086882
0.360802 0.479285 0.082697
0.355146 0.482692 0.078999
0.362673 0.470932 0.090772
0.368316 0.467789 0.094777
0.372101 0.472715 0.090421
0.366454 0.475959 0.086502
0.345708 0.480844 0.079422
0.351370 0.477461 0.083101
0.349483 0.486176 0.075402
0.347584 0.472336 0.087255
0.349433 0.464198 0.095391
0.355072 0.461167 0.099442
0.353236 0.469129 0.091117
0.338135 0.493368 0.068484
0.340039 0.484302 0.075838
0.343813 0.489735 0.071900
0.520699 0.443546 0.161249
0.524706 0.446998 0.154974
0.519377 0.449510 0.149460
0.525957 0.441091 0.167036
0.531169 0.438610 0.172981
0.535242 0.441964 0.166407
0.529995 0.444486 0.160620
0.510057 0.448422 0.150094
0.515399 0.445985 0.155607
0.514007 0.452029 0.144069
0.511394 0.442538 0.161822
0.512602 0.436845 0.174028
0.517796 0.434492 0.180120
0.516664 0.440162 0.167601
0.503148 0.457139 0.133613
0.504673 0.450869 0.144698
0.508597 0.454569 0.138791
0.487284 0.417882 0.212820
0.491656 0.421090 0.206467
0.486661 0.423317 0.200031
0.492123 0.415340 0.219438
0.496874 0.412525 0.226186
0.501390 0.415985 0.219602
0.496566 0.418658 0.212983
0.477344 0.422300 0.199871
0.482358 0.420189 0.206303
0.481585 0.425372 0.193654
0.477986 0.417005 0.212520
0.478338 0.411230 0.225415
0.483038 0.408405 0.232305
0.482847 0.414598 0.219132
0.471209 0.429223 0.181133
0.472246 0.424253 0.193511
0.476433 0.427312 0.187345
0.523720 0.388237 0.270757
0.528669 0.393363 0.262973
0.524293 0.398025 0.255248
0.527992 0.382706 0.278927
0.532242 0.376646 0.287271
0.537303 0.382758 0.279008
0.533000 0.388288 0.270893
0.515042 0.397910 0.255040
0.519408 0.393292 0.262791
0.519861 0.402305 0.247723
0.514433 0.388268 0.270441
0.513515 0.376847 0.286696
0.517670 0.370238 0.295093
0.518673 0.382755 0.278666
0.510788 0.409793 0.233279
0.510615 0.402118 0.247509
0.515364 0.406222 0.240399
0.597333 0.389863 0.266182
0.602020 0.395196 0.257229
0.597674 0.399992 0.250024
0.601657 0.384375 0.273845
0.605934 0.378541 0.281636
0.610552 0.384788 0.272094
0.606316 0.390122 0.264595
0.588596 0.399836 0.251403
0.592980 0.395015 0.258699
0.593280 0.404505 0.242986
0.588291 0.389639 0.267516
0.588027 0.377704 0.284514
0.592472 0.371161 0.292476
0.592672 0.384055 0.275293
0.584325 0.412684 0.229408
0.584177 0.404334 0.244291
0.588833 0.408733 0.236118
0.559430 0.335239 0.326184
0.564380 0.342097 0.321534
0.559596 0.349116 0.316260
0.564291 0.328594 0.329924
0.569176 0.322186 0.332937
0.574048 0.328566 0.329712
0.569223 0.335221 0.326000
0.549925 0.349060 0.316356
0.554631 0.342078 0.321670
0.554913 0.356201 0.310139
0.549642 0.335238 0.326226
0.549448 0.322282 0.333075
0.554306 0.316190 0.335478
0.554444 0.328627 0.330002
0.545927 0.370164 0.295463
0.545333 0.356121 0.310218
0.550357 0.363270 0.303167
0.432207 0.488228 0.083451
0.435925 0.493390 0.079015
0.430267 0.496969 0.075227
0.437857 0.484858 0.087480
0.443503 0.481580 0.091631
0.447229 0.486509 0.086956
0.441579 0.489903 0.082924
0.420896 0.495249 0.075754
0.426553 0.491693 0.079542
0.424607 0.500642 0.071561
0.422832 0.486530 0.083955
0.424749 0.478244 0.092596
0.430390 0.475101 0.096859
0.428482 0.483180 0.087982
0.413286 0.508256 0.064596
0.415237 0.498895 0.072087
0.418946 0.504405 0.068018
0.402010 0.450801 0.121417
0.405855 0.455137 0.116529
0.400251 0.457834 0.111862
0.407579 0.448315 0.126292
0.413126 0.445937 0.131281
0.417006 0.450051 0.126205
0.411441 0.452544 0.121313
0.390820 0.456092 0.112034
0.396423 0.453394 0.116663
0.394636 0.460626 0.107320
0.392571 0.449047 0.121494
0.394253 0.442400 0.131283
0.399784 0.440122 0.136329
0.398143 0.446557 0.126335
0.383380 0.466488 0.098618
0.385206 0.458882 0.107528
0.389012 0.463510 0.102905
0.445860 0.433483 0.163380
0.449875 0.436942 0.157727
0.444463 0.438948 0.152208
0.451218 0.431616 0.169120
0.456545 0.429771 0.175002
0.460610 0.433049 0.169139
0.455257 0.434981 0.163367
0.435059 0.437346 0.152262
0.440474 0.435388 0.157764
0.439025 0.441011 0.146802
0.436457 0.431903 0.163339
0.437746 0.426772 0.174761
0.443045 0.425090 0.180728
0.441818 0.430095 0.169056
0.428067 0.445357 0.136301
0.429617 0.439371 0.146864
0.433559 0.443144 0.141501
0.560377 0.683044 0.009893
0.565065 0.688882 0.009634
0.560021 0.694406 0.009508
0.565491 0.677514 0.010163
0.570637 0.672004 0.010501
0.575244 0.677889 0.010086
0.570139 0.683370 0.009827
0.550241 0.694145 0.009555
0.555295 0.688590 0.009690
0.554997 0.699947 0.009433
0.550620 0.682703 0.009958
0.551159 0.671172 0.010674
0.556352 0.665619 0.011104
0.555742 0.677141 0.010239
0.544954 0.711008 0.009299
0.545207 0.699718 0.009471
0.549974 0.705488 0.009365
0.524766 0.634156 0.015285
0.529033 0.640454 0.014264
0.523678 0.646031 0.013481
0.530196 0.628626 0.016232
0.535660 0.623128 0.017252
0.539850 0.629409 0.016049
0.534423 0.634914 0.015120
0.514011 0.645329 0.013611
0.519371 0.639722 0.014412
0.518356 0.651645 0.012769
0.515117 0.633365 0.015451
0.516389 0.621412 0.017661
0.521890 0.615891 0.018795
0.520551 0.627809 0.016416
0.507806 0.662987 0.011560
0.508683 0.650976 0.012883
0.513066 0.657298 0.012128
0.568945 0.591097 0.025493
0.573002 0.597149 0.023527
0.567428 0.602389 0.021996
0.574551 0.585976 0.027276
0.580167 0.580923 0.029171
0.584193 0.586865 0.026936
0.578590 0.591975 0.025175
0.557778 0.601526 0.022274
0.563354 0.596280 0.023825
0.561869 0.607689 0.020585
0.559310 0.590183 0.025817
0.560921 0.579049 0.029912
0.566555 0.574062 0.031962
0.564918 0.585061 0.027621
0.550808 0.618475 0.018127
0.552220 0.606837 0.020843
0.556329 0.613052 0.019295
0.735724 0.525829 0.060509
0.739826 0.530758 0.056970
0.734265 0.534676 0.054175
0.741272 0.522021 0.063410
0.746815 0.518271 0.066331
0.750933 0.523125 0.062637
0.745382 0.526910 0.059793
0.724610 0.533651 0.054791
0.730170 0.529705 0.057633
0.728699 0.538668 0.051416
0.726072 0.524759 0.061229
0.727513 0.516049 0.068022
0.733045 0.512313 0.071094
0.731619 0.520926 0.064189
0.717551 0.546891 0.046041
0.719044 0.537672 0.051992
0.723128 0.542738 0.048701
0.702929 0.487559 0.094719
0.707020 0.492189 0.089780
0.701540 0.495818 0.086209
0.708368 0.484002 0.098461
0.713791 0.480479 0.102240
0.717930 0.485050 0.097033
0.712484 0.488601 0.093389
0.691991 0.494792 0.087365
0.697471 0.491155 0.091020
0.696046 0.499489 0.082671
0.693397 0.486558 0.096036
0.694733 0.478519 0.105208
0.700124 0.475030 0.109212
0.698834 0.483000 0.099863
0.685019 0.506978 0.075712
0.686495 0.498472 0.083749
0.690538 0.503207 0.079170
0.686496 0.469811 0.116494
0.690622 0.474123 0.110752
0.685234 0.477604 0.106667
0.691830 0.466384 0.120771
0.697135 0.462971 0.125107
0.701322 0.467226 0.119085
0.695985 0.470666 0.114890
0.719303 0.506386 0.076177
0.723407 0.511201 0.072015
0.717876 0.514956 0.068872
0.724817 0.502718 0.079438
0.730322 0.499093 0.082714
0.734446 0.503846 0.078359
0.728931 0.507500 0.075179
0.553020 0.567115 0.034980
0.556956 0.573065 0.032365
0.551319 0.578049 0.030291
0.558679 0.562278 0.037293
0.564343 0.557515 0.039707
0.568259 0.563306 0.036836
0.562603 0.568151 0.034547
0.508204 0.608457 0.020530
0.512274 0.614954 0.019024
0.506769 0.620499 0.017869
0.513753 0.603018 0.021923
0.519319 0.597661 0.023438
0.523350 0.604034 0.021645
0.517803 0.609456 0.020274
0.542152 0.659049 0.011820
0.546629 0.665141 0.011200
0.541430 0.670724 0.010757
0.547423 0.653492 0.012415
0.552729 0.647963 0.013080
0.557128 0.654053 0.012293
0.551861 0.659583 0.011712
0.429502 0.420281 0.186225
0.433641 0.423506 0.180493
0.428339 0.425120 0.174550
0.434714 0.418767 0.192347
0.439863 0.417196 0.198534
0.444107 0.420319 0.192707
0.438903 0.421912 0.186554
0.386413 0.434315 0.141265
0.390342 0.438322 0.136259
0.384806 0.440606 0.131248
0.391907 0.432240 0.146477
0.397373 0.430271 0.151803
0.401342 0.434077 0.146633
0.395855 0.436146 0.141389
0.417245 0.468701 0.102031
0.421004 0.473418 0.097283
0.415363 0.476540 0.093029
0.422871 0.465784 0.106516
0.428485 0.462956 0.111117
0.432263 0.467453 0.106152
0.426638 0.470389 0.101658
0.539460 0.310428 0.337244
0.544452 0.316214 0.335472
0.539639 0.322289 0.333069
0.544323 0.304919 0.338437
0.549214 0.299677 0.339089
0.554198 0.304889 0.338447
0.549308 0.310416 0.337250
0.578758 0.363677 0.301965
0.583397 0.370847 0.293543
0.578894 0.377473 0.285511
0.583386 0.356567 0.308848
0.587992 0.349530 0.314879
0.592471 0.356955 0.307954
0.587941 0.363937 0.301116
0.502967 0.363954 0.302003
0.508263 0.370535 0.294581
0.504175 0.377149 0.286085
0.507131 0.356662 0.309420
0.511443 0.349388 0.315892
0.516660 0.356293 0.309868
0.512406 0.363501 0.302621
0.469123 0.404231 0.237929
0.473761 0.407772 0.231682
0.469035 0.410434 0.224839
0.473675 0.401049 0.245143
0.478127 0.397443 0.252606
0.482914 0.401400 0.246004
0.478389 0.404778 0.238729
0.504383 0.430431 0.187072
0.508511 0.433596 0.180530
0.503299 0.435856 0.174451
0.509486 0.428187 0.193382
0.514517 0.425811 0.199767
0.518756 0.428962 0.193085
0.513667 0.431304 0.186756
0.341784 0.454594 0.104032
0.345616 0.459355 0.099698
0.339975 0.462375 0.095683
0.347406 0.451741 0.108240
0.353018 0.448969 0.112570
0.356869 0.453558 0.108078
0.351248 0.456415 0.103828
0.464834 0.653609 0.012587
0.469166 0.660249 0.011873
0.463917 0.666073 0.011321
0.470140 0.647835 0.013311
0.475477 0.642101 0.014113
0.479746 0.648709 0.013209
0.474441 0.654462 0.012503
0.401824 0.543484 0.042321
0.405547 0.550081 0.039327
0.399943 0.554924 0.036880
0.407449 0.538913 0.044975
0.413088 0.534454 0.047721
0.416799 0.540768 0.044502
0.411166 0.545366 0.041868
0.492294 0.481315 0.098114
0.496038 0.485972 0.093085
0.490395 0.489312 0.088844
0.497922 0.478169 0.102600
0.503536 0.475094 0.107187
0.507296 0.479524 0.101893
0.501673 0.482711 0.097436
0.447054 0.509549 0.066379
0.450763 0.515155 0.062425
0.445097 0.519212 0.059152
0.452719 0.505703 0.069913
0.458382 0.501948 0.073577
0.462098 0.507311 0.069362
0.456431 0.511186 0.065829
0.476929 0.557034 0.038655
0.480727 0.563330 0.035822
0.475084 0.568266 0.033561
0.482595 0.552291 0.041151
0.488269 0.547637 0.043751
0.492053 0.553727 0.040662
0.486385 0.558484 0.038190
0.642929 0.498437 0.084170
0.646886 0.503139 0.079461
0.641340 0.506994 0.075791
0.648453 0.494698 0.088045
0.653961 0.491011 0.091972
0.657940 0.495600 0.086988
0.652420 0.499343 0.083196
0.598264 0.530464 0.056284
0.602179 0.535771 0.052636
0.596541 0.540172 0.049743
0.603889 0.526222 0.059424
0.609504 0.522055 0.062669
0.613425 0.527197 0.058752
0.607807 0.531446 0.055641
0.630006 0.574514 0.031683
0.634058 0.580249 0.029289
0.628447 0.585223 0.027391
0.635630 0.569672 0.033814
0.641257 0.564903 0.036051
0.645300 0.570493 0.033407
0.639676 0.575337 0.031295
0.578405 0.436057 0.181820
0.582592 0.439369 0.174603
0.577506 0.442210 0.168712
0.583390 0.433216 0.187914
0.588298 0.430259 0.193988
0.592592 0.433551 0.186597
0.587622 0.436487 0.180592
0.536573 0.457840 0.136615
0.540482 0.461635 0.130658
0.535034 0.464484 0.125633
0.541954 0.455115 0.141864
0.547301 0.452415 0.147218
0.551272 0.456044 0.141002
0.545894 0.458824 0.135780
0.567386 0.491044 0.091824
0.571209 0.495652 0.086792
0.565598 0.499312 0.082762
0.572977 0.487540 0.096093
0.578549 0.484086 0.100454
0.582391 0.488499 0.095146
0.576809 0.492050 0.090921
0.616080 0.408834 0.231374
0.620731 0.412812 0.223135
0.616238 0.416631 0.216855
0.620429 0.404668 0.237969
0.624697 0.400382 0.244699
0.629482 0.404846 0.236065
0.625147 0.408880 0.229538
0.652480 0.438255 0.169384
0.656854 0.441942 0.162128
0.651772 0.445191 0.156844
0.657472 0.434998 0.174849
0.662408 0.431716 0.180326
0.666921 0.435425 0.172823
0.661907 0.438693 0.167467
0.611215 0.464182 0.127998
0.615224 0.468102 0.121948
0.609848 0.471416 0.117302
0.616514 0.460941 0.132853
0.621770 0.457705 0.137797
0.625852 0.461522 0.131489
0.620559 0.464806 0.126676
0.674913 0.537992 0.051474
0.678956 0.543192 0.048134
0.673364 0.547537 0.045447
0.680492 0.533788 0.054354
0.686060 0.529662 0.057310
0.690115 0.534747 0.053754
0.684540 0.538930 0.050906
0.522311 0.521456 0.061552
0.526097 0.526913 0.057661
0.520431 0.531181 0.054547
0.527970 0.517382 0.064933
0.533621 0.513394 0.068432
0.537414 0.518631 0.064255
0.531758 0.522730 0.060897
0.432120 0.598452 0.022601
0.436030 0.605523 0.020875
0.430521 0.611237 0.019498
0.437666 0.592909 0.024216
0.443226 0.587483 0.025943
0.447104 0.594373 0.023927
0.441559 0.599896 0.022344
0.501011 0.704387 0.009506
0.505736 0.710295 0.009393
0.500681 0.715897 0.009310
0.506089 0.698659 0.009606
0.511167 0.692940 0.009721
0.515862 0.698946 0.009575
0.510797 0.704637 0.009481
0.372074 0.495330 0.070521
0.375813 0.500910 0.066623
0.370160 0.504739 0.063309
0.377727 0.491690 0.074047
0.383379 0.488135 0.077683
0.387116 0.493506 0.073577
0.381465 0.497165 0.070044
0.543037 0.407093 0.240237
0.547684 0.411235 0.232819
0.543060 0.414729 0.225936
0.547527 0.403062 0.247478
0.551970 0.398718 0.254882
0.556732 0.403434 0.247024
0.552239 0.407481 0.239847
0.461751 0.447827 0.140941
0.465656 0.451645 0.135418
0.460147 0.454075 0.130271
0.467209 0.445569 0.146293
0.472637 0.443365 0.151757
0.476591 0.446986 0.146034
0.471138 0.449285 0.140673
0.585343 0.615401 0.018595
0.589512 0.621507 0.017268
0.584020 0.626860 0.016259
0.590879 0.610101 0.019830
0.596429 0.604854 0.021182
0.600560 0.610899 0.019580
0.595027 0.616179 0.018365
0.678184 0.461442 0.128571
0.677022 0.468997 0.118078
0.672888 0.464823 0.124074
0.682352 0.465583 0.122435
0.681137 0.473258 0.112275
0.711111 0.496877 0.085051
0.709693 0.505298 0.077177
0.705613 0.500533 0.081598
0.715203 0.501611 0.080520
0.713782 0.510107 0.072938
0.545234 0.555341 0.040686
0.543454 0.566031 0.035419
0.539566 0.560083 0.038224
0.549114 0.561204 0.037755
0.547371 0.572022 0.032774
0.500174 0.595464 0.024057
0.498618 0.607410 0.020790
0.494605 0.600842 0.022494
0.504170 0.601959 0.022207
0.502671 0.613977 0.019257
0.533353 0.646704 0.013349
0.532450 0.658491 0.011925
0.528037 0.652288 0.012653
0.537726 0.652904 0.012535
0.536913 0.664638 0.011294
0.421103 0.413841 0.197576
0.420105 0.418512 0.185832
0.415942 0.415238 0.191455
0.425323 0.417076 0.191928
0.424236 0.421801 0.180190
0.378510 0.426478 0.151364
0.376967 0.432450 0.141119
0.373026 0.428459 0.146098
0.382468 0.430369 0.146298
0.380894 0.436496 0.136169
0.409673 0.459569 0.111667
0.407843 0.466987 0.102359
0.404058 0.462364 0.107093
0.413469 0.464088 0.106830
0.411611 0.471711 0.097668
0.529500 0.299694 0.339078
0.529620 0.310437 0.337232
0.524626 0.304938 0.338430
0.534473 0.304926 0.338431
0.534628 0.316222 0.335462
0.569267 0.349164 0.315987
0.569382 0.363530 0.302572
0.564520 0.356292 0.309909
0.574058 0.356387 0.309482
0.574162 0.370652 0.294346
0.492501 0.350754 0.314621
0.493648 0.364670 0.301081
0.488444 0.358293 0.307659
0.497687 0.357292 0.308721
0.498915 0.371022 0.293815
0.459706 0.396923 0.250321
0.459850 0.403567 0.237036
0.455193 0.400034 0.243092
0.464432 0.400611 0.244146
0.464468 0.407038 0.230949
0.495961 0.424236 0.200063
0.495083 0.429478 0.187288
0.490901 0.426400 0.193689
0.500201 0.427336 0.193595
0.499211 0.432625 0.180857
0.334063 0.445278 0.112759
0.332309 0.452749 0.104226
0.328453 0.448043 0.108529
0.337931 0.449904 0.108387
0.336149 0.457525 0.099943
0.456333 0.640134 0.014343
0.455246 0.652697 0.012667
0.450992 0.645907 0.013503
0.460556 0.646901 0.013409
0.459554 0.659421 0.011941
0.394399 0.530670 0.048696
0.392492 0.541550 0.042774
0.388777 0.535057 0.045917
0.398109 0.537009 0.045447
0.396213 0.548177 0.039758
0.484786 0.472319 0.108471
0.482914 0.479874 0.098738
0.479165 0.475315 0.103835
0.488545 0.476765 0.103248
0.486656 0.484541 0.093737
0.439637 0.498665 0.074682
0.437683 0.507866 0.066934
0.433976 0.502361 0.071020
0.443346 0.504051 0.070468
0.441389 0.513484 0.062975
0.469396 0.544647 0.044760
0.467490 0.555531 0.039116
0.463726 0.549265 0.042115
0.473154 0.550804 0.041636
0.471274 0.561868 0.036263
0.635044 0.489282 0.094134
0.633455 0.497543 0.085124
0.629529 0.492940 0.090068
0.638984 0.493816 0.089063
0.637391 0.502228 0.080365
0.590474 0.520080 0.064122
0.588729 0.529465 0.056943
0.584843 0.524227 0.060815
0.594362 0.525231 0.060112
0.592628 0.534782 0.053253
0.621966 0.563192 0.036918
0.620347 0.573671 0.032075
0.616331 0.567964 0.034644
0.625975 0.568829 0.034225
0.624387 0.579425 0.029657
0.569925 0.429481 0.196340
0.569186 0.435540 0.182910
0.564980 0.432270 0.190101
0.574188 0.432785 0.189081
0.573359 0.438853 0.175752
0.528686 0.450527 0.148776
0.527254 0.456811 0.137388
0.523328 0.453117 0.143386
0.532641 0.454139 0.142656
0.531155 0.460598 0.131470
0.559751 0.482123 0.102335
0.557972 0.489991 0.092699
0.554168 0.485481 0.097892
0.563568 0.486533 0.097008
0.561781 0.494603 0.087653
0.606721 0.400101 0.248444
0.607030 0.408881 0.233137
0.602364 0.404605 0.241500
0.611416 0.404626 0.239821
0.611656 0.412864 0.224923
0.643609 0.431033 0.184211
0.643101 0.437878 0.171175
0.638718 0.434321 0.178530
0.648068 0.434621 0.176753
0.647451 0.441499 0.163926
0.603150 0.456681 0.140587
0.601886 0.463569 0.129319
0.597877 0.459812 0.135556
0.607191 0.460374 0.134211
0.605874 0.467435 0.123230
0.666852 0.527731 0.058615
0.665295 0.537059 0.052049
0.661274 0.531893 0.055583
0.670877 0.532837 0.054964
0.669325 0.542275 0.048673
0.514773 0.510821 0.069823
0.512875 0.520134 0.062207
0.509113 0.514745 0.066281
0.518537 0.516091 0.065608
0.516648 0.525613 0.058294
0.424401 0.584380 0.026569
0.422694 0.596996 0.022846
0.418837 0.589873 0.024771
0.428245 0.591402 0.024499
0.426585 0.604133 0.021095
0.491662 0.692227 0.009792
0.491231 0.704114 0.009530
0.486561 0.698016 0.009662
0.496320 0.698354 0.009635
0.495939 0.710074 0.009413
0.364569 0.484522 0.078568
0.362669 0.493484 0.070989
0.358912 0.488031 0.074958
0.368326 0.489868 0.074507
0.366418 0.499052 0.067102
0.533533 0.398186 0.255303
0.533827 0.406768 0.240442
0.529097 0.402507 0.247803
0.538319 0.402752 0.247731
0.538479 0.410834 0.233157
0.453861 0.440481 0.152100
0.452359 0.446321 0.141171
0.448425 0.442590 0.146675
0.457820 0.444107 0.146503
0.456266 0.450148 0.135702
0.577088 0.603219 0.021723
0.575666 0.614627 0.018827
0.571532 0.608504 0.020331
0.581202 0.609304 0.020080
0.579826 0.620755 0.017481
0.727207 0.547829 0.045535
0.721625 0.552034 0.042957
0.732784 0.543708 0.048168
0.716038 0.556326 0.040447
0.710448 0.560705 0.038016
0.749488 0.531820 0.056314
0.743924 0.535709 0.053567
0.755046 0.528001 0.059084
0.738357 0.539669 0.050849
0.554764 0.711152 0.009273
0.549755 0.716600 0.009215
0.559776 0.705669 0.009332
0.544749 0.722002 0.009162
0.539749 0.727342 0.009112
0.574839 0.689176 0.009577
0.569804 0.694654 0.009460
0.579902 0.683726 0.009760
0.564790 0.700161 0.009393
0.330530 0.506699 0.058275
0.461140 0.726433 0.009188
0.391038 0.619735 0.017258
0.638000 0.625495 0.016201
0.632508 0.630776 0.015275
0.643522 0.620190 0.017207
0.627060 0.636025 0.014417
0.621659 0.641261 0.013628
0.660180 0.604400 0.020921
0.654615 0.609629 0.019569
0.665755 0.599224 0.022386
0.649061 0.614896 0.018330
0.682508 0.584106 0.027436
0.676920 0.589068 0.025644
0.688095 0.579233 0.029335
0.671335 0.594110 0.023960
0.704859 0.565186 0.035684
0.699272 0.569768 0.033459
0.693684 0.574452 0.031343
0.424604 0.675563 0.010537
0.514858 0.752953 0.008950
0.509908 0.757899 0.008939
0.519819 0.747965 0.008969
0.504967 0.762822 0.008935
0.500038 0.767734 0.008940
0.534755 0.732611 0.009067
0.529768 0.737804 0.009028
0.524790 0.742920 0.008995
0.360803 0.559285 0.033233
0.595286 0.667585 0.010708
0.590125 0.672929 0.010326
0.600483 0.662274 0.011158
0.584997 0.678310 0.010010
0.616303 0.646494 0.012909
0.610990 0.651736 0.012257
0.605717 0.656993 0.011674
0.311644 0.478614 0.077104
0.307861 0.473328 0.081051
0.315424 0.484000 0.073205
0.304072 0.468133 0.085038
0.300274 0.463025 0.089056
0.326752 0.500844 0.061884
0.322977 0.495106 0.065586
0.319201 0.489494 0.069363
0.437949 0.695750 0.009751
0.433459 0.689082 0.009930
0.442481 0.702280 0.009608
0.429010 0.682349 0.010185
0.456407 0.720658 0.009273
0.451715 0.714717 0.009370
0.447071 0.708597 0.009482
0.372038 0.581742 0.025987
0.368311 0.574126 0.028244
0.375763 0.589441 0.023900
0.364568 0.566631 0.030663
0.387120 0.612402 0.018674
0.383277 0.604885 0.020249
0.379501 0.597185 0.021991
0.403208 0.641080 0.013852
0.399084 0.634046 0.014857
0.407393 0.648056 0.012968
0.395027 0.626937 0.015989
0.420239 0.668738 0.010988
0.415913 0.661878 0.011541
0.411630 0.654986 0.012199
0.475547 0.742868 0.009013
0.470714 0.737532 0.009059
0.480405 0.748069 0.008978
0.465910 0.732057 0.009117
0.495105 0.762958 0.008936
0.490188 0.758100 0.008940
0.485286 0.753143 0.008954
0.341892 0.525060 0.048054
0.338103 0.518783 0.051358
0.345682 0.531521 0.044857
0.334315 0.512670 0.054765
0.357028 0.552085 0.035945
0.353250 0.545043 0.038793
0.349468 0.538182 0.041767
