0.581818 0.605622 0.014197
0.581238 0.616266 0.012781
0.576622 0.610819 0.013533
0.442704 0.443059 0.097459
0.441664 0.451146 0.089759
0.437316 0.446709 0.093326
0.527235 0.378881 0.163759
0.526885 0.388815 0.156246
0.522133 0.383834 0.160114
0.356412 0.507544 0.043942
0.355289 0.517390 0.039393
0.351009 0.511936 0.041569
0.500134 0.688757 0.008989
0.500071 0.698878 0.008907
0.495165 0.693812 0.008932
0.425449 0.599570 0.016352
0.424625 0.610928 0.014496
0.420153 0.604935 0.015405
0.510871 0.519680 0.043204
0.509799 0.529639 0.038230
0.505509 0.524380 0.040846
0.665853 0.527124 0.032441
0.665012 0.536843 0.028784
0.660553 0.531725 0.030918
0.597160 0.450107 0.088477
0.595936 0.458647 0.080908
0.591787 0.454230 0.085467
0.640099 0.417405 0.112515
0.638929 0.425807 0.104457
0.634750 0.421474 0.109625
0.605888 0.380323 0.154876
0.605160 0.390237 0.146550
0.600763 0.385296 0.151784
0.554015 0.483629 0.064733
0.552811 0.492849 0.058232
0.548606 0.487980 0.061850
0.520410 0.447540 0.097752
0.519214 0.455767 0.089679
0.514986 0.451412 0.093913
0.563926 0.416590 0.128908
0.562795 0.424770 0.120333
0.558539 0.420591 0.125287
0.623631 0.565123 0.021590
0.622910 0.575358 0.019029
0.618380 0.570058 0.020475
0.588134 0.523391 0.038496
0.587188 0.533278 0.034052
0.582811 0.528102 0.036565
0.630891 0.487147 0.055477
0.629838 0.496464 0.049925
0.625537 0.491544 0.053259
0.468053 0.558378 0.026957
0.467075 0.569009 0.023666
0.462709 0.563378 0.025343
0.433719 0.514660 0.044676
0.432586 0.524638 0.039732
0.428325 0.519243 0.042158
0.477058 0.479548 0.068753
0.475845 0.488682 0.062068
0.471628 0.483768 0.065421
0.390609 0.552263 0.027655
0.389521 0.562952 0.024357
0.385223 0.557083 0.025979
0.461874 0.646125 0.010873
0.461450 0.656972 0.010169
0.456735 0.651488 0.010512
0.321861 0.465992 0.063247
0.320845 0.475109 0.057880
0.316493 0.470002 0.060305
0.485620 0.414096 0.132428
0.484770 0.422015 0.124110
0.480312 0.417868 0.128156
0.448231 0.378748 0.160309
0.447954 0.387639 0.153010
0.443165 0.383201 0.156132
0.488015 0.335312 0.186830
0.487988 0.346360 0.182405
0.483098 0.341035 0.184620
0.567261 0.334783 0.186275
0.567314 0.346120 0.181681
0.562305 0.340446 0.184393
0.527278 0.293169 0.193674
0.527310 0.303074 0.193470
0.522358 0.298106 0.193627
0.399592 0.473667 0.067159
0.398489 0.482775 0.060987
0.394195 0.477756 0.063841
0.364653 0.435648 0.091289
0.363719 0.443932 0.084346
0.359320 0.439235 0.087355
0.407069 0.408937 0.125971
0.406361 0.416497 0.118224
0.401822 0.412196 0.121534
0.540500 0.647540 0.010535
0.540146 0.658080 0.009949
0.535396 0.652748 0.010246
0.503535 0.603275 0.015533
0.502849 0.614172 0.013833
0.498292 0.608553 0.014698
0.545685 0.562206 0.024849
0.544852 0.572655 0.021823
0.540398 0.567222 0.023450
0.708500 0.491586 0.045528
0.707569 0.500910 0.041126
0.703151 0.495931 0.043825
0.673804 0.453065 0.073826
0.672702 0.461925 0.067404
0.668429 0.457247 0.071459
0.586423 0.611056 0.013356
0.447058 0.447432 0.093800
0.532032 0.384032 0.159911
0.360693 0.512946 0.041686
0.505020 0.693866 0.008929
0.429907 0.605514 0.015347
0.515150 0.524892 0.040463
0.670304 0.532219 0.030229
0.601306 0.454495 0.083815
0.644299 0.421757 0.107310
0.610310 0.385460 0.149616
0.558218 0.488433 0.061000
0.524639 0.451852 0.093396
0.568205 0.420813 0.123948
0.628151 0.570398 0.020060
0.592500 0.528534 0.035875
0.635192 0.492037 0.052048
0.472409 0.563965 0.025182
0.437975 0.519994 0.042141
0.481279 0.484384 0.065296
0.394901 0.558063 0.025947
0.466565 0.651650 0.010489
0.326217 0.471055 0.060748
0.490113 0.418289 0.128414
0.453048 0.383277 0.157191
0.492919 0.340653 0.184855
0.572283 0.340396 0.183804
0.532218 0.298102 0.193629
0.403892 0.478616 0.064216
0.369060 0.440288 0.088211
0.411639 0.413216 0.122683
0.545229 0.652901 0.010205
0.508076 0.608877 0.014572
0.550129 0.567609 0.023128
0.712918 0.496555 0.042752
0.678071 0.457717 0.069685
0.669583 0.489231 0.050325
0.673943 0.494160 0.047210
0.668597 0.498558 0.045358
0.674932 0.484883 0.052285
0.690994 0.471980 0.058306
0.695343 0.476829 0.054858
0.689989 0.481128 0.052911
0.704901 0.529254 0.029614
0.709361 0.534316 0.027616
0.704056 0.538854 0.026310
0.710221 0.524773 0.031009
0.726225 0.511514 0.035308
0.730672 0.516512 0.033079
0.725335 0.520917 0.031686
0.542657 0.604544 0.014919
0.547234 0.610054 0.014012
0.542030 0.615300 0.013345
0.547880 0.599336 0.015749
0.563587 0.583873 0.018635
0.568115 0.589307 0.017362
0.562885 0.594456 0.016427
0.501183 0.646859 0.010726
0.505896 0.652285 0.010363
0.500797 0.657522 0.010075
0.506321 0.641573 0.011081
0.521837 0.625620 0.012329
0.526465 0.631172 0.011793
0.521297 0.636478 0.011396
0.539541 0.689017 0.008972
0.544431 0.694091 0.008919
0.539486 0.699070 0.008899
0.544519 0.683976 0.009052
0.559551 0.668738 0.009455
0.564367 0.673939 0.009280
0.559359 0.679006 0.009150
0.403675 0.439735 0.094831
0.408070 0.444231 0.091491
0.402703 0.447863 0.087484
0.409034 0.436222 0.099024
0.425118 0.425910 0.112176
0.429540 0.430152 0.108507
0.424170 0.433623 0.104104
0.360740 0.470019 0.065228
0.365075 0.475024 0.062526
0.359692 0.479130 0.059456
0.366115 0.466019 0.068503
0.382224 0.454363 0.079082
0.386589 0.459124 0.076080
0.381213 0.463008 0.072503
0.395099 0.511365 0.044476
0.399362 0.516755 0.042076
0.393966 0.521300 0.039702
0.400498 0.506914 0.047064
0.416707 0.493777 0.055533
0.420962 0.498927 0.052724
0.415558 0.503328 0.049886
0.527459 0.334816 0.187087
0.532420 0.340391 0.185059
0.527484 0.345964 0.182804
0.532378 0.329329 0.188810
0.547156 0.313246 0.192387
0.552173 0.318484 0.191390
0.547236 0.323877 0.190223
0.566883 0.379717 0.161370
0.571581 0.384922 0.156836
0.566400 0.389786 0.153497
0.571997 0.374482 0.164695
0.587150 0.357699 0.173877
0.591989 0.363547 0.169687
0.586938 0.369135 0.166644
0.487674 0.378556 0.163293
0.492469 0.383492 0.159805
0.487362 0.388207 0.155895
0.492712 0.373466 0.167110
0.507679 0.357109 0.177422
0.512602 0.362658 0.174403
0.507610 0.368126 0.171016
0.446385 0.412142 0.130071
0.450919 0.416309 0.126465
0.445608 0.419825 0.122008
0.451640 0.408506 0.134448
0.467245 0.396776 0.147242
0.471892 0.401192 0.143711
0.466689 0.405172 0.139503
0.481650 0.445625 0.098675
0.485952 0.449950 0.094654
0.480541 0.453764 0.090725
0.487059 0.441886 0.102787
0.503301 0.430677 0.115544
0.507613 0.434842 0.111066
0.502192 0.438619 0.106853
0.317610 0.503391 0.043333
0.321902 0.508798 0.041193
0.316470 0.513173 0.038984
0.323026 0.499103 0.045694
0.339221 0.486443 0.053379
0.343532 0.491648 0.050968
0.338136 0.495885 0.048370
0.460720 0.688546 0.009000
0.465601 0.693676 0.008938
0.460648 0.698720 0.008912
0.465713 0.683414 0.009098
0.480806 0.667853 0.009602
0.485604 0.673148 0.009390
0.480575 0.678321 0.009226
0.386510 0.596605 0.016522
0.390920 0.602848 0.015517
0.385606 0.608348 0.014625
0.391840 0.591276 0.017592
0.407865 0.575724 0.021308
0.412226 0.581677 0.019932
0.406891 0.586868 0.018702
0.472309 0.517408 0.044370
0.476572 0.522681 0.041702
0.471194 0.527383 0.039341
0.477700 0.512804 0.046953
0.493907 0.499241 0.055273
0.498129 0.504288 0.052101
0.492732 0.508825 0.049363
0.429314 0.555712 0.027435
0.433632 0.561404 0.025693
0.428272 0.566408 0.024126
0.434681 0.550793 0.029180
0.450789 0.536242 0.035051
0.455083 0.541733 0.032872
0.449718 0.546597 0.030926
0.464458 0.601676 0.016020
0.468960 0.607424 0.015027
0.463706 0.612766 0.014224
0.469735 0.596402 0.017002
0.485605 0.580803 0.020435
0.490051 0.586428 0.019053
0.484767 0.591625 0.017927
0.626920 0.525190 0.035488
0.631336 0.530312 0.033056
0.626038 0.535009 0.031435
0.632233 0.520562 0.037247
0.648208 0.506920 0.042709
0.652591 0.511939 0.039916
0.647268 0.516471 0.038152
0.584616 0.563694 0.023304
0.589100 0.569029 0.021673
0.583844 0.574045 0.020512
0.589887 0.558742 0.024605
0.605728 0.544116 0.028911
0.610177 0.549350 0.026879
0.604900 0.554212 0.025481
0.621027 0.606571 0.013327
0.625659 0.611928 0.012558
0.620488 0.617090 0.012088
0.626215 0.601447 0.013940
0.641819 0.586265 0.016108
0.646405 0.591564 0.015003
0.641212 0.596604 0.014308
0.558973 0.449080 0.094425
0.563136 0.453392 0.089805
0.557710 0.457407 0.086449
0.564410 0.445124 0.097938
0.580713 0.433221 0.108552
0.584822 0.437374 0.103363
0.579408 0.441396 0.099963
0.515580 0.481740 0.067518
0.519771 0.486544 0.063868
0.514354 0.490916 0.060822
0.520994 0.477498 0.070728
0.537249 0.465090 0.080652
0.541439 0.469623 0.076540
0.536020 0.473775 0.073305
0.549459 0.521632 0.041222
0.553780 0.526803 0.038493
0.548446 0.531560 0.036444
0.554811 0.516959 0.043460
0.570904 0.503172 0.050511
0.575176 0.508169 0.047285
0.569819 0.512770 0.045010
0.602174 0.416873 0.121598
0.606307 0.421047 0.116332
0.600972 0.425169 0.113223
0.607467 0.412657 0.124650
0.623245 0.399766 0.133679
0.627480 0.404265 0.128357
0.622208 0.408501 0.125378
0.635323 0.451346 0.081335
0.639546 0.455906 0.076886
0.634175 0.460080 0.074319
0.640703 0.447220 0.084016
0.656906 0.434956 0.092132
0.661109 0.439416 0.087296
0.655708 0.443516 0.084664
0.592414 0.485324 0.060439
0.596650 0.490158 0.056780
0.591279 0.494602 0.054354
0.597783 0.480966 0.062986
0.613868 0.468102 0.070750
0.618096 0.472776 0.066700
0.612738 0.477068 0.064191
0.662697 0.566577 0.019786
0.667223 0.571796 0.018354
0.662008 0.576676 0.017430
0.667939 0.561765 0.020846
0.683719 0.547579 0.024347
0.688204 0.552719 0.022614
0.682942 0.557424 0.021470
0.506839 0.560485 0.026083
0.511236 0.565967 0.024311
0.505933 0.571030 0.022887
0.512153 0.555490 0.027674
0.528111 0.540735 0.032980
0.532474 0.546074 0.030745
0.527160 0.550991 0.029011
0.422589 0.645313 0.010957
0.427253 0.650986 0.010559
0.422115 0.656435 0.010213
0.427773 0.639793 0.011387
0.443433 0.623213 0.012925
0.447994 0.629058 0.012319
0.442780 0.634558 0.011823
0.500022 0.728828 0.008898
0.504946 0.733804 0.008897
0.500012 0.738761 0.008896
0.504957 0.723863 0.008898
0.519763 0.708956 0.008900
0.524683 0.713954 0.008898
0.519749 0.718918 0.008898
0.351883 0.548064 0.027672
0.356174 0.553883 0.026000
0.350763 0.558671 0.024386
0.357299 0.543373 0.029435
0.373512 0.529479 0.035252
0.377780 0.535103 0.033237
0.372385 0.539754 0.031293
0.524866 0.415406 0.132280
0.529290 0.419662 0.127836
0.523886 0.423511 0.123764
0.530213 0.411403 0.136230
0.546114 0.398732 0.147514
0.550675 0.403370 0.143070
0.545371 0.407611 0.139418
0.438364 0.476856 0.068440
0.442625 0.481740 0.065245
0.437202 0.485971 0.061949
0.443779 0.472764 0.071925
0.460018 0.460851 0.082936
0.464303 0.465433 0.079351
0.458886 0.469421 0.075701
0.579816 0.648178 0.010317
0.584560 0.653481 0.010024
0.579487 0.658626 0.009808
0.584925 0.642987 0.010579
0.600344 0.627312 0.011458
0.605016 0.632705 0.011029
0.599877 0.637926 0.010761
0.652321 0.469904 0.064490
0.651253 0.478965 0.058502
0.646959 0.474170 0.062214
0.656611 0.474669 0.060692
0.664235 0.493606 0.048389
0.687127 0.509105 0.038831
0.686229 0.518592 0.034766
0.681797 0.513556 0.037197
0.691554 0.514125 0.036331
0.699590 0.533774 0.028247
0.524566 0.582477 0.019634
0.523801 0.593170 0.017251
0.519299 0.587629 0.018499
0.529055 0.587994 0.018292
0.537442 0.609777 0.014160
0.482612 0.624558 0.012672
0.482022 0.635604 0.011646
0.477403 0.629957 0.012158
0.487212 0.630224 0.012094
0.496062 0.652129 0.010400
0.520183 0.668281 0.009534
0.519974 0.678646 0.009190
0.515146 0.673430 0.009352
0.524992 0.673529 0.009338
0.534579 0.694034 0.008921
0.385955 0.421937 0.108162
0.385067 0.429752 0.100506
0.380634 0.425271 0.103786
0.390401 0.426366 0.104834
0.398315 0.443301 0.090737
0.343294 0.450373 0.076275
0.342313 0.459122 0.070108
0.337942 0.454204 0.072830
0.347670 0.455238 0.073481
0.355364 0.474069 0.062081
0.378001 0.490306 0.054575
0.376889 0.499807 0.049232
0.372604 0.494565 0.051735
0.382287 0.495495 0.051988
0.389702 0.515850 0.042004
0.507638 0.313333 0.192409
0.507674 0.323926 0.190271
0.502734 0.318650 0.191473
0.512586 0.318556 0.191473
0.522530 0.340355 0.185091
0.547358 0.357404 0.177089
0.547292 0.368613 0.170490
0.542354 0.362965 0.174106
0.552321 0.363108 0.173705
0.561739 0.384742 0.158005
0.468270 0.358163 0.175936
0.468160 0.368668 0.169353
0.463285 0.363688 0.172371
0.473140 0.363282 0.173099
0.482607 0.383426 0.159395
0.427825 0.395147 0.143402
0.427335 0.403037 0.135881
0.422669 0.398763 0.139095
0.432523 0.399442 0.140214
0.441103 0.415678 0.125647
0.464257 0.428695 0.114893
0.463239 0.436490 0.106460
0.458872 0.432262 0.110420
0.468634 0.432869 0.110843
0.476243 0.449381 0.094635
0.300377 0.482191 0.052196
0.299297 0.491602 0.047502
0.294993 0.486311 0.049705
0.304695 0.487434 0.049942
0.312181 0.507714 0.041060
0.441432 0.667481 0.009638
0.441177 0.678073 0.009240
0.436370 0.672768 0.009420
0.446216 0.672835 0.009418
0.455746 0.693640 0.008938
0.369092 0.571807 0.021438
0.368061 0.583097 0.018817
0.363720 0.576866 0.020086
0.373418 0.577946 0.020078
0.381185 0.602028 0.015535
0.455338 0.496743 0.055903
0.454165 0.506314 0.050052
0.449923 0.501157 0.052928
0.459574 0.501842 0.052904
0.466923 0.522054 0.041886
0.412157 0.533211 0.035289
0.411048 0.543565 0.031227
0.406769 0.537934 0.033223
0.416432 0.538784 0.033186
0.423946 0.560657 0.025776
0.446703 0.578613 0.020988
0.445794 0.589589 0.018410
0.441379 0.583779 0.019702
0.451105 0.584379 0.019600
0.459190 0.606991 0.015120
0.609476 0.504960 0.046716
0.608468 0.514552 0.041660
0.604132 0.509508 0.044596
0.613801 0.509973 0.043677
0.621613 0.529859 0.033770
0.566872 0.542487 0.031134
0.565985 0.552672 0.027400
0.561568 0.547362 0.029450
0.571278 0.547762 0.028963
0.579350 0.568683 0.022056
0.602670 0.585100 0.017450
0.602020 0.595574 0.015447
0.597447 0.590186 0.016550
0.607232 0.590469 0.016260
0.615846 0.611722 0.012772
0.542209 0.432188 0.113663
0.540967 0.440236 0.104854
0.536745 0.436021 0.109621
0.546426 0.436374 0.108768
0.553537 0.453047 0.090936
0.498741 0.463216 0.082757
0.497553 0.471831 0.075380
0.493325 0.467225 0.079161
0.502969 0.467750 0.078867
0.510164 0.486042 0.064363
0.532384 0.501317 0.053452
0.531244 0.510911 0.047656
0.526993 0.505844 0.050775
0.536623 0.506336 0.050204
0.544114 0.526347 0.039050
0.585161 0.399504 0.142359
0.584242 0.408399 0.134093
0.579898 0.403965 0.139122
0.589524 0.404034 0.137291
0.596861 0.421044 0.118495
0.618653 0.433694 0.100713
0.617411 0.442120 0.092652
0.613275 0.437786 0.097632
0.622784 0.438018 0.095634
0.629952 0.455496 0.078667
0.575630 0.466672 0.076521
0.574416 0.475472 0.069458
0.570230 0.470855 0.073548
0.579806 0.471230 0.072306
0.587041 0.489723 0.057917
0.644697 0.545783 0.026601
0.643916 0.555762 0.023467
0.639423 0.550555 0.025262
0.649181 0.550968 0.024717
0.657466 0.571433 0.018780
0.489441 0.538721 0.034313
0.488422 0.549036 0.030211
0.484091 0.543579 0.032325
0.493763 0.544129 0.032074
0.501526 0.565514 0.024562
0.404303 0.621454 0.013073
0.403567 0.633273 0.011916
0.399029 0.627139 0.012467
0.408819 0.627582 0.012451
0.417424 0.650821 0.010567
0.480338 0.708823 0.008906
0.480320 0.718825 0.008903
0.475400 0.713815 0.008905
0.485257 0.713841 0.008904
0.495087 0.733792 0.008898
0.334756 0.525314 0.035040
0.333599 0.535501 0.031173
0.329318 0.529842 0.033040
0.339036 0.530922 0.033098
0.346462 0.552787 0.025978
0.506633 0.397716 0.148722
0.506011 0.406461 0.140827
0.501413 0.402030 0.144768
0.511268 0.402261 0.144802
0.519500 0.419324 0.128236
0.421155 0.457920 0.081508
0.420088 0.466491 0.074553
0.415768 0.461765 0.077766
0.425483 0.462571 0.078207
0.432949 0.481009 0.065056
0.561078 0.626534 0.011931
0.560579 0.637259 0.011105
0.555912 0.631806 0.011537
0.565728 0.632005 0.011446
0.574725 0.653349 0.010072
0.569651 0.658498 0.009845
0.569390 0.668855 0.009434
0.564593 0.663627 0.009639
0.574430 0.663751 0.009611
0.579232 0.668962 0.009413
0.579049 0.679183 0.009130
0.574210 0.674040 0.009265
0.560158 0.647868 0.010430
0.564893 0.653203 0.010118
0.559816 0.658359 0.009881
0.565271 0.642665 0.010719
0.570400 0.637441 0.011027
0.575096 0.642832 0.010651
0.569986 0.648028 0.010375
0.550758 0.637072 0.011181
0.550330 0.647705 0.010483
0.545621 0.642316 0.010847
0.555446 0.642492 0.010784
0.555061 0.653052 0.010162
0.427531 0.485220 0.061773
0.426370 0.494566 0.055681
0.422117 0.489477 0.058595
0.431783 0.490247 0.058758
0.436029 0.495323 0.055793
0.434866 0.504887 0.050032
0.430619 0.499703 0.052824
0.418989 0.475328 0.067899
0.423269 0.480243 0.064822
0.417856 0.484436 0.061554
0.424392 0.471271 0.071361
0.429794 0.467274 0.074926
0.434088 0.472035 0.071669
0.428679 0.476109 0.068194
0.410378 0.465671 0.074125
0.409293 0.474514 0.067554
0.404986 0.469638 0.070588
0.414692 0.470472 0.071001
0.413583 0.479446 0.064542
0.514115 0.423167 0.124094
0.513040 0.431065 0.115331
0.508712 0.426944 0.119854
0.518467 0.427305 0.119587
0.522772 0.431443 0.114959
0.521597 0.439451 0.106181
0.517331 0.435239 0.110751
0.505247 0.414794 0.132681
0.509708 0.419002 0.128457
0.504339 0.422820 0.124256
0.510561 0.410813 0.136762
0.515854 0.406717 0.140759
0.520388 0.411095 0.136587
0.515058 0.415097 0.132567
0.496171 0.406191 0.140734
0.495434 0.414465 0.132634
0.490907 0.410209 0.136621
0.500733 0.410527 0.136772
0.499912 0.418666 0.128514
0.341037 0.557560 0.024353
0.339936 0.568473 0.021380
0.335610 0.562402 0.022801
0.345350 0.563527 0.022846
0.349673 0.569598 0.021419
0.348618 0.580939 0.018789
0.344272 0.574657 0.020043
0.332436 0.545875 0.027597
0.336733 0.551682 0.025939
0.331292 0.556439 0.024303
0.337881 0.541213 0.029374
0.343316 0.536583 0.031219
0.347597 0.542298 0.029411
0.342168 0.546974 0.027642
0.323867 0.534408 0.031116
0.322688 0.544765 0.027538
0.318401 0.539010 0.029261
0.328149 0.540117 0.029324
0.326985 0.550567 0.025883
0.490153 0.738752 0.008897
0.490146 0.748664 0.008896
0.485220 0.743708 0.008897
0.495078 0.743714 0.008896
0.500005 0.748668 0.008896
0.500001 0.758550 0.008895
0.495073 0.753611 0.008896
0.480306 0.728799 0.008900
0.485229 0.733780 0.008898
0.480295 0.738743 0.008898
0.485241 0.723825 0.008901
0.490177 0.718847 0.008902
0.495099 0.723843 0.008900
0.490164 0.728813 0.008899
0.470463 0.718805 0.008903
0.470448 0.728784 0.008900
0.465526 0.723790 0.008902
0.475384 0.723807 0.008901
0.475370 0.733769 0.008899
0.412278 0.656315 0.010217
0.411898 0.667275 0.009643
0.407152 0.661791 0.009908
0.416996 0.661866 0.009908
0.421745 0.667327 0.009643
0.421476 0.677992 0.009239
0.416673 0.672672 0.009420
0.402944 0.644884 0.010973
0.407593 0.650659 0.010572
0.402439 0.656205 0.010218
0.408147 0.639257 0.011416
0.413369 0.633624 0.011902
0.417960 0.639531 0.011404
0.412767 0.645100 0.010968
0.393766 0.632899 0.011923
0.393120 0.644664 0.010974
0.388520 0.638671 0.011424
0.398334 0.638970 0.011423
0.397760 0.650502 0.010573
0.496215 0.570578 0.023112
0.495340 0.581263 0.020256
0.490907 0.575674 0.021736
0.500635 0.576130 0.021535
0.505079 0.581687 0.020062
0.504278 0.592441 0.017610
0.499797 0.586853 0.018881
0.487442 0.559501 0.026571
0.491817 0.565033 0.024791
0.486498 0.570090 0.023317
0.492772 0.554515 0.028218
0.498102 0.549563 0.029954
0.502462 0.555017 0.027960
0.497140 0.560010 0.026339
0.478743 0.548476 0.030437
0.477746 0.558957 0.026777
0.473398 0.553410 0.028651
0.483083 0.553980 0.028449
0.482112 0.564517 0.024998
0.652245 0.576335 0.017832
0.651600 0.586561 0.015755
0.647030 0.581279 0.016942
0.656801 0.581598 0.016563
0.661369 0.586867 0.015400
0.660778 0.597134 0.013696
0.656183 0.591847 0.014673
0.643171 0.565834 0.020689
0.647702 0.571079 0.019207
0.642472 0.576003 0.018235
0.648421 0.560978 0.021796
0.653677 0.556163 0.022959
0.658183 0.561366 0.021319
0.652938 0.566201 0.020236
0.634153 0.555371 0.023979
0.633399 0.565477 0.021144
0.628889 0.560228 0.022756
0.638655 0.560599 0.022277
0.637928 0.570735 0.019636
0.581661 0.494168 0.055421
0.580538 0.503608 0.049598
0.576281 0.498652 0.052951
0.585906 0.499085 0.051955
0.590176 0.504048 0.048649
0.589129 0.513646 0.043362
0.584821 0.508607 0.046401
0.573223 0.484492 0.062765
0.577436 0.489300 0.059030
0.572046 0.493738 0.056445
0.578612 0.480156 0.065482
0.583993 0.475855 0.068208
0.588195 0.480554 0.064249
0.582819 0.484906 0.061629
0.564828 0.475072 0.070588
0.563621 0.484067 0.063797
0.559423 0.479327 0.067647
0.569020 0.479748 0.066619
0.567829 0.488872 0.060062
0.624588 0.459673 0.076013
0.623453 0.468514 0.069225
0.619227 0.463874 0.073373
0.628812 0.464283 0.071765
0.633057 0.468955 0.067673
0.631963 0.477976 0.061393
0.627699 0.473217 0.065231
0.616202 0.450646 0.084973
0.620384 0.455126 0.080415
0.615021 0.459299 0.077675
0.621569 0.446516 0.087832
0.626942 0.442402 0.090708
0.631121 0.446844 0.085942
0.625750 0.450975 0.083171
0.607903 0.441887 0.094560
0.606674 0.450357 0.086742
0.602532 0.445994 0.091508
0.612041 0.446233 0.089688
0.610837 0.454793 0.082131
0.591519 0.425167 0.115314
0.590229 0.433326 0.106744
0.586134 0.429224 0.112003
0.595615 0.429261 0.110035
0.599694 0.433397 0.104775
0.598412 0.441702 0.096432
0.594312 0.437479 0.101516
0.583182 0.416891 0.125722
0.587377 0.421057 0.120550
0.582001 0.425117 0.117218
0.588513 0.412707 0.128969
0.593810 0.408415 0.132126
0.598019 0.412677 0.126876
0.592719 0.416910 0.123765
0.574606 0.408292 0.135811
0.573582 0.416777 0.127437
0.569282 0.412496 0.132412
0.578928 0.412643 0.130814
0.577819 0.420977 0.122368
0.538774 0.531101 0.036949
0.537792 0.541195 0.032565
0.533440 0.535897 0.034924
0.543116 0.536357 0.034466
0.547480 0.541641 0.032119
0.546560 0.551863 0.028255
0.542166 0.546518 0.030341
0.530152 0.520684 0.042309
0.534453 0.525876 0.039564
0.529109 0.530628 0.037415
0.535513 0.516019 0.044659
0.540881 0.511396 0.047081
0.545160 0.516495 0.044086
0.539803 0.521165 0.041789
0.521612 0.510414 0.048173
0.520508 0.520189 0.042781
0.516238 0.515025 0.045648
0.525872 0.515529 0.045180
0.524798 0.525391 0.040035
0.504742 0.490400 0.061263
0.503530 0.499791 0.054926
0.499322 0.494802 0.058227
0.508939 0.495332 0.057836
0.513147 0.500313 0.054506
0.511986 0.509903 0.048631
0.507751 0.504824 0.051726
0.496346 0.480707 0.068332
0.500549 0.485520 0.064766
0.495121 0.489859 0.061618
0.501767 0.476500 0.071649
0.507182 0.472346 0.075025
0.511385 0.477008 0.071240
0.505969 0.481236 0.067974
0.487907 0.471280 0.075626
0.486709 0.480144 0.068592
0.482484 0.475387 0.072156
0.492133 0.475961 0.071955
0.490920 0.484968 0.065078
0.548104 0.457032 0.087474
0.546860 0.465516 0.079812
0.542674 0.461044 0.084045
0.552285 0.461446 0.083116
0.556463 0.465921 0.078844
0.555232 0.474655 0.071605
0.551045 0.470052 0.075662
0.539724 0.448365 0.096418
0.543918 0.452674 0.091911
0.538484 0.456633 0.088354
0.545170 0.444470 0.100146
0.550622 0.440583 0.103913
0.554803 0.444814 0.099130
0.549359 0.448737 0.095504
0.531289 0.439856 0.105609
0.530072 0.447965 0.097167
0.525844 0.443692 0.101652
0.535515 0.444096 0.100987
0.534284 0.452276 0.092731
0.610671 0.616897 0.012274
0.610167 0.627482 0.011322
0.605504 0.622095 0.011836
0.615324 0.622276 0.011675
0.619993 0.627641 0.011178
0.619543 0.638192 0.010557
0.614845 0.632854 0.010909
0.601416 0.606110 0.013781
0.606035 0.611508 0.012976
0.600857 0.616695 0.012452
0.606611 0.600961 0.014451
0.611813 0.595839 0.015177
0.616411 0.601207 0.014200
0.611219 0.606344 0.013559
0.592231 0.595302 0.015707
0.591615 0.605870 0.013994
0.587021 0.600449 0.014922
0.596814 0.600708 0.014692
0.596228 0.611286 0.013171
0.574090 0.573711 0.020861
0.573352 0.584187 0.018355
0.568835 0.578776 0.019721
0.578596 0.579099 0.019406
0.583121 0.584496 0.018063
0.582446 0.595026 0.015958
0.577889 0.589604 0.017101
0.565140 0.562972 0.024114
0.569604 0.568335 0.022431
0.564339 0.573373 0.021198
0.570421 0.557997 0.025492
0.575705 0.553057 0.026935
0.580151 0.558369 0.025052
0.574876 0.563334 0.023715
0.556270 0.552275 0.027840
0.555410 0.562597 0.024491
0.550975 0.557224 0.026308
0.560695 0.557617 0.025911
0.559864 0.567980 0.022788
0.616313 0.534570 0.032097
0.615458 0.544528 0.028341
0.611018 0.539322 0.030476
0.620745 0.539748 0.029861
0.625197 0.544943 0.027766
0.624395 0.554984 0.024486
0.619918 0.549750 0.026346
0.607509 0.524278 0.037005
0.611900 0.529412 0.034477
0.606596 0.534135 0.032754
0.612827 0.519627 0.038879
0.618151 0.515017 0.040795
0.622524 0.520091 0.038066
0.617209 0.524731 0.036250
0.598794 0.514095 0.042515
0.597818 0.523832 0.037753
0.593462 0.518723 0.040480
0.603140 0.519171 0.039683
0.602196 0.528970 0.035179
0.453930 0.612350 0.014303
0.453223 0.623580 0.012870
0.448677 0.617756 0.013571
0.458460 0.618149 0.013505
0.463016 0.623926 0.012810
0.462396 0.635106 0.011744
0.457795 0.629374 0.012271
0.444945 0.600693 0.016205
0.449425 0.606530 0.015204
0.444157 0.611908 0.014375
0.450234 0.595398 0.017214
0.455531 0.590149 0.018308
0.459982 0.595917 0.017114
0.454700 0.601200 0.016117
0.436062 0.588995 0.018500
0.435195 0.600155 0.016283
0.430752 0.594258 0.017384
0.440491 0.594847 0.017304
0.439663 0.606039 0.015280
0.418580 0.565635 0.024203
0.417568 0.576540 0.021246
0.413219 0.570655 0.022713
0.422917 0.571451 0.022644
0.427276 0.577290 0.021172
0.426334 0.588351 0.018579
0.421940 0.582442 0.019867
0.409958 0.554098 0.027572
0.414262 0.559850 0.025846
0.408891 0.564802 0.024266
0.415336 0.549233 0.029324
0.420715 0.544395 0.031175
0.425008 0.550040 0.029259
0.419635 0.554932 0.027510
0.401382 0.542685 0.031265
0.400282 0.553208 0.027620
0.395995 0.547463 0.029413
0.405665 0.548375 0.029375
0.404580 0.558985 0.025903
0.461541 0.526741 0.039503
0.460450 0.536909 0.034924
0.456163 0.531471 0.037225
0.465820 0.532126 0.037081
0.470113 0.537545 0.034759
0.469065 0.547882 0.030631
0.464750 0.542381 0.032724
0.453014 0.516093 0.044622
0.457273 0.521397 0.042019
0.451889 0.526071 0.039619
0.458410 0.511518 0.047248
0.463812 0.506986 0.049977
0.468056 0.512175 0.047130
0.462662 0.516765 0.044523
0.444516 0.505615 0.050061
0.443366 0.515392 0.044665
0.439115 0.510117 0.047310
0.448763 0.510832 0.047304
0.447623 0.520710 0.042101
0.375862 0.607558 0.014635
0.374985 0.619701 0.013102
0.370541 0.613216 0.013821
0.380295 0.613959 0.013820
0.384754 0.620331 0.013100
0.383965 0.632499 0.011925
0.379457 0.626147 0.012477
0.367071 0.594733 0.016546
0.371455 0.601143 0.015544
0.366123 0.606710 0.014635
0.372415 0.589384 0.017633
0.377761 0.584140 0.018804
0.382125 0.590365 0.017618
0.376788 0.595702 0.016538
0.358348 0.582028 0.018813
0.357342 0.593735 0.016537
0.352973 0.587305 0.017620
0.362702 0.588355 0.017636
0.361724 0.600210 0.015542
0.450792 0.698690 0.008912
0.450768 0.708746 0.008907
0.445852 0.703710 0.008909
0.455708 0.703735 0.008909
0.460625 0.708769 0.008907
0.460605 0.718786 0.008903
0.455686 0.713771 0.008905
0.441013 0.688471 0.009000
0.445891 0.693609 0.008937
0.440937 0.698665 0.008911
0.446009 0.683318 0.009101
0.451026 0.678128 0.009239
0.455861 0.683363 0.009100
0.450866 0.688506 0.009000
0.431328 0.678024 0.009240
0.431159 0.688441 0.008998
0.426305 0.683247 0.009099
0.436158 0.683277 0.009100
0.436036 0.693582 0.008936
0.306742 0.512072 0.038871
0.305565 0.522031 0.034801
0.301290 0.516471 0.036760
0.311023 0.517584 0.036855
0.315305 0.523142 0.034887
0.314120 0.533301 0.031047
0.309841 0.527642 0.032895
0.298176 0.501187 0.043026
0.302460 0.506607 0.040930
0.297018 0.510958 0.038764
0.303596 0.496931 0.045324
0.309006 0.492713 0.047711
0.313310 0.498031 0.045507
0.307890 0.502301 0.043175
0.289599 0.490466 0.047310
0.288470 0.500058 0.042891
0.284193 0.494664 0.045002
0.293889 0.495807 0.045155
0.292745 0.505488 0.040810
0.470836 0.453166 0.090665
0.469718 0.461498 0.083072
0.465427 0.456987 0.086765
0.475130 0.457610 0.086864
0.479407 0.462108 0.083087
0.478246 0.470695 0.075762
0.473990 0.466066 0.079403
0.462192 0.444422 0.098315
0.466523 0.448771 0.094483
0.461119 0.452528 0.090475
0.467591 0.440749 0.102506
0.472990 0.437090 0.106774
0.477330 0.441340 0.102717
0.471926 0.445045 0.098563
0.453483 0.435845 0.106007
0.452452 0.443758 0.097933
0.448093 0.439440 0.101686
0.457846 0.440115 0.102156
0.456794 0.448120 0.094197
0.435797 0.419133 0.121183
0.434911 0.426706 0.112986
0.430466 0.422532 0.116684
0.440269 0.423281 0.117504
0.444703 0.427423 0.113718
0.443717 0.435161 0.105453
0.439325 0.430915 0.109229
0.426722 0.410751 0.128179
0.431280 0.414958 0.124738
0.425983 0.418348 0.120276
0.431964 0.407284 0.132574
0.437185 0.403710 0.136936
0.441806 0.407944 0.133558
0.436554 0.411498 0.129166
0.417491 0.402247 0.134754
0.416893 0.409897 0.127114
0.412291 0.405629 0.130379
0.422125 0.406513 0.131514
0.421458 0.414137 0.123750
0.477511 0.388080 0.155418
0.477073 0.397047 0.147846
0.472390 0.392526 0.151367
0.482230 0.392723 0.151908
0.486915 0.397290 0.148296
0.486334 0.405889 0.140481
0.481722 0.401502 0.144220
0.467981 0.378602 0.162158
0.472763 0.383369 0.158834
0.467676 0.387945 0.154787
0.473006 0.373644 0.166127
0.477998 0.368429 0.169996
0.482849 0.373534 0.166692
0.477820 0.378568 0.162803
0.458282 0.369001 0.168496
0.458116 0.378671 0.161318
0.453270 0.374020 0.164437
0.463155 0.373806 0.165381
0.462920 0.383320 0.158104
0.556562 0.389575 0.154582
0.555948 0.398995 0.146627
0.551354 0.394234 0.151089
0.561190 0.394472 0.150098
0.565740 0.399218 0.145467
0.564911 0.408115 0.137277
0.560468 0.403619 0.142019
0.547082 0.379315 0.163064
0.551859 0.384523 0.158907
0.546687 0.389329 0.155395
0.552179 0.374157 0.166522
0.557243 0.368778 0.169899
0.562102 0.374337 0.165736
0.556997 0.379531 0.162350
0.537337 0.368435 0.170831
0.537148 0.379084 0.163509
0.532301 0.373754 0.167335
0.542237 0.373953 0.167044
0.541949 0.384279 0.159536
0.517591 0.345928 0.182817
0.517576 0.357122 0.177478
0.512640 0.351517 0.180263
0.522537 0.351549 0.180277
0.527478 0.357188 0.177447
0.527418 0.368283 0.171013
0.522507 0.362720 0.174410
0.507698 0.334829 0.187060
0.512644 0.340344 0.185076
0.507703 0.345941 0.182771
0.512623 0.329315 0.188814
0.517540 0.323890 0.190282
0.522499 0.329314 0.188825
0.517575 0.334800 0.187090
0.497830 0.324093 0.190244
0.497842 0.334991 0.186977
0.492924 0.329654 0.188701
0.502760 0.329409 0.188777
0.502769 0.340425 0.185005
0.384305 0.520365 0.039643
0.383175 0.530476 0.035285
0.378908 0.524908 0.037393
0.388570 0.525874 0.037440
0.392837 0.531432 0.035304
0.391716 0.541756 0.031288
0.387444 0.536092 0.033248
0.375767 0.509503 0.044228
0.380038 0.514908 0.041908
0.374641 0.519394 0.039566
0.381166 0.505103 0.046774
0.386564 0.500735 0.049440
0.390834 0.506025 0.046934
0.385435 0.510451 0.044363
0.367209 0.498859 0.049019
0.366094 0.508533 0.044086
0.361812 0.503185 0.046423
0.371491 0.504154 0.046600
0.370369 0.513936 0.041799
0.349986 0.478161 0.059061
0.348922 0.487444 0.053678
0.344605 0.482287 0.056161
0.354309 0.483271 0.056507
0.358619 0.488421 0.053977
0.357524 0.497890 0.048804
0.353227 0.492643 0.051224
0.341306 0.468055 0.064236
0.345652 0.473089 0.061636
0.340277 0.477168 0.058667
0.346674 0.464069 0.067408
0.352038 0.460131 0.070707
0.356394 0.465057 0.067955
0.351024 0.469050 0.064732
0.332586 0.458087 0.069509
0.331585 0.467036 0.063742
0.327226 0.462018 0.066315
0.336951 0.463056 0.066862
0.335936 0.472084 0.061192
0.392953 0.446924 0.086744
0.391963 0.455307 0.079776
0.387590 0.450610 0.082854
0.397334 0.451554 0.083579
0.401699 0.456217 0.080418
0.400662 0.464816 0.073639
0.396321 0.460040 0.076703
0.384150 0.437748 0.093092
0.388557 0.442323 0.089910
0.383203 0.445947 0.085948
0.389493 0.434249 0.097240
0.394839 0.430810 0.101506
0.399265 0.435264 0.098170
0.393912 0.438765 0.093989
0.375309 0.428667 0.099508
0.374398 0.436710 0.092193
0.369982 0.432126 0.095341
0.379733 0.433198 0.096292
0.378806 0.441315 0.089061
0.529634 0.699021 0.008901
0.529618 0.708991 0.008898
0.524699 0.703988 0.008900
0.534552 0.704029 0.008899
0.539473 0.709025 0.008897
0.539461 0.718964 0.008896
0.534539 0.713983 0.008897
0.519840 0.688884 0.008980
0.524727 0.693977 0.008923
0.519780 0.698973 0.008902
0.524822 0.683820 0.009065
0.529821 0.678734 0.009180
0.534671 0.683897 0.009058
0.529691 0.688950 0.008976
0.510125 0.678561 0.009200
0.509987 0.688820 0.008984
0.505120 0.683671 0.009078
0.514972 0.683745 0.009071
0.514874 0.693921 0.008926
0.490959 0.657384 0.010103
0.490650 0.667955 0.009588
0.485873 0.662625 0.009837
0.495715 0.662746 0.009816
0.500495 0.668061 0.009571
0.500275 0.678477 0.009209
0.495451 0.673238 0.009379
0.481525 0.646501 0.010808
0.486228 0.651971 0.010433
0.481121 0.657246 0.010128
0.486673 0.641177 0.011183
0.491838 0.635836 0.011589
0.496496 0.641379 0.011134
0.491353 0.646682 0.010769
0.472208 0.635361 0.011697
0.471699 0.646315 0.010842
0.467032 0.640750 0.011269
0.476851 0.640967 0.011228
0.476396 0.651812 0.010463
0.532233 0.615034 0.013474
0.531646 0.625860 0.012234
0.527031 0.620315 0.012863
0.536834 0.620569 0.012752
0.541456 0.626092 0.012137
0.540937 0.636879 0.011255
0.536280 0.631390 0.011710
0.523091 0.603935 0.015239
0.527651 0.609489 0.014303
0.522436 0.614757 0.013598
0.528326 0.598710 0.016113
0.533567 0.593512 0.017059
0.538102 0.599030 0.015934
0.532873 0.604245 0.015082
0.514038 0.592812 0.017435
0.513312 0.603612 0.015389
0.508783 0.598029 0.016446
0.518553 0.598376 0.016283
0.517863 0.609189 0.014440
0.694289 0.538335 0.026910
0.693476 0.548055 0.023806
0.688999 0.542936 0.025609
0.698761 0.543434 0.025039
0.703234 0.548541 0.023273
0.702434 0.558316 0.020506
0.697956 0.553181 0.022107
0.685362 0.528164 0.030996
0.689822 0.533244 0.028894
0.684526 0.537825 0.027523
0.690674 0.523642 0.032468
0.695994 0.519157 0.033966
0.700444 0.524201 0.031729
0.695128 0.528703 0.030297
0.676475 0.518041 0.035585
0.675604 0.527638 0.031711
0.671159 0.522563 0.033998
0.680912 0.523096 0.033225
0.680060 0.532726 0.029555
0.658889 0.498012 0.046477
0.657921 0.507444 0.041708
0.653546 0.502449 0.044582
0.663256 0.502985 0.043524
0.667644 0.507983 0.040728
0.666729 0.517504 0.036422
0.662316 0.512463 0.038991
0.650212 0.488160 0.052878
0.654542 0.493068 0.049592
0.649193 0.497481 0.047618
0.655564 0.483805 0.054960
0.660917 0.479480 0.057065
0.665241 0.484335 0.053610
0.659891 0.488687 0.051589
0.641601 0.478463 0.059956
0.640545 0.487646 0.054185
0.636245 0.482788 0.057710
0.645898 0.483290 0.056334
0.644861 0.492546 0.050819
0.599485 0.648439 0.010191
0.604237 0.653706 0.009918
0.599167 0.658842 0.009726
0.604589 0.643260 0.010421
0.609709 0.638064 0.010662
0.614425 0.643379 0.010336
0.609323 0.648551 0.010122
0.589326 0.658741 0.009768
0.594397 0.653600 0.009972
0.594113 0.663959 0.009549
0.589649 0.648315 0.010256
0.590049 0.637776 0.010855
0.595190 0.632546 0.011143
0.594755 0.643130 0.010503
0.584054 0.674129 0.009250
0.584270 0.663862 0.009581
0.589076 0.669055 0.009390
0.457725 0.478261 0.068775
0.461967 0.483122 0.065451
0.456534 0.487383 0.062166
0.463150 0.474139 0.072243
0.468571 0.470075 0.075787
0.472823 0.474779 0.072252
0.467396 0.478921 0.068814
0.446869 0.486690 0.062085
0.452298 0.482445 0.065387
0.451105 0.491692 0.058967
0.448046 0.477572 0.068639
0.449193 0.468735 0.075507
0.454606 0.464765 0.079182
0.453467 0.473466 0.072128
0.440272 0.500446 0.052892
0.441445 0.490984 0.058882
0.445684 0.496046 0.055871
0.544465 0.416066 0.131093
0.548825 0.420320 0.126382
0.543405 0.424212 0.122513
0.549829 0.412029 0.134841
0.555164 0.407885 0.138480
0.559581 0.412287 0.133756
0.554218 0.416351 0.130127
0.533655 0.423872 0.123251
0.539072 0.420009 0.127231
0.537959 0.428038 0.118517
0.534675 0.415743 0.131805
0.535541 0.407303 0.140088
0.540842 0.403085 0.143849
0.540037 0.411732 0.135665
0.527042 0.435635 0.110276
0.528217 0.427672 0.119150
0.532500 0.431828 0.114413
0.371265 0.550213 0.027688
0.375549 0.556046 0.025998
0.370162 0.560865 0.024399
0.376658 0.545486 0.029447
0.382051 0.540779 0.031297
0.386326 0.546501 0.029437
0.380936 0.551263 0.027678
0.360471 0.559773 0.024402
0.365870 0.554970 0.026007
0.364777 0.565745 0.022880
0.361582 0.549144 0.027687
0.362708 0.538710 0.031279
0.368112 0.534078 0.033216
0.366985 0.544435 0.029447
0.354005 0.575769 0.020075
0.355072 0.564642 0.022872
0.359391 0.570709 0.021438
0.519737 0.728858 0.008896
0.524662 0.733826 0.008895
0.519729 0.738777 0.008895
0.524671 0.723900 0.008897
0.529605 0.718941 0.008897
0.534528 0.723918 0.008896
0.529595 0.728873 0.008896
0.509870 0.738769 0.008896
0.514804 0.733815 0.008896
0.514796 0.743726 0.008895
0.509880 0.728844 0.008897
0.509892 0.718894 0.008899
0.514828 0.713926 0.008899
0.514814 0.723882 0.008897
0.504932 0.753613 0.008895
0.504937 0.743721 0.008896
0.509864 0.748672 0.008895
0.442229 0.645730 0.010923
0.446907 0.651323 0.010531
0.441782 0.656701 0.010197
0.447398 0.640290 0.011337
0.452587 0.634838 0.011786
0.457214 0.640524 0.011305
0.452051 0.645930 0.010900
0.431949 0.656565 0.010207
0.437079 0.651155 0.010546
0.436676 0.662060 0.009900
0.432409 0.645523 0.010942
0.432976 0.634265 0.011855
0.438198 0.628726 0.012361
0.437585 0.640047 0.011364
0.426523 0.672710 0.009421
0.426837 0.661957 0.009905
0.431590 0.667398 0.009641
0.526251 0.561378 0.025506
0.530672 0.566819 0.023754
0.525384 0.571874 0.022386
0.531553 0.556389 0.027036
0.536857 0.551435 0.028645
0.541261 0.556814 0.026683
0.535965 0.561800 0.025187
0.515656 0.571460 0.022644
0.520952 0.566401 0.024041
0.520099 0.576965 0.021085
0.516543 0.560940 0.025804
0.517469 0.550532 0.029351
0.522788 0.545613 0.031121
0.521850 0.555947 0.027366
0.509547 0.587249 0.018695
0.510365 0.576556 0.021317
0.514820 0.582090 0.019854
0.682194 0.567357 0.018893
0.686708 0.572553 0.017506
0.681501 0.577388 0.016625
0.687435 0.562591 0.019914
0.692690 0.557865 0.020985
0.697175 0.563018 0.019453
0.691931 0.567763 0.018449
0.671760 0.577026 0.017027
0.676970 0.572170 0.017930
0.676308 0.582265 0.015804
0.672449 0.566962 0.019338
0.673190 0.556994 0.021961
0.678450 0.552266 0.023129
0.677690 0.562172 0.020378
0.665949 0.592141 0.014340
0.666560 0.581926 0.016184
0.671125 0.587183 0.015043
0.611629 0.486203 0.057999
0.615896 0.491067 0.054451
0.610536 0.495506 0.052172
0.616987 0.481839 0.060393
0.622343 0.477511 0.062804
0.626608 0.482304 0.059063
0.621253 0.486667 0.056748
0.600902 0.495048 0.053271
0.606268 0.490605 0.055624
0.605176 0.499983 0.049914
0.602017 0.485756 0.059229
0.603148 0.476645 0.065554
0.608509 0.472358 0.068143
0.607379 0.481394 0.061701
0.594472 0.509053 0.045503
0.595537 0.499529 0.050941
0.599822 0.504499 0.047689
0.654546 0.452185 0.077568
0.658793 0.456790 0.073255
0.653417 0.460979 0.070845
0.659934 0.448045 0.080088
0.665325 0.443917 0.082631
0.669556 0.448465 0.078141
0.664173 0.452620 0.075687
0.643787 0.460521 0.072593
0.649163 0.456344 0.075072
0.648046 0.465188 0.068460
0.644924 0.451756 0.079464
0.646093 0.443116 0.086709
0.651494 0.439029 0.089414
0.650312 0.447628 0.082055
0.637320 0.473683 0.063736
0.638419 0.464723 0.070127
0.642681 0.469421 0.066092
0.621086 0.416990 0.117130
0.625241 0.421259 0.111898
0.619896 0.425351 0.108915
0.626396 0.412844 0.120097
0.631695 0.408684 0.123049
0.635899 0.413055 0.117765
0.630575 0.417160 0.114842
0.610425 0.425227 0.111087
0.615763 0.421117 0.114133
0.614538 0.429436 0.105877
0.611622 0.416895 0.119382
0.612741 0.408398 0.127670
0.618000 0.404100 0.130675
0.616922 0.412712 0.122391
0.603787 0.437608 0.099593
0.605070 0.429319 0.107975
0.609165 0.433517 0.102763
0.568787 0.522526 0.039944
0.573129 0.527675 0.037248
0.567806 0.532435 0.035317
0.574127 0.517846 0.042049
0.579472 0.513206 0.044200
0.583791 0.518281 0.041270
0.578458 0.522957 0.039231
0.558123 0.532005 0.035900
0.563452 0.527245 0.037892
0.562487 0.537234 0.033446
0.559121 0.522086 0.040607
0.560169 0.512325 0.045759
0.565534 0.507730 0.048111
0.564467 0.517408 0.042782
0.551864 0.546948 0.029910
0.552799 0.536803 0.033974
0.557173 0.542071 0.031642
0.534797 0.482711 0.066317
0.538993 0.487515 0.062611
0.533577 0.491908 0.059691
0.540212 0.478441 0.069394
0.545628 0.474223 0.072511
0.549820 0.478891 0.068572
0.544407 0.483176 0.065573
0.523963 0.491418 0.060298
0.529381 0.487036 0.063284
0.528165 0.496344 0.056819
0.525188 0.482232 0.066965
0.526410 0.473312 0.073989
0.531828 0.469178 0.077298
0.530603 0.477976 0.070112
0.517370 0.505341 0.051283
0.518550 0.495844 0.057365
0.522763 0.500821 0.054013
0.578125 0.449667 0.091765
0.582265 0.453987 0.087067
0.576865 0.458079 0.083955
0.583531 0.445621 0.095016
0.588928 0.441560 0.098265
0.593035 0.445796 0.093293
0.587655 0.449893 0.090177
0.567298 0.457757 0.085276
0.572713 0.453707 0.088517
0.571460 0.462182 0.080846
0.568563 0.449391 0.093179
0.569847 0.441168 0.101469
0.575282 0.437202 0.105015
0.573987 0.445397 0.096567
0.560643 0.470463 0.074665
0.561881 0.461826 0.082050
0.566053 0.466307 0.077747
0.640650 0.607006 0.012835
0.645288 0.612326 0.012106
0.640130 0.617454 0.011689
0.645824 0.601918 0.013391
0.651002 0.596864 0.014004
0.655613 0.602165 0.013109
0.650449 0.607229 0.012579
0.630308 0.617275 0.011893
0.635477 0.612126 0.012336
0.634974 0.622610 0.011330
0.630838 0.606790 0.013086
0.631410 0.596352 0.014608
0.636612 0.591290 0.015331
0.636023 0.601681 0.013670
0.624677 0.632992 0.010782
0.625147 0.622447 0.011506
0.629822 0.627791 0.011028
0.604111 0.564410 0.022461
0.608614 0.569717 0.020882
0.603368 0.574707 0.019788
0.609375 0.559486 0.023693
0.614644 0.554598 0.024986
0.619129 0.559857 0.023227
0.613868 0.564767 0.022029
0.593603 0.574377 0.020154
0.598854 0.569374 0.021281
0.598127 0.579735 0.018747
0.594361 0.564053 0.022886
0.595162 0.553827 0.025971
0.600443 0.548951 0.027408
0.599628 0.559114 0.024152
0.587666 0.589898 0.016831
0.588360 0.579419 0.019081
0.592893 0.584800 0.017761
0.646371 0.526133 0.033947
0.650808 0.531242 0.031621
0.645514 0.535904 0.030096
0.651679 0.521537 0.035596
0.656994 0.516981 0.037278
0.661415 0.522043 0.034788
0.656108 0.526622 0.033186
0.635772 0.535452 0.030768
0.641069 0.530771 0.032337
0.640226 0.540610 0.028617
0.636641 0.525656 0.034720
0.637551 0.515974 0.039041
0.642877 0.511428 0.040862
0.641951 0.521043 0.036420
0.629666 0.550152 0.025807
0.630482 0.540176 0.029242
0.634943 0.545359 0.027186
0.483988 0.602535 0.015796
0.488511 0.608204 0.014816
0.483270 0.613519 0.014044
0.489251 0.597277 0.016746
0.494521 0.592050 0.017775
0.499016 0.597666 0.016601
0.493760 0.602921 0.015669
0.473486 0.613155 0.014138
0.478733 0.607828 0.014926
0.478037 0.618867 0.013352
0.474221 0.602121 0.015913
0.475018 0.591166 0.018066
0.480308 0.585968 0.019211
0.479491 0.596855 0.016880
0.467597 0.629673 0.012217
0.468247 0.618520 0.013432
0.472813 0.624251 0.012744
0.448677 0.557117 0.027242
0.453013 0.562756 0.025482
0.447666 0.567785 0.023933
0.454033 0.552168 0.028970
0.459390 0.547256 0.030794
0.463714 0.552806 0.028825
0.458364 0.557764 0.027113
0.437967 0.567119 0.024037
0.443321 0.562098 0.025597
0.442324 0.572857 0.022468
0.438994 0.556436 0.027347
0.440048 0.545905 0.031026
0.445417 0.541054 0.032984
0.444356 0.551498 0.029087
0.431657 0.583141 0.019790
0.432619 0.572183 0.022562
0.436987 0.577976 0.021086
0.491597 0.518604 0.043896
0.495866 0.523845 0.041182
0.490499 0.528572 0.038877
0.496977 0.513971 0.046418
0.502362 0.509377 0.049029
0.506609 0.514509 0.046062
0.501235 0.519156 0.043577
0.480847 0.527993 0.039132
0.486220 0.523278 0.041467
0.485136 0.533341 0.036667
0.481954 0.518021 0.044161
0.483097 0.508242 0.049633
0.488499 0.503721 0.052407
0.487341 0.513403 0.046715
0.474420 0.542996 0.032542
0.475478 0.532748 0.036895
0.479776 0.538149 0.034555
0.405970 0.598215 0.016458
0.410404 0.604300 0.015452
0.405107 0.609749 0.014579
0.411287 0.592898 0.017510
0.416610 0.587642 0.018647
0.421017 0.593609 0.017453
0.415708 0.598923 0.016410
0.395354 0.609077 0.014607
0.400660 0.603604 0.015490
0.399815 0.615282 0.013792
0.396238 0.597443 0.016495
0.397176 0.586026 0.018747
0.402517 0.580845 0.019986
0.401561 0.592120 0.017557
0.389242 0.626661 0.012476
0.390053 0.614647 0.013810
0.394527 0.620915 0.013090
0.480427 0.688641 0.008996
0.485311 0.693762 0.008935
0.480359 0.698791 0.008911
0.485417 0.683532 0.009091
0.490425 0.678396 0.009218
0.495269 0.683599 0.009085
0.490281 0.688696 0.008993
0.470504 0.698754 0.008912
0.475456 0.693717 0.008937
0.475420 0.703794 0.008909
0.470573 0.688590 0.008999
0.470725 0.678252 0.009232
0.475756 0.673063 0.009400
0.475565 0.683471 0.009095
0.465543 0.713792 0.008905
0.465564 0.703763 0.008909
0.470481 0.708794 0.008907
0.337028 0.505507 0.043643
0.341316 0.510908 0.041448
0.335900 0.515316 0.039199
0.342433 0.501186 0.046063
0.347833 0.496898 0.048588
0.352126 0.502196 0.046244
0.346724 0.506535 0.043794
0.326190 0.514253 0.039094
0.331614 0.509862 0.041323
0.330474 0.519758 0.037041
0.327323 0.504459 0.043490
0.328432 0.494850 0.048151
0.333830 0.490631 0.050711
0.332734 0.500155 0.045880
0.319586 0.528749 0.032972
0.320754 0.518679 0.036951
0.325037 0.524235 0.034968
0.501060 0.446655 0.098488
0.505324 0.450962 0.094292
0.499910 0.454837 0.090459
0.506477 0.442847 0.102504
0.511899 0.439043 0.106592
0.516164 0.443273 0.102152
0.510741 0.447108 0.098190
0.490234 0.454321 0.090656
0.495646 0.450477 0.094539
0.494497 0.458741 0.086689
0.491363 0.446162 0.098650
0.492470 0.438155 0.106971
0.497884 0.434417 0.111231
0.496776 0.442388 0.102716
0.483665 0.466664 0.079339
0.484821 0.458195 0.086839
0.489082 0.462681 0.082982
0.466008 0.413222 0.131547
0.470515 0.417399 0.127743
0.465195 0.421022 0.123345
0.471268 0.409452 0.135845
0.476506 0.405551 0.140070
0.481084 0.409851 0.136311
0.475811 0.413682 0.132066
0.455409 0.420450 0.122735
0.460722 0.416881 0.127174
0.459851 0.424571 0.118872
0.456204 0.412710 0.130871
0.456870 0.404748 0.138773
0.462072 0.400843 0.143041
0.461461 0.409005 0.135220
0.449104 0.431610 0.109871
0.450067 0.423952 0.118239
0.454487 0.428082 0.114360
0.507435 0.378628 0.163821
0.512238 0.383684 0.160161
0.507109 0.388466 0.156383
0.512491 0.373497 0.167497
0.517512 0.368178 0.171073
0.522395 0.373601 0.167483
0.517334 0.378731 0.163860
0.497229 0.388333 0.156218
0.502347 0.383574 0.160060
0.501952 0.393075 0.152525
0.497547 0.378573 0.163634
0.497719 0.368151 0.170823
0.502707 0.362671 0.174285
0.502594 0.373452 0.167378
0.491563 0.401780 0.144573
0.492085 0.392904 0.152295
0.496769 0.397512 0.148588
0.586527 0.379996 0.158646
0.591109 0.385186 0.153730
0.585927 0.390078 0.150540
0.591653 0.374754 0.161867
0.596740 0.369338 0.165056
0.601378 0.374956 0.160059
0.596261 0.380141 0.156899
0.576191 0.389953 0.152147
0.581374 0.385064 0.155411
0.580718 0.394813 0.147316
0.576731 0.379864 0.160134
0.577079 0.369015 0.167972
0.582129 0.363386 0.171054
0.581852 0.374604 0.163408
0.570211 0.403822 0.140700
0.570981 0.394668 0.148838
0.575479 0.399391 0.144042
0.547307 0.334855 0.186959
0.552324 0.340453 0.184787
0.547353 0.346081 0.182578
0.552259 0.329313 0.188648
0.557199 0.323821 0.190051
0.562230 0.329256 0.188352
0.557284 0.334839 0.186711
0.537391 0.346023 0.182731
0.542348 0.340430 0.184981
0.542374 0.351699 0.180086
0.537354 0.334843 0.187048
0.537298 0.323899 0.190267
0.542225 0.318536 0.191460
0.542293 0.329334 0.188771
0.532413 0.362826 0.174312
0.532436 0.351615 0.180219
0.537394 0.357289 0.177327
0.414415 0.513086 0.044626
0.418674 0.518452 0.042154
0.413281 0.523049 0.039758
0.419814 0.508586 0.047242
0.425215 0.504125 0.049974
0.429466 0.509370 0.047289
0.424069 0.513892 0.044664
0.403625 0.522194 0.039740
0.409020 0.517623 0.042126
0.407889 0.527680 0.037476
0.404759 0.512244 0.044564
0.405898 0.502497 0.049768
0.411301 0.498117 0.052591
0.410158 0.507767 0.047167
0.397107 0.537036 0.033243
0.398231 0.526798 0.037467
0.402497 0.532344 0.035305
0.380171 0.471885 0.066221
0.384492 0.476866 0.063419
0.379097 0.480995 0.060247
0.385556 0.467875 0.069598
0.390940 0.463927 0.073096
0.395274 0.468772 0.070121
0.389884 0.472790 0.066712
0.369396 0.480073 0.059852
0.374784 0.475954 0.062973
0.373704 0.485167 0.057199
0.370456 0.470963 0.065724
0.371487 0.462072 0.071904
0.376857 0.458185 0.075431
0.375835 0.466956 0.069051
0.362918 0.493616 0.051480
0.364008 0.484230 0.056853
0.368311 0.489374 0.054277
0.423194 0.441512 0.096289
0.427570 0.445936 0.092784
0.422190 0.449601 0.088756
0.428568 0.437954 0.100503
0.433945 0.434426 0.104816
0.438333 0.438726 0.101132
0.432950 0.442314 0.096909
0.412448 0.448756 0.088154
0.417821 0.445109 0.092172
0.416810 0.453317 0.084826
0.413435 0.440652 0.095597
0.414394 0.432751 0.103317
0.419756 0.429315 0.107708
0.418802 0.437119 0.099801
0.406047 0.460921 0.077265
0.407075 0.452457 0.084235
0.411430 0.457089 0.080994
0.559239 0.689153 0.008965
0.564132 0.694208 0.008916
0.559190 0.699168 0.008898
0.564214 0.684136 0.009040
0.569204 0.679098 0.009140
0.574060 0.684214 0.009034
0.569087 0.689223 0.008962
0.549339 0.699119 0.008898
0.554282 0.694149 0.008917
0.554259 0.704112 0.008897
0.549390 0.689085 0.008968
0.549514 0.678914 0.009160
0.554524 0.673834 0.009295
0.554367 0.684055 0.009046
0.544394 0.714011 0.008896
0.544406 0.704070 0.008898
0.549327 0.709060 0.008897
0.520842 0.647204 0.010633
0.525563 0.652594 0.010287
0.520472 0.657800 0.010014
0.525971 0.641952 0.010967
0.531117 0.636681 0.011327
0.535796 0.642135 0.010908
0.530671 0.647373 0.010585
0.510635 0.657661 0.010045
0.515730 0.652440 0.010326
0.515397 0.662993 0.009769
0.511012 0.647032 0.010680
0.511477 0.636270 0.011463
0.516650 0.630947 0.011873
0.516146 0.641764 0.011025
0.505299 0.673333 0.009366
0.505556 0.662869 0.009793
0.510340 0.668170 0.009553
0.562233 0.605104 0.014573
0.566824 0.610574 0.013699
0.561631 0.615803 0.013074
0.567445 0.599912 0.015354
0.572663 0.594745 0.016198
0.577232 0.600184 0.015143
0.572024 0.605367 0.014390
0.551830 0.615556 0.013212
0.557028 0.610319 0.013858
0.556445 0.621050 0.012519
0.552444 0.604830 0.014749
0.553110 0.594155 0.016646
0.558345 0.589000 0.017610
0.557661 0.599630 0.015555
0.546096 0.631601 0.011625
0.546640 0.620814 0.012637
0.551266 0.626317 0.012036
0.724458 0.530381 0.028304
0.728912 0.535416 0.026408
0.723594 0.539918 0.025162
0.729786 0.525933 0.029626
0.735121 0.521513 0.030965
0.739572 0.526517 0.028962
0.734239 0.530951 0.027675
0.713824 0.539384 0.025728
0.719136 0.534865 0.027003
0.718286 0.544458 0.023944
0.714678 0.529816 0.028950
0.715551 0.520325 0.032425
0.720885 0.515907 0.033860
0.720003 0.525351 0.030308
0.707704 0.553656 0.021609
0.708522 0.543943 0.024482
0.712989 0.549037 0.022757
0.689010 0.490371 0.047874
0.693399 0.495322 0.044928
0.688055 0.499700 0.043193
0.694359 0.486033 0.049715
0.699711 0.481716 0.051580
0.704097 0.486638 0.048470
0.698747 0.490969 0.046687
0.678319 0.499120 0.044264
0.683663 0.494733 0.046056
0.682714 0.504103 0.041473
0.679289 0.489792 0.049086
0.680284 0.480560 0.054270
0.685638 0.476260 0.056277
0.684638 0.485448 0.050987
0.672051 0.513003 0.038084
0.672978 0.503536 0.042487
0.677379 0.508537 0.039769
0.671632 0.470908 0.061348
0.675949 0.475712 0.057723
0.670594 0.480011 0.055655
0.676994 0.466655 0.063523
0.682358 0.462421 0.065719
0.686666 0.467177 0.061926
0.681306 0.471434 0.059814
0.706658 0.510291 0.037021
0.711102 0.515304 0.034661
0.705769 0.519736 0.033184
0.712000 0.505902 0.038573
0.717346 0.501534 0.040136
0.721782 0.506521 0.037658
0.716440 0.510901 0.036153
0.544068 0.583205 0.019159
0.548579 0.588679 0.017847
0.543337 0.593840 0.016857
0.549328 0.578097 0.020308
0.554593 0.573021 0.021518
0.559080 0.578444 0.020021
0.553826 0.583546 0.018903
0.502221 0.625115 0.012509
0.506836 0.630716 0.011950
0.501657 0.636057 0.011528
0.507427 0.619779 0.013073
0.512642 0.614471 0.013718
0.517229 0.620052 0.012970
0.512028 0.625372 0.012421
0.539869 0.668508 0.009495
0.544681 0.673731 0.009310
0.539668 0.678823 0.009170
0.544917 0.663371 0.009693
0.549981 0.658220 0.009916
0.554755 0.663499 0.009666
0.549710 0.668622 0.009475
0.405530 0.424075 0.110316
0.409971 0.428404 0.106830
0.404617 0.431813 0.102452
0.410861 0.420771 0.114805
0.416171 0.417469 0.119291
0.420663 0.421695 0.115785
0.415324 0.425032 0.111286
0.362755 0.452419 0.077682
0.367126 0.457228 0.074782
0.361762 0.461115 0.071306
0.368108 0.448653 0.081355
0.373459 0.444951 0.085148
0.377847 0.449640 0.082105
0.372488 0.453402 0.078383
0.397365 0.492102 0.055127
0.401635 0.497275 0.052424
0.396233 0.501632 0.049620
0.402769 0.487842 0.058151
0.408175 0.483621 0.061293
0.412446 0.488676 0.058393
0.407039 0.492956 0.055348
0.527361 0.313295 0.192403
0.532323 0.318551 0.191473
0.527414 0.323894 0.190284
0.532267 0.308134 0.193066
0.537178 0.303063 0.193473
0.542156 0.308108 0.193069
0.537236 0.313289 0.192400
0.567296 0.357571 0.175937
0.572220 0.363309 0.172172
0.567175 0.368913 0.169057
0.572299 0.351846 0.178561
0.577282 0.346094 0.180924
0.582243 0.351867 0.177621
0.577243 0.357609 0.175021
0.487937 0.357410 0.176950
0.492830 0.362782 0.174030
0.487849 0.368255 0.170482
0.492889 0.351755 0.179953
0.497833 0.346078 0.182638
0.502754 0.351572 0.180164
0.497797 0.357201 0.177251
0.447554 0.396125 0.145549
0.452233 0.400452 0.142214
0.447032 0.404269 0.137910
0.452702 0.392066 0.149789
0.457824 0.387805 0.153976
0.462558 0.392309 0.150662
0.457409 0.396473 0.146466
0.483791 0.429778 0.115519
0.488143 0.433946 0.111249
0.482735 0.437645 0.106944
0.489180 0.426134 0.119919
0.494557 0.422440 0.124260
0.498950 0.426561 0.119963
0.493550 0.430250 0.115607
0.319802 0.484372 0.052779
0.324122 0.489590 0.050453
0.318722 0.493794 0.047931
0.325186 0.480246 0.055471
0.330563 0.476150 0.058273
0.334898 0.481278 0.055816
0.329514 0.485419 0.053079
0.461118 0.667660 0.009625
0.465909 0.672982 0.009408
0.460876 0.678187 0.009236
0.466192 0.662393 0.009870
0.471285 0.657110 0.010150
0.476032 0.662508 0.009855
0.470962 0.667754 0.009614
0.388470 0.573896 0.021395
0.392813 0.579947 0.020028
0.387466 0.585117 0.018781
0.393834 0.568874 0.022815
0.399204 0.563907 0.024318
0.403525 0.569796 0.022770
0.398166 0.574843 0.021357
0.474635 0.498052 0.055740
0.478862 0.503124 0.052643
0.473456 0.507628 0.049838
0.480058 0.493648 0.058768
0.485488 0.489286 0.061887
0.489694 0.494240 0.058538
0.484275 0.498662 0.055544
0.431473 0.534812 0.035206
0.435755 0.540343 0.033067
0.430381 0.545175 0.031108
0.436854 0.530072 0.037391
0.442237 0.525371 0.039689
0.446508 0.530787 0.037325
0.441130 0.535545 0.035140
0.466146 0.579780 0.020743
0.470570 0.585473 0.019355
0.465272 0.590675 0.018193
0.471463 0.574655 0.022083
0.476785 0.569568 0.023501
0.481183 0.575182 0.021918
0.475874 0.580309 0.020597
0.628817 0.505915 0.044735
0.633173 0.510931 0.041811
0.627845 0.515491 0.039922
0.634160 0.501422 0.046747
0.639509 0.496966 0.048778
0.643847 0.501928 0.045663
0.638507 0.506411 0.043727
0.586287 0.543298 0.030037
0.590715 0.548553 0.027932
0.585431 0.553442 0.026455
0.591586 0.538480 0.031690
0.596889 0.533704 0.033406
0.601298 0.538900 0.031086
0.596004 0.543706 0.029477
0.622237 0.585689 0.016798
0.626815 0.591021 0.015650
0.621609 0.596099 0.014898
0.627459 0.580666 0.017691
0.632690 0.575680 0.018637
0.637247 0.580969 0.017320
0.632027 0.585977 0.016458
0.561540 0.432797 0.111530
0.565699 0.436969 0.106465
0.560251 0.440895 0.102785
0.566995 0.428908 0.115279
0.572424 0.424977 0.118892
0.576590 0.429103 0.113753
0.571149 0.433037 0.110147
0.518010 0.464186 0.081950
0.522213 0.468716 0.077938
0.516799 0.472835 0.074562
0.523427 0.460178 0.085494
0.528852 0.456211 0.089089
0.533054 0.460621 0.084838
0.527631 0.464647 0.081364
0.551640 0.502270 0.052120
0.555894 0.507278 0.048873
0.550523 0.511867 0.046449
0.557031 0.497767 0.054726
0.562429 0.493300 0.057380
0.566656 0.498215 0.053878
0.561271 0.502728 0.051351
0.604287 0.399542 0.138238
0.608534 0.404018 0.132956
0.603285 0.408375 0.129928
0.609487 0.394998 0.141272
0.614670 0.390395 0.144320
0.618978 0.395154 0.139003
0.613764 0.399609 0.135976
0.637714 0.434230 0.096497
0.641892 0.438649 0.091525
0.636502 0.442736 0.088727
0.643111 0.430174 0.099353
0.648501 0.426128 0.102165
0.652704 0.430527 0.097098
0.647297 0.434582 0.094328
0.594739 0.467353 0.073716
0.598935 0.471963 0.069560
0.593567 0.476241 0.066893
0.600107 0.463144 0.076502
0.605473 0.458958 0.079307
0.609660 0.463495 0.074952
0.604298 0.467715 0.072246
0.664207 0.546660 0.025455
0.668695 0.551823 0.023651
0.663435 0.556574 0.022457
0.669483 0.541973 0.026779
0.674766 0.537328 0.028148
0.679240 0.542449 0.026189
0.673963 0.547115 0.024897
0.508770 0.539769 0.033715
0.513109 0.545138 0.031469
0.507784 0.550057 0.029667
0.514108 0.534933 0.035734
0.519450 0.530141 0.037842
0.523771 0.535423 0.035346
0.518437 0.540260 0.033363
0.423863 0.622408 0.013015
0.428403 0.628374 0.012399
0.423173 0.633955 0.011882
0.429123 0.616892 0.013685
0.434390 0.611439 0.014440
0.438898 0.617338 0.013632
0.433647 0.622826 0.012973
0.500051 0.708887 0.008903
0.504971 0.713897 0.008901
0.500035 0.718871 0.008900
0.504988 0.703906 0.008904
0.509926 0.698925 0.008905
0.514844 0.703947 0.008902
0.509907 0.708922 0.008901
0.354156 0.527426 0.035162
0.358433 0.533040 0.033186
0.353019 0.537653 0.031255
0.359565 0.522897 0.037272
0.364969 0.518400 0.039482
0.369241 0.523911 0.037335
0.363839 0.528460 0.035211
0.526370 0.398158 0.148501
0.530981 0.402776 0.144362
0.525696 0.406991 0.140517
0.531589 0.393682 0.152252
0.536783 0.389060 0.155931
0.541482 0.393964 0.151803
0.536245 0.398440 0.148125
0.440595 0.459457 0.082353
0.444902 0.464066 0.078917
0.439496 0.468021 0.075244
0.445995 0.455629 0.086210
0.451395 0.451853 0.090159
0.455715 0.456325 0.086540
0.450309 0.460169 0.082683
0.580706 0.626942 0.011709
0.585367 0.632376 0.011250
0.580223 0.637614 0.010944
0.585873 0.621704 0.012133
0.591046 0.616485 0.012621
0.595687 0.621904 0.011988
0.590523 0.627132 0.011588
0.663055 0.461445 0.069113
0.661971 0.470399 0.062907
0.657687 0.465664 0.066790
0.667335 0.466152 0.065144
0.666274 0.475182 0.059195
0.697805 0.500296 0.042147
0.696886 0.509691 0.037915
0.692463 0.504687 0.040482
0.702225 0.505287 0.039514
0.701323 0.514708 0.035484
0.535115 0.572273 0.022112
0.534315 0.582849 0.019402
0.529838 0.577358 0.020840
0.539581 0.577735 0.020580
0.538815 0.588344 0.018075
0.493057 0.613858 0.013942
0.492415 0.624846 0.012593
0.487831 0.619193 0.013266
0.497628 0.619495 0.013173
0.497023 0.630477 0.012025
0.530309 0.657940 0.009982
0.530027 0.668393 0.009515
0.525238 0.663118 0.009745
0.535078 0.663244 0.009719
0.534837 0.673629 0.009324
0.396553 0.415432 0.117073
0.395736 0.423038 0.109263
0.391262 0.418668 0.112604
0.401059 0.419761 0.113743
0.400185 0.427420 0.105871
0.353982 0.442886 0.083540
0.353024 0.451409 0.076980
0.348641 0.446599 0.079846
0.358373 0.447640 0.080602
0.357398 0.456246 0.074132
0.388796 0.481899 0.060636
0.387686 0.491218 0.054868
0.383398 0.486083 0.057544
0.393087 0.486978 0.057868
0.391963 0.496401 0.052223
0.517450 0.303077 0.193468
0.517495 0.313297 0.192400
0.512544 0.308146 0.193069
0.522403 0.308138 0.193065
0.522453 0.318549 0.191477
0.557335 0.346118 0.182234
0.557330 0.357504 0.176629
0.552351 0.351779 0.179799
0.562329 0.351832 0.179288
0.562278 0.363227 0.173057
0.478172 0.346783 0.182068
0.478101 0.357728 0.176519
0.473232 0.352508 0.179173
0.483049 0.352069 0.179624
0.482975 0.362989 0.173634
0.438074 0.387399 0.151920
0.437690 0.395697 0.144514
0.432960 0.391369 0.147676
0.442833 0.391773 0.148780
0.442381 0.399999 0.141261
0.474981 0.421542 0.123804
0.474026 0.429260 0.115280
0.469628 0.425140 0.119373
0.479405 0.425660 0.119722
0.478391 0.433431 0.111120
0.311124 0.474041 0.057489
0.310086 0.483298 0.052481
0.305754 0.478103 0.054788
0.315469 0.479190 0.055126
0.314408 0.488528 0.050194
0.451615 0.656837 0.010184
0.451275 0.667569 0.009632
0.446514 0.662169 0.009893
0.456353 0.662280 0.009883
0.456062 0.672906 0.009414
0.379841 0.561936 0.024384
0.378780 0.572882 0.021422
0.374464 0.566838 0.022870
0.384147 0.567887 0.022848
0.383113 0.578981 0.020058
0.466192 0.488048 0.062161
0.464989 0.497412 0.055859
0.460762 0.492373 0.058983
0.470413 0.493025 0.058917
0.469220 0.502498 0.052809
0.422935 0.523864 0.039755
0.421815 0.534034 0.035256
0.417545 0.528521 0.037466
0.427200 0.529318 0.037437
0.426094 0.539587 0.033135
0.457368 0.568414 0.023810
0.456422 0.579214 0.020873
0.452032 0.573492 0.022357
0.461746 0.574091 0.022229
0.460835 0.584943 0.019485
0.620180 0.495978 0.051056
0.619140 0.505432 0.045731
0.614825 0.500450 0.048872
0.624486 0.500929 0.047816
0.623481 0.510446 0.042749
0.577494 0.532855 0.034694
0.576577 0.542892 0.030593
0.572180 0.537651 0.032884
0.581880 0.538064 0.032290
0.580994 0.548157 0.028451
0.613136 0.575034 0.019413
0.612451 0.585397 0.017129
0.607900 0.580049 0.018404
0.617677 0.580359 0.018052
0.617021 0.590748 0.015960
0.553121 0.424512 0.121541
0.551892 0.432512 0.112702
0.547674 0.428370 0.117662
0.557355 0.428661 0.116582
0.556079 0.436691 0.107716
0.509568 0.455314 0.090134
0.508382 0.463714 0.082413
0.504154 0.459248 0.086415
0.513796 0.459720 0.086018
0.512595 0.468241 0.078460
0.543193 0.492385 0.059003
0.542010 0.501800 0.052821
0.537785 0.496831 0.056197
0.547407 0.497305 0.055499
0.546256 0.506813 0.049570
0.595597 0.390164 0.148678
0.594775 0.399545 0.140424
0.590394 0.394904 0.145539
0.599988 0.394939 0.143501
0.599067 0.404021 0.135204
0.629394 0.425544 0.106705
0.628167 0.433931 0.098624
0.624029 0.429616 0.103741
0.633551 0.429863 0.101567
0.632321 0.438306 0.093599
0.586409 0.458366 0.082478
0.585190 0.467013 0.075157
0.581023 0.462513 0.079500
0.590565 0.462819 0.078022
0.589368 0.471588 0.070951
0.655261 0.536368 0.029434
0.654451 0.546216 0.026024
0.649976 0.541054 0.027993
0.659728 0.541508 0.027381
0.658939 0.551390 0.024180
0.500150 0.529121 0.038576
0.499105 0.539260 0.034033
0.494794 0.533901 0.036398
0.504451 0.534429 0.036086
0.503435 0.544646 0.031788
0.414864 0.610365 0.014542
0.414082 0.621951 0.013048
0.409581 0.615866 0.013765
0.419350 0.616403 0.013729
0.418610 0.627993 0.012429
0.490215 0.698833 0.008909
0.490195 0.708854 0.008905
0.485276 0.703828 0.008908
0.495132 0.703866 0.008906
0.495114 0.713868 0.008902
0.345599 0.516361 0.039298
0.344462 0.526377 0.035105
0.340182 0.520820 0.037124
0.349879 0.521866 0.037201
0.348740 0.531987 0.033147
0.516996 0.388621 0.156393
0.516501 0.397923 0.148695
0.511828 0.393247 0.152597
0.521708 0.393443 0.152510
0.521125 0.402501 0.144671
0.431928 0.450398 0.089290
0.430877 0.458710 0.081961
0.426542 0.454133 0.085350
0.436270 0.454903 0.085812
0.435195 0.463338 0.078590
0.571434 0.616039 0.012932
0.570891 0.626743 0.011824
0.566252 0.621277 0.012397
0.576061 0.621495 0.012269
0.575547 0.632196 0.011351
0.717452 0.554134 0.021130
0.712173 0.558775 0.020041
0.722745 0.549534 0.022259
0.706907 0.563457 0.018998
0.701661 0.568178 0.018008
0.738689 0.535972 0.025829
0.733365 0.540455 0.024614
0.744021 0.531524 0.027064
0.728050 0.544974 0.023422
0.554249 0.714039 0.008896
0.549317 0.718987 0.008896
0.559180 0.709095 0.008896
0.544384 0.723936 0.008896
0.539452 0.728886 0.008895
0.573981 0.694265 0.008915
0.569041 0.699217 0.008897
0.578937 0.689285 0.008959
0.564111 0.704154 0.008897
0.312922 0.543645 0.027464
0.460589 0.728771 0.008901
0.383294 0.644439 0.010971
0.634511 0.633118 0.010650
0.629381 0.638307 0.010447
0.639652 0.627934 0.010870
0.624264 0.643485 0.010246
0.619164 0.648650 0.010049
0.655087 0.612535 0.011871
0.649940 0.617640 0.011480
0.660235 0.607461 0.012319
0.644795 0.622773 0.011147
0.675701 0.592443 0.014005
0.670541 0.597414 0.013385
0.680868 0.587509 0.014684
0.665386 0.602421 0.012823
0.696437 0.572947 0.017083
0.691233 0.577759 0.016222
0.686044 0.582614 0.015423
0.421303 0.688430 0.008996
0.514791 0.753615 0.008895
0.509860 0.758551 0.008895
0.519723 0.748675 0.008895
0.504930 0.763482 0.008895
0.500000 0.768407 0.008896
0.534519 0.733836 0.008895
0.529587 0.738785 0.008895
0.524654 0.743731 0.008895
0.347597 0.592712 0.016509
0.593900 0.674205 0.009233
0.588896 0.679254 0.009120
0.598921 0.669134 0.009366
0.583908 0.684281 0.009028
0.614079 0.653799 0.009861
0.609011 0.658930 0.009682
0.603958 0.664042 0.009516
0.291561 0.515364 0.036671
0.287298 0.509845 0.038667
0.295825 0.520923 0.034719
0.283036 0.504362 0.040702
0.278772 0.498913 0.042770
0.308637 0.537891 0.029185
0.304362 0.532181 0.030970
0.300092 0.526526 0.032817
0.435995 0.703689 0.008908
0.431081 0.698644 0.008909
0.440911 0.708725 0.008906
0.426180 0.693564 0.008934
0.455668 0.723774 0.008902
0.450748 0.718768 0.008903
0.445829 0.713751 0.008905
0.360787 0.612429 0.013812
0.356374 0.605831 0.014621
0.365219 0.619023 0.013096
0.351978 0.599251 0.015521
0.378706 0.638355 0.011421
0.374166 0.632073 0.011920
0.369675 0.625593 0.012472
0.397304 0.661729 0.009907
0.392597 0.656104 0.010216
0.402046 0.667241 0.009641
0.387925 0.650347 0.010570
0.416449 0.683239 0.009097
0.411620 0.677984 0.009237
0.406819 0.672655 0.009419
0.475361 0.743701 0.008897
0.470436 0.738734 0.008898
0.480287 0.748659 0.008896
0.465512 0.733757 0.008899
0.495070 0.763481 0.008896
0.490142 0.758548 0.008896
0.485214 0.753608 0.008896
0.325850 0.561265 0.022737
0.321530 0.555308 0.024235
0.330181 0.567335 0.021322
0.317220 0.549442 0.025812
0.343228 0.586233 0.017584
0.338870 0.579831 0.018745
0.334521 0.573527 0.019991
