0.596959 0.578013 0.038005
0.594608 0.589549 0.032756
0.591056 0.583070 0.035355
0.478769 0.432981 0.202663
0.477176 0.437167 0.189699
0.473418 0.434162 0.196366
0.554762 0.391209 0.325291
0.554623 0.401607 0.307319
0.550654 0.396353 0.316167
0.390308 0.461365 0.113381
0.388300 0.468893 0.103339
0.384665 0.464142 0.108595
0.505423 0.672165 0.011955
0.504089 0.685951 0.010925
0.499972 0.678755 0.011370
0.447703 0.553251 0.041670
0.445455 0.565746 0.035681
0.441991 0.558542 0.038729
0.539435 0.489667 0.104123
0.537499 0.497233 0.094218
0.533794 0.492583 0.099373
0.689519 0.512697 0.098921
0.687828 0.520853 0.089507
0.683994 0.516003 0.094197
0.623962 0.450974 0.196020
0.623551 0.456535 0.182359
0.619254 0.453479 0.189272
0.657599 0.427767 0.255913
0.658796 0.434301 0.240171
0.653821 0.430991 0.248060
0.617762 0.394599 0.323501
0.618816 0.404509 0.305815
0.614276 0.399514 0.314880
0.583639 0.469543 0.146291
0.582146 0.475505 0.134595
0.578246 0.471841 0.140631
0.551344 0.444605 0.198704
0.550318 0.449283 0.185413
0.546289 0.446348 0.192195
0.588259 0.427340 0.256923
0.588502 0.433148 0.241417
0.584100 0.430097 0.249221
0.644097 0.541838 0.064340
0.641847 0.551599 0.056838
0.638257 0.545944 0.060584
0.614518 0.501458 0.100578
0.612645 0.509344 0.090873
0.608901 0.504632 0.095829
0.657802 0.478262 0.143244
0.656599 0.485028 0.131546
0.652597 0.481045 0.137481
0.493776 0.516718 0.069375
0.491550 0.526655 0.061383
0.488007 0.520741 0.065535
0.464624 0.476096 0.108679
0.462660 0.483570 0.098620
0.458989 0.478864 0.103890
0.509233 0.458245 0.150656
0.507512 0.463779 0.139012
0.503734 0.460125 0.145110
0.419333 0.502347 0.073255
0.417263 0.512216 0.064928
0.413670 0.506262 0.069286
0.475429 0.612219 0.021476
0.473330 0.626037 0.018243
0.469753 0.618406 0.019811
0.361226 0.428032 0.158051
0.359212 0.433932 0.146945
0.355562 0.429948 0.152576
0.519770 0.421568 0.257967
0.518736 0.426534 0.242980
0.514926 0.423613 0.250587
0.489360 0.390635 0.322124
0.488709 0.398752 0.305711
0.484910 0.394669 0.313524
0.518154 0.338183 0.385465
0.519437 0.352058 0.374714
0.514268 0.345441 0.380296
0.592199 0.338137 0.386303
0.590790 0.352339 0.375757
0.587367 0.344929 0.381435
0.555499 0.291250 0.399873
0.555526 0.301249 0.399530
0.550585 0.296211 0.399769
0.435237 0.443794 0.155256
0.433320 0.449359 0.143698
0.429670 0.445555 0.149704
0.406147 0.416886 0.205741
0.404182 0.421183 0.193020
0.400595 0.417913 0.199441
0.449741 0.410267 0.259635
0.447945 0.414195 0.245369
0.444403 0.411264 0.252586
0.550163 0.621871 0.020976
0.548180 0.634869 0.017978
0.544437 0.627837 0.019433
0.521812 0.566533 0.039463
0.519437 0.578616 0.033912
0.515955 0.571759 0.036717
0.568699 0.529920 0.066139
0.566404 0.539803 0.058454
0.562862 0.534014 0.062393
0.731972 0.488220 0.139769
0.730999 0.495614 0.128707
0.726833 0.491166 0.134421
0.696584 0.455749 0.193536
0.696570 0.462415 0.179660
0.692055 0.458686 0.186775
0.600502 0.584402 0.035246
0.482530 0.435927 0.195894
0.558700 0.396758 0.316277
0.393943 0.465988 0.108039
0.509497 0.679373 0.011386
0.451175 0.560298 0.038462
0.543162 0.494169 0.098854
0.693387 0.517463 0.094117
0.628329 0.454037 0.188979
0.662688 0.431140 0.247915
0.622159 0.399843 0.314315
0.587579 0.473098 0.140166
0.555410 0.447521 0.191792
0.592731 0.430537 0.249008
0.647711 0.547378 0.060479
0.618290 0.506050 0.095499
0.661859 0.482187 0.137178
0.497336 0.522478 0.065102
0.468308 0.480654 0.103310
0.513039 0.461780 0.144478
0.422933 0.508138 0.068785
0.478989 0.619764 0.019767
0.364865 0.431920 0.152322
0.523608 0.424659 0.250266
0.493250 0.394908 0.314205
0.523312 0.344796 0.380694
0.595611 0.345477 0.381485
0.560425 0.296203 0.399777
0.438897 0.447478 0.149162
0.409723 0.420083 0.199212
0.453297 0.413246 0.252358
0.553867 0.628837 0.019394
0.525289 0.573258 0.036497
0.572262 0.535575 0.062082
0.736199 0.492659 0.133883
0.701178 0.459494 0.186252
0.694809 0.482864 0.141707
0.698935 0.487048 0.135700
0.693738 0.489999 0.130209
0.699880 0.479960 0.147446
0.714645 0.471239 0.165331
0.719041 0.475349 0.158672
0.714114 0.478267 0.152785
0.727095 0.518649 0.098641
0.731035 0.523454 0.094003
0.725509 0.526799 0.089486
0.732542 0.515452 0.103310
0.748650 0.506235 0.117563
0.752740 0.510842 0.112517
0.747371 0.513898 0.107838
0.559266 0.572462 0.038612
0.562778 0.579011 0.035760
0.556898 0.584271 0.033234
0.565160 0.567452 0.041447
0.582866 0.553206 0.050791
0.586387 0.559282 0.047339
0.580477 0.564025 0.044228
0.512613 0.617377 0.021209
0.516252 0.624633 0.019567
0.510559 0.630831 0.018108
0.518366 0.611357 0.022917
0.535799 0.593891 0.028764
0.539337 0.600892 0.026578
0.533519 0.606682 0.024650
0.543536 0.674606 0.012006
0.547766 0.681466 0.011448
0.542459 0.687846 0.010994
0.548934 0.668258 0.012698
0.565383 0.649571 0.015474
0.569383 0.656386 0.014433
0.563913 0.662570 0.013512
0.442462 0.425470 0.204463
0.446119 0.428510 0.197794
0.440693 0.429598 0.191675
0.447880 0.424502 0.210799
0.464061 0.421688 0.230685
0.467689 0.424450 0.223535
0.462319 0.425447 0.216870
0.398308 0.435934 0.156939
0.401942 0.439710 0.151013
0.396316 0.441651 0.145544
0.403917 0.434231 0.162593
0.420607 0.429890 0.180064
0.424261 0.433258 0.173798
0.418719 0.434674 0.167981
0.427426 0.468803 0.111115
0.431077 0.473405 0.105716
0.425430 0.476306 0.101016
0.433059 0.466179 0.116009
0.449894 0.459091 0.131258
0.453571 0.463167 0.125459
0.447964 0.465530 0.120376
0.555590 0.337442 0.385977
0.560149 0.344406 0.381185
0.555454 0.351421 0.375475
0.560385 0.330721 0.390007
0.575139 0.312089 0.397723
0.579834 0.318046 0.395911
0.574909 0.324245 0.393340
0.586676 0.392935 0.325160
0.590578 0.398562 0.315941
0.586720 0.403539 0.307094
0.590828 0.387347 0.334318
0.604154 0.368395 0.360933
0.606964 0.375797 0.352022
0.602714 0.381927 0.343180
0.522196 0.390473 0.324457
0.526230 0.395573 0.315637
0.521960 0.400217 0.306784
0.526246 0.385054 0.333714
0.538007 0.365560 0.361010
0.542484 0.372487 0.352577
0.538467 0.379027 0.343403
0.485059 0.416837 0.259006
0.488726 0.419806 0.251534
0.483563 0.421188 0.244362
0.490126 0.415036 0.266428
0.504687 0.407410 0.289862
0.508436 0.411236 0.281738
0.503670 0.413936 0.273903
0.515072 0.439486 0.200581
0.518970 0.442404 0.193685
0.513746 0.443872 0.187499
0.520227 0.438022 0.207035
0.535307 0.433221 0.227613
0.539268 0.436021 0.220192
0.534294 0.437719 0.213249
0.353186 0.453905 0.115510
0.356824 0.458553 0.110245
0.351164 0.461425 0.105588
0.358840 0.451265 0.120322
0.375774 0.444004 0.135353
0.379406 0.448192 0.129780
0.373765 0.450611 0.124745
0.467676 0.668920 0.011868
0.471552 0.676561 0.011294
0.466033 0.683359 0.010818
0.473220 0.662197 0.012604
0.489929 0.642466 0.015562
0.493692 0.649993 0.014454
0.488132 0.656537 0.013479
0.410985 0.546063 0.042802
0.414496 0.553250 0.039462
0.408838 0.558858 0.036498
0.416630 0.540886 0.046012
0.433648 0.526498 0.056228
0.437188 0.532956 0.052343
0.431495 0.537748 0.048971
0.501981 0.483099 0.106411
0.505695 0.487618 0.101070
0.500030 0.490580 0.096416
0.507613 0.480415 0.111277
0.524397 0.473017 0.126480
0.528170 0.476991 0.120704
0.522583 0.479490 0.115634
0.456496 0.509662 0.071218
0.460073 0.515446 0.066854
0.454342 0.519587 0.063072
0.462211 0.505820 0.075219
0.479316 0.495185 0.087936
0.482960 0.500333 0.083072
0.477249 0.503887 0.078845
0.484617 0.560129 0.040525
0.488072 0.567041 0.037437
0.482271 0.572460 0.034762
0.490425 0.555015 0.043497
0.507895 0.540615 0.053152
0.511384 0.546928 0.049474
0.505545 0.551724 0.046275
0.652016 0.507041 0.099537
0.655827 0.511723 0.094592
0.650221 0.515099 0.089940
0.657544 0.503847 0.104436
0.673844 0.494636 0.119792
0.677793 0.498999 0.114318
0.672373 0.502080 0.109225
0.606362 0.535971 0.065019
0.609943 0.541566 0.061073
0.604074 0.545807 0.057456
0.612184 0.531968 0.068867
0.629475 0.520659 0.081213
0.633161 0.525787 0.076765
0.627401 0.529559 0.072643
0.634798 0.583426 0.037614
0.638367 0.589732 0.034911
0.632463 0.594784 0.032438
0.640716 0.578558 0.040404
0.658493 0.564558 0.049714
0.662071 0.570468 0.046414
0.656141 0.575133 0.043302
0.587729 0.448546 0.197327
0.591960 0.451476 0.190332
0.587017 0.453566 0.183826
0.592518 0.446396 0.204151
0.606197 0.439342 0.225712
0.610675 0.442195 0.218066
0.606168 0.444682 0.210861
0.546381 0.464302 0.148271
0.550252 0.467806 0.142132
0.544780 0.469998 0.136611
0.551767 0.462281 0.153968
0.567608 0.456460 0.171717
0.571651 0.459570 0.165227
0.566381 0.461571 0.159289
0.576960 0.495779 0.102182
0.580712 0.500311 0.096995
0.575041 0.503484 0.092365
0.582578 0.492848 0.107055
0.599238 0.484489 0.122414
0.603086 0.488533 0.116740
0.597543 0.491367 0.111622
0.622646 0.427760 0.256037
0.627448 0.430869 0.248130
0.623451 0.433920 0.240458
0.626415 0.424407 0.263913
0.636959 0.413386 0.288304
0.642117 0.417234 0.280071
0.638652 0.420855 0.271931
0.660170 0.453076 0.195261
0.664672 0.456489 0.188105
0.659988 0.459218 0.181415
0.664678 0.450266 0.202262
0.677600 0.441404 0.224078
0.682440 0.444900 0.216249
0.678155 0.447911 0.208991
0.620801 0.473989 0.144524
0.624790 0.477679 0.138426
0.619448 0.480335 0.132822
0.626022 0.471431 0.150346
0.641199 0.463745 0.168672
0.645409 0.467198 0.162145
0.640376 0.469820 0.156002
0.681959 0.547515 0.064143
0.685622 0.552984 0.060335
0.679774 0.557168 0.056645
0.687748 0.543553 0.068078
0.704874 0.532301 0.080600
0.708664 0.537406 0.076368
0.702962 0.541141 0.072182
0.531177 0.523509 0.067604
0.534729 0.529216 0.063437
0.528902 0.533430 0.059776
0.536968 0.519573 0.071490
0.554234 0.508598 0.083898
0.557883 0.513714 0.079218
0.552122 0.517385 0.075087
0.438727 0.606299 0.021709
0.442231 0.614032 0.019928
0.436599 0.620404 0.018315
0.444386 0.600119 0.023600
0.461518 0.582148 0.030012
0.464960 0.589633 0.027605
0.459230 0.595623 0.025499
0.501179 0.725144 0.009466
0.505781 0.731084 0.009328
0.500634 0.736732 0.009209
0.506403 0.719170 0.009636
0.522222 0.700378 0.010325
0.526630 0.707047 0.010078
0.521383 0.713271 0.009846
0.382279 0.494810 0.075367
0.385915 0.500565 0.070809
0.380286 0.504593 0.066845
0.387918 0.491068 0.079515
0.404849 0.480668 0.092487
0.408479 0.485860 0.087491
0.402833 0.489328 0.083182
0.554100 0.424847 0.257445
0.558219 0.428095 0.249671
0.553650 0.430344 0.242104
0.558493 0.422105 0.265296
0.570913 0.411890 0.289961
0.575140 0.416221 0.281463
0.571111 0.419676 0.273265
0.472137 0.451290 0.152970
0.475869 0.454889 0.146836
0.470317 0.456799 0.141338
0.477638 0.449602 0.158623
0.493941 0.445078 0.176070
0.497766 0.448239 0.169615
0.492346 0.449774 0.163815
0.587976 0.625917 0.020809
0.591739 0.632629 0.019272
0.586077 0.638403 0.017887
0.593734 0.620292 0.022436
0.611225 0.603916 0.028036
0.614833 0.610521 0.025987
0.608997 0.615935 0.024131
0.677881 0.467188 0.167359
0.677215 0.473752 0.154663
0.672978 0.469966 0.161159
0.682182 0.470946 0.160717
0.689665 0.485776 0.136078
0.711125 0.500136 0.118766
0.709777 0.507759 0.108519
0.705798 0.503196 0.113673
0.715147 0.504654 0.113483
0.721606 0.521928 0.094024
0.545283 0.547102 0.051824
0.542902 0.558074 0.045116
0.539412 0.551744 0.048538
0.548780 0.553299 0.048263
0.553382 0.577608 0.035924
0.498462 0.588339 0.029352
0.496158 0.601507 0.025060
0.492659 0.594169 0.027195
0.501950 0.595589 0.027061
0.506892 0.623500 0.019618
0.527494 0.646357 0.015511
0.525863 0.659898 0.013494
0.521927 0.652706 0.014441
0.531381 0.653523 0.014437
0.538174 0.680996 0.011432
0.428168 0.413554 0.231968
0.426221 0.417293 0.218358
0.422691 0.414294 0.225252
0.431685 0.416504 0.224961
0.437034 0.426477 0.198241
0.383818 0.421570 0.181098
0.381801 0.426597 0.169157
0.378187 0.423005 0.175174
0.387427 0.425073 0.174983
0.392684 0.437768 0.151381
0.412849 0.451564 0.133531
0.410858 0.458078 0.122723
0.407220 0.453818 0.128337
0.416488 0.455709 0.127820
0.421786 0.471561 0.106315
0.536024 0.312151 0.397635
0.536335 0.324262 0.393186
0.531308 0.318133 0.395736
0.541018 0.318015 0.395760
0.550925 0.344341 0.381128
0.572329 0.366195 0.361451
0.571309 0.380038 0.343888
0.567586 0.373122 0.352928
0.575898 0.373471 0.352960
0.582650 0.398175 0.316140
0.504259 0.367716 0.358577
0.505513 0.380065 0.341358
0.500999 0.374588 0.349530
0.509065 0.373706 0.350690
0.518016 0.395404 0.315430
0.470506 0.403748 0.289237
0.469028 0.409140 0.274074
0.465432 0.405850 0.281577
0.474130 0.407190 0.281648
0.479908 0.418346 0.251736
0.499830 0.428180 0.229304
0.498384 0.432227 0.215232
0.494636 0.429425 0.222418
0.503583 0.430943 0.221964
0.509864 0.440905 0.194284
0.338591 0.436331 0.136909
0.336594 0.443013 0.126599
0.332938 0.438661 0.131921
0.342248 0.440590 0.131518
0.347526 0.456654 0.110786
0.452863 0.637591 0.015561
0.450884 0.652176 0.013397
0.447259 0.644205 0.014398
0.456478 0.645493 0.014419
0.462133 0.675712 0.011258
0.396754 0.518922 0.057915
0.394721 0.530239 0.050379
0.391139 0.523518 0.054283
0.400335 0.525445 0.053890
0.405346 0.551468 0.039687
0.487058 0.466305 0.128909
0.485187 0.472721 0.118018
0.481466 0.468571 0.123694
0.490792 0.470324 0.123123
0.496333 0.485909 0.101641
0.442024 0.488036 0.090142
0.439980 0.496727 0.080932
0.436353 0.491396 0.085763
0.445661 0.493210 0.085194
0.450778 0.513642 0.067321
0.470690 0.533718 0.054635
0.468420 0.544920 0.047579
0.464927 0.538360 0.051219
0.474194 0.540114 0.050862
0.478821 0.565400 0.037686
0.636581 0.489527 0.120876
0.634989 0.496703 0.110158
0.631131 0.492421 0.115601
0.640468 0.493725 0.115308
0.646443 0.510311 0.094760
0.591838 0.514775 0.082338
0.589728 0.523622 0.073654
0.586089 0.518380 0.078092
0.595503 0.519877 0.077767
0.600515 0.540090 0.061288
0.620609 0.558975 0.050085
0.618232 0.569653 0.043630
0.614698 0.563559 0.046849
0.624149 0.564965 0.046722
0.628889 0.588395 0.034982
0.570764 0.437002 0.226703
0.570240 0.441896 0.212007
0.566052 0.439019 0.219399
0.574993 0.439871 0.219146
0.582837 0.450613 0.190679
0.530746 0.451361 0.173652
0.529341 0.456206 0.161358
0.525448 0.453016 0.167754
0.534672 0.454452 0.167179
0.540947 0.466383 0.142672
0.561777 0.479031 0.124284
0.560020 0.485666 0.113461
0.556225 0.481557 0.119067
0.565594 0.483022 0.118565
0.571314 0.498809 0.097430
0.603657 0.413306 0.289190
0.604606 0.421114 0.272506
0.599970 0.417293 0.280875
0.608319 0.417384 0.280643
0.618746 0.430936 0.248303
0.641705 0.440087 0.224978
0.642033 0.446053 0.210001
0.637435 0.442935 0.217448
0.646385 0.443231 0.217384
0.655567 0.455820 0.188396
0.604509 0.460536 0.170063
0.603480 0.466055 0.157515
0.599408 0.462787 0.163944
0.608631 0.463718 0.163521
0.615506 0.476566 0.138826
0.667143 0.526464 0.080669
0.665139 0.535375 0.072174
0.661438 0.530148 0.076394
0.670876 0.531591 0.076328
0.676136 0.551590 0.060334
0.516743 0.502082 0.085820
0.514643 0.510813 0.076873
0.511021 0.505519 0.081536
0.520385 0.507213 0.081026
0.525369 0.527577 0.063827
0.424894 0.575591 0.030637
0.422596 0.589527 0.025835
0.419163 0.581764 0.028185
0.428330 0.583246 0.028114
0.433065 0.612639 0.019936
0.483660 0.698776 0.010253
0.482519 0.712193 0.009796
0.478229 0.705391 0.010000
0.487884 0.705784 0.010020
0.495984 0.730972 0.009323
0.367727 0.473248 0.094778
0.365714 0.481854 0.085409
0.362075 0.476534 0.090336
0.371363 0.478420 0.089768
0.376645 0.498678 0.071298
0.538070 0.409706 0.289814
0.537588 0.417104 0.273333
0.533669 0.413280 0.281470
0.542019 0.413857 0.281494
0.549579 0.427296 0.249765
0.457218 0.437865 0.178188
0.455472 0.442532 0.166008
0.451766 0.439204 0.172334
0.460942 0.441092 0.171783
0.466608 0.453080 0.147403
0.573411 0.599003 0.028328
0.571160 0.611378 0.024344
0.567555 0.604577 0.026303
0.576995 0.605746 0.026227
0.582259 0.631655 0.019299
0.576586 0.637515 0.017907
0.574901 0.650283 0.015469
0.570960 0.643493 0.016632
0.580465 0.644288 0.016620
0.584425 0.651038 0.015463
0.583033 0.663766 0.013525
0.578924 0.657043 0.014434
0.569042 0.623923 0.020884
0.572781 0.630726 0.019328
0.567100 0.636665 0.017928
0.574809 0.618150 0.022526
0.580611 0.612484 0.024285
0.584268 0.619205 0.022480
0.578506 0.624905 0.020846
0.561724 0.610251 0.024411
0.559594 0.622913 0.020928
0.555926 0.616011 0.022635
0.565358 0.617098 0.022578
0.563315 0.629800 0.019359
0.461053 0.454977 0.141925
0.459166 0.460929 0.130644
0.455481 0.456978 0.136541
0.464748 0.458809 0.135938
0.468449 0.462744 0.130047
0.466551 0.469166 0.119156
0.462856 0.464990 0.124848
0.453667 0.447606 0.154121
0.457360 0.451241 0.147990
0.451800 0.453129 0.142525
0.459183 0.445949 0.159742
0.464672 0.444396 0.165446
0.468403 0.447793 0.159174
0.462895 0.449464 0.153539
0.446285 0.440629 0.166565
0.444449 0.445717 0.154699
0.440775 0.442155 0.160875
0.449974 0.444070 0.160315
0.448125 0.449373 0.148581
0.544931 0.429481 0.242239
0.544163 0.434246 0.227350
0.540168 0.431442 0.234853
0.548960 0.432381 0.234663
0.553021 0.435219 0.227129
0.552244 0.439929 0.212582
0.548187 0.437073 0.219907
0.536967 0.423317 0.257586
0.540933 0.426476 0.249870
0.536208 0.428578 0.242409
0.541543 0.420703 0.265349
0.546001 0.417748 0.273334
0.550026 0.421404 0.265324
0.545541 0.424094 0.257503
0.529147 0.416429 0.273384
0.528378 0.422484 0.257734
0.524512 0.419183 0.265555
0.533038 0.419973 0.265416
0.532277 0.425606 0.250026
0.371012 0.502691 0.067300
0.369037 0.513173 0.059121
0.365379 0.506868 0.063369
0.374663 0.508787 0.062952
0.378303 0.515087 0.058736
0.376317 0.526439 0.051040
0.372685 0.519697 0.055008
0.363706 0.491023 0.076391
0.367359 0.496777 0.071781
0.361718 0.500761 0.067751
0.369355 0.487322 0.080586
0.375001 0.483737 0.084854
0.378640 0.489201 0.080051
0.372998 0.492929 0.075879
0.356417 0.479939 0.085967
0.354401 0.489077 0.076906
0.350753 0.483461 0.081665
0.360060 0.485410 0.081124
0.358058 0.494838 0.072265
0.490819 0.736661 0.009204
0.490432 0.747644 0.009039
0.485687 0.742219 0.009109
0.495517 0.742248 0.009113
0.500275 0.747620 0.009041
0.500083 0.757910 0.008954
0.495232 0.752868 0.008987
0.481643 0.724779 0.009448
0.486191 0.730842 0.009316
0.481008 0.736575 0.009198
0.486916 0.718715 0.009616
0.492220 0.712504 0.009812
0.496655 0.718953 0.009627
0.491408 0.724970 0.009458
0.472828 0.711860 0.009778
0.471884 0.724572 0.009436
0.467462 0.718180 0.009586
0.477185 0.718456 0.009602
0.476403 0.730698 0.009307
0.427365 0.619201 0.018284
0.425184 0.633880 0.015459
0.421597 0.626039 0.016758
0.430929 0.627001 0.016823
0.434495 0.634898 0.015520
0.432403 0.649757 0.013312
0.428787 0.641788 0.014313
0.420309 0.603739 0.021699
0.423822 0.611459 0.019907
0.418030 0.618257 0.018216
0.426057 0.597241 0.023685
0.431774 0.590940 0.025792
0.435240 0.598613 0.023660
0.429548 0.604930 0.021723
0.413392 0.588209 0.025847
0.411014 0.602716 0.021639
0.407570 0.594892 0.023628
0.416831 0.596005 0.023674
0.414501 0.610493 0.019839
0.519551 0.531780 0.060158
0.517225 0.542286 0.052791
0.513725 0.536125 0.056600
0.523065 0.537787 0.056226
0.526567 0.543917 0.052449
0.524197 0.554959 0.045660
0.520714 0.548567 0.049142
0.512464 0.520163 0.068469
0.516017 0.525905 0.064241
0.510208 0.530093 0.060561
0.518242 0.516261 0.072371
0.524005 0.512498 0.076390
0.527602 0.517933 0.071917
0.521817 0.521854 0.068025
0.505285 0.509103 0.077368
0.503116 0.518448 0.068922
0.499536 0.512837 0.073316
0.508887 0.514559 0.072841
0.506673 0.524201 0.064670
0.670283 0.555789 0.056657
0.667992 0.565914 0.049680
0.664399 0.560113 0.053116
0.673896 0.561479 0.053092
0.677499 0.567258 0.049668
0.675171 0.577766 0.043263
0.671581 0.571801 0.046393
0.663017 0.544688 0.064190
0.666657 0.550192 0.060358
0.660796 0.554404 0.056694
0.668821 0.540697 0.068097
0.674589 0.536814 0.072131
0.678283 0.542125 0.068073
0.672487 0.546103 0.064153
0.655692 0.533940 0.072244
0.653551 0.543270 0.064252
0.649910 0.537837 0.068224
0.659362 0.539269 0.068149
0.657180 0.548789 0.060408
0.610139 0.479173 0.133244
0.608587 0.485752 0.121975
0.604713 0.481812 0.127774
0.614043 0.483022 0.127336
0.617925 0.487006 0.121564
0.616279 0.494032 0.110811
0.612441 0.489826 0.116317
0.602246 0.471859 0.145399
0.606209 0.475453 0.139272
0.600819 0.477996 0.133694
0.607522 0.469435 0.151182
0.612722 0.467013 0.157074
0.616778 0.470434 0.150739
0.611530 0.472934 0.144947
0.594226 0.465029 0.157944
0.592949 0.470729 0.145841
0.588969 0.467277 0.152061
0.598251 0.468386 0.151624
0.596901 0.474300 0.139719
0.650870 0.458506 0.181670
0.650355 0.464562 0.168432
0.646081 0.461145 0.175093
0.655216 0.461905 0.174857
0.659518 0.465406 0.168152
0.658781 0.471736 0.155438
0.654589 0.468092 0.161880
0.642049 0.451963 0.195633
0.646481 0.455197 0.188593
0.641764 0.457831 0.181866
0.646589 0.449241 0.202685
0.651026 0.446444 0.209900
0.655620 0.449727 0.202527
0.651100 0.452497 0.195485
0.633055 0.445702 0.210103
0.633004 0.451460 0.195790
0.628564 0.448382 0.202962
0.637572 0.448797 0.202798
0.637405 0.454607 0.188761
0.614704 0.433939 0.240692
0.615062 0.439581 0.225442
0.610519 0.436741 0.233168
0.619323 0.436827 0.232905
0.623920 0.439721 0.225190
0.624090 0.445376 0.210287
0.619586 0.442443 0.217781
0.605413 0.427870 0.256478
0.610062 0.430976 0.248542
0.605957 0.433840 0.240939
0.609303 0.424629 0.264311
0.613061 0.421107 0.272286
0.617846 0.424535 0.264086
0.614027 0.427880 0.256256
0.596183 0.420954 0.272729
0.596821 0.427681 0.256705
0.592283 0.424299 0.264751
0.600777 0.424545 0.264531
0.601386 0.430839 0.248776
0.565644 0.501949 0.092798
0.563625 0.510176 0.083476
0.559950 0.505210 0.088287
0.569344 0.506769 0.087859
0.573024 0.511737 0.083074
0.570908 0.520552 0.074327
0.567277 0.515291 0.078822
0.558181 0.492767 0.103112
0.561922 0.497282 0.097884
0.556254 0.500396 0.093249
0.563801 0.489906 0.107983
0.569398 0.487141 0.112971
0.573188 0.491391 0.107510
0.567567 0.494285 0.102638
0.550650 0.484167 0.113968
0.548803 0.491227 0.103607
0.545054 0.486866 0.108987
0.554423 0.488397 0.108475
0.552539 0.495735 0.098359
0.535463 0.468527 0.137168
0.533735 0.474581 0.125889
0.529944 0.470735 0.131766
0.539272 0.472252 0.131193
0.543073 0.476096 0.125332
0.541291 0.482642 0.114498
0.537518 0.478548 0.120133
0.527808 0.461405 0.149398
0.531644 0.464911 0.143240
0.526148 0.467003 0.137758
0.533224 0.459492 0.155046
0.538588 0.457632 0.160795
0.542492 0.460913 0.154493
0.537093 0.462883 0.148817
0.520094 0.454704 0.161966
0.518521 0.459858 0.150018
0.514687 0.456442 0.156271
0.523956 0.458004 0.155641
0.522342 0.463377 0.143846
0.577847 0.452607 0.184201
0.576854 0.457586 0.171285
0.572767 0.454547 0.177885
0.581980 0.455594 0.177480
0.586089 0.458644 0.170869
0.584957 0.463938 0.158376
0.580918 0.460710 0.164784
0.569538 0.446739 0.197996
0.573697 0.449659 0.191039
0.568661 0.451570 0.184590
0.574439 0.444783 0.204764
0.579236 0.442751 0.211723
0.583485 0.445640 0.204454
0.578642 0.447687 0.197657
0.561236 0.440953 0.212292
0.560433 0.445711 0.198343
0.556329 0.442811 0.205398
0.565380 0.443839 0.205077
0.564547 0.448628 0.191409
0.622988 0.593467 0.032507
0.620694 0.605179 0.027975
0.617099 0.598641 0.030191
0.626571 0.599934 0.030126
0.630170 0.606460 0.027918
0.627946 0.618380 0.024037
0.624306 0.611770 0.025935
0.615862 0.580724 0.037787
0.619419 0.587062 0.035061
0.613520 0.592156 0.032582
0.621774 0.575827 0.040578
0.627691 0.571041 0.043520
0.631240 0.577195 0.040484
0.625325 0.582076 0.037695
0.608783 0.568259 0.043755
0.606406 0.579370 0.037890
0.602868 0.573077 0.040806
0.612317 0.574455 0.040685
0.609957 0.585732 0.035149
0.594647 0.544335 0.057671
0.592292 0.554665 0.050584
0.588762 0.548707 0.054171
0.598190 0.550173 0.053959
0.601724 0.556111 0.050398
0.599340 0.566857 0.043896
0.595816 0.560717 0.047158
0.587519 0.532993 0.065529
0.591091 0.538608 0.061529
0.585223 0.542854 0.057907
0.593344 0.528994 0.069380
0.599144 0.525115 0.073354
0.602764 0.530483 0.069108
0.596939 0.534487 0.065262
0.580314 0.522103 0.073977
0.578104 0.531472 0.065821
0.574517 0.525950 0.069995
0.583927 0.527488 0.069673
0.581672 0.537108 0.061792
0.640828 0.513667 0.090112
0.638885 0.522125 0.081022
0.635171 0.517112 0.085596
0.644573 0.518564 0.085415
0.648299 0.523581 0.080872
0.646255 0.532495 0.072338
0.642581 0.527254 0.076603
0.633273 0.504250 0.099974
0.637061 0.508893 0.094965
0.631434 0.512225 0.090326
0.638827 0.501112 0.104868
0.644337 0.498042 0.109896
0.648186 0.502481 0.104638
0.642645 0.505648 0.099736
0.625636 0.495366 0.110462
0.623897 0.502852 0.100255
0.620098 0.498373 0.105456
0.629464 0.499741 0.105141
0.627677 0.507471 0.095212
0.473038 0.570828 0.034985
0.470715 0.583755 0.029843
0.467269 0.576411 0.032426
0.476485 0.578030 0.032230
0.479937 0.585325 0.029677
0.477636 0.598656 0.025278
0.474165 0.591188 0.027467
0.466130 0.556742 0.041086
0.469589 0.563727 0.037939
0.463825 0.569164 0.035213
0.471899 0.551619 0.044103
0.477681 0.546654 0.047247
0.481154 0.553330 0.043798
0.475366 0.558449 0.040803
0.459173 0.543165 0.047916
0.456909 0.555013 0.041374
0.453431 0.548128 0.044732
0.462658 0.549886 0.044414
0.460374 0.562027 0.038198
0.445061 0.517768 0.063526
0.442896 0.528334 0.055817
0.439349 0.522050 0.059829
0.448615 0.523879 0.059394
0.452152 0.530155 0.055411
0.449937 0.541380 0.048265
0.446425 0.534780 0.051961
0.437900 0.506033 0.072220
0.441489 0.511821 0.067802
0.435786 0.515937 0.063988
0.443595 0.502214 0.076248
0.449288 0.498539 0.080384
0.452901 0.504025 0.075725
0.447196 0.507854 0.071714
0.430678 0.494905 0.081488
0.428611 0.504200 0.072735
0.425004 0.498559 0.077319
0.434295 0.500395 0.076780
0.432206 0.509988 0.068291
0.490672 0.488855 0.096971
0.488662 0.496933 0.087412
0.485000 0.491946 0.092402
0.494352 0.493683 0.091862
0.498016 0.498665 0.086885
0.495932 0.507377 0.077862
0.492307 0.502076 0.082562
0.483279 0.479643 0.107552
0.486980 0.484178 0.102203
0.481324 0.487112 0.097518
0.488908 0.476990 0.112447
0.494526 0.474459 0.117441
0.498256 0.478716 0.111869
0.492625 0.481383 0.106987
0.475862 0.470954 0.118581
0.473945 0.477878 0.108108
0.470248 0.473461 0.113575
0.479572 0.475238 0.113012
0.477638 0.482426 0.102756
0.399703 0.557128 0.036670
0.397434 0.570966 0.030887
0.394031 0.563097 0.033751
0.403161 0.564742 0.033639
0.406583 0.572489 0.030824
0.404171 0.586971 0.025828
0.400804 0.578953 0.028248
0.392676 0.542374 0.043337
0.396207 0.549666 0.039907
0.390576 0.555388 0.036833
0.398283 0.537149 0.046637
0.403901 0.532153 0.050022
0.407452 0.539029 0.046324
0.401827 0.544229 0.043070
0.385531 0.528335 0.050721
0.383514 0.540532 0.043585
0.379928 0.533389 0.047228
0.389115 0.535263 0.046944
0.387068 0.547863 0.040116
0.456581 0.682576 0.010777
0.454919 0.697178 0.010158
0.451001 0.689536 0.010408
0.460493 0.690241 0.010451
0.464479 0.697752 0.010195
0.463150 0.711501 0.009756
0.458963 0.704512 0.009946
0.448980 0.666922 0.011790
0.452742 0.674803 0.011216
0.447156 0.681735 0.010730
0.454565 0.660099 0.012543
0.460146 0.653364 0.013426
0.463876 0.661181 0.012576
0.458313 0.667953 0.011832
0.441655 0.650923 0.013363
0.439679 0.665828 0.011742
0.436030 0.657780 0.012456
0.445287 0.658954 0.012504
0.443381 0.673832 0.011167
0.341862 0.459507 0.106145
0.339828 0.467496 0.096500
0.336193 0.462471 0.101578
0.345498 0.464407 0.101008
0.349136 0.469441 0.095925
0.347108 0.477990 0.086527
0.343466 0.472670 0.091477
0.334584 0.450085 0.116538
0.338225 0.454737 0.111325
0.332559 0.457583 0.106700
0.340242 0.447457 0.121299
0.345898 0.444933 0.126151
0.349544 0.449369 0.120814
0.343886 0.452001 0.116025
0.327287 0.441091 0.127040
0.325282 0.448172 0.117045
0.321633 0.443627 0.122253
0.330939 0.445540 0.121779
0.328923 0.452821 0.111858
0.504603 0.442297 0.188115
0.503142 0.446762 0.175487
0.499294 0.443680 0.182048
0.508470 0.445316 0.181442
0.512346 0.448377 0.174861
0.510844 0.453127 0.162601
0.506994 0.449904 0.169006
0.496929 0.436372 0.201723
0.500753 0.439314 0.194877
0.495457 0.440645 0.188690
0.502174 0.435078 0.208152
0.507372 0.433751 0.214718
0.511204 0.436600 0.207592
0.506004 0.437972 0.201170
0.489386 0.430627 0.215673
0.487852 0.434701 0.202208
0.484093 0.431806 0.209095
0.493137 0.433474 0.208652
0.491641 0.437649 0.195409
0.474684 0.419617 0.244601
0.473031 0.423437 0.230354
0.469397 0.420711 0.237586
0.478325 0.422377 0.237300
0.481989 0.425092 0.230033
0.480372 0.428968 0.216076
0.476687 0.426182 0.223172
0.467444 0.413827 0.259293
0.471056 0.416775 0.251931
0.465783 0.417936 0.244849
0.472640 0.412324 0.266592
0.477762 0.410525 0.274066
0.481404 0.413743 0.266514
0.476267 0.415395 0.259145
0.460268 0.407600 0.274107
0.458600 0.412119 0.259457
0.455033 0.409057 0.266802
0.463847 0.410766 0.266685
0.462184 0.415078 0.252138
0.513706 0.399907 0.306663
0.513077 0.408080 0.289822
0.509271 0.403933 0.298135
0.517585 0.404417 0.298171
0.521438 0.408671 0.289770
0.520679 0.415691 0.273510
0.516873 0.411995 0.281602
0.505802 0.390499 0.323657
0.509793 0.395244 0.315173
0.505431 0.399565 0.306482
0.509842 0.385365 0.332809
0.513659 0.379565 0.342170
0.518026 0.385160 0.333332
0.513993 0.390463 0.324129
0.497443 0.380725 0.340219
0.497591 0.390572 0.322969
0.493555 0.386032 0.331029
0.501691 0.385666 0.332036
0.501548 0.395083 0.314775
0.578718 0.403120 0.307271
0.579061 0.412402 0.289834
0.574834 0.407718 0.298540
0.582907 0.408180 0.298383
0.587229 0.412815 0.289651
0.587796 0.420649 0.272942
0.583384 0.416697 0.281300
0.570803 0.392074 0.325404
0.574696 0.397729 0.316280
0.570713 0.402629 0.307382
0.575014 0.386512 0.334592
0.579412 0.380438 0.343854
0.582978 0.386933 0.334492
0.578769 0.392524 0.325317
0.563138 0.379655 0.343839
0.562797 0.391613 0.325384
0.558899 0.385680 0.334533
0.566973 0.386082 0.334609
0.566715 0.397242 0.316329
0.546422 0.351357 0.375396
0.546612 0.365580 0.361167
0.542111 0.358442 0.368713
0.550932 0.358495 0.368820
0.555198 0.365708 0.361282
0.554950 0.379343 0.343738
0.550878 0.372605 0.352728
0.536801 0.337468 0.385861
0.541696 0.344328 0.381061
0.537389 0.351384 0.375289
0.541313 0.330704 0.389933
0.545974 0.324209 0.393219
0.550848 0.330698 0.389973
0.546193 0.337419 0.385928
0.526725 0.324477 0.393116
0.527440 0.337698 0.385716
0.522323 0.331173 0.389713
0.531794 0.330836 0.389858
0.532481 0.344454 0.380934
0.416141 0.474456 0.101610
0.414129 0.482534 0.091902
0.410495 0.477491 0.097000
0.419780 0.479348 0.096411
0.423418 0.484385 0.091315
0.421386 0.493065 0.082048
0.417760 0.487724 0.086913
0.408862 0.465078 0.112276
0.412501 0.469702 0.106901
0.406859 0.472594 0.102194
0.414499 0.462453 0.117177
0.420131 0.459961 0.122177
0.423777 0.464324 0.116606
0.418141 0.466947 0.111705
0.401586 0.456204 0.123250
0.399585 0.463217 0.112835
0.395948 0.458719 0.118265
0.405223 0.460581 0.117728
0.403222 0.467839 0.107476
0.387051 0.439730 0.145928
0.385047 0.445892 0.134924
0.381414 0.441810 0.140584
0.390684 0.443712 0.140179
0.394317 0.447778 0.134479
0.392313 0.454338 0.123760
0.388679 0.450065 0.129314
0.379789 0.431999 0.157556
0.383420 0.435825 0.151721
0.377781 0.437807 0.146288
0.385424 0.430247 0.163189
0.391048 0.428625 0.168922
0.394676 0.432241 0.162909
0.389053 0.433969 0.157263
0.372542 0.424558 0.169356
0.370515 0.430022 0.157819
0.366887 0.426234 0.163647
0.376161 0.428246 0.163433
0.374147 0.433878 0.152033
0.431585 0.427540 0.192107
0.429771 0.431954 0.179689
0.426111 0.428671 0.186046
0.435247 0.430741 0.185646
0.438919 0.433980 0.179233
0.437104 0.438681 0.167101
0.433437 0.435286 0.173374
0.424325 0.421238 0.205202
0.427942 0.424370 0.198618
0.422464 0.425431 0.192458
0.429792 0.420322 0.211566
0.435243 0.419474 0.218042
0.438837 0.422460 0.211210
0.433399 0.423387 0.204867
0.417194 0.415086 0.218639
0.415242 0.419073 0.205494
0.411679 0.415947 0.212137
0.420740 0.418146 0.211873
0.418839 0.422233 0.198937
0.532845 0.687421 0.010977
0.531894 0.700702 0.010340
0.527533 0.693889 0.010622
0.537175 0.694266 0.010640
0.541579 0.700998 0.010356
0.540865 0.713650 0.009868
0.536342 0.707292 0.010091
0.524445 0.673460 0.011980
0.528599 0.680491 0.011417
0.523244 0.686965 0.010960
0.529879 0.667016 0.012679
0.535347 0.660626 0.013497
0.539398 0.667655 0.012688
0.533981 0.674051 0.011993
0.516396 0.659131 0.013491
0.514924 0.672832 0.011967
0.510894 0.665619 0.012662
0.520378 0.666338 0.012670
0.519040 0.679950 0.011401
0.501204 0.629725 0.018146
0.499280 0.643524 0.015552
0.495549 0.636049 0.016794
0.504900 0.637135 0.016769
0.508662 0.644514 0.015537
0.506948 0.658324 0.013489
0.503077 0.650955 0.014451
0.493958 0.614906 0.021346
0.497558 0.622312 0.019670
0.491879 0.628556 0.018182
0.499694 0.608839 0.023089
0.505465 0.602859 0.024950
0.509017 0.610121 0.023001
0.503271 0.616167 0.021277
0.486881 0.600106 0.025169
0.484678 0.613589 0.021412
0.481139 0.606121 0.023263
0.490401 0.607506 0.023176
0.488257 0.621068 0.019720
0.547509 0.582894 0.033384
0.545177 0.595210 0.028641
0.541648 0.588320 0.030997
0.551031 0.589670 0.030860
0.554571 0.596501 0.028527
0.552305 0.609090 0.024484
0.548725 0.602148 0.026479
0.540508 0.569544 0.039007
0.544002 0.576182 0.036101
0.538136 0.581491 0.033547
0.546388 0.564500 0.041868
0.552274 0.559597 0.044870
0.555767 0.565987 0.041650
0.549879 0.571015 0.038803
0.533542 0.556527 0.045379
0.531153 0.568050 0.039227
0.527675 0.561456 0.042353
0.537025 0.562990 0.042102
0.534638 0.574731 0.036292
0.716072 0.525294 0.089470
0.714323 0.533772 0.080657
0.710495 0.528751 0.084990
0.719938 0.530237 0.085034
0.723783 0.535246 0.080728
0.721917 0.544011 0.072357
0.718130 0.538860 0.076450
0.708285 0.515631 0.098760
0.712188 0.520423 0.094043
0.706649 0.523803 0.089458
0.713739 0.512404 0.103533
0.719149 0.509247 0.108373
0.723132 0.513913 0.103428
0.717682 0.517127 0.098704
0.700421 0.506303 0.108664
0.698899 0.514155 0.098827
0.694994 0.509466 0.103745
0.704362 0.510924 0.103630
0.702784 0.518936 0.094067
0.684452 0.488706 0.130552
0.683162 0.495964 0.119515
0.679177 0.491656 0.125121
0.688478 0.492967 0.124814
0.692480 0.497324 0.119251
0.691071 0.504870 0.108829
0.687127 0.500370 0.114085
0.676302 0.480494 0.142516
0.680396 0.484545 0.136455
0.675168 0.487450 0.130897
0.681407 0.477649 0.148313
0.686435 0.474810 0.154224
0.690642 0.478783 0.147885
0.685556 0.481658 0.142115
0.667994 0.472732 0.155080
0.667050 0.479366 0.142904
0.662935 0.475494 0.149110
0.672169 0.476557 0.148729
0.671127 0.483352 0.136828
0.606926 0.628060 0.020739
0.610712 0.634715 0.019215
0.605071 0.640328 0.017846
0.612676 0.622566 0.022352
0.618470 0.617142 0.024084
0.622152 0.623758 0.022309
0.616407 0.629195 0.020703
0.595572 0.639340 0.017867
0.601223 0.633649 0.019244
0.599485 0.646039 0.016594
0.597449 0.626969 0.020774
0.599531 0.614758 0.024180
0.605365 0.609297 0.026042
0.603202 0.621411 0.022393
0.588468 0.657758 0.014435
0.589973 0.645136 0.016608
0.593952 0.651849 0.015457
0.490663 0.454855 0.151866
0.494434 0.458423 0.145713
0.488890 0.460365 0.140214
0.496147 0.453126 0.157515
0.501593 0.451480 0.163228
0.505416 0.454813 0.156907
0.499944 0.456575 0.151279
0.479596 0.458594 0.140774
0.485145 0.456675 0.146284
0.483325 0.462398 0.134795
0.481393 0.453086 0.152418
0.483109 0.448015 0.164359
0.488544 0.446514 0.170175
0.486887 0.451386 0.158081
0.472154 0.466791 0.124259
0.474029 0.460614 0.135357
0.477746 0.464536 0.129473
0.571198 0.426277 0.257272
0.575484 0.429530 0.249410
0.571094 0.431938 0.241817
0.575388 0.423404 0.265123
0.579444 0.420219 0.273126
0.583822 0.423914 0.264952
0.579723 0.426868 0.257115
0.562374 0.431180 0.241971
0.566858 0.428859 0.249559
0.566556 0.434134 0.234319
0.562653 0.425594 0.257377
0.562759 0.419052 0.273332
0.566896 0.415658 0.281555
0.566952 0.422794 0.265237
0.557114 0.438077 0.219650
0.557754 0.433283 0.234494
0.561891 0.436152 0.226918
0.400809 0.498573 0.074319
0.404419 0.504363 0.069796
0.398782 0.508399 0.065899
0.406453 0.494824 0.078416
0.412104 0.491205 0.082613
0.415723 0.496703 0.077864
0.410066 0.500469 0.073784
0.389541 0.506491 0.066380
0.395172 0.502456 0.070310
0.393155 0.512604 0.062081
0.391549 0.496685 0.074849
0.393561 0.487459 0.083747
0.399204 0.483990 0.088070
0.397188 0.492939 0.078970
0.381926 0.521605 0.054656
0.383918 0.510694 0.062524
0.387537 0.517000 0.058335
0.520738 0.725420 0.009481
0.525385 0.731254 0.009339
0.520270 0.736835 0.009217
0.525918 0.719517 0.009654
0.531120 0.713471 0.009857
0.535685 0.719657 0.009663
0.530525 0.725528 0.009488
0.510451 0.736788 0.009213
0.515581 0.731177 0.009334
0.515182 0.742277 0.009119
0.510956 0.725295 0.009473
0.511654 0.713043 0.009835
0.516928 0.706775 0.010064
0.516157 0.719356 0.009645
0.505086 0.752797 0.008989
0.505349 0.742264 0.009116
0.510119 0.747591 0.009043
0.457026 0.609326 0.021601
0.460549 0.616994 0.019854
0.454912 0.623287 0.018292
0.462706 0.603204 0.023433
0.468419 0.597161 0.025389
0.471907 0.604686 0.023348
0.466213 0.610795 0.021540
0.445752 0.621831 0.018311
0.451376 0.615530 0.019894
0.449294 0.629691 0.016856
0.447868 0.607808 0.021661
0.450068 0.594046 0.025610
0.455781 0.588040 0.027745
0.453533 0.601679 0.023518
0.438066 0.642883 0.014368
0.440138 0.628264 0.016854
0.443682 0.636216 0.015549
0.549919 0.526751 0.066831
0.553474 0.532434 0.062721
0.547632 0.536656 0.059076
0.555724 0.522798 0.070702
0.561510 0.518977 0.074697
0.565116 0.524382 0.070340
0.559304 0.528345 0.066476
0.538261 0.535053 0.059416
0.544097 0.530834 0.063069
0.541779 0.541018 0.055544
0.540543 0.525139 0.067207
0.542742 0.515774 0.075498
0.548498 0.512117 0.079635
0.546341 0.521194 0.071086
0.530058 0.550167 0.048830
0.532417 0.539413 0.055875
0.535919 0.545520 0.052127
0.700920 0.550327 0.064204
0.704610 0.555750 0.060416
0.698774 0.559901 0.056693
0.706696 0.546401 0.068174
0.712434 0.542578 0.072260
0.716185 0.547812 0.068266
0.710414 0.551722 0.064277
0.689271 0.558539 0.056657
0.695112 0.554370 0.060363
0.692908 0.564182 0.053113
0.691436 0.548923 0.064160
0.693499 0.539697 0.072135
0.699209 0.535948 0.076312
0.697219 0.544978 0.068112
0.681099 0.573120 0.046393
0.683399 0.562836 0.053091
0.687014 0.568590 0.049678
0.639316 0.476112 0.143826
0.643335 0.479917 0.137766
0.638038 0.482672 0.132118
0.644486 0.473440 0.149711
0.649578 0.470769 0.155731
0.653709 0.474456 0.149430
0.648559 0.477181 0.143538
0.628746 0.481501 0.132447
0.634067 0.478796 0.138074
0.632675 0.485450 0.126592
0.630063 0.475049 0.144151
0.631166 0.468879 0.156305
0.636226 0.466320 0.162411
0.635259 0.472433 0.150006
0.621789 0.491121 0.115937
0.623363 0.484234 0.126941
0.627256 0.488264 0.121198
0.678373 0.454353 0.194504
0.682928 0.457921 0.187261
0.678275 0.460749 0.180631
0.682849 0.451443 0.201447
0.687216 0.448455 0.208542
0.691930 0.452072 0.200969
0.687481 0.455033 0.194039
0.669124 0.459970 0.181064
0.673796 0.457192 0.187712
0.673528 0.463533 0.174145
0.669263 0.453701 0.194927
0.669089 0.447387 0.209397
0.673399 0.444435 0.216668
0.673760 0.450843 0.201887
0.663778 0.469015 0.161558
0.664364 0.462703 0.174546
0.668695 0.466284 0.167791
0.640039 0.427655 0.255949
0.644994 0.430891 0.248101
0.641055 0.433998 0.240314
0.643738 0.424331 0.263917
0.647296 0.420874 0.271964
0.652466 0.424366 0.263923
0.648800 0.427686 0.255971
0.632232 0.433935 0.240334
0.636201 0.430852 0.248080
0.636989 0.436998 0.232626
0.631314 0.427679 0.255933
0.630054 0.420880 0.271928
0.633570 0.417197 0.280070
0.635049 0.424340 0.263872
0.628501 0.442676 0.217567
0.628139 0.436894 0.232711
0.632800 0.439887 0.225039
0.595747 0.498669 0.101339
0.599507 0.503215 0.096198
0.593845 0.506461 0.091572
0.601350 0.495648 0.106212
0.606915 0.492703 0.111201
0.610727 0.497009 0.105813
0.605136 0.500066 0.100943
0.584443 0.504990 0.091955
0.590111 0.501780 0.096585
0.588151 0.509812 0.087068
0.586355 0.497244 0.101748
0.588166 0.489998 0.112051
0.593720 0.487215 0.117172
0.591967 0.494265 0.106625
0.576680 0.516851 0.078445
0.578746 0.508306 0.087451
0.582429 0.513273 0.082692
0.564991 0.467010 0.147246
0.568906 0.470536 0.141114
0.563444 0.472825 0.135568
0.570360 0.464878 0.152981
0.575672 0.462783 0.158824
0.579669 0.466106 0.152511
0.574316 0.468301 0.146760
0.554105 0.471429 0.136079
0.559572 0.469190 0.141614
0.557947 0.475168 0.130124
0.555679 0.465677 0.147748
0.557103 0.460308 0.159771
0.562385 0.458373 0.165684
0.561055 0.463602 0.153466
0.546866 0.480067 0.119589
0.548603 0.473726 0.130648
0.552419 0.477579 0.124797
0.605869 0.449964 0.196672
0.610170 0.452913 0.189630
0.605312 0.455221 0.183092
0.610559 0.447576 0.203528
0.615134 0.445069 0.210561
0.619563 0.447984 0.203211
0.614923 0.450500 0.196332
0.596171 0.454438 0.183461
0.601071 0.452246 0.189986
0.600355 0.457449 0.176708
0.596804 0.449307 0.197003
0.597194 0.444154 0.211155
0.601756 0.441804 0.218348
0.601541 0.447047 0.203844
0.590171 0.461783 0.164359
0.591176 0.456562 0.177091
0.595306 0.459628 0.170467
0.653786 0.586096 0.037501
0.657371 0.592358 0.034821
0.651450 0.597414 0.032333
0.659719 0.581225 0.040307
0.665652 0.576458 0.043272
0.669238 0.582525 0.040289
0.663303 0.587392 0.037474
0.641946 0.596108 0.032377
0.647860 0.591060 0.034856
0.645541 0.602552 0.030013
0.644282 0.584771 0.037547
0.646640 0.573789 0.043352
0.652569 0.569120 0.046458
0.650209 0.579905 0.040345
0.633785 0.613043 0.025884
0.636050 0.601239 0.030065
0.639653 0.607759 0.027864
0.625218 0.538920 0.064622
0.628812 0.544494 0.060721
0.622947 0.548721 0.057099
0.631037 0.534921 0.068480
0.636826 0.531033 0.072472
0.640470 0.536387 0.068334
0.634654 0.540384 0.064466
0.613507 0.547268 0.057265
0.619375 0.543033 0.060884
0.617062 0.553073 0.053601
0.615788 0.537449 0.064806
0.617980 0.528082 0.072846
0.623744 0.524314 0.076962
0.621609 0.533447 0.068659
0.605254 0.562142 0.046995
0.607623 0.551627 0.053769
0.611163 0.557548 0.050231
0.670765 0.509834 0.099192
0.674604 0.514561 0.094306
0.669020 0.517953 0.089677
0.676267 0.506614 0.104051
0.681721 0.503463 0.109016
0.685630 0.508029 0.103886
0.680142 0.511256 0.099044
0.659618 0.516523 0.089801
0.665215 0.513135 0.094442
0.663391 0.521439 0.085161
0.661389 0.508433 0.099362
0.663025 0.500722 0.109449
0.668460 0.497656 0.114568
0.666905 0.505221 0.104240
0.652004 0.528707 0.076483
0.653979 0.520004 0.085275
0.657718 0.525022 0.080761
0.503177 0.563397 0.039982
0.506640 0.570223 0.036952
0.500808 0.575613 0.034328
0.509017 0.558303 0.042906
0.514863 0.553361 0.045960
0.518338 0.559898 0.042621
0.512485 0.564986 0.039716
0.491527 0.574055 0.034543
0.497346 0.568650 0.037193
0.494989 0.581157 0.031847
0.493888 0.561778 0.040252
0.496242 0.550059 0.046596
0.502066 0.545260 0.049816
0.499712 0.556672 0.043200
0.483398 0.592701 0.027330
0.485725 0.579613 0.032037
0.489185 0.586854 0.029514
0.475119 0.513218 0.070284
0.478687 0.518989 0.065970
0.472928 0.523152 0.062214
0.480857 0.509353 0.074263
0.486586 0.505639 0.078354
0.490192 0.511102 0.073789
0.484443 0.514974 0.069829
0.463630 0.521381 0.062635
0.469376 0.517225 0.066408
0.467169 0.527471 0.058561
0.465804 0.511449 0.070742
0.467920 0.502121 0.079338
0.473622 0.498577 0.083580
0.471529 0.507594 0.074737
0.455671 0.536587 0.051583
0.457888 0.525691 0.058968
0.461416 0.531949 0.055016
0.520707 0.486456 0.105233
0.524427 0.490964 0.099919
0.518763 0.493968 0.095288
0.526334 0.483721 0.110085
0.531938 0.481088 0.115050
0.535692 0.485311 0.109522
0.530071 0.488081 0.104663
0.509396 0.492285 0.095853
0.515061 0.489306 0.100491
0.513079 0.497106 0.090765
0.511343 0.484792 0.105822
0.513229 0.477847 0.116240
0.518824 0.475384 0.121306
0.516974 0.482087 0.110675
0.501661 0.503804 0.082051
0.503713 0.495403 0.091317
0.507377 0.500383 0.086353
0.429327 0.549680 0.042252
0.432818 0.556783 0.038986
0.427134 0.562294 0.036121
0.435011 0.544535 0.045382
0.440711 0.539570 0.048619
0.444215 0.546339 0.045059
0.438509 0.551470 0.041965
0.417983 0.560578 0.036316
0.423653 0.555020 0.039229
0.421447 0.568028 0.033372
0.420152 0.547880 0.042530
0.422288 0.535907 0.049320
0.427960 0.531115 0.052725
0.425816 0.542719 0.045699
0.409985 0.580337 0.028229
0.412300 0.566384 0.033513
0.415738 0.574026 0.030741
0.486493 0.670665 0.011922
0.490473 0.678081 0.011350
0.485014 0.684761 0.010882
0.491999 0.664035 0.012643
0.497525 0.657462 0.013486
0.501433 0.664859 0.012654
0.495944 0.671445 0.011941
0.475511 0.684086 0.010853
0.481000 0.677350 0.011325
0.479548 0.691504 0.010521
0.477070 0.669823 0.011898
0.478771 0.655544 0.013466
0.484339 0.648966 0.014453
0.482594 0.663148 0.012626
0.468589 0.704966 0.009975
0.470009 0.690897 0.010489
0.474060 0.698284 0.010227
0.371755 0.457662 0.114454
0.375388 0.462294 0.109146
0.369741 0.465195 0.104464
0.377398 0.455009 0.119305
0.383039 0.452476 0.124258
0.386673 0.456864 0.118789
0.381031 0.459517 0.113920
0.360458 0.463321 0.105028
0.366109 0.460434 0.109697
0.364092 0.468217 0.099869
0.362476 0.455793 0.114986
0.364488 0.448733 0.125228
0.370132 0.446312 0.130235
0.368123 0.453145 0.119817
0.352776 0.474617 0.090906
0.354800 0.466323 0.100440
0.358437 0.471358 0.095351
0.533202 0.442215 0.199520
0.537179 0.445117 0.192631
0.532027 0.446745 0.186347
0.538268 0.440567 0.206103
0.543266 0.438855 0.212892
0.547293 0.441717 0.205734
0.542269 0.443443 0.199088
0.522888 0.445355 0.186898
0.528074 0.443807 0.193126
0.526816 0.448336 0.180222
0.524138 0.440899 0.200020
0.525323 0.436498 0.213678
0.530353 0.434900 0.220539
0.529247 0.439342 0.206533
0.516222 0.451499 0.168372
0.517644 0.446871 0.180817
0.521548 0.449912 0.174237
0.502497 0.419415 0.258588
0.506227 0.422451 0.250953
0.501210 0.424062 0.243771
0.507395 0.417325 0.266043
0.512190 0.414867 0.273702
0.515964 0.418308 0.265776
0.511146 0.420550 0.258272
0.492407 0.422666 0.244095
0.497499 0.421177 0.251283
0.496105 0.425444 0.236685
0.493805 0.418173 0.258831
0.495097 0.412902 0.274029
0.499958 0.410378 0.281835
0.498790 0.416231 0.266279
0.485673 0.427834 0.222810
0.487232 0.423948 0.237012
0.490923 0.426671 0.229692
0.538560 0.390676 0.324960
0.542559 0.396029 0.316014
0.538382 0.400834 0.307059
0.542651 0.385159 0.334239
0.546727 0.379131 0.343593
0.550798 0.385371 0.334409
0.546686 0.390899 0.325145
0.530190 0.400518 0.306914
0.534416 0.395775 0.315834
0.534133 0.405263 0.298295
0.530394 0.390539 0.324729
0.530184 0.379058 0.343117
0.534071 0.372508 0.352348
0.534463 0.385053 0.334013
0.525285 0.412668 0.281502
0.525875 0.404851 0.298213
0.529771 0.409203 0.289766
0.602309 0.393721 0.324597
0.606383 0.399226 0.315329
0.602744 0.404159 0.306587
0.606202 0.388329 0.333598
0.610147 0.382699 0.342571
0.613754 0.388947 0.332961
0.610057 0.394144 0.324138
0.594726 0.403883 0.306866
0.598485 0.398907 0.315676
0.599111 0.408820 0.297937
0.594521 0.393325 0.324928
0.595126 0.381329 0.343548
0.599584 0.374935 0.352546
0.598565 0.387798 0.334038
0.591659 0.417058 0.281099
0.590997 0.408547 0.298179
0.595425 0.413120 0.289432
0.574388 0.337570 0.386102
0.578553 0.344646 0.381347
0.573514 0.351701 0.375632
0.579384 0.330833 0.390146
0.584294 0.324376 0.393437
0.588426 0.331085 0.390258
0.583563 0.337739 0.386199
0.564484 0.351542 0.375543
0.569392 0.344499 0.381252
0.568551 0.358816 0.368990
0.564994 0.337495 0.386021
0.565278 0.324223 0.393274
0.570219 0.317996 0.395830
0.569939 0.330750 0.390055
0.559238 0.372821 0.352841
0.559738 0.358627 0.368906
0.563765 0.365921 0.361373
0.446012 0.472475 0.109890
0.449678 0.477055 0.104493
0.444033 0.479960 0.099807
0.451638 0.469850 0.114774
0.457253 0.467357 0.119758
0.460938 0.471666 0.114163
0.455314 0.474293 0.109276
0.434729 0.478139 0.100414
0.440375 0.475236 0.105104
0.438378 0.483013 0.095219
0.436716 0.470645 0.110507
0.438682 0.463687 0.120996
0.444294 0.461326 0.126077
0.442346 0.468021 0.115393
0.427051 0.489569 0.086337
0.429075 0.481188 0.095817
0.432716 0.486217 0.090728
0.416791 0.439867 0.156189
0.420435 0.443607 0.150184
0.414830 0.445502 0.144697
0.422369 0.438214 0.161848
0.427918 0.436692 0.167579
0.431577 0.440201 0.161397
0.426019 0.441841 0.155755
0.405576 0.443573 0.145135
0.411193 0.441654 0.150616
0.409212 0.447522 0.139304
0.407554 0.437898 0.156582
0.409507 0.432659 0.168336
0.415072 0.431216 0.174160
0.413148 0.436219 0.162241
0.397950 0.451939 0.128834
0.399950 0.445615 0.139754
0.403584 0.449667 0.134016
0.460605 0.429372 0.203566
0.464311 0.432343 0.196843
0.458918 0.433503 0.190697
0.465984 0.428306 0.209940
0.471348 0.427246 0.216468
0.475040 0.430088 0.209516
0.469685 0.431209 0.203111
0.449801 0.431584 0.191196
0.455211 0.430460 0.197324
0.453503 0.434700 0.184660
0.451530 0.427461 0.204022
0.453290 0.423558 0.217275
0.458686 0.422627 0.223906
0.456930 0.426445 0.210372
0.442599 0.437271 0.172871
0.444372 0.432753 0.185169
0.448065 0.435951 0.178721
0.562694 0.675599 0.012034
0.566995 0.682302 0.011481
0.561732 0.688598 0.011028
0.568060 0.669342 0.012719
0.573470 0.663147 0.013519
0.577644 0.669864 0.012730
0.572298 0.676047 0.012048
0.552089 0.688238 0.011011
0.557373 0.681901 0.011464
0.556498 0.694933 0.010673
0.553107 0.675121 0.012020
0.554373 0.661962 0.013506
0.559854 0.655731 0.014432
0.558488 0.668819 0.012708
0.546063 0.707516 0.010104
0.546830 0.694614 0.010656
0.551274 0.701269 0.010371
0.531355 0.619685 0.021084
0.535025 0.626802 0.019474
0.529334 0.632920 0.018038
0.537113 0.613743 0.022766
0.542903 0.607900 0.024564
0.546510 0.614893 0.022698
0.540750 0.620794 0.021028
0.519937 0.631893 0.018072
0.525630 0.625733 0.019519
0.523682 0.639141 0.016721
0.521976 0.618545 0.021144
0.524151 0.605436 0.024743
0.529963 0.599609 0.026686
0.527731 0.612563 0.022839
0.512492 0.651852 0.014445
0.514281 0.638157 0.016744
0.518068 0.645454 0.015523
0.578087 0.575281 0.038275
0.581618 0.581735 0.035474
0.575727 0.586950 0.032967
0.583994 0.570301 0.041091
0.589905 0.565447 0.044054
0.593427 0.571693 0.040941
0.587518 0.576651 0.038133
0.566304 0.585624 0.033095
0.572191 0.580388 0.035609
0.569848 0.592292 0.030617
0.568667 0.573886 0.038436
0.571062 0.562576 0.044425
0.576964 0.557829 0.047541
0.574569 0.568892 0.041259
0.558131 0.603376 0.026387
0.560431 0.590994 0.030733
0.563982 0.597766 0.028423
0.745955 0.521753 0.098510
0.749921 0.526545 0.093980
0.744403 0.529850 0.089542
0.751398 0.518589 0.103065
0.756804 0.515491 0.107647
0.760841 0.520180 0.102946
0.755399 0.523325 0.098451
0.734952 0.528321 0.089508
0.740473 0.524995 0.093987
0.738845 0.533243 0.085148
0.736520 0.520194 0.098574
0.737950 0.512323 0.108026
0.743318 0.509255 0.112779
0.741964 0.517012 0.103188
0.727602 0.540318 0.076543
0.729388 0.531736 0.085084
0.733245 0.536730 0.080811
0.713331 0.485414 0.140855
0.717503 0.489732 0.134902
0.712321 0.492701 0.129529
0.718391 0.482480 0.146477
0.723393 0.479554 0.152182
0.727704 0.483847 0.145876
0.722631 0.486783 0.140351
0.703025 0.491329 0.129872
0.708209 0.488362 0.135319
0.707086 0.495694 0.124227
0.704063 0.484112 0.141293
0.704876 0.477059 0.153297
0.709797 0.474154 0.159262
0.709123 0.481187 0.146990
0.696461 0.501770 0.113869
0.697780 0.494314 0.124515
0.701800 0.498714 0.119003
0.696250 0.469111 0.166411
0.700587 0.473034 0.159772
0.695654 0.475911 0.153769
0.701029 0.466232 0.172700
0.705717 0.463316 0.179124
0.710203 0.467229 0.172150
0.705437 0.470143 0.165900
0.729844 0.503111 0.118214
0.733909 0.507689 0.113032
0.728540 0.510770 0.108205
0.735133 0.500113 0.123203
0.740382 0.497145 0.128232
0.744531 0.501671 0.122797
0.739239 0.504660 0.117897
0.564047 0.550203 0.051272
0.567556 0.556342 0.047765
0.561660 0.561098 0.044639
0.569932 0.545707 0.054662
0.575808 0.541344 0.058169
0.579342 0.547224 0.054404
0.573451 0.551718 0.051021
0.517092 0.591182 0.029039
0.520607 0.598301 0.026802
0.514798 0.604165 0.024843
0.522929 0.585548 0.031305
0.528779 0.580065 0.033723
0.532281 0.586946 0.031145
0.526438 0.592550 0.028896
0.546401 0.648043 0.015489
0.550345 0.655035 0.014432
0.544851 0.661314 0.013501
0.551992 0.641870 0.016662
0.557629 0.635786 0.017952
0.561467 0.642702 0.016646
0.555882 0.648827 0.015481
0.446105 0.417865 0.231354
0.449681 0.420704 0.224277
0.444263 0.421573 0.217671
0.451505 0.417042 0.238181
0.456868 0.416130 0.245107
0.460454 0.418935 0.237881
0.455084 0.419833 0.231022
0.402238 0.425753 0.180667
0.405869 0.429175 0.174476
0.400283 0.430645 0.168648
0.407796 0.424484 0.186671
0.413330 0.423313 0.192762
0.416961 0.426579 0.186383
0.411429 0.427823 0.180388
0.431371 0.455360 0.132465
0.435024 0.459469 0.126689
0.429405 0.461831 0.121601
0.436973 0.453249 0.137748
0.442558 0.451256 0.143122
0.446223 0.455125 0.137149
0.440631 0.457236 0.131870
0.555589 0.312100 0.397654
0.560476 0.318003 0.395797
0.555621 0.324212 0.393248
0.560470 0.306515 0.398889
0.565369 0.301235 0.399541
0.570297 0.306494 0.398913
0.565385 0.312091 0.397669
0.588927 0.366929 0.361460
0.591951 0.374315 0.352816
0.587360 0.380853 0.343753
0.593873 0.359903 0.369072
0.598687 0.353029 0.375703
0.601489 0.360709 0.368872
0.596718 0.367524 0.361306
0.520854 0.366086 0.360299
0.525661 0.372696 0.351991
0.521899 0.379235 0.342719
0.524506 0.358835 0.368211
0.528379 0.351597 0.375076
0.533293 0.358535 0.368531
0.529409 0.365716 0.360734
0.487713 0.405816 0.289647
0.491409 0.409428 0.281828
0.486457 0.411771 0.274070
0.492489 0.402773 0.297786
0.497101 0.399188 0.306161
0.500917 0.403386 0.298025
0.496236 0.406656 0.289807
0.517587 0.430913 0.228369
0.521437 0.433685 0.220964
0.516350 0.435177 0.214178
0.522576 0.429353 0.235436
0.527478 0.427603 0.242652
0.531376 0.430441 0.235103
0.526450 0.432116 0.227951
0.357209 0.440194 0.136169
0.360851 0.444419 0.130681
0.355200 0.446841 0.125697
0.362858 0.437982 0.141343
0.368503 0.435875 0.146629
0.372140 0.439902 0.140971
0.366498 0.442105 0.135771
0.471329 0.640156 0.015571
0.475018 0.647873 0.014446
0.469442 0.654488 0.013448
0.476946 0.633690 0.016831
0.482588 0.627327 0.018214
0.486230 0.634901 0.016814
0.480612 0.641344 0.015569
0.415180 0.522764 0.057058
0.418741 0.529252 0.053109
0.413089 0.534042 0.049670
0.420843 0.518342 0.060712
0.426519 0.514089 0.064454
0.430091 0.520208 0.060268
0.424409 0.524643 0.056641
0.505718 0.469739 0.127719
0.509476 0.473733 0.121923
0.503874 0.476167 0.116849
0.511287 0.467534 0.133001
0.516831 0.465419 0.138380
0.520616 0.469161 0.132374
0.515057 0.471400 0.127097
0.460654 0.491645 0.088998
0.464294 0.496807 0.084094
0.458601 0.500341 0.079849
0.466325 0.488422 0.093474
0.471986 0.485349 0.098061
0.475657 0.490192 0.092936
0.469980 0.493423 0.088458
0.489270 0.537205 0.053887
0.492762 0.543566 0.050161
0.486954 0.548369 0.046919
0.495072 0.532716 0.057375
0.500875 0.528383 0.060971
0.504394 0.534431 0.056986
0.498577 0.538920 0.053518
0.655212 0.492059 0.120339
0.659127 0.496335 0.114816
0.653680 0.499379 0.109667
0.660574 0.489127 0.125738
0.665881 0.486228 0.131239
0.669874 0.490378 0.125436
0.664527 0.493338 0.120075
0.610658 0.517722 0.081704
0.614330 0.522838 0.077195
0.608561 0.526600 0.073083
0.616366 0.514200 0.086077
0.622040 0.510785 0.090580
0.625768 0.515656 0.085817
0.620066 0.519190 0.081440
0.639523 0.561801 0.049850
0.643080 0.567753 0.046521
0.637159 0.572421 0.043426
0.645425 0.557349 0.053231
0.651313 0.553011 0.056753
0.654908 0.558737 0.053164
0.648998 0.563191 0.049770
0.588479 0.438412 0.226231
0.592837 0.441276 0.218621
0.588220 0.443506 0.211440
0.592917 0.436083 0.233676
0.597220 0.433568 0.241184
0.601713 0.436489 0.233426
0.597335 0.438944 0.225978
0.549153 0.454028 0.172629
0.553134 0.457120 0.166158
0.547840 0.458994 0.160271
0.554348 0.452253 0.178737
0.559481 0.450461 0.184993
0.563550 0.453433 0.178303
0.558372 0.455274 0.172163
0.580515 0.481842 0.123311
0.584349 0.485857 0.117615
0.578784 0.488588 0.112500
0.586024 0.479285 0.128664
0.591488 0.476775 0.134139
0.595374 0.480571 0.128216
0.589882 0.483188 0.122854
0.620202 0.413302 0.288632
0.625092 0.417220 0.280169
0.621529 0.420971 0.272054
0.623602 0.409099 0.296983
0.626896 0.404742 0.305397
0.631862 0.409246 0.296727
0.628537 0.413303 0.288407
0.659591 0.440651 0.224748
0.664364 0.443988 0.217022
0.660043 0.446891 0.209708
0.663718 0.437639 0.232303
0.667721 0.434530 0.239933
0.672694 0.437950 0.231982
0.668583 0.441014 0.224461
0.622872 0.462148 0.169260
0.627037 0.465449 0.162724
0.621948 0.467944 0.156661
0.627813 0.459684 0.175584
0.632660 0.457177 0.182080
0.636949 0.460408 0.175314
0.632039 0.462943 0.168937
0.686001 0.529368 0.080573
0.689760 0.534492 0.076286
0.684042 0.538255 0.072118
0.691642 0.525798 0.084966
0.697236 0.522323 0.089467
0.701065 0.527271 0.084964
0.695436 0.530832 0.080570
0.535479 0.505389 0.084809
0.539121 0.510505 0.080074
0.533370 0.514148 0.075932
0.541186 0.502039 0.089205
0.546872 0.498824 0.093722
0.550564 0.503634 0.088734
0.544852 0.507001 0.084342
0.443190 0.578838 0.030355
0.446625 0.586414 0.027886
0.440925 0.592456 0.025715
0.448904 0.573070 0.032831
0.454631 0.567471 0.035445
0.458077 0.574757 0.032627
0.452344 0.580507 0.030184
0.502911 0.699647 0.010293
0.507234 0.706476 0.010051
0.501932 0.712788 0.009824
0.508288 0.693048 0.010588
0.513659 0.686475 0.010943
0.517903 0.693484 0.010605
0.512560 0.700027 0.010309
0.386292 0.476960 0.093639
0.389927 0.482133 0.088640
0.384284 0.485599 0.084303
0.391936 0.473778 0.098161
0.397579 0.470739 0.102772
0.401215 0.475629 0.097584
0.395571 0.478809 0.093067
0.554551 0.410738 0.289963
0.558625 0.415036 0.281570
0.554388 0.418390 0.273345
0.558653 0.406631 0.298589
0.562683 0.402101 0.307389
0.566760 0.407188 0.298611
0.562744 0.411316 0.289997
0.475559 0.441552 0.177123
0.479332 0.444741 0.170704
0.473883 0.446222 0.164896
0.480954 0.440222 0.183112
0.486315 0.438927 0.189206
0.490121 0.441978 0.182599
0.484745 0.443334 0.176604
0.592304 0.601437 0.028169
0.595903 0.608094 0.026099
0.590068 0.613608 0.024231
0.598177 0.596085 0.030338
0.604060 0.590851 0.032665
0.607634 0.597358 0.030261
0.601761 0.602670 0.028100
0.687423 0.461561 0.180161
0.687066 0.468128 0.166897
0.682698 0.464391 0.173691
0.691863 0.465289 0.173210
0.691384 0.471967 0.160255
0.721644 0.494130 0.129145
0.720472 0.501602 0.118507
0.716407 0.497116 0.123926
0.725756 0.498591 0.123583
0.724517 0.506152 0.113269
0.557012 0.538240 0.058756
0.554659 0.548663 0.051539
0.551151 0.542601 0.055232
0.560534 0.544165 0.054938
0.558160 0.554832 0.048006
0.510111 0.577134 0.034115
0.507765 0.589781 0.029193
0.504280 0.582660 0.031660
0.513594 0.584123 0.031477
0.511267 0.596966 0.026928
0.538747 0.633912 0.018007
0.536939 0.647220 0.015499
0.533100 0.640090 0.016699
0.542537 0.641000 0.016679
0.540854 0.654298 0.014434
0.439026 0.412101 0.245636
0.437132 0.415759 0.231676
0.433613 0.412843 0.238764
0.442554 0.415014 0.238480
0.440681 0.418664 0.224637
0.395023 0.419032 0.193235
0.393034 0.423669 0.180904
0.389431 0.420248 0.187120
0.398620 0.422375 0.186917
0.396654 0.427130 0.174749
0.424078 0.447439 0.144225
0.422111 0.453469 0.133019
0.418470 0.449440 0.138829
0.427723 0.451354 0.138314
0.425756 0.457597 0.127273
0.545690 0.301255 0.399521
0.545802 0.312106 0.397639
0.540830 0.306534 0.398874
0.550649 0.306523 0.398879
0.550746 0.318002 0.395779
0.582372 0.351934 0.375713
0.580776 0.366516 0.361486
0.577311 0.359057 0.369068
0.585807 0.359387 0.369111
0.584051 0.373853 0.352932
0.510697 0.352875 0.374117
0.512431 0.366727 0.359629
0.507396 0.360358 0.366872
0.515819 0.359403 0.367703
0.517297 0.373083 0.351470
0.480266 0.398203 0.305199
0.479130 0.404857 0.289432
0.475460 0.401221 0.297107
0.483999 0.402069 0.297449
0.482794 0.408377 0.281743
0.509984 0.425356 0.243374
0.508716 0.429600 0.228842
0.504947 0.426855 0.236288
0.513768 0.428161 0.235845
0.512514 0.432368 0.221455
0.349901 0.431975 0.147229
0.347903 0.438269 0.136545
0.344244 0.434103 0.142009
0.353558 0.436049 0.141687
0.351554 0.442512 0.131106
0.464105 0.624691 0.018269
0.462079 0.638905 0.015568
0.458478 0.631083 0.016852
0.467695 0.632417 0.016843
0.465731 0.646715 0.014435
0.408018 0.510319 0.065409
0.405962 0.520855 0.057483
0.402379 0.514531 0.061621
0.411605 0.516451 0.061162
0.409533 0.527363 0.053496
0.498196 0.462093 0.139628
0.496382 0.468040 0.128325
0.492636 0.464149 0.134222
0.501958 0.465861 0.133624
0.500129 0.472045 0.122532
0.453343 0.481771 0.099206
0.451336 0.489846 0.089563
0.447688 0.484828 0.094623
0.457003 0.486633 0.094038
0.454975 0.495016 0.084634
0.482234 0.524911 0.061797
0.479974 0.535470 0.054259
0.476461 0.529235 0.058162
0.485761 0.530984 0.057767
0.483471 0.541850 0.050510
0.647321 0.483847 0.131826
0.645898 0.490791 0.120595
0.641980 0.486671 0.126287
0.651277 0.487895 0.126012
0.649798 0.495028 0.115054
0.603246 0.507905 0.091207
0.601248 0.516251 0.082006
0.597558 0.511286 0.086712
0.606964 0.512742 0.086375
0.604916 0.521359 0.077463
0.632392 0.550166 0.056956
0.630061 0.560393 0.049957
0.626507 0.554510 0.053455
0.635962 0.555938 0.053330
0.633609 0.566366 0.046612
0.579799 0.432601 0.241629
0.579626 0.437761 0.226472
0.575351 0.434891 0.234126
0.584132 0.435547 0.233909
0.583919 0.440629 0.218885
0.541168 0.448048 0.185857
0.539947 0.452728 0.173119
0.535988 0.449713 0.179680
0.545163 0.451013 0.179192
0.543899 0.455814 0.166653
0.572794 0.474185 0.135073
0.571144 0.480453 0.123789
0.567301 0.476577 0.129620
0.576664 0.477951 0.129133
0.574971 0.484457 0.118080
0.610779 0.404362 0.306250
0.611921 0.413358 0.288933
0.607253 0.408992 0.297661
0.615419 0.409052 0.297340
0.616693 0.417319 0.280396
0.649907 0.434118 0.240291
0.650632 0.440338 0.224913
0.645866 0.437151 0.232601
0.654774 0.437365 0.232511
0.655359 0.443580 0.217261
0.614439 0.455903 0.182710
0.613699 0.461360 0.169647
0.609522 0.458250 0.176315
0.618673 0.458969 0.175919
0.617840 0.464585 0.163095
0.678423 0.519397 0.089577
0.676571 0.527913 0.080606
0.672806 0.522881 0.085066
0.682221 0.524335 0.085000
0.680316 0.533040 0.076292
0.528130 0.495620 0.094738
0.526109 0.503752 0.085301
0.522446 0.498784 0.090221
0.531815 0.500428 0.089699
0.529752 0.508873 0.080537
0.436291 0.564015 0.035909
0.434044 0.577191 0.030509
0.430597 0.569687 0.033212
0.439747 0.571370 0.033031
0.437482 0.584797 0.028014
0.494540 0.685383 0.010906
0.493277 0.699231 0.010276
0.489108 0.692064 0.010548
0.498688 0.692578 0.010570
0.497553 0.706146 0.010037
0.379021 0.467049 0.103902
0.377011 0.475111 0.094208
0.373375 0.470084 0.099298
0.382656 0.471934 0.098731
0.380647 0.480281 0.089205
0.546527 0.401190 0.307201
0.546330 0.410208 0.289891
0.542349 0.405679 0.298403
0.550522 0.406127 0.298512
0.550337 0.414434 0.281540
0.468042 0.435362 0.190194
0.466383 0.439732 0.177650
0.462643 0.436592 0.184137
0.471794 0.438430 0.183619
0.470130 0.442937 0.171236
0.585164 0.588250 0.032856
0.582854 0.600217 0.028245
0.579282 0.593559 0.030513
0.588726 0.594820 0.030421
0.586446 0.606911 0.026161
0.737079 0.541776 0.076662
0.731401 0.545443 0.072476
0.742715 0.538214 0.080919
0.725679 0.549217 0.068375
0.719917 0.553101 0.064375
0.759375 0.528106 0.093984
0.753862 0.531385 0.089592
0.764852 0.524909 0.098401
0.748309 0.534753 0.085233
0.555792 0.707716 0.010117
0.550617 0.713808 0.009880
0.560979 0.701517 0.010386
0.545457 0.719780 0.009673
0.540315 0.725620 0.009495
0.576629 0.682700 0.011497
0.571388 0.688931 0.011046
0.581908 0.676534 0.012062
0.566178 0.695225 0.010690
0.345082 0.487090 0.077423
0.462131 0.724350 0.009422
0.401671 0.601847 0.021542
0.643270 0.614339 0.025835
0.637427 0.619653 0.023988
0.649150 0.609052 0.027822
0.631633 0.624988 0.022265
0.625891 0.630373 0.020665
0.666896 0.593624 0.034807
0.660968 0.598684 0.032310
0.672832 0.588660 0.037469
0.655051 0.603829 0.029980
0.690626 0.574420 0.046416
0.684702 0.579053 0.043276
0.696535 0.569907 0.049711
0.678768 0.583802 0.040293
0.714120 0.557112 0.060498
0.708288 0.561251 0.056757
0.702426 0.565517 0.053159
0.430340 0.664847 0.011680
0.514938 0.752743 0.008990
0.509940 0.757813 0.008954
0.519962 0.747575 0.009045
0.504974 0.762805 0.008938
0.500038 0.767734 0.008940
0.535192 0.731319 0.009345
0.530092 0.736876 0.009221
0.525016 0.742291 0.009121
0.374318 0.538708 0.043802
0.598016 0.658533 0.014434
0.592599 0.664443 0.013531
0.603483 0.652717 0.015449
0.587231 0.670446 0.012740
0.620203 0.635829 0.019185
0.614574 0.641369 0.017823
0.609001 0.646996 0.016579
0.326886 0.460546 0.102137
0.323254 0.455671 0.107245
0.330519 0.465554 0.097069
0.319617 0.450918 0.112384
0.315972 0.446277 0.117542
0.341433 0.481474 0.082209
0.337790 0.476009 0.087092
0.334152 0.470705 0.092051
0.441533 0.688778 0.010359
0.437758 0.680840 0.010676
0.445378 0.696563 0.010115
0.434035 0.672846 0.011110
0.457748 0.717886 0.009566
0.453483 0.711122 0.009730
0.449353 0.704026 0.009912
0.384906 0.561454 0.033846
0.381442 0.553660 0.036973
0.388294 0.569447 0.030932
0.377908 0.546079 0.040296
0.398282 0.593888 0.023549
0.394939 0.585799 0.025780
0.391626 0.577598 0.028244
0.412143 0.625372 0.016659
0.408599 0.617562 0.018111
0.415730 0.633196 0.015368
0.405109 0.609727 0.019735
0.426664 0.656873 0.012389
0.423000 0.648940 0.013238
0.419353 0.641050 0.014230
0.475860 0.742176 0.009104
0.471199 0.736477 0.009191
0.480590 0.747653 0.009035
0.466620 0.730542 0.009297
0.495112 0.762942 0.008938
0.490224 0.758014 0.008953
0.485380 0.752927 0.008985
0.356067 0.504914 0.063784
0.352403 0.498790 0.068203
0.359733 0.511241 0.059497
0.348740 0.492854 0.072753
0.370695 0.531534 0.047484
0.367052 0.524556 0.051336
0.363396 0.517788 0.055345
