0.583206 0.603015 0.017013
0.582378 0.613855 0.015012
0.577899 0.608214 0.016077
0.450487 0.439753 0.119279
0.449150 0.447218 0.110333
0.445007 0.442945 0.114625
0.535291 0.379104 0.195754
0.534886 0.389453 0.186569
0.530227 0.384250 0.191287
0.362268 0.497622 0.057471
0.360787 0.507193 0.051775
0.356733 0.501692 0.054612
0.500364 0.686972 0.009249
0.500236 0.697492 0.009078
0.495366 0.692172 0.009147
0.427678 0.592540 0.020518
0.426543 0.604196 0.017908
0.422267 0.597857 0.019237
0.515211 0.515133 0.053911
0.513797 0.524907 0.047856
0.509719 0.519591 0.051078
0.669164 0.525865 0.041493
0.668047 0.535417 0.036808
0.663747 0.530287 0.039502
0.603090 0.450259 0.108119
0.601654 0.458329 0.099220
0.597656 0.454069 0.104477
0.646361 0.419978 0.137622
0.645078 0.427988 0.128068
0.640991 0.423771 0.134017
0.612853 0.381975 0.186638
0.612040 0.392261 0.176578
0.607760 0.387037 0.182674
0.559311 0.481304 0.079611
0.557804 0.490152 0.071891
0.553797 0.485357 0.076174
0.527219 0.446212 0.118155
0.525764 0.453928 0.108807
0.521728 0.449715 0.113749
0.570987 0.417805 0.154324
0.569702 0.425663 0.144326
0.565597 0.421570 0.150018
0.625982 0.562817 0.027124
0.624977 0.573077 0.023718
0.620607 0.567677 0.025616
0.591884 0.520693 0.048293
0.590630 0.530420 0.042791
0.586439 0.525219 0.045874
0.635558 0.486250 0.069571
0.634224 0.495241 0.062790
0.630099 0.490395 0.066783
0.471322 0.552219 0.034118
0.469992 0.562902 0.029892
0.465841 0.557068 0.032099
0.438793 0.507564 0.056715
0.437294 0.517318 0.050640
0.433266 0.511849 0.053719
0.483156 0.475206 0.084841
0.481603 0.483907 0.076934
0.477609 0.479055 0.080988
0.394622 0.543155 0.036067
0.393178 0.553857 0.031769
0.389111 0.547780 0.033972
0.462766 0.641880 0.012297
0.462154 0.653146 0.011206
0.457552 0.647304 0.011751
0.329465 0.456322 0.082250
0.328104 0.464959 0.075661
0.323964 0.459910 0.078771
0.493835 0.413959 0.158653
0.492811 0.421440 0.149007
0.488512 0.417437 0.153785
0.457299 0.378764 0.192592
0.457001 0.387695 0.183863
0.452315 0.383252 0.187732
0.496125 0.332283 0.224521
0.496183 0.344050 0.219111
0.491290 0.338402 0.221850
0.575171 0.331779 0.224000
0.575173 0.343932 0.218399
0.570217 0.337801 0.221651
0.535254 0.289094 0.232578
0.535284 0.299007 0.232359
0.530333 0.294035 0.232524
0.406509 0.466751 0.084806
0.405054 0.475373 0.077393
0.400985 0.470419 0.080961
0.373260 0.429806 0.114716
0.372005 0.437413 0.106495
0.367813 0.432875 0.110230
0.416316 0.407159 0.153605
0.415386 0.414088 0.144613
0.411024 0.409967 0.148657
0.541131 0.645091 0.011619
0.540619 0.655906 0.010714
0.535958 0.650342 0.011182
0.505240 0.598881 0.018928
0.504279 0.610019 0.016581
0.499880 0.604142 0.017801
0.548416 0.558338 0.031058
0.547264 0.568833 0.027156
0.542996 0.563253 0.029262
0.712705 0.492137 0.058485
0.711515 0.501154 0.052929
0.707250 0.496224 0.056286
0.679187 0.454436 0.092630
0.677864 0.462852 0.084855
0.673733 0.458313 0.089660
0.587669 0.608634 0.015840
0.454639 0.443955 0.114897
0.540004 0.384554 0.191033
0.366322 0.503056 0.054546
0.505208 0.692333 0.009130
0.431937 0.598816 0.019078
0.519279 0.520383 0.050554
0.673456 0.530962 0.038709
0.607091 0.454486 0.102751
0.650479 0.424231 0.131618
0.617160 0.387475 0.180492
0.563320 0.486021 0.075211
0.531260 0.450378 0.113089
0.575120 0.421970 0.148615
0.630341 0.568178 0.025125
0.596066 0.525846 0.045091
0.639686 0.491055 0.065474
0.475462 0.557992 0.031803
0.442817 0.512955 0.053519
0.487157 0.479968 0.080681
0.398683 0.549148 0.033770
0.467338 0.647749 0.011691
0.333609 0.461315 0.079060
0.498178 0.418032 0.153897
0.462027 0.383351 0.188719
0.501040 0.337929 0.222101
0.580132 0.337820 0.221085
0.540193 0.294030 0.232526
0.410586 0.471619 0.081146
0.377462 0.434276 0.110908
0.420716 0.411269 0.149583
0.545764 0.650681 0.011102
0.509619 0.604728 0.017596
0.552673 0.563873 0.028845
0.716972 0.497050 0.055039
0.683315 0.458944 0.087726
0.673998 0.489014 0.063935
0.678194 0.493875 0.060143
0.672740 0.498029 0.057763
0.679450 0.484925 0.066437
0.695804 0.472846 0.074103
0.700003 0.477599 0.069926
0.694551 0.481623 0.067441
0.708064 0.528745 0.038193
0.712380 0.533805 0.035625
0.706960 0.538159 0.033885
0.713497 0.524468 0.040035
0.729834 0.511883 0.045687
0.734137 0.516850 0.042853
0.728689 0.521028 0.041016
0.544190 0.601129 0.018003
0.548616 0.606847 0.016747
0.543304 0.612092 0.015818
0.549529 0.595940 0.019127
0.565601 0.580581 0.022989
0.569964 0.586177 0.021300
0.564612 0.591296 0.020041
0.501927 0.643608 0.011979
0.506537 0.649301 0.011414
0.501371 0.654613 0.010979
0.507146 0.638267 0.012511
0.522940 0.622211 0.014381
0.527438 0.628008 0.013567
0.522178 0.633345 0.012968
0.539711 0.687709 0.009163
0.544566 0.692985 0.009059
0.539606 0.698057 0.009019
0.544715 0.682587 0.009290
0.559852 0.667172 0.009907
0.564606 0.672576 0.009621
0.559565 0.677691 0.009423
0.411888 0.435243 0.117479
0.416080 0.439561 0.113411
0.410610 0.442703 0.108880
0.417342 0.432230 0.122195
0.433670 0.423384 0.136900
0.437909 0.427421 0.132505
0.432458 0.430417 0.127584
0.368018 0.461736 0.083590
0.372134 0.466660 0.080183
0.366619 0.470359 0.076579
0.373522 0.458169 0.087406
0.390004 0.447895 0.099608
0.394158 0.452525 0.095885
0.388660 0.455948 0.091771
0.400571 0.502853 0.057265
0.404600 0.508290 0.054194
0.399070 0.512540 0.051343
0.406104 0.498724 0.060346
0.422716 0.486633 0.070329
0.426739 0.491768 0.066818
0.421201 0.495823 0.063477
0.535469 0.331739 0.224800
0.540426 0.337671 0.222319
0.535516 0.343628 0.219531
0.540371 0.325956 0.226894
0.555129 0.309298 0.231149
0.560143 0.314676 0.229997
0.555208 0.320266 0.228605
0.574451 0.380433 0.193191
0.579019 0.386005 0.187769
0.573851 0.390994 0.183597
0.579558 0.374907 0.197399
0.594675 0.356904 0.209255
0.599374 0.363452 0.204223
0.594343 0.369424 0.200260
0.496151 0.378546 0.195431
0.500899 0.383692 0.191115
0.495846 0.388501 0.186446
0.501111 0.373193 0.200064
0.515849 0.355601 0.212846
0.520772 0.361616 0.209046
0.515848 0.367517 0.204812
0.455117 0.411280 0.156905
0.459502 0.415293 0.152575
0.454154 0.418422 0.147574
0.460386 0.407971 0.161848
0.475947 0.396908 0.176483
0.480489 0.401293 0.172192
0.475302 0.405073 0.167354
0.488965 0.443378 0.119732
0.493066 0.447545 0.114990
0.487573 0.450953 0.110526
0.494445 0.440044 0.124386
0.510857 0.429972 0.138835
0.514984 0.433977 0.133627
0.509509 0.437384 0.128839
0.323830 0.492049 0.057581
0.327904 0.497475 0.054781
0.322344 0.501519 0.052097
0.329376 0.488112 0.060431
0.345966 0.476550 0.069625
0.350058 0.481726 0.066531
0.344529 0.485600 0.063428
0.461027 0.686158 0.009317
0.465854 0.691630 0.009188
0.460874 0.696859 0.009124
0.466057 0.680869 0.009484
0.481287 0.664933 0.010279
0.486008 0.670532 0.009935
0.480934 0.675826 0.009676
0.389126 0.588020 0.021158
0.393317 0.594619 0.019674
0.387893 0.600107 0.018432
0.394571 0.582751 0.022596
0.410958 0.567502 0.027450
0.415095 0.573727 0.025548
0.409636 0.578818 0.023944
0.477002 0.511660 0.055705
0.481041 0.516983 0.052398
0.475530 0.521433 0.049571
0.482526 0.507338 0.058771
0.499120 0.494682 0.068586
0.503120 0.499711 0.064741
0.497596 0.503953 0.061505
0.432929 0.548125 0.035185
0.437021 0.554018 0.032878
0.431528 0.558860 0.030907
0.438430 0.543396 0.037350
0.454944 0.529480 0.044532
0.459012 0.535097 0.041749
0.453512 0.539757 0.039368
0.466387 0.596088 0.019775
0.470708 0.602131 0.018382
0.465340 0.607456 0.017285
0.471784 0.590858 0.021080
0.488039 0.575459 0.025546
0.492291 0.581312 0.023702
0.486879 0.586448 0.022235
0.630431 0.523230 0.044923
0.634674 0.528353 0.041919
0.629256 0.532891 0.039822
0.635861 0.518784 0.047179
0.652183 0.505754 0.054183
0.656396 0.510734 0.050764
0.650958 0.515060 0.048493
0.587140 0.560670 0.029158
0.591451 0.566115 0.027050
0.586068 0.571061 0.025508
0.592538 0.555812 0.030866
0.608755 0.541532 0.036464
0.613030 0.546823 0.033906
0.607629 0.551572 0.032078
0.622296 0.604633 0.015898
0.626795 0.610153 0.014813
0.621519 0.615339 0.014100
0.627596 0.599502 0.016787
0.643548 0.584355 0.019878
0.647989 0.589774 0.018379
0.642680 0.594802 0.017382
0.565302 0.448572 0.114366
0.569298 0.452731 0.109049
0.563809 0.456411 0.105092
0.570789 0.444954 0.118495
0.587205 0.434032 0.131038
0.591174 0.438027 0.125133
0.585720 0.441728 0.121081
0.521260 0.478493 0.082920
0.525243 0.483219 0.078586
0.519712 0.487269 0.075010
0.526777 0.474589 0.086668
0.543306 0.463209 0.098248
0.547308 0.467618 0.093449
0.541798 0.471436 0.089656
0.553486 0.518101 0.051420
0.557608 0.523294 0.048097
0.552147 0.527859 0.045575
0.558962 0.513647 0.054152
0.575419 0.500562 0.062763
0.579497 0.505518 0.058904
0.574019 0.509891 0.056107
0.608746 0.418738 0.146874
0.612770 0.422837 0.140858
0.607414 0.426702 0.137039
0.614048 0.414730 0.150667
0.629813 0.402361 0.162009
0.633969 0.406923 0.155870
0.628702 0.410960 0.152124
0.640957 0.452105 0.100663
0.645041 0.456509 0.095479
0.639594 0.460381 0.092290
0.646405 0.448292 0.103985
0.662789 0.436986 0.114051
0.666875 0.441274 0.108427
0.661411 0.445055 0.105153
0.597372 0.483747 0.074920
0.601427 0.488491 0.070595
0.595947 0.492678 0.067608
0.602839 0.479664 0.078043
0.619195 0.467655 0.087583
0.623263 0.472201 0.082840
0.617814 0.476211 0.079738
0.664912 0.564904 0.024988
0.669290 0.570196 0.023082
0.663953 0.575005 0.021797
0.670276 0.560189 0.026443
0.686416 0.546379 0.031179
0.690756 0.551551 0.028920
0.685374 0.556127 0.027367
0.509816 0.555573 0.032725
0.514012 0.561217 0.030438
0.508573 0.566171 0.028628
0.515264 0.550713 0.034724
0.531622 0.536427 0.041315
0.535785 0.541859 0.038525
0.530338 0.546627 0.036362
0.423699 0.639757 0.012550
0.428224 0.645834 0.011907
0.423014 0.651373 0.011374
0.428969 0.634188 0.013205
0.444917 0.617559 0.015503
0.449314 0.623760 0.014566
0.444004 0.629280 0.013824
0.500073 0.728400 0.008950
0.504983 0.733491 0.008935
0.500040 0.738528 0.008925
0.505020 0.723331 0.008963
0.519867 0.708085 0.009005
0.524766 0.713256 0.008982
0.519819 0.718323 0.008970
0.356326 0.537407 0.036800
0.360391 0.543404 0.034525
0.354863 0.547988 0.032493
0.361862 0.532946 0.038995
0.378452 0.519801 0.046149
0.382489 0.525537 0.043496
0.376966 0.529944 0.041107
0.532520 0.415908 0.158038
0.536787 0.420091 0.152838
0.531367 0.423657 0.148131
0.537870 0.412120 0.162658
0.553743 0.399824 0.176097
0.558169 0.404553 0.170836
0.552874 0.408671 0.166457
0.444879 0.471269 0.085294
0.448915 0.476079 0.081384
0.443367 0.479921 0.077572
0.450412 0.467587 0.089298
0.466977 0.456932 0.101871
0.471050 0.461390 0.097569
0.465526 0.464967 0.093398
0.580336 0.646470 0.011238
0.584990 0.651974 0.010770
0.579859 0.657152 0.010432
0.585517 0.641247 0.011653
0.601199 0.625467 0.013080
0.605754 0.631058 0.012409
0.600526 0.636318 0.011962
0.657371 0.470087 0.080907
0.656052 0.478756 0.073630
0.651918 0.474073 0.078044
0.661506 0.474733 0.076395
0.668544 0.493139 0.061460
0.690895 0.508674 0.049812
0.689728 0.517914 0.044649
0.685453 0.512901 0.047690
0.695166 0.513662 0.046691
0.702639 0.533073 0.036382
0.526769 0.578263 0.024331
0.525702 0.589102 0.021183
0.521374 0.583354 0.022850
0.531080 0.583973 0.022553
0.538862 0.606350 0.016963
0.483872 0.620163 0.014974
0.483042 0.631542 0.013427
0.478563 0.625587 0.014220
0.488327 0.626125 0.014096
0.496731 0.648946 0.011489
0.520573 0.666063 0.010103
0.520256 0.676759 0.009556
0.515488 0.671299 0.009824
0.525314 0.671552 0.009785
0.534728 0.692819 0.009077
0.394955 0.418206 0.133744
0.393783 0.425302 0.124823
0.389547 0.421012 0.128840
0.399207 0.422442 0.129679
0.406428 0.438308 0.112860
0.351421 0.442521 0.097481
0.350101 0.450687 0.090049
0.345941 0.445878 0.093479
0.355588 0.447264 0.093974
0.362509 0.465365 0.079905
0.384394 0.481782 0.070125
0.382919 0.490906 0.063577
0.378863 0.485673 0.066770
0.388452 0.486949 0.066841
0.395039 0.507028 0.054308
0.515622 0.309383 0.231167
0.515684 0.320301 0.228649
0.510731 0.314837 0.230073
0.520579 0.314741 0.230076
0.530566 0.337618 0.222354
0.555284 0.356066 0.212460
0.555179 0.368281 0.204174
0.550303 0.362090 0.208687
0.560188 0.362315 0.208262
0.569318 0.385667 0.188973
0.476823 0.356937 0.211290
0.476827 0.368169 0.203152
0.471981 0.362914 0.206959
0.481672 0.362366 0.207716
0.491154 0.383583 0.190753
0.437119 0.394781 0.173172
0.436493 0.402264 0.164359
0.431975 0.398118 0.168308
0.441677 0.398968 0.169247
0.449808 0.414448 0.151934
0.472342 0.427152 0.138844
0.471069 0.434339 0.129145
0.466894 0.430295 0.133830
0.476534 0.431142 0.134071
0.483478 0.446723 0.115155
0.307451 0.470904 0.069103
0.306030 0.479913 0.063246
0.301936 0.474644 0.066110
0.311559 0.476117 0.066182
0.318272 0.496029 0.054827
0.442056 0.663568 0.010411
0.441658 0.674702 0.009761
0.436940 0.668981 0.010067
0.446746 0.669323 0.010046
0.456021 0.691428 0.009199
0.372620 0.561989 0.028210
0.371244 0.573442 0.024634
0.367135 0.566911 0.026457
0.376715 0.568400 0.026289
0.383688 0.593411 0.019808
0.460945 0.490951 0.069927
0.459409 0.500185 0.062886
0.455398 0.495023 0.066446
0.464950 0.496037 0.066238
0.471483 0.516035 0.052746
0.416695 0.525004 0.045455
0.415220 0.535256 0.040326
0.411174 0.529482 0.042939
0.420737 0.530702 0.042727
0.427429 0.552892 0.033114
0.449431 0.571919 0.026579
0.448185 0.583072 0.023152
0.443977 0.576982 0.024923
0.453622 0.577946 0.024699
0.461001 0.601372 0.018564
0.613702 0.503099 0.058578
0.612394 0.512439 0.052373
0.608242 0.507424 0.055925
0.617845 0.508071 0.054912
0.625005 0.527726 0.042717
0.570122 0.539117 0.039044
0.568920 0.549248 0.034343
0.564690 0.543853 0.036918
0.574342 0.544463 0.036338
0.581746 0.565576 0.027515
0.604528 0.582563 0.021503
0.603604 0.593159 0.018784
0.599184 0.587618 0.020272
0.608934 0.588072 0.019912
0.617006 0.609798 0.015082
0.549214 0.432276 0.136455
0.547760 0.439836 0.126308
0.543712 0.435769 0.131795
0.553261 0.436319 0.130836
0.559809 0.452197 0.110273
0.505244 0.460390 0.100950
0.503755 0.468513 0.092336
0.499737 0.464019 0.096822
0.509267 0.464803 0.096353
0.515734 0.482460 0.079233
0.537229 0.497828 0.066162
0.535756 0.507131 0.059208
0.531715 0.502078 0.062968
0.541259 0.502817 0.062265
0.548013 0.522606 0.048765
0.592204 0.401276 0.170753
0.591162 0.410147 0.160913
0.586949 0.405661 0.166733
0.596442 0.405907 0.164878
0.603419 0.422683 0.143047
0.624786 0.435104 0.123005
0.623375 0.443051 0.113529
0.619364 0.438882 0.119244
0.628800 0.439266 0.117182
0.635514 0.455947 0.097358
0.581286 0.465574 0.093703
0.579813 0.473939 0.085375
0.575805 0.469446 0.090141
0.585291 0.469997 0.088808
0.591894 0.487879 0.071829
0.647534 0.543891 0.033823
0.646473 0.553800 0.029743
0.642141 0.548540 0.032047
0.651858 0.549118 0.031417
0.659559 0.569678 0.023602
0.493252 0.533272 0.043179
0.491884 0.543525 0.038068
0.487767 0.537935 0.040752
0.497360 0.538795 0.040359
0.504366 0.560478 0.030805
0.406090 0.614349 0.015952
0.405068 0.626601 0.014143
0.400713 0.620072 0.015044
0.410420 0.620861 0.014962
0.418455 0.645344 0.011949
0.480476 0.707665 0.009045
0.480414 0.718036 0.008997
0.475520 0.712814 0.009023
0.485368 0.712911 0.009016
0.495127 0.733458 0.008938
0.340096 0.514156 0.046676
0.338593 0.524165 0.041721
0.334533 0.518396 0.044220
0.344153 0.519858 0.044094
0.350787 0.541908 0.034681
0.514817 0.398259 0.177599
0.514091 0.406900 0.168219
0.509617 0.402485 0.172938
0.519338 0.402837 0.172886
0.527143 0.419573 0.153345
0.428543 0.452778 0.101251
0.427148 0.460774 0.093052
0.423044 0.456168 0.096988
0.432657 0.457296 0.097226
0.439342 0.475019 0.081393
0.562048 0.623968 0.013756
0.561336 0.634939 0.012482
0.556788 0.629264 0.013153
0.566574 0.629658 0.013012
0.575180 0.651673 0.010854
0.570047 0.656855 0.010503
0.569668 0.667450 0.009856
0.564938 0.662020 0.010187
0.574752 0.662310 0.010127
0.579488 0.667712 0.009806
0.579216 0.678150 0.009354
0.574428 0.672828 0.009579
0.560732 0.645799 0.011431
0.565374 0.651350 0.010938
0.560239 0.656542 0.010575
0.565918 0.640565 0.011877
0.571127 0.635312 0.012357
0.575715 0.640917 0.011766
0.570532 0.646143 0.011335
0.551546 0.634557 0.012606
0.550932 0.645447 0.011526
0.546326 0.639831 0.012094
0.556122 0.640201 0.011986
0.555569 0.651017 0.011020
0.433799 0.478835 0.077595
0.432279 0.487766 0.070281
0.428257 0.482707 0.073903
0.437821 0.483817 0.073868
0.441836 0.488863 0.070198
0.440308 0.498079 0.063238
0.436295 0.492889 0.066723
0.425709 0.469082 0.085156
0.429764 0.473920 0.081360
0.424225 0.477714 0.077574
0.431233 0.465447 0.089138
0.436751 0.461881 0.093221
0.440825 0.466537 0.089241
0.435297 0.470195 0.085249
0.417539 0.459625 0.092823
0.416113 0.467934 0.085008
0.412027 0.463152 0.088761
0.421634 0.464319 0.088978
0.420179 0.472787 0.081278
0.521738 0.423128 0.148577
0.520458 0.430557 0.138482
0.516307 0.426586 0.143732
0.525921 0.427137 0.143338
0.530052 0.431134 0.137982
0.528650 0.438639 0.127879
0.524567 0.434579 0.133174
0.513186 0.414967 0.158652
0.517493 0.419078 0.153680
0.512103 0.422602 0.148864
0.518505 0.411211 0.163384
0.523795 0.407296 0.168058
0.528190 0.411648 0.163110
0.522856 0.415430 0.158428
0.504386 0.406501 0.168226
0.503512 0.414485 0.158726
0.499127 0.410321 0.163466
0.508817 0.410779 0.163499
0.507838 0.418574 0.153861
0.345247 0.546467 0.032636
0.343811 0.557411 0.028656
0.339707 0.551105 0.030665
0.349337 0.552649 0.030537
0.353434 0.558958 0.028527
0.352038 0.570448 0.024915
0.347921 0.563862 0.026738
0.337089 0.534420 0.037087
0.341165 0.540397 0.034821
0.335611 0.544930 0.032762
0.342653 0.530008 0.039298
0.348209 0.525634 0.041584
0.352266 0.531485 0.039153
0.346716 0.535921 0.036951
0.328961 0.522680 0.041847
0.327444 0.532904 0.037209
0.323375 0.527008 0.039549
0.333022 0.528515 0.039430
0.331523 0.538871 0.034944
0.490183 0.738503 0.008927
0.490158 0.748561 0.008908
0.485241 0.743534 0.008918
0.495098 0.743552 0.008916
0.500016 0.748572 0.008907
0.500004 0.758530 0.008898
0.495079 0.753558 0.008902
0.480364 0.728306 0.008959
0.485272 0.733422 0.008941
0.480326 0.738476 0.008930
0.485314 0.723215 0.008974
0.490265 0.718113 0.008991
0.495167 0.723274 0.008969
0.490218 0.728354 0.008955
0.470565 0.717954 0.009002
0.470511 0.728253 0.008962
0.465611 0.723082 0.008983
0.475462 0.723151 0.008979
0.475417 0.733383 0.008944
0.413234 0.650950 0.011404
0.412663 0.662495 0.010474
0.408037 0.656574 0.010916
0.417827 0.656928 0.010896
0.422462 0.662821 0.010458
0.422036 0.674095 0.009788
0.417330 0.668332 0.010099
0.404186 0.638687 0.012642
0.408686 0.644874 0.011985
0.403453 0.650556 0.011428
0.409479 0.632975 0.013329
0.414795 0.627289 0.014074
0.419222 0.633581 0.013271
0.413942 0.639216 0.012599
0.395347 0.625898 0.014206
0.394432 0.638169 0.012678
0.390001 0.631765 0.013426
0.399738 0.632370 0.013381
0.398917 0.644426 0.012014
0.498918 0.565426 0.028968
0.497711 0.576222 0.025257
0.493475 0.570420 0.027213
0.503139 0.571174 0.026900
0.507391 0.576935 0.024957
0.506278 0.587846 0.021722
0.501979 0.582032 0.023426
0.490557 0.553989 0.033463
0.494725 0.559697 0.031157
0.489269 0.564633 0.029292
0.496023 0.549151 0.035520
0.501489 0.544357 0.037675
0.505642 0.549953 0.035132
0.500184 0.554804 0.033103
0.482284 0.542648 0.038433
0.480936 0.553127 0.033801
0.476802 0.547411 0.036225
0.486410 0.548303 0.035885
0.485091 0.558868 0.031489
0.654216 0.574513 0.022289
0.653303 0.584796 0.019446
0.648879 0.579406 0.021048
0.658624 0.579873 0.020585
0.663050 0.585245 0.019006
0.662204 0.595606 0.016619
0.657745 0.590198 0.017970
0.645448 0.563845 0.026068
0.649823 0.569169 0.024116
0.644471 0.574029 0.022774
0.650820 0.559078 0.027575
0.656197 0.554365 0.029148
0.660549 0.559628 0.027009
0.655182 0.564370 0.025530
0.636749 0.553246 0.030336
0.635712 0.563331 0.026602
0.631363 0.558007 0.028695
0.641090 0.558538 0.028139
0.640082 0.568670 0.024626
0.586406 0.492062 0.068772
0.584977 0.501192 0.061751
0.580913 0.496290 0.065748
0.590462 0.496911 0.064654
0.594542 0.501821 0.060705
0.593188 0.511159 0.054265
0.589069 0.506149 0.057922
0.578343 0.482559 0.077438
0.582369 0.487275 0.073040
0.576871 0.491444 0.069894
0.583830 0.478508 0.080728
0.589305 0.474497 0.084033
0.593331 0.479080 0.079400
0.587856 0.483154 0.076205
0.570316 0.473354 0.086600
0.568827 0.481943 0.078570
0.564818 0.477305 0.083088
0.574325 0.477918 0.081960
0.572845 0.486658 0.074170
0.630075 0.459820 0.094075
0.628707 0.468226 0.085966
0.624636 0.463722 0.090816
0.634150 0.464287 0.089117
0.638241 0.468823 0.084319
0.636896 0.477444 0.076747
0.632794 0.472802 0.081276
0.621974 0.451101 0.104469
0.626016 0.455424 0.099192
0.620581 0.459292 0.095824
0.627404 0.447283 0.107977
0.632836 0.443485 0.111512
0.636888 0.447764 0.106007
0.631451 0.451582 0.102586
0.613943 0.442668 0.115503
0.612523 0.450660 0.106313
0.608520 0.446460 0.111795
0.617949 0.446849 0.109906
0.616543 0.454937 0.100990
0.598058 0.426556 0.139157
0.596616 0.434291 0.129183
0.592651 0.430337 0.135159
0.602032 0.430520 0.133155
0.605988 0.434505 0.127171
0.604535 0.442334 0.117435
0.600568 0.438279 0.123237
0.589972 0.418448 0.151041
0.594040 0.422546 0.145125
0.588650 0.426353 0.141098
0.595308 0.414460 0.155017
0.600607 0.410332 0.158926
0.604701 0.414588 0.152908
0.599393 0.418625 0.149057
0.581662 0.409868 0.162666
0.580501 0.418165 0.152798
0.576341 0.413910 0.158536
0.585849 0.414229 0.156892
0.584602 0.422305 0.146982
0.542546 0.527161 0.046193
0.541235 0.537141 0.040784
0.537082 0.531768 0.043708
0.546688 0.532474 0.043136
0.550855 0.537828 0.040229
0.549612 0.547995 0.035390
0.545411 0.542551 0.038011
0.534331 0.516669 0.052745
0.538427 0.521891 0.049397
0.532954 0.526436 0.046779
0.539819 0.512239 0.055585
0.545312 0.507860 0.058507
0.549387 0.512955 0.054891
0.543904 0.517399 0.052103
0.526208 0.506378 0.059859
0.524766 0.515913 0.053348
0.520707 0.510729 0.056838
0.530259 0.511497 0.056234
0.528848 0.521150 0.049994
0.510197 0.486487 0.075607
0.508648 0.495516 0.068073
0.504658 0.490562 0.072052
0.514178 0.491368 0.071499
0.518171 0.496311 0.067498
0.516669 0.505600 0.060460
0.512650 0.500529 0.064207
0.502233 0.476933 0.084060
0.506220 0.481671 0.079799
0.500676 0.485669 0.076130
0.507759 0.473083 0.087903
0.513275 0.469288 0.091812
0.517272 0.473850 0.087332
0.511751 0.477731 0.083533
0.494220 0.467693 0.092760
0.492701 0.476091 0.084498
0.488693 0.471421 0.088766
0.498234 0.472274 0.088384
0.496695 0.480840 0.080284
0.554312 0.455839 0.106220
0.552813 0.463847 0.097288
0.548810 0.459508 0.102211
0.558314 0.460114 0.101170
0.562313 0.464454 0.096213
0.560813 0.472742 0.087719
0.556812 0.468257 0.092455
0.546288 0.447463 0.116564
0.550304 0.451625 0.111354
0.544803 0.455234 0.107215
0.551789 0.443921 0.120888
0.557288 0.440379 0.125265
0.561300 0.444459 0.119773
0.555804 0.448037 0.115541
0.538211 0.439253 0.127179
0.536758 0.446854 0.117434
0.532713 0.442730 0.122632
0.542258 0.443343 0.121841
0.540787 0.451018 0.112293
0.611727 0.614994 0.014339
0.610998 0.625796 0.012898
0.606458 0.620219 0.013671
0.616253 0.620555 0.013461
0.620801 0.626105 0.012710
0.620148 0.636888 0.011683
0.615560 0.631360 0.012248
0.602741 0.603855 0.016473
0.607222 0.609426 0.015343
0.601939 0.614632 0.014571
0.608048 0.598704 0.017424
0.613366 0.593589 0.018448
0.617819 0.599111 0.017110
0.612516 0.604252 0.016190
0.593849 0.592713 0.019112
0.592971 0.603443 0.016747
0.588522 0.597847 0.018025
0.598283 0.598283 0.017729
0.597444 0.609039 0.015596
0.576357 0.570532 0.025937
0.575324 0.581096 0.022632
0.570975 0.575535 0.024428
0.580693 0.576056 0.024035
0.585053 0.581597 0.022264
0.584098 0.592255 0.019431
0.579698 0.586670 0.020966
0.567763 0.559547 0.030138
0.572048 0.565028 0.027973
0.566652 0.569991 0.026356
0.573173 0.554670 0.031925
0.578586 0.549839 0.033788
0.582852 0.555244 0.031398
0.577448 0.560114 0.029653
0.559262 0.548635 0.034876
0.558085 0.558957 0.030605
0.553837 0.553465 0.032925
0.563501 0.554081 0.032433
0.562356 0.564465 0.028415
0.619584 0.532276 0.040569
0.618434 0.542126 0.035810
0.614167 0.536877 0.038483
0.623843 0.537482 0.037783
0.628125 0.542715 0.035153
0.627033 0.552695 0.030921
0.622724 0.547400 0.033291
0.611135 0.521959 0.046617
0.615348 0.527100 0.043512
0.609922 0.531658 0.041313
0.616573 0.517497 0.048990
0.622015 0.513085 0.051416
0.626211 0.518139 0.048087
0.620777 0.522594 0.045772
0.602786 0.511797 0.053322
0.601505 0.521326 0.047457
0.597333 0.516219 0.050777
0.606948 0.516857 0.049886
0.605701 0.526473 0.044303
0.455628 0.606709 0.017448
0.454644 0.618268 0.015377
0.450266 0.612104 0.016427
0.459986 0.612834 0.016283
0.464378 0.618938 0.015247
0.463509 0.630476 0.013633
0.459056 0.624404 0.014455
0.447014 0.594413 0.020159
0.451304 0.600566 0.018741
0.445924 0.605917 0.017606
0.452424 0.589172 0.021500
0.457845 0.583989 0.022936
0.462100 0.590039 0.021294
0.456696 0.595274 0.019970
0.438534 0.582107 0.023360
0.437341 0.593506 0.020341
0.433101 0.587291 0.021892
0.442757 0.588258 0.021699
0.441616 0.599716 0.018912
0.421931 0.557704 0.031135
0.420563 0.568708 0.027243
0.416440 0.562571 0.029247
0.426042 0.563753 0.029030
0.430177 0.569845 0.027029
0.428892 0.581080 0.023562
0.424713 0.574882 0.025347
0.413767 0.545754 0.035644
0.417841 0.551704 0.033341
0.412340 0.556485 0.031354
0.419277 0.541087 0.037821
0.424788 0.536458 0.040103
0.428852 0.542269 0.037590
0.423346 0.546968 0.035419
0.405654 0.534002 0.040538
0.404192 0.544483 0.035860
0.400137 0.538562 0.038251
0.409705 0.539852 0.038041
0.408259 0.550455 0.033560
0.465967 0.520462 0.049896
0.464515 0.530490 0.044245
0.460454 0.524944 0.047158
0.470021 0.525935 0.046852
0.474091 0.531459 0.043923
0.472688 0.541727 0.038772
0.468593 0.536086 0.041447
0.457895 0.509687 0.056300
0.461925 0.515046 0.053048
0.456406 0.519454 0.050179
0.463425 0.505409 0.059410
0.468959 0.501185 0.062632
0.472976 0.506392 0.059119
0.467448 0.510693 0.056028
0.449858 0.499149 0.063079
0.448343 0.508645 0.056521
0.444323 0.503331 0.059835
0.453873 0.504388 0.059646
0.452370 0.514019 0.053303
0.378256 0.598936 0.018548
0.377054 0.611531 0.016220
0.372825 0.604624 0.017378
0.382473 0.605736 0.017280
0.386724 0.612514 0.016137
0.385630 0.625179 0.014262
0.381319 0.618403 0.015189
0.369913 0.585349 0.021444
0.374071 0.592132 0.019937
0.368628 0.597704 0.018659
0.375368 0.580054 0.022913
0.380828 0.574892 0.024469
0.384964 0.581439 0.022757
0.379515 0.586720 0.021303
0.361650 0.571959 0.024784
0.360303 0.583942 0.021570
0.356164 0.577149 0.023191
0.365774 0.578617 0.023061
0.364456 0.590802 0.020058
0.451038 0.696677 0.009132
0.450946 0.707287 0.009065
0.446071 0.701914 0.009099
0.455909 0.702076 0.009093
0.460788 0.707420 0.009059
0.460716 0.717866 0.009007
0.455828 0.712603 0.009034
0.441375 0.685679 0.009340
0.446191 0.691215 0.009208
0.441205 0.696484 0.009138
0.446412 0.680349 0.009516
0.451471 0.675005 0.009744
0.456233 0.680616 0.009501
0.451200 0.685925 0.009329
0.431847 0.674387 0.009776
0.431554 0.685423 0.009348
0.426778 0.679791 0.009539
0.436594 0.680069 0.009528
0.436363 0.690991 0.009215
0.312706 0.500049 0.052165
0.311189 0.509734 0.046987
0.307129 0.504117 0.049588
0.316771 0.505606 0.049501
0.320836 0.511227 0.046890
0.319312 0.521179 0.041962
0.315249 0.515422 0.044443
0.304568 0.489128 0.057626
0.308639 0.494558 0.054876
0.303070 0.498567 0.052238
0.310117 0.485230 0.060408
0.315657 0.481376 0.063286
0.319747 0.486685 0.060417
0.314197 0.490600 0.057600
0.296412 0.478427 0.063222
0.294946 0.487643 0.057664
0.290878 0.482257 0.060429
0.300493 0.483753 0.060410
0.299009 0.493077 0.054932
0.477985 0.450090 0.110653
0.476566 0.457867 0.101815
0.472484 0.453490 0.106225
0.482073 0.454390 0.106135
0.486141 0.458755 0.101642
0.484669 0.466829 0.093079
0.480627 0.462312 0.097431
0.469747 0.441664 0.119743
0.473876 0.445849 0.115191
0.468383 0.449177 0.110654
0.475225 0.438421 0.124468
0.480698 0.435183 0.129276
0.484842 0.439260 0.124495
0.479362 0.442548 0.119804
0.461432 0.433440 0.128881
0.460122 0.440730 0.119555
0.455962 0.436588 0.124031
0.465599 0.437529 0.124307
0.464262 0.444925 0.115098
0.444463 0.417500 0.146939
0.443351 0.424438 0.137503
0.439081 0.420466 0.141921
0.448768 0.421458 0.142542
0.453027 0.425404 0.138039
0.451782 0.432495 0.128522
0.447580 0.428444 0.133023
0.435710 0.409469 0.155387
0.440109 0.413506 0.151219
0.434769 0.416477 0.146237
0.440973 0.406369 0.160318
0.446200 0.403118 0.165232
0.450681 0.407223 0.161121
0.445413 0.410431 0.156179
0.426792 0.401268 0.163428
0.426011 0.408379 0.154530
0.421572 0.404270 0.158529
0.431270 0.405388 0.159455
0.430411 0.412449 0.150436
0.486121 0.388313 0.186036
0.485642 0.397285 0.176986
0.481052 0.392749 0.181280
0.490760 0.393028 0.181737
0.495354 0.397631 0.177340
0.494683 0.406071 0.168085
0.490187 0.401726 0.172590
0.476719 0.378583 0.194363
0.481441 0.383494 0.190245
0.476421 0.388121 0.185476
0.481644 0.373402 0.199112
0.486521 0.367850 0.203802
0.491356 0.373263 0.199662
0.486419 0.378546 0.194973
0.467122 0.368613 0.202281
0.467010 0.378667 0.193559
0.462235 0.373895 0.197447
0.471946 0.373614 0.198380
0.471742 0.383418 0.189570
0.564156 0.390627 0.184729
0.563429 0.400247 0.175146
0.558965 0.395339 0.180441
0.568655 0.395735 0.179395
0.573071 0.400635 0.173932
0.572112 0.409518 0.164181
0.567810 0.404969 0.169722
0.554904 0.379763 0.194964
0.559573 0.385305 0.189922
0.554421 0.390235 0.185596
0.559981 0.374316 0.199284
0.565030 0.368548 0.203552
0.569789 0.374617 0.198463
0.564695 0.380108 0.194206
0.545318 0.368008 0.204549
0.545090 0.379411 0.195457
0.540319 0.373700 0.200178
0.550149 0.374000 0.199846
0.549795 0.384925 0.190603
0.525660 0.343572 0.219549
0.525689 0.355637 0.212895
0.520754 0.349574 0.216383
0.530604 0.349628 0.216390
0.535532 0.355739 0.212851
0.535489 0.367778 0.204762
0.530606 0.361719 0.209036
0.515749 0.331739 0.224773
0.520707 0.337596 0.222341
0.515808 0.343575 0.219504
0.520644 0.325931 0.226899
0.525541 0.320264 0.228662
0.530506 0.325934 0.226909
0.525605 0.331713 0.224804
0.505849 0.320474 0.228615
0.505913 0.331910 0.224680
0.500978 0.326294 0.226771
0.510795 0.326028 0.226857
0.510859 0.337678 0.222265
0.389508 0.511245 0.051470
0.388014 0.521166 0.045997
0.383980 0.515503 0.048751
0.393541 0.516833 0.048612
0.397575 0.522490 0.045831
0.396090 0.532698 0.040739
0.392050 0.526898 0.043323
0.381434 0.500282 0.057391
0.385473 0.505728 0.054398
0.379943 0.509914 0.051579
0.386966 0.496210 0.060432
0.392499 0.492183 0.063599
0.396538 0.497484 0.060404
0.391005 0.501585 0.057340
0.373332 0.489611 0.063545
0.371855 0.498961 0.057434
0.367801 0.493595 0.060447
0.377387 0.494911 0.060442
0.375902 0.504400 0.054475
0.356998 0.469050 0.076353
0.355581 0.477895 0.069754
0.351484 0.472779 0.072926
0.361101 0.474105 0.073103
0.365191 0.479214 0.069880
0.363738 0.488298 0.063509
0.359666 0.483066 0.066613
0.348750 0.459085 0.082927
0.352881 0.464042 0.079626
0.347373 0.467713 0.076125
0.354249 0.455534 0.086642
0.359743 0.452044 0.090487
0.363887 0.456866 0.087026
0.358386 0.460425 0.083260
0.340455 0.449300 0.089606
0.339111 0.457717 0.082591
0.334963 0.452783 0.085862
0.344608 0.454173 0.086254
0.343248 0.462692 0.079344
0.400960 0.441433 0.108338
0.399649 0.449181 0.100114
0.395485 0.444626 0.103916
0.405133 0.445908 0.104447
0.409288 0.450426 0.100562
0.407921 0.458437 0.092533
0.403795 0.453782 0.096318
0.392565 0.432593 0.116143
0.396769 0.436995 0.112232
0.391306 0.440116 0.107735
0.398010 0.429611 0.120823
0.403450 0.426693 0.125615
0.407678 0.430957 0.121548
0.402227 0.433946 0.116841
0.384127 0.423879 0.124025
0.382911 0.431214 0.115435
0.378698 0.426809 0.119315
0.388351 0.428224 0.120074
0.387114 0.435647 0.111575
0.529765 0.697914 0.009034
0.529714 0.708187 0.008995
0.524816 0.702998 0.009020
0.534660 0.703120 0.009007
0.539560 0.708289 0.008984
0.539521 0.718461 0.008955
0.534615 0.713340 0.008974
0.520040 0.687337 0.009206
0.524889 0.692656 0.009095
0.519924 0.697772 0.009049
0.525052 0.682168 0.009344
0.530084 0.676990 0.009524
0.534884 0.682376 0.009317
0.529876 0.687522 0.009185
0.510425 0.676530 0.009588
0.510202 0.687154 0.009228
0.505383 0.681756 0.009396
0.515218 0.681962 0.009370
0.515050 0.692494 0.009113
0.491559 0.654278 0.011041
0.491105 0.665231 0.010238
0.486411 0.659606 0.010638
0.496226 0.659924 0.010587
0.500927 0.665512 0.010195
0.500593 0.676304 0.009620
0.495833 0.670796 0.009900
0.482335 0.642795 0.012146
0.486928 0.648569 0.011560
0.481752 0.653922 0.011100
0.487564 0.637416 0.012709
0.492819 0.632028 0.013317
0.497353 0.637853 0.012612
0.492128 0.643214 0.012064
0.473272 0.631025 0.013532
0.472547 0.642350 0.012223
0.468006 0.636454 0.012891
0.477782 0.636949 0.012802
0.477130 0.648171 0.011627
0.533543 0.611605 0.016012
0.532715 0.622673 0.014227
0.528236 0.616891 0.015150
0.538004 0.617367 0.014977
0.542491 0.623119 0.014072
0.541755 0.634163 0.012728
0.537220 0.628439 0.013431
0.524706 0.600053 0.018472
0.529111 0.605832 0.017177
0.523786 0.611096 0.016204
0.530060 0.594852 0.019646
0.535422 0.589688 0.020905
0.539792 0.595408 0.019389
0.534446 0.600602 0.018239
0.515988 0.588486 0.021455
0.514971 0.599479 0.018702
0.510609 0.593663 0.020147
0.520332 0.594270 0.019898
0.519363 0.605291 0.017388
0.697221 0.537454 0.034605
0.696147 0.547031 0.030528
0.691814 0.541889 0.032869
0.701549 0.542568 0.032185
0.705881 0.547694 0.029879
0.704824 0.557354 0.026178
0.700485 0.552186 0.028300
0.688593 0.527273 0.039823
0.692902 0.532355 0.037149
0.687490 0.536761 0.035333
0.694019 0.522948 0.041756
0.699454 0.518672 0.043719
0.703754 0.523700 0.040889
0.698323 0.528002 0.039003
0.680016 0.517174 0.045593
0.678873 0.526561 0.040653
0.674586 0.521494 0.043525
0.684297 0.522212 0.042635
0.683175 0.531651 0.037925
0.663089 0.497302 0.059011
0.661839 0.506455 0.053070
0.657634 0.501507 0.056583
0.667287 0.502221 0.055404
0.671510 0.507175 0.051970
0.670317 0.516451 0.046548
0.666068 0.511437 0.049727
0.654747 0.487594 0.066751
0.658909 0.492424 0.062791
0.653453 0.496597 0.060272
0.660201 0.483497 0.069393
0.665654 0.479438 0.072062
0.669817 0.484200 0.067908
0.664365 0.488293 0.065336
0.646466 0.478092 0.075204
0.645144 0.486914 0.068174
0.641012 0.482150 0.072379
0.650599 0.482816 0.070891
0.649291 0.491731 0.064136
0.599957 0.647060 0.011040
0.604624 0.652511 0.010602
0.599497 0.657679 0.010291
0.605134 0.641846 0.011420
0.610335 0.636613 0.011824
0.614950 0.642115 0.011301
0.609775 0.647324 0.010940
0.589676 0.657426 0.010361
0.594805 0.652254 0.010687
0.594392 0.662826 0.010009
0.590145 0.646776 0.011140
0.590722 0.636003 0.012097
0.595952 0.630737 0.012567
0.595323 0.641558 0.011538
0.584253 0.673059 0.009539
0.584570 0.662579 0.010067
0.589311 0.667952 0.009757
0.464032 0.473314 0.085239
0.468051 0.478101 0.081205
0.462495 0.481988 0.077402
0.469572 0.469586 0.089227
0.475104 0.465920 0.093292
0.479139 0.470524 0.089047
0.473599 0.474280 0.085088
0.452932 0.480970 0.077512
0.458485 0.477108 0.081332
0.456940 0.485929 0.073689
0.454457 0.472307 0.085296
0.455939 0.463973 0.093399
0.461461 0.460423 0.097595
0.459995 0.468605 0.089305
0.445847 0.493975 0.066599
0.447381 0.484889 0.073796
0.451390 0.489923 0.070083
0.551823 0.416924 0.156658
0.556029 0.421118 0.151190
0.550597 0.424736 0.146667
0.557187 0.413094 0.161094
0.562517 0.409115 0.165446
0.566788 0.413527 0.159938
0.561427 0.417388 0.155611
0.540992 0.424208 0.147505
0.546423 0.420623 0.152130
0.545131 0.428259 0.142037
0.542181 0.416422 0.157462
0.543193 0.408194 0.167210
0.548485 0.404103 0.171689
0.547545 0.412622 0.162000
0.534144 0.435180 0.132570
0.535530 0.427698 0.142781
0.539642 0.431720 0.137314
0.375491 0.540335 0.036455
0.379545 0.546353 0.034167
0.374039 0.550982 0.032155
0.381008 0.535824 0.038642
0.386528 0.531344 0.040928
0.390571 0.537220 0.038451
0.385055 0.541770 0.036266
0.364460 0.549493 0.032333
0.369976 0.544885 0.034353
0.368536 0.555685 0.030227
0.365917 0.538878 0.036635
0.367395 0.528523 0.041277
0.372924 0.524140 0.043660
0.371442 0.534392 0.038824
0.357537 0.565398 0.026608
0.358946 0.554176 0.030391
0.363036 0.560483 0.028378
0.519782 0.728486 0.008941
0.524694 0.733556 0.008928
0.519753 0.738575 0.008920
0.524726 0.723441 0.008952
0.529670 0.718392 0.008963
0.534578 0.723496 0.008946
0.529636 0.728529 0.008937
0.509896 0.738552 0.008922
0.514838 0.733524 0.008931
0.514813 0.743585 0.008912
0.509927 0.728443 0.008946
0.509969 0.718253 0.008977
0.514917 0.713171 0.008991
0.514873 0.723387 0.008958
0.504938 0.753564 0.008901
0.504955 0.743569 0.008914
0.509874 0.748582 0.008906
0.443222 0.640860 0.012432
0.447771 0.646835 0.011807
0.442575 0.652287 0.011298
0.448474 0.635378 0.013056
0.453753 0.629894 0.013730
0.458237 0.635930 0.012975
0.452991 0.641383 0.012366
0.432794 0.651825 0.011338
0.437995 0.646342 0.011859
0.437405 0.657737 0.010841
0.433459 0.640311 0.012493
0.434263 0.628635 0.013913
0.439581 0.623081 0.014673
0.438718 0.634796 0.013132
0.427136 0.668637 0.010085
0.427616 0.657318 0.010871
0.432259 0.663185 0.010436
0.529099 0.557014 0.031920
0.533327 0.562603 0.029667
0.527904 0.567560 0.027913
0.534534 0.552147 0.033858
0.539971 0.547325 0.035886
0.544182 0.552820 0.033399
0.538753 0.557690 0.031496
0.518234 0.566881 0.028276
0.523666 0.561925 0.030059
0.522487 0.572564 0.026239
0.519454 0.556309 0.032329
0.520714 0.545900 0.036819
0.526167 0.541137 0.039017
0.524895 0.551444 0.034299
0.511674 0.582707 0.023142
0.512810 0.571884 0.026574
0.517077 0.577613 0.024648
0.684361 0.566002 0.023895
0.688735 0.571260 0.022028
0.683405 0.576016 0.020794
0.689724 0.561341 0.025303
0.695099 0.556735 0.026772
0.699445 0.561931 0.024730
0.694080 0.566565 0.023342
0.673683 0.575506 0.021299
0.679015 0.570724 0.022558
0.678091 0.580831 0.019638
0.674639 0.565448 0.024444
0.675647 0.555529 0.027960
0.681028 0.550925 0.029541
0.680001 0.560759 0.025874
0.667492 0.590629 0.017552
0.668362 0.580347 0.020115
0.672787 0.585702 0.018558
0.616436 0.484972 0.072287
0.620528 0.489749 0.068072
0.615059 0.493939 0.065231
0.621894 0.480874 0.075259
0.627346 0.476818 0.078255
0.631444 0.481503 0.073832
0.625989 0.485604 0.070939
0.605497 0.493304 0.066427
0.610971 0.489114 0.069343
0.609587 0.498175 0.062418
0.606898 0.484353 0.073614
0.608299 0.475623 0.081195
0.613750 0.471621 0.084375
0.612360 0.480261 0.076662
0.598650 0.506784 0.056928
0.600019 0.497539 0.063543
0.604116 0.502457 0.059647
0.660050 0.453247 0.096665
0.664159 0.457699 0.091601
0.658703 0.461587 0.088585
0.665510 0.449418 0.099809
0.670969 0.445606 0.102980
0.675072 0.449991 0.097714
0.669615 0.453835 0.094645
0.649139 0.460975 0.090456
0.654592 0.457099 0.093549
0.653249 0.465502 0.085597
0.650493 0.452667 0.098685
0.651859 0.444504 0.107323
0.657320 0.440737 0.110678
0.655950 0.448851 0.101907
0.642346 0.473426 0.079681
0.643688 0.464882 0.087380
0.647797 0.469447 0.082630
0.627484 0.419191 0.142348
0.631546 0.423379 0.136347
0.626174 0.427196 0.132652
0.632806 0.415285 0.146054
0.638109 0.411354 0.149756
0.642239 0.415695 0.143670
0.636901 0.419545 0.140016
0.616780 0.426913 0.134868
0.622142 0.423068 0.138626
0.620785 0.430994 0.128913
0.618102 0.418923 0.144633
0.619326 0.410661 0.154444
0.624582 0.406535 0.158220
0.623412 0.414963 0.148383
0.609955 0.438554 0.121263
0.611397 0.430725 0.131057
0.615375 0.434774 0.125111
0.572670 0.519429 0.049933
0.576821 0.524592 0.046651
0.571372 0.529174 0.044244
0.578134 0.514953 0.052537
0.583600 0.510526 0.055199
0.587729 0.515585 0.051662
0.582273 0.520062 0.049123
0.561755 0.528530 0.044925
0.567211 0.523954 0.047393
0.565927 0.533806 0.041907
0.563075 0.518779 0.050697
0.564443 0.509240 0.056958
0.569929 0.504878 0.059830
0.568545 0.514311 0.053369
0.555047 0.543216 0.037475
0.556303 0.533154 0.042536
0.560485 0.538486 0.039649
0.540279 0.479947 0.081436
0.544275 0.484669 0.077056
0.538747 0.488759 0.073595
0.545796 0.475997 0.085063
0.551307 0.472103 0.088738
0.555308 0.476664 0.084122
0.549794 0.480638 0.080567
0.529226 0.488025 0.074338
0.534757 0.483955 0.077861
0.533219 0.492896 0.070190
0.530768 0.479231 0.082221
0.532291 0.470744 0.090474
0.537800 0.466952 0.094335
0.536285 0.475305 0.085912
0.522179 0.501316 0.063615
0.523696 0.492144 0.070878
0.527696 0.497082 0.066860
0.584239 0.449511 0.111545
0.588224 0.453671 0.106150
0.582761 0.457443 0.102423
0.589697 0.445789 0.115429
0.595141 0.442046 0.119324
0.599108 0.446113 0.113644
0.593673 0.449894 0.109887
0.573292 0.456946 0.103829
0.578770 0.453225 0.107678
0.577286 0.461225 0.098712
0.574780 0.449065 0.113037
0.576269 0.441333 0.122656
0.581741 0.437694 0.126844
0.580255 0.445402 0.117049
0.566313 0.468867 0.091353
0.567806 0.460687 0.100005
0.571804 0.465030 0.095020
0.641869 0.605351 0.015289
0.646380 0.610824 0.014248
0.641116 0.615981 0.013600
0.647156 0.600253 0.016112
0.652447 0.595201 0.017005
0.656924 0.600634 0.015758
0.651649 0.605708 0.014968
0.631316 0.615667 0.013855
0.636589 0.610491 0.014537
0.635859 0.621173 0.013022
0.632081 0.604997 0.015599
0.632904 0.594408 0.017748
0.638223 0.589357 0.018779
0.637377 0.599878 0.016456
0.625371 0.631643 0.012082
0.626054 0.620873 0.013245
0.630610 0.626396 0.012516
0.606545 0.561761 0.028152
0.610881 0.567166 0.026101
0.605510 0.572090 0.024628
0.611934 0.556925 0.029789
0.617327 0.552136 0.031501
0.621644 0.557469 0.029245
0.616259 0.562293 0.027641
0.595785 0.571581 0.025071
0.601162 0.566645 0.026578
0.600145 0.577065 0.023223
0.596839 0.561220 0.028658
0.597940 0.551000 0.032651
0.603345 0.546241 0.034519
0.602232 0.556372 0.030330
0.589438 0.587150 0.020623
0.590416 0.576566 0.023633
0.594787 0.582086 0.021888
0.649775 0.524517 0.043202
0.654047 0.529628 0.040303
0.648635 0.534128 0.038312
0.655200 0.520106 0.045338
0.660632 0.515747 0.047515
0.664888 0.520791 0.044426
0.659465 0.525183 0.042343
0.638941 0.533505 0.039071
0.644356 0.528983 0.041112
0.643228 0.538685 0.036374
0.640097 0.523868 0.044068
0.641296 0.514390 0.049479
0.646737 0.510047 0.051814
0.645525 0.519437 0.046260
0.632427 0.547971 0.032672
0.633531 0.538083 0.037082
0.637825 0.543300 0.034492
0.485796 0.597576 0.019365
0.490147 0.603516 0.018000
0.484793 0.608822 0.016944
0.491180 0.592352 0.020629
0.496575 0.587171 0.021983
0.500891 0.593028 0.020391
0.495514 0.598252 0.019150
0.475062 0.608161 0.017117
0.480423 0.602846 0.018194
0.479450 0.614172 0.015981
0.476086 0.596855 0.019573
0.477192 0.585677 0.022477
0.482611 0.580545 0.023966
0.481478 0.591628 0.020858
0.468805 0.625013 0.014340
0.469714 0.613524 0.016134
0.474121 0.619569 0.015113
0.452112 0.550265 0.034688
0.456227 0.556098 0.032376
0.450745 0.560980 0.030428
0.457604 0.545491 0.036834
0.463097 0.540763 0.039083
0.467200 0.546473 0.036541
0.461713 0.551264 0.034414
0.441133 0.559948 0.030672
0.446621 0.555082 0.032634
0.445268 0.565917 0.028572
0.442517 0.549221 0.034942
0.443933 0.538707 0.039625
0.449437 0.534068 0.042020
0.448014 0.544465 0.037102
0.434341 0.575967 0.025138
0.435651 0.564868 0.028804
0.439800 0.570912 0.026808
0.496109 0.513477 0.054906
0.500160 0.518763 0.051563
0.494661 0.523251 0.048795
0.501620 0.509111 0.057909
0.507134 0.504796 0.061009
0.511164 0.509937 0.057398
0.505661 0.514325 0.054431
0.485095 0.522362 0.049204
0.490601 0.517893 0.052003
0.489165 0.527794 0.046128
0.486556 0.512588 0.055331
0.488053 0.503068 0.061942
0.493585 0.498851 0.065214
0.492074 0.508245 0.058367
0.478178 0.537031 0.041115
0.479592 0.526884 0.046510
0.483670 0.532387 0.043568
0.408382 0.590413 0.020850
0.412607 0.596840 0.019389
0.407198 0.602264 0.018183
0.413815 0.585158 0.022258
0.419259 0.579984 0.023756
0.423453 0.586259 0.022079
0.418025 0.591508 0.020688
0.397541 0.601216 0.018310
0.402957 0.595761 0.019535
0.401798 0.607796 0.017069
0.398749 0.589252 0.021007
0.400024 0.577582 0.024125
0.405486 0.572502 0.025742
0.404188 0.583990 0.022430
0.391012 0.619254 0.015119
0.392130 0.606793 0.017177
0.396403 0.613452 0.016048
0.480690 0.686588 0.009286
0.485526 0.692002 0.009162
0.480550 0.697195 0.009103
0.485714 0.681337 0.009444
0.490762 0.676071 0.009649
0.495548 0.681552 0.009421
0.490525 0.686786 0.009268
0.470711 0.697031 0.009114
0.475689 0.691821 0.009176
0.475590 0.702373 0.009077
0.470857 0.686379 0.009303
0.471110 0.675567 0.009701
0.476187 0.670253 0.009967
0.475884 0.681109 0.009465
0.465673 0.712711 0.009029
0.465749 0.702229 0.009086
0.470631 0.707546 0.009053
0.343068 0.494878 0.057534
0.347134 0.500306 0.054674
0.341589 0.504395 0.051948
0.348605 0.490898 0.060445
0.354137 0.486961 0.063470
0.358207 0.492258 0.060448
0.352673 0.496261 0.057505
0.331972 0.502967 0.052026
0.337524 0.498901 0.054730
0.336035 0.508526 0.049322
0.333454 0.493475 0.057560
0.334913 0.484216 0.063383
0.340443 0.480362 0.066446
0.338995 0.489516 0.060440
0.324899 0.516918 0.044336
0.326410 0.507075 0.049415
0.330473 0.512700 0.046787
0.508121 0.444881 0.119193
0.512189 0.449035 0.114282
0.506699 0.452528 0.109901
0.513603 0.441452 0.123769
0.519083 0.438021 0.128428
0.523161 0.442096 0.123269
0.517675 0.445559 0.118737
0.497146 0.451766 0.110275
0.502636 0.448315 0.114697
0.501205 0.456046 0.105593
0.498552 0.444156 0.119528
0.499920 0.436705 0.129122
0.505392 0.433347 0.133945
0.504032 0.440773 0.124142
0.490190 0.463188 0.097182
0.491647 0.455242 0.105924
0.495702 0.459597 0.101353
0.474485 0.412744 0.158059
0.478845 0.416784 0.153524
0.473496 0.420053 0.148562
0.479754 0.409260 0.162951
0.484987 0.405596 0.167794
0.489438 0.409817 0.163283
0.484159 0.413380 0.158430
0.463834 0.419268 0.148122
0.469180 0.416070 0.153115
0.468111 0.423213 0.143541
0.464810 0.412045 0.157540
0.465614 0.404494 0.166760
0.470802 0.400814 0.171642
0.470076 0.408647 0.162468
0.457244 0.429394 0.133470
0.458447 0.422365 0.143088
0.462693 0.426304 0.138492
0.515706 0.378699 0.195893
0.520447 0.384011 0.191381
0.515358 0.388903 0.186817
0.520707 0.373297 0.200408
0.525669 0.367613 0.204849
0.530514 0.373465 0.200362
0.525500 0.378869 0.195896
0.505594 0.388693 0.186707
0.510668 0.383830 0.191325
0.510235 0.393548 0.182205
0.505919 0.378594 0.195738
0.506038 0.367519 0.204629
0.510946 0.361606 0.208935
0.510902 0.373205 0.200313
0.499898 0.402121 0.172839
0.500490 0.393291 0.182046
0.505082 0.397951 0.177545
0.593806 0.381102 0.190428
0.598253 0.386680 0.184627
0.593088 0.391655 0.180586
0.598915 0.375632 0.194550
0.603977 0.369935 0.198662
0.608473 0.376140 0.192730
0.603384 0.381502 0.188673
0.583496 0.391334 0.182214
0.588667 0.386337 0.186321
0.587891 0.396422 0.176537
0.584159 0.380754 0.191930
0.584634 0.369067 0.201592
0.589676 0.363002 0.205589
0.589270 0.375228 0.196099
0.577404 0.405342 0.168351
0.578299 0.396096 0.178090
0.582663 0.400981 0.172464
0.555273 0.331807 0.224670
0.560269 0.337782 0.222042
0.555305 0.343807 0.219293
0.560220 0.325961 0.226735
0.565160 0.320215 0.228436
0.570175 0.325914 0.226443
0.565227 0.331809 0.224424
0.545384 0.343715 0.219452
0.550324 0.337732 0.222238
0.550341 0.349854 0.216178
0.545342 0.331779 0.224759
0.545280 0.320283 0.228647
0.550201 0.314727 0.230064
0.550271 0.325972 0.226856
0.540438 0.361880 0.208917
0.540455 0.349727 0.216321
0.545386 0.355890 0.212714
0.419689 0.505283 0.057039
0.423714 0.510702 0.053899
0.418186 0.515010 0.051030
0.425222 0.501100 0.060144
0.430757 0.496969 0.063372
0.434774 0.502235 0.060002
0.429243 0.506443 0.056889
0.408629 0.513795 0.051196
0.414159 0.509516 0.054057
0.412660 0.519367 0.048281
0.410132 0.504087 0.057165
0.411640 0.494643 0.063550
0.417177 0.490612 0.066878
0.415666 0.499930 0.060259
0.401612 0.528214 0.043137
0.403101 0.518121 0.048455
0.407135 0.523769 0.045651
0.387274 0.464284 0.084239
0.391374 0.469186 0.080723
0.385848 0.472906 0.077022
0.392786 0.460709 0.088149
0.398294 0.457210 0.092180
0.402411 0.461949 0.088485
0.396895 0.465533 0.084547
0.376236 0.471642 0.076804
0.381757 0.467931 0.080456
0.380322 0.476682 0.073448
0.377647 0.463021 0.083917
0.379023 0.454670 0.091350
0.384517 0.451244 0.095418
0.383156 0.459448 0.087781
0.369267 0.484381 0.066693
0.370714 0.475405 0.073277
0.374795 0.480508 0.070005
0.431196 0.437634 0.118523
0.435370 0.441879 0.114290
0.429891 0.445074 0.109744
0.436660 0.434552 0.123254
0.442122 0.431493 0.128086
0.446314 0.435602 0.123676
0.440843 0.438726 0.118933
0.420254 0.443917 0.109348
0.425727 0.440751 0.113888
0.424408 0.448320 0.105294
0.421544 0.436473 0.118039
0.422792 0.429257 0.127007
0.428236 0.426311 0.131916
0.427003 0.433429 0.122763
0.413423 0.454997 0.096686
0.414775 0.447140 0.104906
0.418919 0.451626 0.100940
0.559377 0.688087 0.009118
0.564238 0.693318 0.009023
0.559285 0.698344 0.008989
0.564373 0.683012 0.009234
0.569390 0.677927 0.009388
0.574202 0.683221 0.009206
0.569209 0.688277 0.009095
0.549446 0.698200 0.009004
0.554402 0.693151 0.009041
0.554346 0.703364 0.008982
0.549544 0.687897 0.009141
0.549739 0.677456 0.009457
0.554785 0.672318 0.009663
0.554545 0.682799 0.009262
0.544463 0.713426 0.008965
0.544503 0.703242 0.008994
0.549405 0.708392 0.008974
0.521529 0.644361 0.011802
0.526152 0.649998 0.011260
0.520996 0.655263 0.010849
0.526736 0.639065 0.012306
0.531966 0.633759 0.012849
0.536531 0.639452 0.012201
0.531329 0.644729 0.011711
0.511184 0.654939 0.010915
0.516345 0.649651 0.011338
0.515862 0.660526 0.010478
0.511728 0.643988 0.011891
0.512390 0.632920 0.013086
0.517657 0.627563 0.013702
0.516941 0.638670 0.012409
0.505661 0.671048 0.009863
0.506045 0.660226 0.010533
0.510751 0.665787 0.010149
0.563689 0.602112 0.017519
0.568135 0.607777 0.016305
0.562835 0.613010 0.015423
0.569016 0.596932 0.018591
0.574352 0.591783 0.019741
0.578767 0.597397 0.018313
0.573445 0.602572 0.017270
0.553068 0.612561 0.015622
0.558374 0.607322 0.016528
0.557546 0.618268 0.014625
0.553937 0.601632 0.017762
0.554877 0.590785 0.020335
0.560234 0.585665 0.021623
0.559270 0.596447 0.018861
0.547003 0.628858 0.013293
0.547774 0.617827 0.014802
0.552269 0.623551 0.013915
0.727559 0.530261 0.036617
0.731871 0.535287 0.034155
0.726442 0.539597 0.032486
0.732998 0.526023 0.038373
0.738444 0.521826 0.040147
0.742753 0.526809 0.037563
0.737309 0.531026 0.035849
0.716701 0.538876 0.033178
0.722125 0.534544 0.034883
0.721021 0.543956 0.030846
0.717810 0.529501 0.037398
0.718938 0.520235 0.041901
0.724384 0.516041 0.043787
0.723246 0.525243 0.039197
0.710212 0.552834 0.027684
0.711285 0.543259 0.031508
0.715611 0.548368 0.029243
0.693315 0.490526 0.061178
0.697547 0.495417 0.057555
0.692093 0.499547 0.055313
0.698767 0.486451 0.063541
0.704220 0.482403 0.065930
0.708454 0.487251 0.062116
0.703001 0.491320 0.059823
0.682408 0.498777 0.056531
0.687861 0.494634 0.058841
0.686641 0.503711 0.053089
0.683647 0.489758 0.062549
0.684902 0.480870 0.068967
0.690353 0.476845 0.071522
0.689100 0.485675 0.064981
0.675753 0.512160 0.048702
0.676956 0.502956 0.054240
0.681195 0.507914 0.050884
0.676558 0.471421 0.077481
0.680721 0.476117 0.073133
0.675269 0.480142 0.070508
0.682010 0.467456 0.080230
0.687461 0.463515 0.083004
0.691623 0.468150 0.078462
0.686172 0.472121 0.075785
0.710342 0.510253 0.047712
0.714636 0.515237 0.044737
0.709191 0.519447 0.042801
0.715794 0.506102 0.049736
0.721249 0.501980 0.051771
0.725537 0.506926 0.048658
0.720085 0.511066 0.046691
0.546172 0.579478 0.023675
0.550511 0.585128 0.021940
0.545147 0.590250 0.020623
0.551560 0.574431 0.025180
0.556955 0.569427 0.026761
0.561265 0.574997 0.024809
0.555884 0.580043 0.023336
0.503398 0.621237 0.014683
0.507877 0.627104 0.013836
0.502603 0.632483 0.013203
0.508708 0.615883 0.015491
0.514031 0.610568 0.016393
0.518472 0.616396 0.015322
0.513168 0.621732 0.014533
0.540215 0.666617 0.010007
0.544963 0.672061 0.009705
0.539913 0.677222 0.009491
0.545311 0.661424 0.010307
0.550429 0.656225 0.010645
0.555125 0.661722 0.010248
0.550033 0.666895 0.009957
0.414307 0.420982 0.135466
0.418561 0.425110 0.131250
0.413122 0.428016 0.126352
0.419707 0.418172 0.140466
0.425076 0.415340 0.145462
0.429394 0.419373 0.141232
0.423989 0.422233 0.136222
0.370713 0.445265 0.098560
0.374874 0.449945 0.094943
0.369383 0.453371 0.090921
0.376188 0.441983 0.102781
0.381655 0.438777 0.107120
0.385836 0.443314 0.103353
0.380359 0.446591 0.099089
0.403570 0.484269 0.070306
0.407609 0.489423 0.066902
0.402072 0.493429 0.063591
0.409106 0.480389 0.073846
0.414643 0.476559 0.077507
0.418685 0.481564 0.073896
0.413146 0.485467 0.070337
0.535340 0.309345 0.231163
0.540305 0.314739 0.230076
0.535405 0.320272 0.228664
0.540241 0.304100 0.231919
0.545151 0.298996 0.232362
0.550129 0.304074 0.231923
0.545212 0.309339 0.231160
0.575078 0.356377 0.211289
0.579900 0.362723 0.206703
0.574856 0.368797 0.202686
0.580077 0.350195 0.214649
0.585044 0.344037 0.217671
0.589895 0.350410 0.213736
0.584916 0.356567 0.210383
0.496232 0.355933 0.212356
0.501137 0.361718 0.208678
0.496255 0.367629 0.204291
0.501097 0.349821 0.216058
0.505974 0.343718 0.219362
0.510914 0.349621 0.216282
0.506023 0.355689 0.212671
0.456538 0.396024 0.175022
0.461100 0.400283 0.170944
0.455911 0.403851 0.166044
0.461647 0.392113 0.179893
0.466715 0.387921 0.184742
0.471357 0.392446 0.180666
0.466249 0.396492 0.175819
0.491621 0.428674 0.139125
0.495785 0.432667 0.134128
0.490316 0.435971 0.129268
0.497053 0.425400 0.144089
0.502462 0.422046 0.149008
0.506685 0.426016 0.143980
0.501245 0.429349 0.139051
0.326715 0.473784 0.069361
0.330820 0.478974 0.066359
0.325288 0.482809 0.063335
0.332232 0.470046 0.072568
0.337741 0.466349 0.075894
0.341861 0.471426 0.072748
0.336344 0.475179 0.069495
0.461663 0.664285 0.010351
0.466369 0.669958 0.009996
0.461289 0.675293 0.009724
0.466795 0.658916 0.010729
0.471950 0.653545 0.011155
0.476601 0.659270 0.010685
0.471473 0.664617 0.010317
0.391773 0.564882 0.027842
0.395886 0.571207 0.025930
0.390421 0.576273 0.024300
0.397260 0.560007 0.029660
0.402756 0.555203 0.031565
0.406846 0.561322 0.029457
0.401361 0.566226 0.027649
0.480043 0.492894 0.069400
0.484044 0.497951 0.065622
0.478508 0.502145 0.062318
0.485592 0.488827 0.072940
0.491145 0.484808 0.076574
0.495130 0.489714 0.072535
0.489585 0.493808 0.069029
0.435815 0.527336 0.045021
0.439867 0.532997 0.042267
0.434359 0.537611 0.039869
0.441330 0.522846 0.047660
0.446848 0.518406 0.050421
0.450890 0.523915 0.047425
0.445377 0.528430 0.044785
0.468718 0.573787 0.026086
0.472940 0.579727 0.024221
0.467514 0.584857 0.022711
0.474168 0.568764 0.027799
0.479627 0.563792 0.029600
0.483818 0.569617 0.027513
0.478374 0.574648 0.025822
0.632913 0.504405 0.056408
0.637092 0.509379 0.052860
0.631649 0.513734 0.050452
0.638369 0.500135 0.058962
0.643830 0.495911 0.061542
0.647994 0.500812 0.057775
0.642541 0.505072 0.055304
0.589422 0.540333 0.037765
0.593670 0.545653 0.035129
0.588259 0.550423 0.033221
0.594845 0.535660 0.039873
0.600271 0.531040 0.042054
0.604501 0.536270 0.039179
0.599083 0.540935 0.037116
0.624026 0.583481 0.020709
0.628454 0.588942 0.019166
0.623132 0.594006 0.018102
0.629369 0.578493 0.021946
0.634721 0.573555 0.023252
0.639126 0.578947 0.021503
0.633785 0.583921 0.020300
0.568275 0.433263 0.134146
0.572277 0.437288 0.128363
0.566793 0.440880 0.124048
0.573752 0.429689 0.138545
0.579195 0.426046 0.142822
0.583220 0.430056 0.136957
0.577756 0.433681 0.132693
0.524286 0.461850 0.099821
0.528292 0.466260 0.095113
0.522784 0.470026 0.091193
0.529785 0.458203 0.103919
0.535286 0.454595 0.108077
0.539300 0.458870 0.103127
0.533797 0.462543 0.099092
0.556314 0.499245 0.064584
0.560367 0.504217 0.060697
0.554875 0.508563 0.057757
0.561824 0.495006 0.067728
0.567337 0.490810 0.070930
0.571367 0.495659 0.066775
0.565865 0.499916 0.063705
0.611076 0.401692 0.166611
0.615218 0.406250 0.160522
0.609971 0.410457 0.156719
0.616261 0.397225 0.170457
0.621417 0.392680 0.174331
0.625631 0.397628 0.168165
0.620438 0.401970 0.164334
0.643717 0.435953 0.118646
0.647779 0.440205 0.112906
0.642330 0.443972 0.109448
0.649161 0.432214 0.122180
0.654591 0.428474 0.125675
0.658695 0.432723 0.119810
0.653238 0.436459 0.116373
0.600223 0.466585 0.090725
0.604253 0.471062 0.085883
0.598796 0.475052 0.082626
0.605669 0.462677 0.094117
0.611109 0.458795 0.097539
0.615143 0.463186 0.092483
0.609702 0.467108 0.089169
0.666967 0.545110 0.032494
0.671302 0.550311 0.030164
0.665922 0.554941 0.028554
0.672363 0.540568 0.034255
0.677764 0.536082 0.036067
0.682085 0.541222 0.033559
0.676690 0.545738 0.031835
0.512426 0.534916 0.042302
0.516558 0.540389 0.039488
0.511099 0.545145 0.037258
0.517897 0.530273 0.044768
0.523370 0.525685 0.047333
0.527485 0.531034 0.044252
0.522020 0.535685 0.041820
0.425489 0.616026 0.015741
0.429855 0.622365 0.014776
0.424527 0.627967 0.013997
0.430854 0.610516 0.016703
0.436229 0.605083 0.017760
0.440556 0.611331 0.016568
0.435199 0.616813 0.015625
0.500171 0.707882 0.009026
0.505068 0.713087 0.009000
0.500117 0.718184 0.008984
0.505125 0.702757 0.009044
0.510080 0.697632 0.009063
0.514971 0.702877 0.009032
0.510019 0.707983 0.009016
0.359299 0.517013 0.046429
0.363348 0.522730 0.043814
0.357809 0.527086 0.041436
0.364836 0.512767 0.049000
0.370370 0.508562 0.051680
0.374413 0.514143 0.048879
0.368881 0.518415 0.046293
0.534286 0.398948 0.177232
0.538771 0.403635 0.172283
0.533495 0.407720 0.167728
0.539483 0.394491 0.181736
0.544653 0.389825 0.186193
0.549236 0.394918 0.181218
0.544019 0.399376 0.176781
0.447771 0.454937 0.101684
0.451865 0.459418 0.097527
0.446347 0.462946 0.093335
0.453273 0.451551 0.106062
0.458771 0.448216 0.110534
0.462884 0.452541 0.106194
0.457377 0.455952 0.101815
0.581615 0.624754 0.013429
0.586155 0.630396 0.012720
0.580922 0.635668 0.012228
0.586880 0.619492 0.014072
0.592156 0.614252 0.014795
0.596666 0.619864 0.013875
0.591405 0.625120 0.013258
0.668278 0.462211 0.086715
0.666958 0.470744 0.079188
0.662825 0.466135 0.083797
0.672411 0.466785 0.082008
0.671106 0.475414 0.074758
0.701795 0.500340 0.054113
0.700610 0.509454 0.048754
0.696342 0.504488 0.051954
0.706060 0.505286 0.050835
0.704894 0.514441 0.045706
0.537581 0.568212 0.027540
0.536468 0.578884 0.024007
0.532171 0.573216 0.025895
0.541862 0.573838 0.025542
0.540793 0.584564 0.022250
0.494531 0.609441 0.016765
0.493631 0.620718 0.014831
0.489195 0.614781 0.015822
0.498949 0.615349 0.015659
0.498099 0.626630 0.013968
0.530808 0.655585 0.010782
0.530395 0.666340 0.010055
0.525680 0.660825 0.010422
0.535496 0.661125 0.010365
0.535139 0.671805 0.009745
0.405697 0.412722 0.143686
0.404625 0.419634 0.134628
0.400340 0.415456 0.138705
0.410021 0.416865 0.139622
0.408884 0.423819 0.130504
0.362357 0.436018 0.105859
0.361067 0.443909 0.098025
0.356893 0.439233 0.101609
0.366540 0.440625 0.102200
0.365231 0.448620 0.094461
0.395455 0.474154 0.077229
0.393986 0.483040 0.070234
0.389925 0.477942 0.073613
0.399520 0.479181 0.073752
0.398034 0.488202 0.066890
0.525424 0.299010 0.232357
0.525477 0.309346 0.231160
0.520521 0.304112 0.231922
0.530379 0.304104 0.231919
0.530440 0.314735 0.230080
0.565244 0.343882 0.218947
0.565189 0.356232 0.211986
0.560266 0.349983 0.215882
0.570187 0.350088 0.215366
0.570061 0.362521 0.207595
0.486467 0.344596 0.218753
0.486505 0.356348 0.211904
0.481649 0.350800 0.215231
0.491339 0.350215 0.215708
0.491377 0.361975 0.208270
0.447289 0.387389 0.182877
0.446824 0.395468 0.174124
0.442223 0.391217 0.178026
0.451932 0.391723 0.178996
0.451388 0.399682 0.170133
0.483155 0.420776 0.148858
0.481985 0.427941 0.139056
0.477763 0.424001 0.143869
0.487411 0.424729 0.144052
0.486165 0.431932 0.134170
0.318462 0.463540 0.075426
0.317080 0.472360 0.069226
0.312959 0.467204 0.072206
0.322595 0.468641 0.072384
0.321189 0.477561 0.066268
0.452362 0.652728 0.011254
0.451858 0.663935 0.010382
0.447197 0.658149 0.010807
0.456993 0.658542 0.010769
0.456555 0.669648 0.010022
0.383606 0.552449 0.031965
0.382194 0.563468 0.028029
0.378109 0.557177 0.030045
0.387681 0.558625 0.029856
0.386296 0.569840 0.026112
0.472052 0.482967 0.077210
0.470496 0.491942 0.069700
0.466496 0.486933 0.073518
0.476048 0.487899 0.073268
0.474498 0.497013 0.065963
0.427741 0.516186 0.050844
0.426255 0.526193 0.045245
0.422217 0.520571 0.048090
0.431774 0.521731 0.047883
0.430301 0.531874 0.042503
0.460364 0.561965 0.030168
0.459070 0.572877 0.026338
0.454893 0.566914 0.028328
0.464527 0.567863 0.028070
0.463277 0.578861 0.024465
0.624634 0.494585 0.064018
0.623300 0.503748 0.057499
0.619167 0.498819 0.061279
0.628760 0.499473 0.060127
0.627461 0.508721 0.053891
0.580997 0.529798 0.043525
0.579768 0.539728 0.038411
0.575558 0.534432 0.041249
0.585197 0.535047 0.040563
0.584002 0.545061 0.035735
0.615240 0.572589 0.024176
0.614274 0.583028 0.021111
0.609879 0.577553 0.022805
0.619622 0.578029 0.022379
0.618692 0.588514 0.019543
0.560170 0.425223 0.145607
0.558761 0.432793 0.135399
0.554705 0.428782 0.141083
0.564247 0.429261 0.139919
0.562784 0.436827 0.129692
0.516237 0.453243 0.109412
0.514771 0.461137 0.100438
0.510743 0.456800 0.105146
0.520268 0.457513 0.104590
0.518783 0.465544 0.095785
0.548273 0.489468 0.072779
0.546769 0.498549 0.065403
0.542750 0.493625 0.069435
0.552285 0.494328 0.068615
0.550810 0.503530 0.061509
0.602615 0.391958 0.178712
0.601686 0.401504 0.168803
0.597427 0.396708 0.174741
0.606888 0.396948 0.172695
0.605863 0.406069 0.162780
0.635605 0.427555 0.130389
0.634232 0.435496 0.120852
0.630203 0.431332 0.126723
0.639662 0.431741 0.124484
0.638271 0.439707 0.115073
0.592212 0.457892 0.100868
0.590757 0.466082 0.092252
0.586756 0.461727 0.097280
0.596210 0.462193 0.095720
0.594768 0.470523 0.087364
0.658337 0.534765 0.037556
0.657249 0.544494 0.033156
0.652934 0.539299 0.035662
0.662645 0.539928 0.034955
0.661579 0.549709 0.030790
0.504228 0.524101 0.048344
0.502838 0.534115 0.042755
0.498740 0.528661 0.045710
0.508317 0.529486 0.045255
0.506957 0.539611 0.039936
0.416866 0.603257 0.018049
0.415786 0.615205 0.015850
0.411474 0.608748 0.016954
0.421160 0.609655 0.016832
0.420134 0.621625 0.014873
0.490392 0.697348 0.009091
0.490323 0.707777 0.009036
0.485434 0.702509 0.009067
0.495279 0.702636 0.009056
0.495217 0.713001 0.009008
0.351193 0.505804 0.051864
0.349704 0.515593 0.046556
0.345648 0.509959 0.049221
0.355248 0.511372 0.049114
0.353757 0.521302 0.043959
0.525124 0.389150 0.186773
0.524553 0.398583 0.177499
0.519986 0.393817 0.182211
0.529736 0.394125 0.182060
0.529056 0.403212 0.172674
0.439523 0.446174 0.110070
0.438159 0.453882 0.101497
0.434035 0.449449 0.105612
0.443657 0.450524 0.105866
0.442263 0.458379 0.097403
0.572604 0.613441 0.015221
0.571830 0.624370 0.013595
0.567321 0.618693 0.014446
0.577098 0.619101 0.014262
0.576362 0.630037 0.012868
0.719935 0.553484 0.027086
0.714542 0.557981 0.025595
0.725341 0.549043 0.028623
0.709160 0.562532 0.024158
0.703794 0.567137 0.022784
0.741619 0.536036 0.033441
0.736183 0.540321 0.031807
0.747061 0.531797 0.035096
0.730757 0.544656 0.030199
0.554311 0.713511 0.008956
0.549370 0.718530 0.008948
0.559250 0.708496 0.008963
0.544429 0.723551 0.008940
0.539489 0.728572 0.008932
0.574073 0.693482 0.009005
0.569123 0.698489 0.008974
0.579043 0.688457 0.009074
0.564187 0.703488 0.008969
0.317779 0.531373 0.037316
0.460659 0.728197 0.008965
0.384680 0.637662 0.012708
0.635186 0.631905 0.011913
0.629967 0.637142 0.011539
0.640421 0.626671 0.012316
0.624770 0.642363 0.011180
0.619597 0.647565 0.010839
0.656161 0.611161 0.013950
0.650909 0.616295 0.013335
0.661418 0.606067 0.014637
0.645662 0.621466 0.012790
0.677229 0.591065 0.017125
0.671951 0.596017 0.016223
0.682515 0.586166 0.018101
0.666681 0.601019 0.015394
0.698448 0.571805 0.021492
0.693122 0.576534 0.020283
0.687812 0.581322 0.019153
0.421731 0.685193 0.009355
0.514797 0.753570 0.008900
0.509863 0.758533 0.008897
0.519732 0.748592 0.008905
0.504930 0.763479 0.008896
0.500000 0.768407 0.008896
0.534549 0.733588 0.008925
0.529609 0.738599 0.008917
0.524670 0.743601 0.008911
0.350677 0.582500 0.021678
0.594081 0.673271 0.009500
0.589046 0.678351 0.009323
0.599139 0.668171 0.009710
0.584034 0.683413 0.009180
0.614448 0.652748 0.010518
0.609322 0.657910 0.010222
0.604219 0.663051 0.009951
0.297488 0.502635 0.049677
0.293436 0.497086 0.052318
0.301540 0.508243 0.047085
0.289384 0.491592 0.055001
0.285329 0.486145 0.057720
0.313710 0.525484 0.039656
0.309651 0.519660 0.042068
0.305594 0.513916 0.044547
0.436235 0.701743 0.009104
0.431374 0.696283 0.009143
0.441105 0.707145 0.009070
0.426536 0.690770 0.009221
0.455761 0.723009 0.008986
0.450869 0.717774 0.009011
0.445983 0.712487 0.009039
0.363181 0.603465 0.017467
0.358995 0.596434 0.018757
0.367392 0.610501 0.016298
0.354828 0.589437 0.020162
0.380268 0.631155 0.013464
0.375920 0.624441 0.014312
0.371634 0.617517 0.015253
0.398245 0.656254 0.010931
0.393673 0.650189 0.011446
0.402863 0.662209 0.010486
0.389149 0.643999 0.012037
0.416960 0.679554 0.009546
0.412223 0.673849 0.009797
0.407523 0.668070 0.010109
0.475383 0.743514 0.008919
0.470470 0.738446 0.008932
0.480300 0.748548 0.008910
0.465562 0.733342 0.008947
0.495070 0.763478 0.008896
0.490145 0.758527 0.008898
0.485220 0.753552 0.008903
0.330058 0.549542 0.030775
0.325955 0.543377 0.032871
0.334168 0.555844 0.028767
0.321862 0.537329 0.035052
0.346538 0.575649 0.023301
0.342408 0.568907 0.025026
0.338286 0.562299 0.026850
