0.596270 0.578316 0.037726
0.594053 0.589831 0.032551
0.590428 0.583396 0.035116
0.477785 0.432847 0.202183
0.476121 0.437110 0.189204
0.472402 0.434082 0.195875
0.555050 0.391176 0.324782
0.554671 0.401470 0.306796
0.550815 0.396268 0.315677
0.389359 0.461941 0.112962
0.387417 0.469480 0.102977
0.383749 0.464726 0.108201
0.505391 0.672237 0.011950
0.504077 0.685995 0.010924
0.499951 0.678813 0.011367
0.447088 0.553908 0.041560
0.444938 0.566320 0.035603
0.441435 0.559147 0.038641
0.538019 0.490119 0.103417
0.536119 0.497784 0.093560
0.532409 0.493104 0.098708
0.688033 0.511764 0.097517
0.686418 0.519998 0.088252
0.682533 0.515169 0.092892
0.622559 0.450301 0.194491
0.622061 0.455880 0.180873
0.617812 0.452833 0.187825
0.656797 0.427345 0.253483
0.657804 0.433731 0.237798
0.652918 0.430496 0.245755
0.618078 0.394655 0.322131
0.618833 0.404463 0.304327
0.614458 0.399519 0.313531
0.582094 0.469344 0.145252
0.580586 0.475414 0.133588
0.576705 0.471725 0.139638
0.550163 0.444208 0.197974
0.549052 0.448960 0.184657
0.545080 0.446002 0.191483
0.587559 0.426907 0.255904
0.587607 0.432651 0.240375
0.583311 0.429631 0.248251
0.642928 0.541675 0.063610
0.640809 0.551491 0.056228
0.637142 0.545863 0.059921
0.612961 0.501382 0.099547
0.611147 0.509366 0.089929
0.607374 0.504650 0.094860
0.656154 0.477476 0.141580
0.654947 0.484305 0.129995
0.650943 0.480333 0.135915
0.492696 0.517535 0.068999
0.490547 0.527485 0.061065
0.486980 0.521567 0.065199
0.463497 0.476683 0.108218
0.461570 0.484227 0.098192
0.457898 0.479485 0.103454
0.507947 0.458380 0.150033
0.506208 0.464027 0.138388
0.502454 0.460330 0.144502
0.418567 0.502992 0.073024
0.416566 0.512842 0.064744
0.412958 0.506881 0.069084
0.475184 0.612555 0.021448
0.473156 0.626291 0.018227
0.469544 0.618698 0.019791
0.360031 0.428543 0.157270
0.358054 0.434488 0.146242
0.354373 0.430495 0.151815
0.519207 0.421199 0.257565
0.518026 0.426154 0.242550
0.514293 0.423247 0.250182
0.489417 0.390524 0.321605
0.488603 0.398581 0.305229
0.484875 0.394529 0.312999
0.518755 0.338210 0.384876
0.520003 0.352085 0.374176
0.514843 0.345463 0.379730
0.592948 0.338137 0.385638
0.591555 0.352374 0.375093
0.588112 0.344954 0.380791
0.556139 0.291334 0.399174
0.556166 0.301331 0.398836
0.551224 0.296293 0.399073
0.434128 0.444111 0.154720
0.432220 0.449753 0.143185
0.428568 0.445921 0.149171
0.405067 0.417026 0.204962
0.403068 0.421385 0.192272
0.399481 0.418101 0.198648
0.449131 0.410100 0.259054
0.447219 0.414050 0.244800
0.443722 0.411122 0.251985
0.549903 0.622160 0.020923
0.548001 0.635079 0.017944
0.544218 0.628096 0.019392
0.521077 0.567217 0.039255
0.518836 0.579227 0.033759
0.515291 0.572417 0.036542
0.567469 0.530467 0.065569
0.565281 0.540381 0.057966
0.561686 0.534610 0.061874
0.730476 0.486655 0.137372
0.729505 0.494058 0.126519
0.725321 0.489661 0.132169
0.695231 0.454680 0.190836
0.695117 0.461283 0.177127
0.690637 0.457614 0.184232
0.599890 0.584662 0.035004
0.481502 0.435813 0.195406
0.558881 0.396682 0.315731
0.393024 0.466570 0.107651
0.509476 0.679427 0.011383
0.450598 0.560928 0.038365
0.541748 0.494652 0.098153
0.691950 0.516508 0.092764
0.626872 0.453347 0.187409
0.661794 0.430639 0.245407
0.622314 0.399862 0.312792
0.586013 0.472922 0.139110
0.554167 0.447142 0.191015
0.591920 0.430067 0.247911
0.646617 0.547189 0.059801
0.616759 0.505978 0.094492
0.660209 0.481385 0.135528
0.496278 0.523302 0.064744
0.467180 0.481277 0.102855
0.511725 0.461958 0.143835
0.422181 0.508794 0.068571
0.478782 0.620058 0.019745
0.363699 0.432442 0.151598
0.522963 0.424271 0.249836
0.493241 0.394770 0.313725
0.523910 0.344824 0.380133
0.596385 0.345480 0.380804
0.561066 0.296286 0.399081
0.437785 0.447827 0.148642
0.408637 0.420237 0.198476
0.452638 0.413073 0.251810
0.553651 0.629076 0.019351
0.524620 0.573898 0.036311
0.571083 0.536107 0.061543
0.734716 0.491037 0.131555
0.699785 0.458355 0.183562
0.693210 0.481716 0.139671
0.697344 0.485865 0.133701
0.692137 0.488884 0.128337
0.698302 0.478756 0.145275
0.713169 0.469911 0.162718
0.717550 0.473960 0.156101
0.712588 0.476920 0.150366
0.725724 0.517217 0.097026
0.729716 0.521988 0.092454
0.724214 0.525431 0.088052
0.731155 0.513926 0.101577
0.747245 0.504456 0.115452
0.751372 0.509013 0.110478
0.746008 0.512154 0.105928
0.558533 0.573006 0.038362
0.562117 0.579508 0.035540
0.556300 0.584766 0.033049
0.564360 0.567988 0.041155
0.581871 0.553664 0.050356
0.585465 0.559706 0.046943
0.579619 0.564479 0.043880
0.512352 0.617722 0.021167
0.516033 0.624930 0.019533
0.510381 0.631086 0.018083
0.518056 0.611745 0.022861
0.535321 0.594385 0.028645
0.538917 0.601335 0.026479
0.533155 0.607095 0.024572
0.543507 0.674657 0.012001
0.547749 0.681502 0.011446
0.542450 0.687874 0.010993
0.548890 0.668323 0.012690
0.565275 0.649685 0.015451
0.569302 0.656471 0.014415
0.563853 0.662641 0.013500
0.441473 0.425472 0.203895
0.445105 0.428528 0.197246
0.439650 0.429669 0.191112
0.446931 0.424455 0.210250
0.463260 0.421514 0.230195
0.466840 0.424281 0.223054
0.461422 0.425320 0.216370
0.397191 0.436341 0.156307
0.400840 0.440137 0.150418
0.395225 0.442118 0.144960
0.402797 0.434592 0.161956
0.419509 0.430097 0.179437
0.423160 0.433489 0.173200
0.417610 0.434958 0.167377
0.426424 0.469376 0.110702
0.430086 0.474003 0.105319
0.424479 0.476919 0.100644
0.432022 0.466729 0.115575
0.448774 0.459537 0.130772
0.452448 0.463647 0.124981
0.446869 0.466049 0.119916
0.556255 0.337483 0.385383
0.560826 0.344450 0.380609
0.556120 0.351470 0.374925
0.561050 0.330767 0.389386
0.575795 0.312154 0.397041
0.580506 0.318093 0.395238
0.575582 0.324294 0.392689
0.587034 0.392944 0.324338
0.590798 0.398528 0.315025
0.586796 0.403440 0.306207
0.591316 0.387395 0.333482
0.604923 0.368453 0.360093
0.607668 0.375873 0.351077
0.603320 0.382004 0.342229
0.522377 0.390400 0.324044
0.526324 0.395462 0.315233
0.521940 0.400054 0.306392
0.526537 0.385020 0.333291
0.538570 0.365598 0.360529
0.543006 0.372519 0.352113
0.538896 0.379036 0.342958
0.484506 0.416560 0.258584
0.488111 0.419518 0.251119
0.482884 0.420920 0.243932
0.489643 0.414751 0.266019
0.504446 0.407159 0.289479
0.508115 0.410949 0.281367
0.503267 0.413633 0.273526
0.514012 0.439216 0.200052
0.517853 0.442156 0.193123
0.512605 0.443682 0.186941
0.519201 0.437703 0.206505
0.534418 0.432801 0.227069
0.538301 0.435600 0.219604
0.533280 0.437329 0.212670
0.352198 0.454521 0.115037
0.355882 0.459160 0.109817
0.350256 0.462030 0.105189
0.357825 0.451872 0.119820
0.374699 0.444554 0.134779
0.378363 0.448749 0.129250
0.372743 0.451188 0.124238
0.467613 0.669012 0.011862
0.471508 0.676634 0.011290
0.465988 0.683424 0.010814
0.473153 0.662304 0.012598
0.489818 0.642645 0.015550
0.493605 0.650140 0.014444
0.488064 0.656658 0.013471
0.410495 0.546565 0.042729
0.414022 0.553745 0.039399
0.408413 0.559302 0.036449
0.416087 0.541437 0.045921
0.432936 0.527182 0.056063
0.436494 0.533643 0.052193
0.430858 0.538391 0.048846
0.500704 0.483656 0.105845
0.504415 0.488214 0.100506
0.498786 0.491227 0.095886
0.506306 0.480915 0.110679
0.523018 0.473321 0.125792
0.526776 0.477335 0.120006
0.521211 0.479904 0.114969
0.455563 0.510438 0.070927
0.459152 0.516237 0.066579
0.453476 0.520365 0.062831
0.461226 0.506598 0.074893
0.478192 0.495914 0.087505
0.481841 0.501091 0.082652
0.476176 0.504666 0.078463
0.483924 0.560844 0.040368
0.487436 0.567715 0.037297
0.481704 0.573085 0.034649
0.489664 0.555767 0.043308
0.506940 0.541421 0.052853
0.510475 0.547714 0.049196
0.504702 0.552496 0.046036
0.650465 0.506562 0.098331
0.654314 0.511235 0.093423
0.648740 0.514710 0.088851
0.655969 0.503270 0.103148
0.672226 0.493783 0.118221
0.676199 0.498127 0.112783
0.670792 0.501299 0.107790
0.605137 0.536209 0.064362
0.608781 0.541783 0.060456
0.602969 0.546087 0.056898
0.610909 0.532134 0.068150
0.628061 0.520571 0.080301
0.631799 0.525686 0.075894
0.626085 0.529546 0.071838
0.634198 0.583418 0.037324
0.637847 0.589692 0.034664
0.631992 0.594792 0.032228
0.640061 0.578493 0.040067
0.657653 0.564285 0.049204
0.661323 0.570167 0.045962
0.655455 0.574906 0.042910
0.586414 0.448021 0.196260
0.590585 0.450955 0.189214
0.585615 0.453092 0.182758
0.591242 0.445841 0.203032
0.605087 0.438766 0.224403
0.609479 0.441590 0.216695
0.604916 0.444079 0.209563
0.544960 0.464302 0.147470
0.548803 0.467843 0.141309
0.543339 0.470114 0.135819
0.550345 0.462202 0.153141
0.566203 0.456153 0.170806
0.570203 0.459292 0.164276
0.564927 0.461369 0.158371
0.575449 0.496017 0.101320
0.579214 0.500567 0.096144
0.573577 0.503823 0.091567
0.581040 0.492998 0.106141
0.597641 0.484370 0.121338
0.601489 0.488428 0.115668
0.595967 0.491354 0.110608
0.621868 0.427326 0.254405
0.626560 0.430382 0.246408
0.622475 0.433385 0.238831
0.625739 0.424033 0.262195
0.636629 0.413233 0.286337
0.641650 0.417020 0.277968
0.638070 0.420561 0.269920
0.658751 0.452227 0.193170
0.663207 0.455596 0.185995
0.658478 0.458345 0.179428
0.663318 0.449419 0.200042
0.676469 0.440647 0.221426
0.681244 0.444060 0.213571
0.676878 0.447037 0.206467
0.619176 0.473528 0.143194
0.623152 0.477221 0.137091
0.617815 0.479962 0.131558
0.624401 0.470894 0.148943
0.639622 0.463014 0.167018
0.643804 0.466455 0.160477
0.638754 0.469138 0.154426
0.680882 0.546886 0.063333
0.684629 0.552330 0.059589
0.678839 0.556609 0.055979
0.686620 0.542827 0.067183
0.703613 0.531268 0.079422
0.707473 0.536344 0.075255
0.701815 0.540184 0.071168
0.529993 0.524253 0.067130
0.533582 0.529956 0.062985
0.527812 0.534196 0.059370
0.535733 0.520280 0.070969
0.552861 0.509144 0.083234
0.556537 0.514269 0.078573
0.550821 0.517999 0.074491
0.438465 0.606616 0.021686
0.442001 0.614317 0.019910
0.436384 0.620657 0.018299
0.444093 0.600479 0.023571
0.461085 0.582658 0.029947
0.464577 0.590100 0.027551
0.458897 0.596038 0.025458
0.501177 0.725161 0.009466
0.505779 0.731096 0.009328
0.500632 0.736740 0.009209
0.506400 0.719190 0.009636
0.522218 0.700405 0.010325
0.526626 0.707071 0.010077
0.521380 0.713293 0.009846
0.381634 0.495340 0.075168
0.385302 0.501086 0.070632
0.379731 0.505074 0.066693
0.387219 0.491628 0.079287
0.404007 0.481275 0.092175
0.407658 0.486477 0.087201
0.402060 0.489931 0.082921
0.553484 0.424427 0.256843
0.557503 0.427650 0.249010
0.552861 0.429889 0.241467
0.557965 0.421712 0.264672
0.570713 0.411639 0.289254
0.574809 0.415918 0.280684
0.570667 0.419323 0.272519
0.470966 0.451524 0.152442
0.474679 0.455162 0.146303
0.469137 0.457130 0.140816
0.476466 0.449774 0.158091
0.492791 0.445048 0.175539
0.496579 0.448247 0.169061
0.491152 0.449852 0.163263
0.587742 0.626087 0.020748
0.591548 0.632761 0.019222
0.585917 0.638527 0.017847
0.593462 0.620464 0.022358
0.610825 0.604056 0.027890
0.614496 0.610626 0.025868
0.608701 0.616057 0.024034
0.676319 0.466180 0.165239
0.675607 0.472759 0.152679
0.671385 0.469002 0.159163
0.680601 0.469903 0.158607
0.688052 0.484692 0.134169
0.709594 0.498844 0.116911
0.708286 0.506517 0.106840
0.704270 0.501986 0.111940
0.713647 0.503326 0.111684
0.720255 0.520593 0.092524
0.544283 0.547793 0.051452
0.542027 0.558745 0.044816
0.538475 0.552448 0.048209
0.547839 0.553962 0.047919
0.552715 0.578151 0.035712
0.498001 0.588873 0.029261
0.495811 0.601944 0.025001
0.492260 0.594652 0.027124
0.501543 0.596076 0.026984
0.506676 0.623800 0.019587
0.527378 0.646519 0.015492
0.525797 0.660002 0.013484
0.521838 0.652841 0.014428
0.531292 0.653651 0.014423
0.538156 0.681037 0.011430
0.427287 0.413515 0.231286
0.425259 0.417305 0.217683
0.421752 0.414296 0.224542
0.430775 0.416472 0.224312
0.436010 0.426529 0.197655
0.382638 0.421903 0.180284
0.380630 0.426994 0.168399
0.376996 0.423385 0.174361
0.386262 0.425422 0.174221
0.391573 0.438218 0.150758
0.411794 0.452049 0.133030
0.409844 0.458611 0.122266
0.406187 0.454334 0.127854
0.415448 0.456214 0.127345
0.420821 0.472151 0.105926
0.536660 0.312222 0.396960
0.536972 0.324312 0.392548
0.531941 0.318193 0.395078
0.541657 0.318077 0.395101
0.551583 0.344382 0.380561
0.573016 0.366262 0.360876
0.571863 0.380087 0.343295
0.568206 0.373180 0.352375
0.576547 0.373535 0.352354
0.582869 0.398130 0.315339
0.504678 0.367709 0.358066
0.505798 0.380025 0.340887
0.501333 0.374559 0.349027
0.509442 0.373692 0.350213
0.518086 0.395285 0.315027
0.470202 0.403544 0.288707
0.468583 0.408916 0.273573
0.465047 0.405644 0.281039
0.473762 0.406964 0.281158
0.479289 0.418086 0.251299
0.499018 0.427874 0.228870
0.497462 0.431963 0.214771
0.493775 0.429153 0.221972
0.502706 0.430638 0.221513
0.508775 0.440689 0.193755
0.337437 0.436961 0.136231
0.335497 0.443659 0.126008
0.331802 0.439309 0.131276
0.341132 0.441220 0.130896
0.346568 0.457273 0.110343
0.452711 0.637784 0.015549
0.450756 0.652323 0.013387
0.447109 0.644377 0.014386
0.456349 0.645658 0.014409
0.462070 0.675793 0.011253
0.396209 0.519430 0.057793
0.394245 0.530701 0.050293
0.390649 0.523982 0.054183
0.399805 0.525952 0.053782
0.404906 0.551921 0.039630
0.485821 0.466699 0.128357
0.483964 0.473210 0.117485
0.480251 0.469021 0.123164
0.489543 0.470759 0.122566
0.495092 0.486518 0.101108
0.441055 0.488719 0.089790
0.439068 0.497436 0.080626
0.435431 0.492082 0.085441
0.444700 0.493920 0.084856
0.449898 0.514407 0.067064
0.469833 0.534521 0.054410
0.467656 0.545683 0.047403
0.464129 0.539137 0.051026
0.473368 0.540907 0.050654
0.478197 0.566070 0.037557
0.634941 0.489070 0.119566
0.633379 0.496339 0.108944
0.629506 0.492058 0.114367
0.638841 0.493266 0.114017
0.644921 0.509932 0.093633
0.590420 0.515054 0.081549
0.588395 0.523972 0.072949
0.584714 0.518735 0.077359
0.594124 0.520154 0.077005
0.599344 0.540395 0.060689
0.619669 0.559105 0.049605
0.617439 0.569802 0.043252
0.613821 0.563744 0.046425
0.623293 0.565061 0.046291
0.628342 0.588435 0.034734
0.569759 0.436499 0.225862
0.569099 0.441400 0.211144
0.564993 0.438527 0.218592
0.573901 0.439357 0.218246
0.581490 0.450129 0.189658
0.529479 0.451204 0.172982
0.528022 0.456163 0.160665
0.524169 0.452932 0.167095
0.533361 0.454334 0.166473
0.539531 0.466461 0.141899
0.560269 0.479167 0.123418
0.558524 0.485915 0.112632
0.554735 0.481777 0.118242
0.564077 0.483187 0.117693
0.569832 0.499132 0.096617
0.603414 0.413093 0.287969
0.604096 0.420780 0.271236
0.599598 0.417012 0.279705
0.607928 0.417113 0.279315
0.617874 0.430451 0.246755
0.640538 0.439434 0.223044
0.640725 0.445331 0.208130
0.636196 0.442256 0.215627
0.645143 0.442526 0.215397
0.654096 0.454982 0.186426
0.602991 0.460039 0.168820
0.601917 0.465641 0.156299
0.597876 0.462358 0.162756
0.607077 0.463233 0.162245
0.613881 0.476186 0.137565
0.665783 0.525929 0.079634
0.663888 0.534916 0.071272
0.660121 0.529711 0.075441
0.669579 0.531036 0.075344
0.675115 0.551057 0.059606
0.515471 0.502775 0.085278
0.513431 0.511568 0.076388
0.509794 0.506256 0.081036
0.519127 0.507928 0.080498
0.524240 0.528350 0.063398
0.424498 0.576029 0.030593
0.422268 0.589891 0.025805
0.418807 0.582152 0.028150
0.427967 0.583657 0.028076
0.432824 0.612920 0.019917
0.483648 0.698815 0.010252
0.482510 0.712224 0.009796
0.478216 0.705428 0.009998
0.487877 0.705817 0.010020
0.495982 0.730985 0.009323
0.366924 0.473822 0.094465
0.365002 0.482395 0.085156
0.361316 0.477092 0.090051
0.370604 0.478983 0.089488
0.376056 0.499172 0.071124
0.537862 0.409439 0.289389
0.537180 0.416755 0.272889
0.533358 0.412969 0.281057
0.541709 0.413544 0.281038
0.548884 0.426861 0.249182
0.456133 0.437956 0.177671
0.454356 0.442716 0.165488
0.450667 0.439354 0.171810
0.459834 0.441215 0.171268
0.465442 0.453374 0.146883
0.572954 0.599354 0.028190
0.570814 0.611674 0.024252
0.567151 0.604922 0.026191
0.576601 0.606048 0.026113
0.582060 0.631817 0.019250
0.576420 0.637662 0.017868
0.574796 0.650383 0.015445
0.570824 0.643625 0.016602
0.580333 0.644401 0.016588
0.584324 0.651121 0.015438
0.582977 0.663816 0.013512
0.578846 0.657115 0.014416
0.568791 0.624157 0.020826
0.572575 0.630916 0.019280
0.566928 0.636836 0.017891
0.574517 0.618398 0.022452
0.580275 0.612740 0.024191
0.583986 0.619417 0.022403
0.578263 0.625108 0.020785
0.561370 0.610583 0.024322
0.559338 0.623177 0.020872
0.555620 0.616325 0.022566
0.565058 0.617380 0.022506
0.563103 0.630016 0.019314
0.459898 0.455326 0.141414
0.458020 0.461365 0.130150
0.454341 0.457377 0.136041
0.463583 0.459195 0.135429
0.467275 0.463167 0.129538
0.465396 0.469675 0.118668
0.461705 0.465462 0.124357
0.452534 0.447883 0.153604
0.456216 0.451554 0.147476
0.450667 0.453494 0.142019
0.458049 0.446169 0.159223
0.463541 0.444555 0.164929
0.467252 0.447989 0.158652
0.461745 0.449720 0.153020
0.445177 0.440837 0.166034
0.443330 0.446015 0.154176
0.439664 0.442420 0.160340
0.448854 0.444313 0.159792
0.446999 0.449704 0.148068
0.544165 0.429041 0.241673
0.543248 0.433803 0.226748
0.539338 0.431007 0.234300
0.548105 0.431926 0.234046
0.552079 0.434754 0.226459
0.551171 0.439485 0.211881
0.547192 0.436626 0.219256
0.536382 0.422917 0.257111
0.540257 0.426054 0.249351
0.535463 0.428155 0.241901
0.541040 0.420320 0.264865
0.545588 0.417394 0.272836
0.549512 0.421015 0.264777
0.544941 0.423683 0.256972
0.528743 0.416087 0.272979
0.527804 0.422098 0.257303
0.524024 0.418822 0.265153
0.532543 0.419600 0.264980
0.531618 0.425200 0.249559
0.370483 0.503142 0.067152
0.368600 0.513561 0.059015
0.364910 0.507272 0.063244
0.374166 0.509224 0.062824
0.377832 0.515514 0.058626
0.375921 0.526810 0.050965
0.372272 0.520074 0.054919
0.363092 0.491514 0.076194
0.366789 0.497246 0.071610
0.361209 0.501186 0.067605
0.368687 0.487846 0.080362
0.374283 0.484289 0.084603
0.377960 0.489742 0.079827
0.372371 0.493438 0.075682
0.355705 0.480474 0.085710
0.353794 0.489555 0.076708
0.350092 0.483966 0.081436
0.359398 0.485922 0.080898
0.357501 0.495288 0.072095
0.490818 0.736670 0.009204
0.490431 0.747648 0.009039
0.485686 0.742225 0.009109
0.495516 0.742254 0.009113
0.500275 0.747623 0.009041
0.500083 0.757910 0.008954
0.495232 0.752869 0.008987
0.481637 0.724798 0.009448
0.486188 0.730856 0.009315
0.481005 0.736585 0.009198
0.486910 0.718739 0.009615
0.492215 0.712532 0.009811
0.496652 0.718976 0.009627
0.491405 0.724988 0.009458
0.472814 0.711894 0.009776
0.471875 0.724593 0.009436
0.467447 0.718209 0.009584
0.477176 0.718483 0.009601
0.476398 0.730713 0.009307
0.427134 0.619453 0.018267
0.424962 0.634089 0.015443
0.421359 0.626269 0.016741
0.430718 0.627227 0.016808
0.434302 0.635101 0.015506
0.432219 0.649922 0.013299
0.428582 0.641976 0.014297
0.420031 0.604041 0.021677
0.423567 0.611736 0.019887
0.417775 0.618510 0.018197
0.425759 0.597579 0.023659
0.431444 0.591321 0.025759
0.434945 0.598963 0.023632
0.429279 0.605240 0.021701
0.413067 0.588554 0.025819
0.410724 0.603008 0.021617
0.407264 0.595201 0.023604
0.416530 0.596329 0.023649
0.414228 0.610766 0.019819
0.518477 0.532573 0.059774
0.516253 0.543075 0.052472
0.512709 0.536929 0.056258
0.522034 0.538569 0.055864
0.525583 0.544681 0.052112
0.523331 0.555696 0.045389
0.519793 0.549333 0.048847
0.511325 0.520958 0.068044
0.514908 0.526702 0.063835
0.509155 0.530906 0.060199
0.517051 0.517029 0.071902
0.522765 0.513230 0.075877
0.526388 0.518674 0.071423
0.520654 0.522627 0.067576
0.504104 0.509874 0.076910
0.502005 0.519258 0.068522
0.498404 0.513635 0.072900
0.507724 0.515346 0.072399
0.505588 0.525015 0.064288
0.669320 0.555348 0.056006
0.667181 0.565532 0.049162
0.663497 0.559758 0.052538
0.673022 0.561011 0.052502
0.676718 0.566765 0.049141
0.674543 0.577337 0.042862
0.670863 0.571394 0.045934
0.661890 0.544298 0.063422
0.665609 0.549776 0.059648
0.659807 0.554076 0.056057
0.667642 0.540214 0.067251
0.673360 0.536235 0.071203
0.677128 0.541523 0.067203
0.671384 0.545596 0.063364
0.654421 0.533597 0.071368
0.652402 0.542995 0.063504
0.648689 0.537586 0.067423
0.658161 0.538904 0.067326
0.656108 0.548489 0.059714
0.608520 0.478877 0.132048
0.606974 0.485557 0.120842
0.603103 0.481604 0.126639
0.612418 0.482736 0.126139
0.616301 0.486729 0.120373
0.614679 0.493855 0.109697
0.610832 0.489641 0.115192
0.600655 0.471537 0.144221
0.604601 0.475145 0.138082
0.599217 0.477773 0.132564
0.605933 0.469035 0.149944
0.611139 0.466538 0.155773
0.615171 0.469968 0.149420
0.609920 0.472545 0.143695
0.592685 0.464673 0.156809
0.591380 0.470470 0.144735
0.587424 0.466998 0.150975
0.596683 0.468048 0.150464
0.595312 0.474061 0.138598
0.649356 0.457692 0.179813
0.648775 0.463765 0.166666
0.644532 0.460366 0.173341
0.653667 0.461065 0.172985
0.657939 0.464541 0.166270
0.657157 0.470903 0.153663
0.652984 0.467278 0.160105
0.640626 0.451206 0.193831
0.645009 0.454411 0.186760
0.640253 0.457072 0.180137
0.645218 0.448478 0.200773
0.649717 0.445688 0.207870
0.654253 0.448923 0.200463
0.649676 0.451695 0.193540
0.631753 0.445011 0.208387
0.631589 0.450745 0.194127
0.627208 0.447693 0.201343
0.636206 0.448072 0.201035
0.635938 0.453870 0.187062
0.613746 0.433413 0.239228
0.613932 0.438986 0.223992
0.609481 0.436184 0.231784
0.618266 0.436256 0.231369
0.622773 0.439107 0.223588
0.622800 0.444715 0.208719
0.618372 0.441813 0.216270
0.604672 0.427435 0.255177
0.609209 0.430496 0.247156
0.605018 0.433324 0.239626
0.608663 0.424244 0.262943
0.612532 0.420780 0.270853
0.617188 0.424155 0.262550
0.613268 0.427445 0.254795
0.595691 0.420613 0.271610
0.596100 0.427247 0.255551
0.591682 0.423908 0.263683
0.600157 0.424156 0.263319
0.600553 0.430364 0.247540
0.564195 0.502352 0.092035
0.562235 0.510666 0.082781
0.558537 0.505688 0.087573
0.567915 0.507186 0.087113
0.571622 0.512163 0.082347
0.569585 0.521047 0.073676
0.565918 0.515787 0.078147
0.556710 0.493126 0.102330
0.560459 0.497666 0.097110
0.554825 0.500856 0.092522
0.562304 0.490183 0.107155
0.567878 0.487334 0.112098
0.571669 0.491607 0.106640
0.566074 0.494586 0.101816
0.549182 0.484467 0.113183
0.547358 0.491636 0.102863
0.543609 0.487244 0.108241
0.552951 0.488728 0.107689
0.551098 0.496172 0.097621
0.534055 0.468683 0.136423
0.532321 0.474852 0.125160
0.528549 0.470966 0.131049
0.537843 0.472446 0.130432
0.541626 0.476328 0.124559
0.539852 0.482986 0.113754
0.536089 0.478857 0.119394
0.526454 0.461480 0.148695
0.530262 0.465026 0.142514
0.524774 0.467194 0.137056
0.531869 0.459491 0.154322
0.537236 0.457554 0.160053
0.541104 0.460874 0.153719
0.535706 0.462922 0.148067
0.518808 0.454694 0.161317
0.517201 0.459964 0.149357
0.513399 0.456506 0.155634
0.522635 0.458037 0.154964
0.520994 0.463526 0.143164
0.576475 0.452174 0.183222
0.575415 0.457235 0.170299
0.571376 0.454173 0.176942
0.580557 0.455178 0.176456
0.584621 0.458248 0.169803
0.583442 0.463637 0.157317
0.579438 0.460385 0.163759
0.568287 0.446280 0.197113
0.572382 0.449212 0.190107
0.567323 0.451175 0.183692
0.573223 0.444288 0.203845
0.578063 0.442229 0.210764
0.582238 0.445115 0.203440
0.577357 0.447196 0.196686
0.560130 0.440483 0.211514
0.559219 0.445283 0.197541
0.555183 0.442373 0.204646
0.564199 0.443373 0.204246
0.563268 0.448216 0.190558
0.622492 0.593548 0.032296
0.620315 0.605259 0.027830
0.616653 0.598755 0.030014
0.626147 0.599982 0.029950
0.629813 0.606478 0.027774
0.627685 0.618403 0.023941
0.623989 0.611819 0.025816
0.615212 0.580879 0.037500
0.618847 0.587179 0.034814
0.613002 0.592308 0.032372
0.621066 0.575939 0.040246
0.626922 0.571101 0.043138
0.630557 0.577220 0.040149
0.624699 0.582151 0.037406
0.607969 0.568491 0.043383
0.605735 0.579601 0.037606
0.602117 0.573349 0.040482
0.611586 0.574649 0.040356
0.609364 0.585923 0.034903
0.593533 0.544699 0.057129
0.591307 0.555049 0.050136
0.587707 0.549122 0.053683
0.597143 0.550509 0.053457
0.600750 0.556416 0.049938
0.598509 0.567169 0.043531
0.594906 0.561066 0.046751
0.586286 0.533397 0.064914
0.589915 0.538994 0.060949
0.584103 0.543295 0.057382
0.592059 0.529334 0.068708
0.597811 0.525384 0.072624
0.601482 0.530739 0.068413
0.595709 0.534812 0.064625
0.578985 0.522529 0.073299
0.576871 0.531951 0.065228
0.573236 0.526440 0.069372
0.582643 0.527906 0.069026
0.580493 0.537570 0.061232
0.639338 0.513387 0.089060
0.637480 0.521930 0.080082
0.633717 0.516930 0.084616
0.643129 0.518273 0.084402
0.646906 0.523276 0.079901
0.644966 0.532266 0.071487
0.641231 0.527044 0.075706
0.631711 0.503982 0.098858
0.635532 0.508621 0.093878
0.629938 0.512051 0.089310
0.637240 0.500744 0.103679
0.642728 0.497577 0.108629
0.646603 0.502010 0.103399
0.641087 0.505276 0.098576
0.624030 0.495098 0.109299
0.622336 0.502684 0.099181
0.618514 0.498201 0.104360
0.627877 0.499475 0.103998
0.626145 0.507302 0.094165
0.472481 0.571446 0.034881
0.470276 0.584275 0.029772
0.466777 0.576975 0.032343
0.475984 0.578603 0.032139
0.479491 0.585851 0.029600
0.477298 0.599084 0.025230
0.473778 0.591661 0.027407
0.465470 0.557440 0.040954
0.468978 0.564390 0.037822
0.463280 0.569773 0.035118
0.471175 0.552360 0.043944
0.476892 0.547429 0.047056
0.480411 0.554079 0.043624
0.474688 0.559158 0.040659
0.458435 0.543909 0.047754
0.456270 0.555694 0.041253
0.452754 0.548832 0.044598
0.461956 0.550612 0.044267
0.459778 0.562676 0.038090
0.444236 0.518515 0.063301
0.442143 0.529059 0.055639
0.438580 0.522769 0.059635
0.447805 0.524634 0.059185
0.451361 0.530913 0.055218
0.449230 0.542098 0.048116
0.445693 0.535505 0.051798
0.437050 0.506751 0.071963
0.440651 0.512555 0.067561
0.435003 0.516645 0.063778
0.442693 0.502945 0.075958
0.448335 0.499273 0.080061
0.451957 0.504782 0.075418
0.446304 0.508603 0.071440
0.429807 0.495585 0.081196
0.427805 0.504881 0.072491
0.424184 0.499225 0.077058
0.433435 0.501094 0.076506
0.431412 0.510684 0.068064
0.489467 0.489510 0.096471
0.487499 0.497661 0.086956
0.483834 0.492641 0.091935
0.493147 0.494374 0.091369
0.496815 0.499388 0.086401
0.494785 0.508157 0.077431
0.491150 0.502833 0.082117
0.482080 0.480222 0.107045
0.485777 0.484795 0.101699
0.480158 0.487772 0.097045
0.487677 0.477519 0.111913
0.493266 0.474935 0.116880
0.496987 0.479232 0.111305
0.491387 0.481952 0.106452
0.474674 0.471454 0.118072
0.472783 0.478462 0.107626
0.469089 0.474008 0.113089
0.478377 0.475777 0.112504
0.476473 0.483048 0.102277
0.399308 0.557531 0.036627
0.397089 0.571312 0.030856
0.393676 0.563453 0.033718
0.402779 0.565136 0.033600
0.406219 0.572869 0.030789
0.403850 0.587294 0.025802
0.400470 0.579289 0.028220
0.392261 0.542786 0.043279
0.395802 0.550075 0.039858
0.390214 0.555749 0.036796
0.397819 0.537609 0.046563
0.403384 0.532661 0.049928
0.406948 0.539535 0.046241
0.401374 0.544687 0.043005
0.385095 0.528751 0.050641
0.383139 0.540897 0.043533
0.379544 0.533757 0.047166
0.388690 0.535677 0.046877
0.386699 0.548227 0.040072
0.456516 0.682649 0.010772
0.454869 0.697234 0.010154
0.450933 0.689604 0.010403
0.460446 0.690301 0.010448
0.464447 0.697801 0.010192
0.463127 0.711539 0.009754
0.458929 0.704559 0.009943
0.448872 0.667033 0.011782
0.452656 0.674894 0.011209
0.447066 0.681818 0.010723
0.454460 0.660223 0.012535
0.460040 0.653503 0.013417
0.463793 0.661296 0.012569
0.458230 0.668054 0.011825
0.441501 0.651079 0.013352
0.439541 0.665949 0.011732
0.435868 0.657923 0.012444
0.445156 0.659086 0.012494
0.443268 0.673933 0.011159
0.340937 0.460123 0.105734
0.338997 0.468083 0.096162
0.335305 0.463080 0.101198
0.344626 0.465005 0.100639
0.348319 0.470019 0.095596
0.346391 0.478523 0.086266
0.342692 0.473230 0.091179
0.333558 0.450730 0.116032
0.337248 0.455369 0.110867
0.331615 0.458213 0.106275
0.339189 0.448096 0.120760
0.344822 0.445561 0.125581
0.348511 0.449992 0.120294
0.342879 0.452631 0.115536
0.326170 0.441755 0.126429
0.324235 0.448834 0.116522
0.320539 0.444300 0.121677
0.329866 0.446195 0.121221
0.327926 0.453469 0.111386
0.503489 0.442140 0.187585
0.501966 0.446701 0.174932
0.498160 0.443586 0.181517
0.507310 0.445190 0.180885
0.511141 0.448286 0.174275
0.509591 0.453147 0.161991
0.505778 0.449883 0.168424
0.495915 0.436169 0.201236
0.499689 0.439132 0.194370
0.494368 0.440521 0.188180
0.501195 0.434825 0.207673
0.506432 0.433453 0.214245
0.510202 0.436314 0.207092
0.504968 0.437735 0.200667
0.488478 0.430397 0.215215
0.486855 0.434533 0.201729
0.483145 0.431622 0.208626
0.492176 0.433256 0.208182
0.490597 0.437501 0.194917
0.474001 0.419379 0.244149
0.472235 0.423229 0.229891
0.468653 0.420502 0.237116
0.477587 0.422136 0.236855
0.481193 0.424851 0.229587
0.479473 0.428772 0.215613
0.475839 0.425978 0.222710
0.466871 0.413603 0.258807
0.470429 0.416543 0.251465
0.465091 0.417728 0.244366
0.472137 0.412086 0.266121
0.477332 0.410279 0.273606
0.480913 0.413481 0.266078
0.475706 0.415144 0.258695
0.459805 0.407400 0.273557
0.458010 0.411923 0.258928
0.454495 0.408871 0.266238
0.463328 0.410553 0.266172
0.461543 0.414875 0.251636
0.513667 0.399741 0.306268
0.512846 0.407822 0.289452
0.509126 0.403719 0.297750
0.517455 0.404201 0.297793
0.521215 0.408407 0.289396
0.520278 0.415359 0.273129
0.516557 0.411698 0.281232
0.505923 0.390406 0.323215
0.509838 0.395118 0.314757
0.505371 0.399396 0.306069
0.510065 0.385308 0.332364
0.513982 0.379539 0.341721
0.518283 0.385115 0.332904
0.514145 0.390380 0.323707
0.497687 0.380670 0.339715
0.497679 0.390468 0.322492
0.493706 0.385950 0.330517
0.501878 0.385596 0.331564
0.501566 0.394951 0.314332
0.578795 0.403010 0.306497
0.578856 0.412159 0.289020
0.574768 0.407535 0.297799
0.582838 0.408007 0.297532
0.587014 0.412581 0.288716
0.587321 0.420303 0.271960
0.583042 0.416400 0.280404
0.571138 0.392062 0.324768
0.574908 0.397673 0.315579
0.570786 0.402509 0.306707
0.575477 0.386541 0.333940
0.579991 0.380495 0.343192
0.583457 0.386972 0.333755
0.579119 0.392522 0.324596
0.563663 0.379695 0.343300
0.563109 0.391590 0.324818
0.559310 0.385689 0.334009
0.567412 0.386101 0.334028
0.566913 0.397176 0.315713
0.547064 0.351401 0.374857
0.547206 0.365627 0.360674
0.542724 0.358489 0.368201
0.551573 0.358548 0.368297
0.555823 0.365762 0.360771
0.555444 0.379373 0.343242
0.551433 0.372646 0.352244
0.537435 0.337503 0.385274
0.542335 0.344365 0.380499
0.538006 0.351423 0.374754
0.541955 0.330746 0.389320
0.546619 0.324261 0.392580
0.551501 0.330742 0.389357
0.546842 0.337457 0.385339
0.527353 0.324526 0.392479
0.528058 0.337730 0.385129
0.522941 0.331210 0.389100
0.532425 0.330876 0.389246
0.533100 0.344487 0.380374
0.415215 0.475058 0.101245
0.413262 0.483156 0.091583
0.409609 0.478099 0.096661
0.418870 0.479969 0.096065
0.422521 0.485025 0.090988
0.420552 0.493716 0.081768
0.416910 0.488361 0.086615
0.407899 0.465647 0.111867
0.411558 0.470287 0.106514
0.405954 0.473189 0.101833
0.413503 0.463004 0.116745
0.419104 0.460487 0.121725
0.422763 0.464872 0.116174
0.417161 0.467516 0.111295
0.400579 0.456744 0.122786
0.398632 0.463788 0.112422
0.394969 0.459280 0.117823
0.404238 0.461135 0.117293
0.402294 0.468421 0.107090
0.385950 0.440218 0.145319
0.383985 0.446424 0.134373
0.380324 0.442331 0.139991
0.389606 0.444213 0.139611
0.393263 0.448293 0.133948
0.391306 0.454889 0.123284
0.387645 0.450607 0.128803
0.378641 0.432457 0.156855
0.382295 0.436298 0.151068
0.376664 0.438317 0.145650
0.384274 0.430662 0.162479
0.389899 0.428993 0.168207
0.393543 0.432629 0.162237
0.387922 0.434401 0.156599
0.371346 0.424984 0.168549
0.369345 0.430507 0.157079
0.365690 0.426704 0.162851
0.374989 0.428689 0.162682
0.373004 0.434375 0.151346
0.430531 0.427643 0.191504
0.428683 0.432132 0.179100
0.425031 0.428826 0.185430
0.434179 0.430865 0.185069
0.437838 0.434128 0.178676
0.436001 0.438914 0.166552
0.432341 0.435490 0.172807
0.423299 0.421308 0.204539
0.426901 0.424456 0.197987
0.421393 0.425567 0.191811
0.428807 0.420345 0.210923
0.434306 0.419451 0.217423
0.437873 0.422448 0.210618
0.432394 0.423422 0.204255
0.416202 0.415133 0.217903
0.414191 0.419178 0.204775
0.410640 0.416040 0.211378
0.419731 0.418203 0.211175
0.417778 0.422352 0.198257
0.532834 0.687454 0.010976
0.531890 0.700727 0.010340
0.527527 0.693918 0.010622
0.537169 0.694292 0.010639
0.541576 0.701019 0.010356
0.540863 0.713667 0.009868
0.536339 0.707314 0.010091
0.524414 0.673523 0.011976
0.528580 0.680536 0.011414
0.523233 0.687001 0.010958
0.529833 0.667094 0.012672
0.535282 0.660723 0.013487
0.539352 0.667728 0.012681
0.533951 0.674109 0.011988
0.516330 0.659241 0.013482
0.514892 0.672900 0.011963
0.510847 0.665708 0.012656
0.520330 0.666422 0.012664
0.519020 0.680000 0.011398
0.501029 0.629981 0.018124
0.499168 0.643701 0.015538
0.495409 0.636263 0.016778
0.504758 0.637349 0.016751
0.508548 0.644689 0.015522
0.506882 0.658439 0.013480
0.502990 0.651099 0.014440
0.493708 0.615249 0.021311
0.497348 0.622611 0.019643
0.491708 0.628811 0.018162
0.499394 0.609231 0.023042
0.505110 0.603299 0.024887
0.508711 0.610514 0.022949
0.503015 0.616514 0.021240
0.486540 0.600539 0.025116
0.484431 0.613928 0.021381
0.480849 0.606504 0.023223
0.490107 0.607893 0.023133
0.488050 0.621364 0.019695
0.546906 0.583428 0.033207
0.544701 0.595677 0.028516
0.541108 0.588839 0.030850
0.550495 0.590155 0.030707
0.554099 0.596935 0.028398
0.551946 0.609455 0.024399
0.548309 0.602564 0.026375
0.539769 0.570172 0.038776
0.543332 0.576764 0.035897
0.537532 0.582058 0.033377
0.545580 0.565133 0.041597
0.551398 0.560224 0.044556
0.554961 0.566575 0.041368
0.549142 0.571604 0.038562
0.532670 0.557235 0.045093
0.530415 0.568710 0.039007
0.526871 0.562157 0.042106
0.536217 0.563661 0.041843
0.533967 0.575346 0.036097
0.714747 0.524058 0.088081
0.713093 0.532607 0.079441
0.709200 0.527616 0.083709
0.718673 0.528970 0.083711
0.722583 0.533948 0.079472
0.720830 0.542786 0.071279
0.716970 0.537666 0.075301
0.706852 0.514453 0.097250
0.710806 0.519217 0.092592
0.705293 0.522697 0.088114
0.712289 0.511131 0.101910
0.717687 0.507883 0.106633
0.721713 0.512515 0.101749
0.716279 0.515824 0.097141
0.698902 0.505180 0.107046
0.697438 0.513102 0.097370
0.693489 0.508436 0.102237
0.702883 0.509774 0.102065
0.701373 0.517856 0.092665
0.682832 0.487692 0.128763
0.681559 0.495005 0.117875
0.677554 0.490720 0.123445
0.686873 0.491928 0.123061
0.690897 0.496257 0.117540
0.689527 0.503864 0.107273
0.685550 0.499387 0.112485
0.674670 0.479532 0.140670
0.678766 0.483557 0.134634
0.673532 0.486535 0.129189
0.679791 0.476626 0.146347
0.684842 0.473733 0.152132
0.689043 0.477670 0.145817
0.683938 0.480604 0.140175
0.666376 0.471820 0.153202
0.665407 0.478493 0.141150
0.661298 0.474641 0.147342
0.670541 0.475620 0.146863
0.669484 0.482459 0.135094
0.606715 0.628160 0.020676
0.610540 0.634786 0.019164
0.604926 0.640402 0.017805
0.612431 0.622655 0.022274
0.618190 0.617215 0.023988
0.621923 0.623805 0.022232
0.616208 0.629257 0.020640
0.595419 0.639440 0.017826
0.601042 0.633752 0.019193
0.599366 0.646111 0.016561
0.597226 0.627104 0.020711
0.599219 0.614927 0.024083
0.605010 0.609455 0.025922
0.602943 0.621543 0.022315
0.588394 0.657817 0.014416
0.589847 0.645229 0.016575
0.593856 0.651916 0.015432
0.489440 0.455042 0.151303
0.493187 0.458652 0.145136
0.487653 0.460657 0.139652
0.494922 0.453246 0.156943
0.500370 0.451529 0.162651
0.504160 0.454906 0.156306
0.498690 0.456737 0.150689
0.478389 0.458907 0.140235
0.483928 0.456926 0.145732
0.482103 0.462751 0.134249
0.480197 0.453298 0.151876
0.481940 0.448120 0.163825
0.487382 0.446552 0.169642
0.485690 0.451532 0.157533
0.470972 0.467253 0.123751
0.472836 0.460984 0.134832
0.476542 0.464945 0.128945
0.570541 0.425849 0.256487
0.574719 0.429070 0.248556
0.570252 0.431460 0.241000
0.574825 0.423010 0.264302
0.578985 0.419868 0.272269
0.583240 0.423521 0.264014
0.579045 0.426437 0.256220
0.561559 0.430713 0.241250
0.566118 0.428406 0.248807
0.565644 0.433647 0.233538
0.562019 0.425169 0.256691
0.562328 0.418696 0.272682
0.566575 0.415349 0.280878
0.566407 0.422400 0.264522
0.556087 0.437607 0.218926
0.556872 0.432811 0.233800
0.560918 0.435667 0.226168
0.400112 0.499155 0.074108
0.403744 0.504947 0.069605
0.398163 0.508948 0.065735
0.405703 0.495431 0.078176
0.411303 0.491831 0.082343
0.414940 0.497338 0.077614
0.409336 0.501081 0.073563
0.388956 0.507005 0.066222
0.394530 0.503007 0.070126
0.392592 0.513114 0.061942
0.390880 0.497240 0.074645
0.392811 0.488042 0.083491
0.398407 0.484589 0.087787
0.396466 0.493522 0.078738
0.381475 0.522025 0.054562
0.383390 0.511166 0.062391
0.387030 0.517466 0.058220
0.520736 0.725435 0.009480
0.525384 0.731264 0.009339
0.520269 0.736842 0.009217
0.525916 0.719535 0.009654
0.531118 0.713491 0.009857
0.535683 0.719673 0.009663
0.530522 0.725541 0.009487
0.510450 0.736796 0.009213
0.515579 0.731188 0.009334
0.515181 0.742282 0.009119
0.510953 0.725310 0.009473
0.511650 0.713068 0.009835
0.516924 0.706801 0.010064
0.516154 0.719375 0.009645
0.505086 0.752798 0.008989
0.505348 0.742269 0.009116
0.510119 0.747594 0.009043
0.456775 0.609654 0.021576
0.460335 0.617284 0.019834
0.454723 0.623540 0.018277
0.462417 0.603577 0.023400
0.468085 0.597583 0.025344
0.471619 0.605064 0.023312
0.465965 0.611127 0.021513
0.445550 0.622084 0.018296
0.451155 0.615818 0.019875
0.449119 0.629913 0.016843
0.447612 0.608132 0.021638
0.449736 0.594452 0.025572
0.455402 0.588498 0.027695
0.453243 0.602046 0.023487
0.437891 0.643062 0.014355
0.439946 0.628488 0.016840
0.443510 0.636414 0.015537
0.548704 0.527412 0.066308
0.552304 0.533086 0.062225
0.546518 0.537344 0.058628
0.554458 0.523412 0.070130
0.560196 0.519536 0.074074
0.563841 0.524938 0.069742
0.558080 0.528953 0.065929
0.537157 0.535784 0.058988
0.542937 0.531535 0.062594
0.540723 0.541731 0.055143
0.539343 0.525846 0.066708
0.541458 0.516435 0.074930
0.547168 0.512725 0.079019
0.545089 0.521858 0.070539
0.529127 0.550906 0.048518
0.531372 0.540165 0.055493
0.534925 0.546251 0.051772
0.699902 0.549447 0.063351
0.703677 0.554844 0.059632
0.697899 0.559099 0.055998
0.705626 0.545417 0.067228
0.711317 0.541489 0.071215
0.715145 0.546694 0.067291
0.709425 0.550711 0.063401
0.688365 0.557860 0.055977
0.694148 0.553591 0.059598
0.692094 0.563479 0.052500
0.690388 0.548171 0.063329
0.692322 0.538870 0.071150
0.697988 0.535019 0.075232
0.696119 0.544124 0.067192
0.680411 0.572604 0.045928
0.682554 0.562252 0.052490
0.686263 0.567982 0.049142
0.637670 0.475494 0.142334
0.641682 0.479293 0.136279
0.636386 0.482130 0.130715
0.642847 0.472749 0.148132
0.647953 0.470012 0.154057
0.652069 0.473686 0.147757
0.646910 0.476481 0.141961
0.627102 0.481046 0.131115
0.632419 0.478257 0.136664
0.631030 0.484995 0.125269
0.628425 0.474511 0.142741
0.629554 0.468270 0.154824
0.634628 0.465646 0.160846
0.633627 0.471821 0.148516
0.620170 0.490850 0.114757
0.621727 0.483866 0.125682
0.625622 0.487900 0.119948
0.676977 0.453400 0.192113
0.681489 0.456912 0.184865
0.676784 0.459752 0.178375
0.681519 0.450500 0.198909
0.685961 0.447535 0.205849
0.690623 0.451075 0.198268
0.686104 0.454024 0.191495
0.667621 0.459037 0.178944
0.672343 0.456242 0.185461
0.671992 0.462561 0.172021
0.667853 0.452801 0.192688
0.667796 0.446555 0.207040
0.672182 0.443633 0.214167
0.672412 0.449949 0.199509
0.662176 0.468127 0.159674
0.662820 0.461798 0.172549
0.667122 0.465349 0.165791
0.639235 0.427228 0.253931
0.644089 0.430401 0.245995
0.640057 0.433449 0.238325
0.643037 0.423974 0.261793
0.646706 0.420595 0.269737
0.651765 0.424018 0.261587
0.647993 0.427263 0.253749
0.631243 0.433393 0.238531
0.635300 0.430363 0.246170
0.635905 0.436401 0.230752
0.630521 0.427248 0.254114
0.629487 0.420573 0.270124
0.633118 0.416964 0.278183
0.634358 0.423974 0.261956
0.627272 0.442022 0.215905
0.627067 0.436310 0.231012
0.631640 0.439253 0.223275
0.594207 0.498761 0.100393
0.597987 0.503319 0.095269
0.592358 0.506653 0.090701
0.599783 0.495649 0.105209
0.605325 0.492611 0.110138
0.609150 0.496927 0.104763
0.603586 0.500078 0.099955
0.582966 0.505258 0.091120
0.588600 0.501962 0.095696
0.586700 0.510088 0.086254
0.584828 0.497412 0.100844
0.586605 0.490058 0.111085
0.592140 0.487185 0.116152
0.590413 0.494343 0.105667
0.575311 0.517279 0.077741
0.577305 0.508656 0.086671
0.581017 0.513628 0.081934
0.563505 0.466919 0.146333
0.567393 0.470475 0.140181
0.561940 0.472847 0.134673
0.568871 0.464707 0.152032
0.574186 0.462533 0.157838
0.578151 0.465883 0.151496
0.572799 0.468158 0.145786
0.552632 0.471501 0.135237
0.558091 0.469181 0.140737
0.556454 0.475273 0.129268
0.554226 0.465634 0.146894
0.555683 0.460151 0.158916
0.560971 0.458139 0.164801
0.559600 0.463479 0.152579
0.545406 0.480334 0.118808
0.547141 0.473879 0.129840
0.550941 0.477766 0.123979
0.604504 0.449368 0.195389
0.608748 0.452311 0.188300
0.603859 0.454662 0.181827
0.609237 0.446956 0.202176
0.613862 0.444437 0.209133
0.618222 0.447330 0.201729
0.613537 0.449867 0.194929
0.594742 0.453923 0.182297
0.599670 0.451685 0.188765
0.598878 0.456942 0.175502
0.595462 0.448748 0.195831
0.595965 0.443579 0.209979
0.600582 0.441222 0.217109
0.600241 0.446460 0.202612
0.588664 0.461408 0.163255
0.589724 0.456101 0.175979
0.593811 0.459183 0.169315
0.653241 0.585912 0.037209
0.656905 0.592153 0.034574
0.651031 0.597269 0.032125
0.659119 0.580974 0.039966
0.664995 0.576132 0.042875
0.668667 0.582177 0.039945
0.662787 0.587119 0.037182
0.641502 0.596040 0.032168
0.647367 0.590939 0.034609
0.645167 0.602460 0.029840
0.643710 0.584676 0.037257
0.645926 0.573661 0.042964
0.651793 0.568922 0.046011
0.649581 0.579747 0.040007
0.633489 0.613036 0.025767
0.635651 0.601218 0.029891
0.639319 0.607713 0.027721
0.624015 0.538969 0.063927
0.627679 0.544518 0.060073
0.621870 0.548818 0.056513
0.629782 0.534888 0.067720
0.635522 0.530914 0.071645
0.639231 0.536247 0.067554
0.633466 0.540329 0.063753
0.612415 0.547460 0.056693
0.618226 0.543156 0.060251
0.616043 0.553236 0.053074
0.614573 0.537596 0.064130
0.616655 0.528169 0.072066
0.622373 0.524316 0.076117
0.620342 0.533516 0.067919
0.604358 0.562412 0.046578
0.606589 0.551879 0.053254
0.610205 0.557768 0.049761
0.669239 0.509134 0.097890
0.673122 0.513846 0.093047
0.667568 0.517337 0.088507
0.674720 0.505816 0.102656
0.680157 0.502570 0.107522
0.684102 0.507117 0.102435
0.678634 0.510441 0.097692
0.658150 0.516022 0.088673
0.663715 0.512535 0.093228
0.661974 0.520922 0.084076
0.659849 0.507845 0.098109
0.661431 0.500049 0.108072
0.666851 0.496890 0.113097
0.665341 0.504535 0.102899
0.650670 0.528385 0.075558
0.652547 0.519602 0.084227
0.656340 0.524604 0.079758
0.502459 0.564109 0.039799
0.505983 0.570892 0.036788
0.500221 0.576241 0.034194
0.508228 0.559043 0.042688
0.514007 0.554120 0.045704
0.517540 0.560622 0.042388
0.511757 0.565687 0.039520
0.490950 0.574683 0.034420
0.496698 0.569323 0.037041
0.494471 0.581738 0.031740
0.493181 0.562494 0.040082
0.495414 0.550838 0.046373
0.501174 0.546058 0.049556
0.498937 0.557422 0.042997
0.483006 0.593180 0.027265
0.485215 0.580191 0.031938
0.488732 0.587385 0.029429
0.474108 0.514027 0.069954
0.477693 0.519811 0.065656
0.471988 0.523970 0.061936
0.479795 0.510154 0.073895
0.485476 0.506422 0.077947
0.489095 0.511905 0.073398
0.483396 0.515791 0.069477
0.462727 0.522182 0.062376
0.468417 0.518035 0.066114
0.466286 0.528277 0.058319
0.464830 0.512245 0.070432
0.466887 0.502891 0.078977
0.472542 0.499330 0.083183
0.470506 0.508386 0.074391
0.454904 0.537342 0.051406
0.457040 0.526475 0.058744
0.460591 0.532734 0.054807
0.519357 0.486973 0.104600
0.523074 0.491517 0.099288
0.517446 0.494581 0.094696
0.524953 0.484172 0.109416
0.530531 0.481470 0.114347
0.534279 0.485729 0.108816
0.528686 0.488569 0.103995
0.508114 0.492918 0.095293
0.513744 0.489883 0.099894
0.511800 0.497772 0.090213
0.510029 0.485332 0.105223
0.511893 0.478286 0.115612
0.517464 0.475758 0.120647
0.515629 0.482566 0.110043
0.500468 0.504554 0.081579
0.502470 0.496084 0.090794
0.506140 0.501094 0.085840
0.428768 0.550267 0.042162
0.432286 0.557355 0.038906
0.426657 0.562811 0.036057
0.434396 0.545173 0.045270
0.440037 0.540255 0.048483
0.443568 0.547013 0.044936
0.437921 0.552095 0.041866
0.417530 0.561060 0.036260
0.423149 0.555555 0.039158
0.421021 0.568491 0.033322
0.419627 0.548426 0.042449
0.421690 0.536505 0.049207
0.427306 0.531757 0.052587
0.425236 0.543314 0.045598
0.409640 0.580700 0.028198
0.411895 0.566813 0.033469
0.415356 0.574437 0.030702
0.486455 0.670745 0.011918
0.490449 0.678142 0.011347
0.484994 0.684812 0.010880
0.491950 0.664131 0.012637
0.497460 0.657580 0.013478
0.501386 0.664952 0.012648
0.495911 0.671520 0.011937
0.475481 0.684144 0.010850
0.480968 0.677416 0.011322
0.479529 0.691551 0.010519
0.477022 0.669909 0.011893
0.478695 0.655671 0.013459
0.484249 0.649116 0.014443
0.482539 0.663250 0.012620
0.468567 0.705008 0.009973
0.469979 0.690949 0.010486
0.474040 0.698328 0.010225
0.370797 0.458254 0.114013
0.374468 0.462884 0.108743
0.368857 0.465785 0.104088
0.376412 0.455589 0.118839
0.382028 0.453039 0.123768
0.385693 0.457434 0.118337
0.380081 0.460099 0.113491
0.359563 0.463917 0.104641
0.365181 0.461031 0.109282
0.363244 0.468802 0.099520
0.361504 0.456395 0.114529
0.363450 0.449326 0.124700
0.369074 0.446887 0.129684
0.367124 0.453738 0.119334
0.352012 0.475174 0.090615
0.353943 0.466913 0.100082
0.357629 0.471932 0.095031
0.532085 0.441882 0.198909
0.536003 0.444804 0.191978
0.530827 0.446490 0.185705
0.537185 0.440188 0.205481
0.542223 0.438437 0.212257
0.546180 0.441308 0.205051
0.541121 0.443078 0.198422
0.521718 0.445133 0.186302
0.526929 0.443527 0.192523
0.525596 0.448144 0.179590
0.523051 0.440598 0.199454
0.524336 0.436137 0.213145
0.529412 0.434505 0.220002
0.528194 0.438992 0.205962
0.514976 0.451447 0.167754
0.516454 0.446712 0.180227
0.520312 0.449788 0.173613
0.501947 0.419088 0.258200
0.505604 0.422109 0.250557
0.500524 0.423734 0.243364
0.506916 0.416998 0.265665
0.511788 0.414549 0.273330
0.515482 0.417962 0.265393
0.510591 0.420201 0.257884
0.491728 0.422369 0.243680
0.496882 0.420860 0.250882
0.495360 0.425140 0.236264
0.493256 0.417871 0.258430
0.494689 0.412616 0.273631
0.499629 0.410104 0.281447
0.498311 0.415923 0.265891
0.484820 0.427596 0.222360
0.486493 0.423676 0.236583
0.490123 0.426397 0.229256
0.538797 0.390623 0.324525
0.542698 0.395935 0.315566
0.538398 0.400681 0.306630
0.543003 0.385147 0.333789
0.547189 0.379152 0.343128
0.551181 0.385370 0.333928
0.546949 0.390856 0.324679
0.530188 0.400360 0.306511
0.534533 0.395672 0.315415
0.534029 0.405050 0.297887
0.530603 0.390475 0.324312
0.530579 0.379057 0.342682
0.534559 0.372530 0.351895
0.534785 0.385031 0.333583
0.524972 0.412363 0.281119
0.525759 0.404635 0.297828
0.529557 0.408937 0.289374
0.602661 0.393753 0.323531
0.606584 0.399217 0.314140
0.602802 0.404084 0.305429
0.606684 0.388397 0.332521
0.610746 0.382783 0.341496
0.614221 0.389024 0.331743
0.610395 0.394187 0.322927
0.594796 0.403796 0.305851
0.598699 0.398886 0.314631
0.599023 0.408669 0.296821
0.594879 0.393345 0.323990
0.595730 0.381399 0.342706
0.600284 0.375009 0.351705
0.599054 0.387855 0.333089
0.591302 0.416768 0.280073
0.590921 0.408385 0.297203
0.595198 0.412896 0.288361
0.575084 0.337611 0.385486
0.579273 0.344687 0.380734
0.574227 0.351756 0.375043
0.580079 0.330868 0.389505
0.584988 0.324404 0.392772
0.589147 0.331095 0.389597
0.584284 0.337765 0.385562
0.565174 0.351595 0.374977
0.570089 0.344546 0.380662
0.569246 0.358879 0.368425
0.565674 0.337538 0.385419
0.565939 0.324277 0.392629
0.570876 0.318059 0.395165
0.570615 0.330796 0.389427
0.559826 0.372871 0.352328
0.560406 0.358685 0.368365
0.564422 0.365982 0.360835
0.444952 0.473058 0.109461
0.448622 0.477671 0.104074
0.443016 0.480599 0.099414
0.450544 0.470403 0.114322
0.456129 0.467872 0.119286
0.459812 0.472216 0.113696
0.454222 0.474879 0.108833
0.433746 0.478766 0.100033
0.439352 0.475845 0.104698
0.437403 0.483668 0.094852
0.435687 0.471224 0.110088
0.437614 0.464209 0.120542
0.443198 0.461813 0.125607
0.441281 0.468573 0.114952
0.426168 0.490229 0.086028
0.428134 0.481825 0.095462
0.431785 0.486879 0.090390
0.415688 0.440227 0.155612
0.419339 0.443991 0.149634
0.413745 0.445929 0.144155
0.421263 0.438525 0.161270
0.426815 0.436950 0.167005
0.430471 0.440488 0.160843
0.424916 0.442179 0.155201
0.404490 0.444019 0.144574
0.410096 0.442059 0.150045
0.408141 0.447988 0.138775
0.406446 0.438281 0.155979
0.408390 0.432970 0.167699
0.413961 0.431475 0.173526
0.412038 0.436555 0.161635
0.396919 0.452467 0.128338
0.398878 0.446097 0.139206
0.402532 0.450166 0.133502
0.459629 0.429306 0.203060
0.463301 0.432296 0.196342
0.457879 0.433510 0.190184
0.465046 0.428191 0.209448
0.470452 0.427085 0.215991
0.474100 0.429939 0.209040
0.468707 0.431109 0.202622
0.448763 0.431623 0.190662
0.454202 0.430446 0.196804
0.452441 0.434763 0.184137
0.450551 0.427429 0.203489
0.452385 0.423465 0.216745
0.457831 0.422492 0.223396
0.455990 0.426364 0.209856
0.441505 0.437448 0.172330
0.443310 0.432847 0.184623
0.446984 0.436070 0.178188
0.562668 0.675639 0.012029
0.566980 0.682328 0.011478
0.561724 0.688618 0.011027
0.568019 0.669392 0.012710
0.573412 0.663208 0.013506
0.577605 0.669906 0.012721
0.572272 0.676080 0.012043
0.552080 0.688263 0.011010
0.557357 0.681932 0.011462
0.556494 0.694951 0.010673
0.553079 0.675166 0.012015
0.554310 0.662043 0.013495
0.559771 0.655828 0.014415
0.558446 0.668877 0.012700
0.546061 0.707534 0.010104
0.546826 0.694636 0.010656
0.551271 0.701287 0.010371
0.531090 0.620012 0.021036
0.534804 0.627078 0.019436
0.529152 0.633160 0.018009
0.536801 0.614104 0.022703
0.542541 0.608292 0.024482
0.546201 0.615233 0.022632
0.540486 0.621104 0.020977
0.519757 0.632142 0.018045
0.525409 0.626022 0.019483
0.523535 0.639344 0.016699
0.521712 0.618884 0.021099
0.523787 0.605865 0.024670
0.529544 0.600073 0.026592
0.527419 0.612941 0.022779
0.512403 0.651992 0.014433
0.514136 0.638367 0.016724
0.517953 0.645624 0.015507
0.577371 0.575714 0.038008
0.580976 0.582123 0.035241
0.575146 0.587347 0.032771
0.583213 0.570714 0.040781
0.589059 0.565833 0.043696
0.592660 0.572037 0.040623
0.586815 0.577021 0.037859
0.565713 0.586073 0.032903
0.571538 0.580833 0.035382
0.569325 0.592692 0.030453
0.567942 0.574377 0.038177
0.570195 0.563094 0.044088
0.576033 0.558321 0.047156
0.573778 0.569368 0.040957
0.557720 0.603760 0.026279
0.559900 0.591440 0.030575
0.563516 0.598161 0.028289
0.744651 0.520058 0.096792
0.748670 0.524811 0.092333
0.743175 0.528213 0.088014
0.750080 0.516802 0.101225
0.755477 0.513615 0.105682
0.759560 0.518258 0.101053
0.754131 0.521495 0.096682
0.733691 0.526820 0.088027
0.739188 0.523396 0.092389
0.737645 0.531706 0.083737
0.735182 0.518632 0.096908
0.736552 0.510709 0.106171
0.741914 0.507556 0.110797
0.740611 0.515357 0.101402
0.726473 0.538988 0.075357
0.728156 0.530335 0.083717
0.732078 0.535296 0.079515
0.711781 0.484067 0.138630
0.715963 0.488339 0.132730
0.710770 0.491374 0.127492
0.716864 0.481079 0.144108
0.721894 0.478106 0.149663
0.726203 0.482340 0.143415
0.721108 0.485330 0.138037
0.701447 0.490110 0.127916
0.706643 0.487076 0.133231
0.705529 0.494439 0.122319
0.702487 0.482868 0.139161
0.703326 0.475806 0.150985
0.708281 0.472859 0.156802
0.707569 0.479887 0.144718
0.694907 0.500675 0.112203
0.696197 0.493168 0.122685
0.700241 0.497536 0.117220
0.694725 0.467951 0.164044
0.699046 0.471828 0.157429
0.694080 0.474747 0.151567
0.699550 0.465043 0.170183
0.704290 0.462111 0.176451
0.708749 0.465961 0.169503
0.703936 0.468901 0.163408
0.728372 0.501581 0.116226
0.732472 0.506116 0.111109
0.727110 0.509282 0.106407
0.733663 0.498507 0.121083
0.738919 0.495469 0.125975
0.743093 0.499942 0.120612
0.737799 0.503007 0.115846
0.563043 0.550791 0.050866
0.566618 0.556898 0.047393
0.560787 0.561675 0.044314
0.568867 0.546262 0.054207
0.574685 0.541856 0.057662
0.578280 0.547711 0.053932
0.572450 0.552244 0.050601
0.516617 0.591709 0.028933
0.520189 0.598780 0.026713
0.514437 0.604602 0.024774
0.522391 0.586111 0.031172
0.528175 0.580658 0.033561
0.531741 0.587490 0.031005
0.525960 0.593064 0.028783
0.546288 0.648185 0.015468
0.550259 0.655144 0.014416
0.544788 0.661403 0.013490
0.551849 0.642037 0.016634
0.557453 0.635978 0.017916
0.561327 0.642852 0.016617
0.555771 0.648956 0.015459
0.445276 0.417757 0.230786
0.448814 0.420603 0.223729
0.443346 0.421515 0.217101
0.450736 0.416898 0.237637
0.456162 0.415954 0.244585
0.459701 0.418758 0.237378
0.454272 0.419692 0.230497
0.401106 0.426022 0.179954
0.404744 0.429464 0.173803
0.399152 0.430984 0.167974
0.406682 0.424703 0.185966
0.412239 0.423482 0.192067
0.415866 0.426766 0.185724
0.410316 0.428061 0.179721
0.430293 0.455824 0.131980
0.433951 0.459961 0.126221
0.428360 0.462354 0.121150
0.435874 0.453674 0.137251
0.441443 0.451636 0.142616
0.445106 0.455537 0.136653
0.439533 0.457691 0.131387
0.556232 0.312172 0.396978
0.561127 0.318066 0.395136
0.556274 0.324265 0.392607
0.561112 0.306594 0.398201
0.566011 0.301317 0.398847
0.570943 0.306572 0.398224
0.566032 0.312164 0.396991
0.589664 0.366996 0.360775
0.592640 0.374387 0.352066
0.587955 0.380917 0.343007
0.594645 0.359954 0.368370
0.599479 0.353047 0.374989
0.602283 0.360749 0.368106
0.597474 0.367587 0.360548
0.521350 0.366104 0.359817
0.526114 0.372707 0.351538
0.522259 0.379221 0.342282
0.525060 0.358866 0.367702
0.528971 0.351631 0.374541
0.533877 0.358575 0.368023
0.529939 0.365744 0.360256
0.487443 0.405584 0.289203
0.491069 0.409168 0.281412
0.486039 0.411505 0.273644
0.492309 0.402566 0.297345
0.497018 0.399017 0.305718
0.500755 0.403175 0.297617
0.495981 0.406414 0.289398
0.516742 0.430545 0.227905
0.520519 0.433318 0.220468
0.515388 0.434847 0.213680
0.521787 0.428963 0.234974
0.526751 0.427200 0.242189
0.530567 0.430028 0.234602
0.525584 0.431721 0.227453
0.356096 0.440784 0.135543
0.359774 0.445011 0.130105
0.354143 0.447451 0.125148
0.361732 0.438545 0.140693
0.367367 0.436408 0.145959
0.371034 0.440444 0.140351
0.365405 0.442675 0.135171
0.471205 0.640341 0.015560
0.474919 0.648027 0.014437
0.469354 0.654620 0.013441
0.476802 0.633906 0.016817
0.482417 0.627581 0.018196
0.486091 0.635116 0.016800
0.480496 0.641526 0.015557
0.414553 0.523358 0.056917
0.418129 0.529850 0.052982
0.412532 0.534595 0.049566
0.420160 0.518974 0.060544
0.425780 0.514755 0.064258
0.429365 0.520884 0.060088
0.423740 0.525282 0.056489
0.504410 0.470095 0.127106
0.508153 0.474131 0.121301
0.502576 0.476627 0.116255
0.509961 0.467825 0.132364
0.515492 0.465640 0.137719
0.519255 0.469424 0.131698
0.513713 0.471732 0.126447
0.459608 0.492359 0.088610
0.463253 0.497550 0.083719
0.457608 0.501096 0.079508
0.465237 0.489113 0.093055
0.470858 0.486010 0.097612
0.474530 0.490888 0.092495
0.468895 0.494146 0.088050
0.488358 0.538024 0.053626
0.491890 0.544368 0.049919
0.486145 0.549149 0.046713
0.494100 0.533542 0.057076
0.499845 0.529208 0.060631
0.503398 0.535250 0.056666
0.497642 0.539736 0.053238
0.653574 0.491409 0.118903
0.657508 0.495674 0.113407
0.652076 0.498812 0.108346
0.658929 0.488391 0.124209
0.664235 0.485410 0.129610
0.668239 0.489543 0.123834
0.662897 0.492587 0.118573
0.609236 0.517830 0.080852
0.612953 0.522937 0.076377
0.607230 0.526781 0.072327
0.614904 0.514219 0.085162
0.620541 0.510711 0.089600
0.624309 0.515577 0.084870
0.618646 0.519203 0.080558
0.638630 0.561736 0.049355
0.642276 0.567656 0.046080
0.636417 0.572389 0.043040
0.644471 0.557212 0.052674
0.650299 0.552794 0.056130
0.653978 0.558493 0.052596
0.648131 0.563023 0.049268
0.587416 0.437872 0.225176
0.591687 0.440717 0.217505
0.587017 0.442958 0.210377
0.591923 0.435554 0.232565
0.596303 0.433061 0.240012
0.600695 0.435947 0.232183
0.596247 0.438386 0.224801
0.547819 0.453800 0.171851
0.551755 0.456927 0.165339
0.546454 0.458878 0.159475
0.553028 0.451956 0.177938
0.558180 0.450103 0.184169
0.562195 0.453098 0.177435
0.557003 0.455007 0.171322
0.578957 0.481860 0.122344
0.582787 0.485898 0.116646
0.577241 0.488717 0.111581
0.584451 0.479216 0.127648
0.589906 0.476620 0.133071
0.593781 0.480435 0.127142
0.588302 0.483140 0.121833
0.619918 0.413115 0.287070
0.624661 0.416972 0.278484
0.620980 0.420653 0.270443
0.623452 0.408990 0.295360
0.626884 0.404712 0.303720
0.631686 0.409154 0.294903
0.628230 0.413131 0.286651
0.658430 0.439952 0.222461
0.663134 0.443221 0.214696
0.658740 0.446099 0.207516
0.662644 0.436991 0.229877
0.666742 0.433946 0.237363
0.671635 0.437278 0.229365
0.667434 0.440288 0.221992
0.621316 0.461540 0.167820
0.625450 0.464842 0.161259
0.620349 0.467404 0.155272
0.626281 0.459022 0.174065
0.631156 0.456472 0.180475
0.635405 0.459689 0.173681
0.630470 0.462274 0.167392
0.684686 0.528591 0.079468
0.688512 0.533690 0.075240
0.682838 0.537554 0.071162
0.690290 0.524920 0.083767
0.695852 0.521343 0.088168
0.699741 0.526265 0.083723
0.694147 0.529929 0.079429
0.534150 0.506024 0.084207
0.537811 0.511156 0.079487
0.532107 0.514848 0.075392
0.539817 0.502615 0.088557
0.545466 0.499334 0.093029
0.549171 0.504164 0.088054
0.543499 0.507596 0.083709
0.442772 0.579321 0.030301
0.446251 0.586859 0.027841
0.440594 0.592851 0.025679
0.448432 0.573608 0.032763
0.454099 0.568066 0.035358
0.457594 0.575310 0.032551
0.451918 0.581005 0.030125
0.502905 0.699680 0.010293
0.507230 0.706505 0.010050
0.501928 0.712814 0.009824
0.508281 0.693083 0.010587
0.513648 0.686515 0.010941
0.517897 0.693516 0.010605
0.512556 0.700057 0.010309
0.385481 0.477545 0.093332
0.389148 0.482717 0.088360
0.383552 0.486165 0.084050
0.391084 0.474369 0.097827
0.396688 0.471328 0.102411
0.400349 0.476227 0.097249
0.394747 0.479404 0.092759
0.554352 0.410476 0.289426
0.558310 0.414724 0.280981
0.553968 0.418034 0.272779
0.558579 0.406432 0.298026
0.562745 0.401972 0.306797
0.566692 0.406998 0.297966
0.562546 0.411059 0.289382
0.474449 0.441584 0.176614
0.478192 0.444807 0.170185
0.472735 0.446354 0.164374
0.479862 0.440192 0.182608
0.485246 0.438837 0.188707
0.489011 0.441916 0.182086
0.483618 0.443335 0.176087
0.591871 0.601689 0.028025
0.595533 0.608303 0.025980
0.589743 0.613822 0.024135
0.597692 0.596324 0.030163
0.603522 0.591070 0.032457
0.607167 0.597536 0.030085
0.601344 0.602867 0.027954
0.685949 0.460498 0.177768
0.685520 0.467045 0.164655
0.681176 0.463350 0.171438
0.690360 0.464175 0.170826
0.689821 0.470844 0.158029
0.720120 0.492690 0.127030
0.718969 0.500192 0.116584
0.714877 0.495748 0.121944
0.724255 0.497106 0.121530
0.723048 0.504703 0.111407
0.555892 0.538876 0.058287
0.553655 0.549306 0.051150
0.550089 0.543270 0.054812
0.559470 0.544780 0.054500
0.557220 0.555445 0.047647
0.509516 0.577758 0.033972
0.507295 0.590315 0.029094
0.503752 0.583242 0.031544
0.513060 0.584700 0.031352
0.510853 0.597452 0.026845
0.538566 0.634139 0.017975
0.536824 0.647373 0.015480
0.532954 0.640283 0.016675
0.542392 0.641180 0.016654
0.540766 0.654417 0.014419
0.438275 0.411989 0.245010
0.436280 0.415685 0.231055
0.432796 0.412765 0.238112
0.441764 0.414903 0.237887
0.439795 0.418597 0.224044
0.393881 0.419268 0.192430
0.391880 0.423970 0.180142
0.388267 0.420533 0.186308
0.397483 0.422627 0.186160
0.395511 0.427449 0.174034
0.422988 0.447848 0.143699
0.421047 0.453942 0.132528
0.417396 0.449889 0.138314
0.426639 0.451790 0.137810
0.424702 0.458094 0.126804
0.546328 0.301336 0.398828
0.546442 0.312177 0.396963
0.541467 0.306612 0.398188
0.551288 0.306601 0.398192
0.551390 0.318065 0.395119
0.583111 0.351982 0.375090
0.581490 0.366585 0.360862
0.578033 0.359122 0.368468
0.586555 0.359447 0.368465
0.584724 0.373922 0.352260
0.511235 0.352894 0.373570
0.512890 0.366734 0.359136
0.507885 0.360370 0.366342
0.516341 0.359425 0.367187
0.517713 0.373081 0.351010
0.480138 0.398036 0.304672
0.478843 0.404638 0.288949
0.475241 0.401031 0.296580
0.483800 0.401869 0.296969
0.482441 0.408133 0.281294
0.509288 0.425001 0.242962
0.507890 0.429262 0.228400
0.504191 0.426520 0.235866
0.512997 0.427798 0.235410
0.511619 0.432031 0.220987
0.348720 0.432554 0.146493
0.346769 0.438879 0.135893
0.343076 0.434710 0.141301
0.352410 0.436634 0.141007
0.350457 0.443124 0.130506
0.463925 0.624944 0.018254
0.461943 0.639094 0.015557
0.458316 0.631303 0.016839
0.467544 0.632635 0.016830
0.465620 0.646874 0.014426
0.407361 0.510905 0.065236
0.405377 0.521406 0.057352
0.401778 0.515080 0.061474
0.410964 0.517041 0.061005
0.408961 0.527915 0.053379
0.496927 0.462364 0.139037
0.495111 0.468416 0.127745
0.491381 0.464483 0.133651
0.500668 0.466175 0.133022
0.498843 0.472463 0.121945
0.452290 0.482421 0.098797
0.450329 0.490546 0.089194
0.446676 0.485499 0.094242
0.455953 0.487315 0.093639
0.453975 0.495744 0.084279
0.481262 0.525739 0.061499
0.479088 0.536284 0.054016
0.475545 0.530055 0.057902
0.484816 0.531811 0.057488
0.482621 0.542651 0.050285
0.645666 0.483215 0.130351
0.644257 0.490239 0.119223
0.640330 0.486124 0.124897
0.649628 0.487254 0.124554
0.648173 0.494469 0.113706
0.601752 0.508015 0.090300
0.599827 0.516448 0.081185
0.596101 0.511482 0.085864
0.605503 0.512854 0.085493
0.603537 0.521550 0.076673
0.631334 0.550163 0.056357
0.629143 0.560428 0.049469
0.625507 0.554578 0.052917
0.634983 0.555905 0.052782
0.632779 0.566367 0.046175
0.578929 0.432113 0.240706
0.578591 0.437240 0.225530
0.574410 0.434390 0.233246
0.583163 0.435032 0.232919
0.582796 0.440092 0.217882
0.539936 0.447759 0.185162
0.538647 0.452536 0.172398
0.534735 0.449488 0.178999
0.543877 0.450752 0.178455
0.542554 0.455660 0.165893
0.571261 0.474153 0.134124
0.569609 0.480533 0.122874
0.565779 0.476629 0.128713
0.575115 0.477946 0.128172
0.573430 0.484563 0.117161
0.610819 0.404301 0.304935
0.611659 0.413157 0.287549
0.607149 0.408854 0.296391
0.615294 0.408928 0.295901
0.616282 0.417058 0.278897
0.648909 0.433560 0.238112
0.649465 0.439664 0.222804
0.644779 0.436539 0.230546
0.653691 0.436736 0.230272
0.654120 0.442846 0.215106
0.612966 0.455297 0.181338
0.612160 0.460809 0.168308
0.608023 0.457694 0.175010
0.617155 0.458361 0.174510
0.616268 0.464041 0.161727
0.676991 0.518663 0.088366
0.675232 0.527258 0.079536
0.671408 0.522247 0.083944
0.680845 0.523581 0.083840
0.679042 0.532363 0.075277
0.526780 0.496206 0.094113
0.524807 0.504420 0.084730
0.521134 0.499427 0.089637
0.530472 0.501041 0.089084
0.528466 0.509560 0.079980
0.435792 0.564564 0.035839
0.433636 0.577654 0.030460
0.430152 0.570179 0.033156
0.439287 0.571887 0.032968
0.437112 0.585227 0.027972
0.494526 0.685430 0.010905
0.493271 0.699266 0.010275
0.489097 0.692106 0.010547
0.498680 0.692616 0.010569
0.497548 0.706177 0.010037
0.378140 0.467636 0.103534
0.376207 0.475689 0.093899
0.372531 0.470669 0.098957
0.381811 0.472520 0.098394
0.379881 0.480853 0.088926
0.546560 0.401045 0.306732
0.546127 0.409942 0.289418
0.542256 0.405468 0.297958
0.550439 0.405922 0.298015
0.550025 0.414120 0.281025
0.466998 0.435338 0.189694
0.465287 0.439794 0.177141
0.461576 0.436625 0.183629
0.470717 0.438432 0.183117
0.469008 0.443031 0.170723
0.584595 0.588592 0.032655
0.582408 0.600520 0.028103
0.578769 0.593909 0.030345
0.588226 0.595116 0.030250
0.586063 0.607168 0.026043
0.735981 0.540308 0.075437
0.730345 0.544081 0.071362
0.741581 0.536641 0.079579
0.724670 0.547963 0.067369
0.718959 0.551956 0.063471
0.758161 0.526234 0.092286
0.752669 0.529610 0.088015
0.763621 0.522942 0.096579
0.747143 0.533077 0.083776
0.555790 0.707732 0.010117
0.550615 0.713823 0.009879
0.560977 0.701532 0.010386
0.545455 0.719794 0.009672
0.540313 0.725631 0.009495
0.576615 0.682720 0.011494
0.571381 0.688948 0.011044
0.581884 0.676560 0.012057
0.566175 0.695239 0.010690
0.344475 0.487562 0.077223
0.462117 0.724374 0.009421
0.401367 0.602129 0.021519
0.642997 0.614274 0.025720
0.637186 0.619624 0.023895
0.648840 0.608942 0.027681
0.631421 0.624990 0.022189
0.625706 0.630398 0.020603
0.666456 0.593334 0.034559
0.660575 0.598461 0.032103
0.672343 0.588296 0.037175
0.654701 0.603667 0.029809
0.689968 0.573793 0.045944
0.684103 0.578519 0.042870
0.695816 0.569182 0.049166
0.678226 0.583355 0.039946
0.713217 0.556075 0.059693
0.707444 0.560321 0.056045
0.701644 0.564691 0.052534
0.430166 0.664981 0.011668
0.514938 0.752744 0.008990
0.509940 0.757813 0.008954
0.519962 0.747577 0.009045
0.504974 0.762805 0.008938
0.500038 0.767734 0.008940
0.535191 0.731329 0.009345
0.530090 0.736883 0.009221
0.525015 0.742296 0.009121
0.373983 0.539026 0.043755
0.597946 0.658579 0.014415
0.592547 0.664483 0.013517
0.603392 0.652768 0.015424
0.587194 0.670479 0.012731
0.620044 0.635869 0.019133
0.614438 0.641417 0.017782
0.608889 0.647048 0.016546
0.325979 0.461169 0.101746
0.322290 0.456316 0.106807
0.329670 0.466151 0.096722
0.318599 0.451582 0.111896
0.314903 0.446956 0.117003
0.340766 0.481979 0.081976
0.337063 0.476546 0.086825
0.333364 0.471273 0.091745
0.441439 0.688856 0.010352
0.437639 0.680933 0.010668
0.445308 0.696626 0.010110
0.433888 0.672958 0.011100
0.457725 0.717918 0.009565
0.453449 0.711164 0.009727
0.449303 0.704079 0.009909
0.384580 0.561769 0.033818
0.381113 0.553977 0.036940
0.387971 0.569758 0.030906
0.377577 0.546396 0.040257
0.397971 0.594179 0.023526
0.394623 0.586098 0.025756
0.391306 0.577903 0.028219
0.411868 0.625612 0.016638
0.408313 0.617818 0.018090
0.415466 0.633418 0.015348
0.404814 0.609997 0.019713
0.426461 0.657030 0.012374
0.422772 0.649121 0.013221
0.419103 0.641252 0.014211
0.475857 0.742183 0.009104
0.471194 0.736488 0.009190
0.480588 0.747657 0.009035
0.466611 0.730559 0.009296
0.495112 0.762942 0.008938
0.490224 0.758015 0.008953
0.485380 0.752928 0.008985
0.355620 0.505291 0.063661
0.351906 0.499196 0.068058
0.359325 0.511595 0.059394
0.348190 0.493292 0.072581
0.370352 0.531855 0.047427
0.366694 0.524883 0.051266
0.363018 0.518126 0.055259
