0.589414 0.590402 0.026901
0.587827 0.601694 0.023195
0.583796 0.595581 0.025108
0.466593 0.434218 0.171838
0.465171 0.439691 0.159839
0.461211 0.436217 0.165820
0.545045 0.387202 0.292480
0.545116 0.397043 0.273949
0.540574 0.392197 0.283122
0.377963 0.474998 0.090495
0.376103 0.483486 0.082136
0.372334 0.478316 0.086462
0.502467 0.679431 0.010491
0.501835 0.691606 0.009928
0.497280 0.685311 0.010182
0.437409 0.570668 0.032235
0.435586 0.582891 0.027726
0.431816 0.575916 0.030074
0.527875 0.500410 0.081971
0.525997 0.509252 0.073437
0.522245 0.504116 0.077979
0.679351 0.517652 0.070426
0.677824 0.526644 0.063050
0.673807 0.521604 0.066992
0.614638 0.448670 0.160105
0.613662 0.455406 0.147704
0.609550 0.451767 0.154500
0.653335 0.423161 0.208817
0.653315 0.430044 0.194419
0.648716 0.426445 0.202480
0.615958 0.389779 0.283563
0.616245 0.399310 0.264907
0.611762 0.394566 0.275117
0.572426 0.473328 0.118040
0.570780 0.480792 0.107522
0.566937 0.476504 0.113179
0.540848 0.443254 0.168665
0.539588 0.449314 0.156105
0.535612 0.445783 0.162667
0.580627 0.421834 0.221599
0.580200 0.428209 0.206770
0.575920 0.424861 0.214674
0.634603 0.551514 0.045376
0.632915 0.561694 0.039717
0.628955 0.556104 0.042687
0.603292 0.509602 0.076040
0.601571 0.518599 0.067965
0.597697 0.513539 0.072292
0.647331 0.480268 0.109580
0.645893 0.488208 0.099701
0.641921 0.483761 0.105102
0.482617 0.532530 0.053481
0.480657 0.543015 0.047037
0.476939 0.536954 0.050450
0.452936 0.488589 0.086953
0.451007 0.497282 0.078307
0.447298 0.492059 0.082834
0.497788 0.464017 0.124366
0.496008 0.471107 0.113751
0.492236 0.466812 0.119312
0.407785 0.519003 0.057531
0.405845 0.529378 0.050866
0.402155 0.523199 0.054384
0.468363 0.626258 0.017047
0.467029 0.638895 0.014826
0.462930 0.632018 0.015944
0.347214 0.437995 0.127359
0.345529 0.445000 0.118012
0.341629 0.440558 0.122628
0.507964 0.417467 0.225537
0.507216 0.423082 0.211239
0.503028 0.419968 0.218342
0.472289 0.388067 0.285953
0.472331 0.395910 0.269270
0.467784 0.392133 0.276628
0.505590 0.333663 0.357155
0.506308 0.347921 0.345421
0.501205 0.341109 0.351434
0.582828 0.332956 0.357341
0.582412 0.347440 0.345679
0.577998 0.339993 0.352243
0.543827 0.286734 0.372413
0.543860 0.296710 0.372098
0.538907 0.291687 0.372332
0.422825 0.451828 0.127310
0.421066 0.458732 0.117132
0.417252 0.454396 0.122270
0.391370 0.421130 0.170199
0.389901 0.426562 0.159001
0.385926 0.422873 0.164378
0.433748 0.409319 0.221742
0.432790 0.413960 0.208735
0.428604 0.410855 0.214858
0.544966 0.633561 0.015854
0.543797 0.645470 0.013921
0.539540 0.639156 0.014906
0.512828 0.582119 0.029392
0.511111 0.593857 0.025312
0.507202 0.587357 0.027440
0.558175 0.543286 0.049186
0.556324 0.553659 0.043117
0.552495 0.547851 0.046335
0.723178 0.488259 0.099778
0.721883 0.496450 0.091119
0.717754 0.491762 0.095980
0.689407 0.453404 0.147667
0.688537 0.460811 0.136072
0.684275 0.456710 0.142649
0.593430 0.596464 0.024848
0.470572 0.437606 0.165736
0.549609 0.392459 0.282966
0.381733 0.480062 0.086073
0.506988 0.685746 0.010147
0.441169 0.577533 0.029744
0.531633 0.505431 0.077286
0.683377 0.522632 0.066369
0.618797 0.452275 0.153155
0.658023 0.426802 0.200575
0.620418 0.394875 0.273003
0.576297 0.477511 0.112259
0.544857 0.446732 0.161940
0.584962 0.425271 0.213524
0.638565 0.557025 0.042287
0.607173 0.514574 0.071576
0.651336 0.484654 0.104045
0.486336 0.538482 0.049941
0.456651 0.493689 0.082302
0.501583 0.468201 0.118690
0.411475 0.525056 0.053902
0.472431 0.633101 0.015822
0.351119 0.442351 0.122649
0.512204 0.420680 0.218288
0.476894 0.392115 0.278308
0.510686 0.340408 0.352042
0.587190 0.340262 0.351731
0.548761 0.291681 0.372337
0.426654 0.456051 0.122070
0.395360 0.424722 0.164722
0.437976 0.412417 0.215538
0.549184 0.639860 0.014774
0.516720 0.588536 0.027120
0.562007 0.549003 0.045844
0.727333 0.492925 0.094781
0.693712 0.457481 0.140928
0.685102 0.483967 0.104800
0.689178 0.488504 0.099488
0.683743 0.492073 0.095462
0.690483 0.480482 0.109012
0.706452 0.470212 0.121999
0.710654 0.474615 0.116118
0.705323 0.478039 0.111883
0.717704 0.521915 0.067812
0.721787 0.526863 0.063985
0.716240 0.530778 0.060842
0.723230 0.518122 0.071090
0.739750 0.507116 0.081087
0.743881 0.511904 0.076892
0.738372 0.515551 0.073631
0.550994 0.586593 0.028080
0.554955 0.592809 0.025923
0.549348 0.598090 0.024198
0.556630 0.581456 0.030071
0.573606 0.566487 0.036750
0.577520 0.572409 0.034042
0.571861 0.577401 0.031834
0.506522 0.630291 0.016453
0.510677 0.636836 0.015303
0.505274 0.642560 0.014387
0.511996 0.624637 0.017550
0.528597 0.607914 0.021354
0.532623 0.614391 0.019783
0.527089 0.619948 0.018540
0.541299 0.681174 0.010310
0.545897 0.687246 0.009994
0.540795 0.692957 0.009804
0.546467 0.675461 0.010662
0.562167 0.658476 0.012175
0.566605 0.664578 0.011513
0.561380 0.670210 0.011020
0.429050 0.428252 0.171512
0.433051 0.431692 0.165751
0.427621 0.433587 0.159934
0.434437 0.426515 0.177578
0.450449 0.421515 0.196752
0.454525 0.424575 0.190453
0.449195 0.426308 0.184022
0.385102 0.445042 0.127529
0.388971 0.449312 0.122564
0.383380 0.451968 0.117739
0.390668 0.442588 0.132584
0.407256 0.435863 0.148523
0.411184 0.439727 0.143185
0.405659 0.441962 0.137837
0.415501 0.481914 0.088923
0.419231 0.487016 0.084356
0.413592 0.490515 0.080368
0.421134 0.478626 0.093153
0.438002 0.469331 0.106582
0.441751 0.473972 0.101543
0.436129 0.477090 0.097062
0.544225 0.332791 0.357898
0.549116 0.339834 0.352723
0.544401 0.347033 0.346567
0.549019 0.326018 0.362171
0.563686 0.307429 0.370180
0.568653 0.313262 0.368210
0.563710 0.319493 0.365591
0.581064 0.388440 0.290075
0.585438 0.393801 0.279894
0.580973 0.398492 0.271208
0.585603 0.382904 0.299419
0.599390 0.363426 0.327409
0.603344 0.370941 0.316852
0.598868 0.377280 0.307566
0.508601 0.387085 0.291269
0.513300 0.391921 0.282366
0.508811 0.396382 0.273191
0.512963 0.381658 0.301142
0.525900 0.361715 0.330812
0.530848 0.368753 0.321697
0.526486 0.375429 0.311772
0.471091 0.414256 0.224377
0.475338 0.417334 0.217697
0.470234 0.419298 0.210684
0.476072 0.412025 0.231711
0.490514 0.403673 0.255293
0.494952 0.407289 0.247720
0.490172 0.410210 0.239850
0.503860 0.439233 0.170971
0.507838 0.442656 0.164493
0.502504 0.444982 0.158645
0.509127 0.436972 0.177117
0.524648 0.430046 0.196679
0.528722 0.433230 0.189519
0.523571 0.435622 0.182974
0.340244 0.467961 0.091854
0.344058 0.472999 0.087571
0.338416 0.476332 0.083713
0.345876 0.464805 0.095887
0.362730 0.455824 0.108669
0.366563 0.460471 0.104066
0.360945 0.463478 0.099768
0.463858 0.677057 0.010628
0.468263 0.683711 0.010262
0.463061 0.689721 0.010010
0.469102 0.671078 0.011062
0.484964 0.653358 0.012877
0.489253 0.659990 0.012123
0.483971 0.665873 0.011531
0.400148 0.563739 0.033602
0.403861 0.570847 0.031004
0.398286 0.576343 0.028836
0.405725 0.558582 0.036000
0.422540 0.543965 0.043770
0.426239 0.550505 0.040663
0.420624 0.555382 0.038100
0.490380 0.494806 0.084706
0.494108 0.499875 0.080001
0.488458 0.503569 0.076061
0.496018 0.491323 0.088907
0.512870 0.481378 0.102192
0.516620 0.485979 0.096928
0.511009 0.489333 0.092521
0.445133 0.526090 0.055523
0.448823 0.532118 0.051934
0.443163 0.536562 0.048960
0.450794 0.521849 0.058725
0.467776 0.509674 0.069103
0.471482 0.515228 0.064974
0.465818 0.519311 0.061529
0.474956 0.576821 0.030808
0.478775 0.583470 0.028424
0.473174 0.588810 0.026514
0.480586 0.571677 0.032982
0.497558 0.556823 0.040190
0.501334 0.563076 0.037243
0.495673 0.568034 0.034865
0.641219 0.513626 0.073175
0.645172 0.518600 0.068911
0.639598 0.522659 0.065418
0.646767 0.509709 0.076891
0.663313 0.498348 0.088487
0.667312 0.503072 0.083684
0.661801 0.506852 0.079881
0.596300 0.547602 0.047177
0.600197 0.553209 0.043967
0.594527 0.557889 0.041329
0.601960 0.543081 0.050033
0.618870 0.529994 0.059291
0.622788 0.535284 0.055556
0.617157 0.539647 0.052490
0.627998 0.593905 0.025816
0.632053 0.599905 0.023848
0.626451 0.605104 0.022262
0.633623 0.588809 0.027660
0.650546 0.573888 0.033892
0.654570 0.579624 0.031390
0.648930 0.584601 0.029330
0.577758 0.446525 0.165128
0.581832 0.450027 0.158216
0.576629 0.452859 0.152533
0.582865 0.443731 0.171114
0.597812 0.435119 0.189866
0.602049 0.438409 0.182147
0.597090 0.441385 0.175974
0.535090 0.469055 0.121498
0.538905 0.473223 0.115733
0.533365 0.476321 0.110868
0.540566 0.466121 0.126575
0.556773 0.457596 0.142425
0.560711 0.461384 0.136148
0.555315 0.464275 0.130896
0.565497 0.505317 0.079072
0.569316 0.510304 0.074468
0.563687 0.514239 0.070723
0.571107 0.501563 0.083077
0.587849 0.490673 0.095746
0.591700 0.495259 0.090552
0.586127 0.498926 0.086374
0.616717 0.422432 0.215807
0.621179 0.425830 0.207576
0.616510 0.429093 0.201129
0.621243 0.418976 0.222534
0.634364 0.408091 0.243674
0.639109 0.412022 0.234597
0.634745 0.415574 0.227638
0.651781 0.450732 0.154454
0.656043 0.454595 0.147580
0.650894 0.457842 0.142374
0.656840 0.447518 0.159915
0.671781 0.437872 0.176771
0.676255 0.441650 0.169170
0.671265 0.444892 0.163642
0.609828 0.476880 0.113902
0.613758 0.481131 0.108197
0.608288 0.484588 0.103655
0.615224 0.473544 0.118645
0.631149 0.463689 0.133419
0.635224 0.467691 0.127200
0.629921 0.471009 0.122315
0.673086 0.555157 0.043747
0.677103 0.560576 0.040746
0.671478 0.565195 0.038242
0.678702 0.550706 0.046469
0.695487 0.537867 0.055181
0.699530 0.543029 0.051751
0.693938 0.547284 0.048865
0.520288 0.538291 0.051305
0.524055 0.544128 0.047848
0.518371 0.548736 0.045035
0.525964 0.533864 0.054346
0.542954 0.521113 0.064211
0.546745 0.526533 0.060191
0.541082 0.530803 0.056925
0.430571 0.621356 0.017590
0.434564 0.628435 0.016288
0.429152 0.634339 0.015200
0.436037 0.615544 0.018884
0.452601 0.598409 0.023306
0.456472 0.605431 0.021518
0.450946 0.611137 0.020078
0.500547 0.726729 0.009205
0.505329 0.732244 0.009129
0.500301 0.737563 0.009072
0.505608 0.721214 0.009285
0.520852 0.704197 0.009584
0.525551 0.710132 0.009457
0.520481 0.715779 0.009361
0.370454 0.511501 0.059430
0.374189 0.517490 0.055787
0.368578 0.521699 0.052680
0.376079 0.507495 0.062725
0.392966 0.495988 0.073239
0.396684 0.501554 0.069140
0.391055 0.505408 0.065641
0.544450 0.419737 0.224818
0.548718 0.423165 0.217127
0.543827 0.425842 0.210074
0.549211 0.416747 0.232197
0.563075 0.406440 0.255532
0.567497 0.410589 0.246763
0.562915 0.414064 0.239087
0.460355 0.458190 0.126216
0.464156 0.462390 0.120745
0.458570 0.465163 0.115755
0.465898 0.455615 0.131420
0.482373 0.448337 0.147705
0.486262 0.452105 0.141788
0.480777 0.454571 0.136374
0.583597 0.636335 0.015273
0.587860 0.642469 0.014252
0.582492 0.647926 0.013450
0.589051 0.630915 0.016247
0.605627 0.614806 0.019661
0.609740 0.620968 0.018252
0.604210 0.626317 0.017134
0.668648 0.466674 0.128064
0.667476 0.474260 0.117381
0.663367 0.470029 0.123352
0.672792 0.470866 0.121948
0.679693 0.487491 0.100644
0.701382 0.502521 0.084778
0.699957 0.511035 0.076715
0.695897 0.506211 0.081111
0.705457 0.507302 0.080270
0.712166 0.525783 0.064574
0.535450 0.562034 0.038399
0.533631 0.573096 0.033276
0.529777 0.566928 0.035971
0.539292 0.568116 0.035567
0.545372 0.591806 0.026211
0.490423 0.603603 0.022323
0.488840 0.615983 0.019314
0.484865 0.609201 0.020865
0.494376 0.610345 0.020645
0.501082 0.635992 0.015437
0.523469 0.656189 0.012538
0.522588 0.668292 0.011291
0.518177 0.661948 0.011907
0.527842 0.662532 0.011831
0.536158 0.686904 0.010035
0.412871 0.415025 0.194922
0.411579 0.419758 0.182702
0.407539 0.416439 0.188516
0.416934 0.418264 0.189002
0.423639 0.430043 0.165582
0.369444 0.428719 0.147700
0.367837 0.434961 0.137415
0.363908 0.430883 0.142406
0.373382 0.432701 0.142614
0.379522 0.447599 0.122610
0.400451 0.462657 0.107868
0.398616 0.470349 0.098615
0.394835 0.465599 0.103331
0.404238 0.467304 0.103051
0.409867 0.485295 0.084818
0.524290 0.307548 0.370149
0.524518 0.319603 0.365519
0.519495 0.313498 0.368174
0.529292 0.313374 0.368210
0.539501 0.339814 0.352702
0.563345 0.361968 0.330826
0.563195 0.375958 0.311569
0.558623 0.369063 0.321641
0.567876 0.369290 0.321245
0.576555 0.393511 0.281020
0.488992 0.364316 0.326849
0.489890 0.377020 0.308016
0.485007 0.371495 0.316551
0.493973 0.370449 0.318449
0.504182 0.391946 0.281741
0.453677 0.401374 0.251243
0.453157 0.406933 0.236916
0.448802 0.403716 0.243488
0.458077 0.404676 0.244506
0.466032 0.416281 0.217243
0.487767 0.426376 0.197569
0.486567 0.431494 0.184309
0.482541 0.428337 0.190877
0.491821 0.429456 0.190831
0.498550 0.441485 0.164973
0.324854 0.448725 0.109284
0.323109 0.456370 0.100762
0.319253 0.451600 0.105090
0.328723 0.453413 0.104892
0.334605 0.471194 0.087922
0.446809 0.649595 0.013156
0.445686 0.662554 0.011709
0.441483 0.655556 0.012404
0.450989 0.656568 0.012356
0.458629 0.683073 0.010281
0.385339 0.536395 0.045513
0.383466 0.547873 0.039653
0.379758 0.541070 0.042728
0.389039 0.543035 0.042323
0.394579 0.569074 0.031298
0.475444 0.475635 0.104728
0.473560 0.483481 0.095063
0.469825 0.478737 0.100096
0.479186 0.480263 0.099561
0.484737 0.498380 0.080622
0.430363 0.503046 0.071243
0.428409 0.512606 0.063629
0.424715 0.506901 0.067631
0.434060 0.508631 0.067108
0.439475 0.530412 0.052430
0.459930 0.550788 0.041990
0.458012 0.562119 0.036486
0.454279 0.555600 0.039385
0.463657 0.557192 0.038961
0.469343 0.582065 0.028752
0.625496 0.494516 0.092082
0.623881 0.502925 0.083045
0.619973 0.498199 0.087919
0.629414 0.499169 0.087071
0.635655 0.517610 0.069550
0.580825 0.525810 0.061701
0.579024 0.535494 0.054640
0.575175 0.530059 0.058393
0.584679 0.531147 0.057801
0.590632 0.552200 0.044420
0.611986 0.570363 0.035251
0.610311 0.581153 0.030529
0.606332 0.575269 0.032991
0.615956 0.576180 0.032657
0.622385 0.599054 0.024093
0.561297 0.433031 0.194313
0.560373 0.438958 0.180335
0.556268 0.435613 0.187652
0.565434 0.436329 0.186792
0.572592 0.449296 0.159271
0.519642 0.453418 0.145533
0.518103 0.459863 0.134054
0.514237 0.456003 0.140082
0.523535 0.457181 0.139384
0.529580 0.472048 0.116518
0.550289 0.486360 0.099139
0.548486 0.494457 0.089560
0.544702 0.489765 0.094672
0.554083 0.490947 0.093886
0.559875 0.509146 0.075181
0.598770 0.407661 0.250871
0.598794 0.415378 0.234433
0.594325 0.411547 0.243247
0.603264 0.411668 0.241744
0.612117 0.425788 0.209213
0.634442 0.436091 0.183833
0.633887 0.442813 0.170244
0.629569 0.439262 0.177706
0.638815 0.439631 0.176195
0.646683 0.453955 0.149068
0.593945 0.460975 0.138347
0.592600 0.467935 0.126953
0.588635 0.464029 0.133143
0.597943 0.464797 0.132007
0.604389 0.480257 0.109244
0.657090 0.533931 0.057159
0.655470 0.543504 0.050604
0.651488 0.538204 0.054061
0.661079 0.539164 0.053577
0.667461 0.559697 0.041124
0.505298 0.515741 0.066744
0.503367 0.525414 0.059283
0.499634 0.519795 0.063245
0.509036 0.521241 0.062633
0.514605 0.542797 0.048368
0.415094 0.592536 0.024240
0.413328 0.605788 0.020755
0.409515 0.598439 0.022514
0.418890 0.599826 0.022343
0.425118 0.627264 0.016382
0.481811 0.703056 0.009655
0.481308 0.714985 0.009409
0.476666 0.708928 0.009530
0.486427 0.709220 0.009519
0.495498 0.732160 0.009135
0.355429 0.488779 0.075030
0.353558 0.498032 0.067470
0.349786 0.492427 0.071420
0.359199 0.494275 0.070986
0.364832 0.515583 0.056220
0.526973 0.404889 0.256725
0.526719 0.412157 0.240598
0.522329 0.408461 0.248509
0.531412 0.408813 0.248528
0.539613 0.422545 0.217598
0.444904 0.442473 0.148600
0.443300 0.448568 0.137554
0.439419 0.444685 0.143109
0.448804 0.446248 0.142940
0.454790 0.460850 0.121130
0.567024 0.611537 0.020472
0.565572 0.623259 0.017815
0.561465 0.616994 0.019182
0.571107 0.617784 0.018990
0.578183 0.641799 0.014380
0.572809 0.647311 0.013567
0.571866 0.658979 0.012082
0.567469 0.652875 0.012832
0.577161 0.653429 0.012727
0.581568 0.659514 0.011989
0.580823 0.671077 0.010877
0.576317 0.665048 0.011430
0.564263 0.634983 0.015561
0.568508 0.641165 0.014511
0.563128 0.646726 0.013685
0.569726 0.629471 0.016560
0.575225 0.624002 0.017641
0.579386 0.630182 0.016402
0.573927 0.635648 0.015416
0.555931 0.622489 0.017992
0.554609 0.634289 0.015707
0.550431 0.628008 0.016883
0.560071 0.628758 0.016721
0.558840 0.640529 0.014643
0.449206 0.463595 0.116159
0.447366 0.470949 0.106150
0.443609 0.466420 0.111308
0.452972 0.468015 0.110888
0.456725 0.472540 0.105694
0.454844 0.480344 0.096088
0.451110 0.475590 0.101074
0.441609 0.455070 0.126865
0.445420 0.459277 0.121489
0.439836 0.461997 0.116533
0.447155 0.452554 0.132035
0.452679 0.450123 0.137320
0.456529 0.454102 0.131743
0.450985 0.456647 0.126558
0.433910 0.446978 0.137732
0.432224 0.453465 0.127120
0.428378 0.449357 0.132465
0.437773 0.450971 0.132281
0.436043 0.457677 0.121808
0.534697 0.425185 0.210511
0.533823 0.430817 0.196253
0.529707 0.427673 0.203537
0.538860 0.428381 0.203115
0.542987 0.431572 0.195733
0.541980 0.437347 0.181849
0.537910 0.434041 0.189003
0.526247 0.418636 0.225388
0.530494 0.421944 0.217926
0.525555 0.424525 0.210834
0.531060 0.415724 0.232826
0.535800 0.412581 0.240490
0.540145 0.416217 0.232595
0.535358 0.419180 0.225171
0.517613 0.411736 0.240583
0.517116 0.418074 0.225506
0.512825 0.414732 0.232936
0.521953 0.415240 0.232930
0.521359 0.421332 0.218148
0.359213 0.519761 0.053090
0.357366 0.530493 0.046697
0.353596 0.524056 0.050035
0.362972 0.526025 0.049652
0.366721 0.532469 0.046324
0.364878 0.543952 0.040364
0.361127 0.537127 0.043470
0.351682 0.507703 0.060288
0.355450 0.513660 0.056636
0.349821 0.517802 0.053482
0.357322 0.503762 0.063616
0.362960 0.499894 0.067031
0.366711 0.505637 0.063178
0.361079 0.509612 0.059866
0.344138 0.496151 0.067898
0.342263 0.505772 0.060696
0.338483 0.499951 0.064458
0.347912 0.501866 0.064043
0.346043 0.511715 0.057036
0.490463 0.737511 0.009075
0.490287 0.747989 0.008986
0.485442 0.742791 0.009026
0.495287 0.742809 0.009024
0.500139 0.747959 0.008985
0.500054 0.757982 0.008942
0.495159 0.753048 0.008959
0.480915 0.726448 0.009217
0.485671 0.732059 0.009139
0.480627 0.737445 0.009078
0.485997 0.720873 0.009303
0.491092 0.715218 0.009399
0.495800 0.721053 0.009294
0.490729 0.726597 0.009212
0.471532 0.714731 0.009416
0.471107 0.726285 0.009221
0.466410 0.720458 0.009314
0.476201 0.720674 0.009309
0.475847 0.731946 0.009143
0.419666 0.633296 0.015265
0.418312 0.646544 0.013298
0.414202 0.639475 0.014241
0.423738 0.640372 0.014202
0.427849 0.647443 0.013264
0.426648 0.660640 0.011768
0.422462 0.653598 0.012474
0.411675 0.619068 0.017784
0.415642 0.626203 0.016457
0.410141 0.632383 0.015311
0.417201 0.613024 0.019152
0.422731 0.607083 0.020610
0.426625 0.614251 0.019028
0.421132 0.620169 0.017697
0.403927 0.604525 0.020881
0.402201 0.618045 0.017852
0.398331 0.610742 0.019340
0.407769 0.611857 0.019256
0.406139 0.625247 0.016512
0.508921 0.547386 0.045536
0.507007 0.558210 0.039731
0.503237 0.552060 0.042810
0.512687 0.553430 0.042329
0.516472 0.559534 0.039277
0.514618 0.570671 0.034053
0.510799 0.564417 0.036809
0.501428 0.535507 0.052404
0.505169 0.541410 0.048897
0.499485 0.545977 0.046043
0.507106 0.531129 0.055487
0.512779 0.526838 0.058688
0.516530 0.532525 0.054913
0.510852 0.536928 0.051852
0.493965 0.523945 0.059868
0.492016 0.534039 0.052948
0.488293 0.528192 0.056616
0.497694 0.529682 0.056058
0.495746 0.539968 0.049423
0.661829 0.564334 0.038605
0.660208 0.574725 0.033564
0.656190 0.569066 0.036194
0.665846 0.569913 0.035848
0.669875 0.575549 0.033238
0.668288 0.586206 0.028752
0.664242 0.580440 0.031082
0.653830 0.553347 0.044551
0.657824 0.558812 0.041508
0.652184 0.563464 0.038973
0.659458 0.548856 0.047303
0.665076 0.544449 0.050154
0.669078 0.549782 0.046882
0.663456 0.554254 0.044146
0.645871 0.542561 0.051061
0.644209 0.552437 0.044962
0.640242 0.547000 0.048165
0.649846 0.547930 0.047733
0.648190 0.557923 0.041897
0.598907 0.483682 0.104665
0.597252 0.491647 0.094824
0.593392 0.487154 0.100165
0.602784 0.488091 0.099193
0.606660 0.492607 0.093895
0.604990 0.500942 0.084684
0.601118 0.496245 0.089660
0.591126 0.475184 0.116067
0.595024 0.479380 0.110296
0.589530 0.482761 0.105664
0.596548 0.471938 0.120903
0.601922 0.468715 0.125810
0.605883 0.472742 0.119773
0.600476 0.476041 0.114995
0.583278 0.467099 0.128022
0.581775 0.474280 0.117078
0.577874 0.470196 0.122988
0.587210 0.471092 0.121977
0.585661 0.478467 0.111303
0.641546 0.457189 0.143761
0.640485 0.464389 0.132178
0.636369 0.460434 0.138541
0.645709 0.461107 0.137238
0.649846 0.465117 0.130888
0.648654 0.472583 0.119966
0.644580 0.468440 0.125986
0.633147 0.449629 0.157342
0.637359 0.453364 0.150459
0.632229 0.456573 0.145083
0.638180 0.446444 0.162994
0.643167 0.443252 0.168754
0.647489 0.446952 0.161510
0.642445 0.450156 0.155939
0.624648 0.442418 0.171704
0.623880 0.449134 0.158725
0.619671 0.445555 0.165838
0.628909 0.445981 0.164420
0.628066 0.452806 0.151809
0.607437 0.429034 0.202723
0.606944 0.435374 0.188438
0.602666 0.432140 0.196285
0.611766 0.432275 0.194763
0.616071 0.435560 0.186914
0.615444 0.442065 0.173157
0.611199 0.438670 0.180693
0.598674 0.422381 0.218974
0.603070 0.425755 0.210786
0.598355 0.428890 0.204205
0.603257 0.419001 0.225849
0.607763 0.415428 0.232878
0.612248 0.418987 0.224236
0.607703 0.422453 0.217455
0.589824 0.415197 0.235847
0.589646 0.422166 0.220360
0.585259 0.418620 0.228644
0.594256 0.418874 0.227317
0.594013 0.425578 0.212223
0.554245 0.513051 0.071406
0.552401 0.522350 0.063582
0.548603 0.517039 0.067748
0.558048 0.518253 0.067093
0.561861 0.523547 0.062953
0.560023 0.533236 0.055774
0.556206 0.527751 0.059590
0.546660 0.502941 0.080537
0.550449 0.507946 0.075888
0.544815 0.511824 0.072085
0.552276 0.499252 0.084604
0.557881 0.495637 0.088786
0.561685 0.500427 0.083847
0.556072 0.504150 0.079809
0.539104 0.493239 0.090320
0.537261 0.501694 0.081258
0.533494 0.496786 0.086085
0.542879 0.498038 0.085350
0.541035 0.506708 0.076590
0.524032 0.475101 0.111634
0.522219 0.482695 0.101456
0.518461 0.478209 0.106854
0.527801 0.479476 0.106105
0.531568 0.483957 0.100704
0.529733 0.491982 0.091066
0.525976 0.487286 0.096192
0.516454 0.466655 0.123007
0.520254 0.470825 0.117272
0.514697 0.473826 0.112376
0.521949 0.463822 0.128114
0.527406 0.461038 0.133327
0.531258 0.464994 0.127364
0.525774 0.467882 0.122267
0.508791 0.458623 0.134744
0.507126 0.465363 0.123715
0.503307 0.461291 0.129509
0.512633 0.462587 0.128833
0.510922 0.469542 0.118001
0.567369 0.452056 0.153538
0.566064 0.458526 0.141502
0.562094 0.454819 0.147925
0.571372 0.455688 0.146962
0.575359 0.459402 0.140517
0.573954 0.466210 0.129030
0.570017 0.462322 0.135203
0.559310 0.445003 0.167079
0.563348 0.448497 0.160244
0.558107 0.451193 0.154469
0.564463 0.442352 0.173168
0.569557 0.439680 0.179409
0.573666 0.443079 0.172189
0.568537 0.445796 0.166148
0.551180 0.438177 0.181148
0.550080 0.444154 0.167917
0.546038 0.440722 0.174822
0.555253 0.441565 0.174046
0.554103 0.447641 0.161133
0.616784 0.604256 0.022491
0.615293 0.615638 0.019464
0.611198 0.609508 0.021013
0.620864 0.610350 0.020800
0.624966 0.616480 0.019268
0.623555 0.627968 0.016803
0.619410 0.621800 0.018072
0.608688 0.592177 0.026349
0.612725 0.598199 0.024341
0.607124 0.603406 0.022723
0.614314 0.587079 0.028226
0.619950 0.582043 0.030221
0.623964 0.587951 0.027940
0.618339 0.593047 0.026080
0.600685 0.580244 0.030845
0.599046 0.591296 0.026623
0.595044 0.585290 0.028814
0.604674 0.586193 0.028517
0.603074 0.597336 0.024592
0.584958 0.556881 0.041762
0.583185 0.567492 0.036362
0.579281 0.561645 0.039204
0.588856 0.562651 0.038793
0.592774 0.568471 0.035982
0.591067 0.579318 0.031168
0.587113 0.573384 0.033683
0.577213 0.545518 0.048165
0.581078 0.551170 0.044887
0.575399 0.555851 0.042204
0.582883 0.541001 0.051068
0.588543 0.536562 0.054080
0.592417 0.542050 0.050542
0.586752 0.546572 0.047666
0.569516 0.534388 0.055204
0.567686 0.544426 0.048671
0.563849 0.538797 0.052137
0.573359 0.539921 0.051598
0.571536 0.550110 0.045360
0.630076 0.521665 0.066025
0.628406 0.530999 0.058735
0.624480 0.525791 0.062604
0.634009 0.526792 0.062024
0.637953 0.531988 0.058200
0.636287 0.541609 0.051520
0.632341 0.536274 0.055042
0.622235 0.511635 0.074570
0.626151 0.516611 0.070206
0.620564 0.520655 0.066652
0.627797 0.507739 0.078361
0.633340 0.503906 0.082252
0.637275 0.508727 0.077621
0.631721 0.512636 0.073863
0.614431 0.501937 0.083856
0.612760 0.510623 0.075295
0.608870 0.505736 0.079896
0.618329 0.506742 0.079119
0.616657 0.515599 0.070881
0.463746 0.587409 0.026816
0.462023 0.599789 0.023060
0.458165 0.592857 0.025000
0.467590 0.594249 0.024726
0.471466 0.601115 0.022815
0.469846 0.613671 0.019699
0.465913 0.606743 0.021301
0.456145 0.573849 0.031519
0.459932 0.580607 0.029081
0.454339 0.585956 0.027118
0.461765 0.568710 0.033743
0.467400 0.563672 0.036083
0.471166 0.570219 0.033363
0.465541 0.575361 0.031163
0.448641 0.560517 0.036890
0.446767 0.572289 0.031876
0.443018 0.565539 0.034506
0.452382 0.567151 0.034123
0.450540 0.579097 0.029411
0.433820 0.534826 0.049443
0.431868 0.545746 0.043327
0.428174 0.539340 0.046557
0.437510 0.541101 0.046092
0.441208 0.547483 0.042879
0.439287 0.558857 0.037297
0.435571 0.552255 0.040239
0.426447 0.522614 0.056537
0.430134 0.528663 0.052926
0.424486 0.533049 0.049921
0.432099 0.518432 0.059763
0.437754 0.514336 0.063106
0.441444 0.520159 0.059244
0.435788 0.524370 0.056032
0.419068 0.510848 0.064144
0.417114 0.520825 0.057037
0.413423 0.514885 0.060781
0.422759 0.516674 0.060275
0.420801 0.526877 0.053416
0.479087 0.502048 0.076660
0.477145 0.511244 0.068546
0.473433 0.505812 0.072819
0.482804 0.507358 0.072242
0.486522 0.512779 0.067967
0.484573 0.522438 0.060438
0.480858 0.516787 0.064416
0.471650 0.491765 0.085890
0.475369 0.496850 0.081212
0.469721 0.500492 0.077229
0.477288 0.488337 0.090133
0.482921 0.485000 0.094495
0.486652 0.489848 0.089541
0.481013 0.493303 0.085316
0.464200 0.481927 0.095585
0.462291 0.490192 0.086428
0.458570 0.485211 0.091203
0.467928 0.486791 0.090684
0.466007 0.495286 0.081768
0.389008 0.574614 0.029090
0.387101 0.588019 0.024799
0.383422 0.580397 0.026977
0.392704 0.582053 0.026767
0.396415 0.589543 0.024626
0.394531 0.603288 0.020990
0.390796 0.595676 0.022808
0.381613 0.560006 0.034250
0.385314 0.567253 0.031587
0.379746 0.572845 0.029336
0.387170 0.554822 0.036716
0.392738 0.549820 0.039268
0.396441 0.556726 0.036359
0.390874 0.561895 0.033928
0.374184 0.545916 0.040021
0.372344 0.558105 0.034554
0.368617 0.550951 0.037389
0.377902 0.552890 0.037064
0.376057 0.565404 0.031866
0.453411 0.689128 0.010022
0.452649 0.701864 0.009680
0.448190 0.695246 0.009835
0.457860 0.695781 0.009829
0.462356 0.702297 0.009675
0.461764 0.714454 0.009421
0.457175 0.708263 0.009543
0.444677 0.675530 0.010672
0.449014 0.682380 0.010296
0.443779 0.688486 0.010029
0.449943 0.669479 0.011127
0.455222 0.663475 0.011671
0.459511 0.670308 0.011097
0.454257 0.676323 0.010652
0.436173 0.661570 0.011743
0.435120 0.674680 0.010687
0.430867 0.667671 0.011173
0.440398 0.668589 0.011153
0.439420 0.681632 0.010307
0.328960 0.474501 0.084086
0.327110 0.483222 0.076267
0.323309 0.477888 0.080338
0.332765 0.479741 0.079947
0.336564 0.485091 0.075863
0.334698 0.494251 0.068315
0.330906 0.488676 0.072255
0.321324 0.464343 0.092490
0.325146 0.469372 0.088270
0.319502 0.472666 0.084457
0.326953 0.461220 0.096454
0.332576 0.458176 0.100520
0.336417 0.463022 0.096172
0.330784 0.466159 0.092172
0.313645 0.454553 0.101009
0.311864 0.462525 0.092809
0.308029 0.457588 0.097028
0.317490 0.459406 0.096738
0.315687 0.467549 0.088616
0.493196 0.443744 0.159102
0.491713 0.449693 0.147301
0.487803 0.446023 0.153349
0.497128 0.447323 0.152919
0.501038 0.450994 0.146794
0.499465 0.457324 0.135376
0.495601 0.453459 0.141309
0.485266 0.436844 0.171627
0.489242 0.440252 0.165339
0.483870 0.442445 0.159445
0.490578 0.434740 0.177806
0.495850 0.432629 0.184140
0.499863 0.435889 0.177521
0.494573 0.438071 0.171361
0.477263 0.430289 0.184349
0.475940 0.435555 0.171773
0.471944 0.432245 0.178010
0.481272 0.433522 0.177962
0.479915 0.438955 0.165587
0.460901 0.418138 0.210277
0.459819 0.422854 0.197055
0.455704 0.419866 0.203450
0.465057 0.421120 0.203804
0.469167 0.424100 0.197308
0.467929 0.429029 0.184301
0.463890 0.425901 0.190659
0.452448 0.412055 0.223160
0.456696 0.415119 0.216725
0.451544 0.416869 0.209819
0.457486 0.410101 0.230349
0.462453 0.407929 0.237774
0.466793 0.411124 0.231064
0.461780 0.413217 0.223794
0.443852 0.405789 0.236016
0.443102 0.410757 0.222478
0.438833 0.407642 0.228782
0.448164 0.408944 0.229588
0.447342 0.413833 0.216158
0.499700 0.396299 0.272576
0.499647 0.404033 0.255886
0.495147 0.400194 0.263765
0.504263 0.400408 0.264368
0.508771 0.404338 0.256295
0.508485 0.411287 0.240467
0.504093 0.407726 0.248116
0.490414 0.387483 0.289297
0.495085 0.391995 0.280898
0.490599 0.396201 0.271736
0.494723 0.382287 0.299220
0.498928 0.376367 0.309488
0.503812 0.381919 0.300330
0.499486 0.387255 0.290434
0.480909 0.377868 0.306022
0.481349 0.387766 0.287782
0.476670 0.383351 0.295755
0.485686 0.382770 0.297700
0.485998 0.392054 0.279758
0.572066 0.398169 0.272254
0.572021 0.406858 0.254658
0.567581 0.402465 0.263766
0.576507 0.402835 0.262800
0.580947 0.407207 0.253578
0.580857 0.414906 0.237105
0.576444 0.410994 0.245772
0.563142 0.387811 0.291788
0.567618 0.393176 0.281926
0.563121 0.397794 0.273079
0.567694 0.382319 0.301257
0.572321 0.376228 0.310965
0.576704 0.382614 0.300458
0.572138 0.388141 0.291049
0.554030 0.375694 0.311916
0.554100 0.387474 0.292254
0.549520 0.381734 0.302091
0.558618 0.382012 0.301803
0.558630 0.392811 0.282580
0.534860 0.347029 0.346505
0.535269 0.361642 0.331031
0.530324 0.354360 0.339234
0.539781 0.354337 0.339355
0.544625 0.361677 0.331099
0.544867 0.375500 0.312058
0.540119 0.368762 0.321841
0.524856 0.332881 0.357755
0.529880 0.339846 0.352618
0.525316 0.347116 0.346345
0.529539 0.326046 0.362105
0.534295 0.319538 0.365566
0.539279 0.326018 0.362154
0.534540 0.332800 0.357855
0.514765 0.319830 0.365416
0.515194 0.333144 0.357534
0.510121 0.326556 0.361778
0.519812 0.326198 0.361992
0.520267 0.340017 0.352419
0.404231 0.488770 0.080836
0.402317 0.497786 0.072760
0.398597 0.492334 0.076977
0.407954 0.494105 0.076503
0.411667 0.499564 0.072267
0.409729 0.509061 0.064651
0.406027 0.503362 0.068648
0.396751 0.478462 0.089749
0.400498 0.483555 0.085255
0.394866 0.487007 0.081284
0.402381 0.475214 0.093952
0.408007 0.472060 0.098283
0.411761 0.476929 0.093570
0.406130 0.480196 0.089350
0.389214 0.468637 0.098926
0.387363 0.476729 0.090130
0.383590 0.471771 0.094648
0.392991 0.473491 0.094309
0.391121 0.481806 0.085672
0.373932 0.450255 0.117828
0.372175 0.457549 0.108490
0.368335 0.452997 0.113181
0.377781 0.454715 0.113047
0.381611 0.459259 0.108299
0.379802 0.466927 0.099219
0.375997 0.462189 0.103834
0.366178 0.441562 0.127481
0.370065 0.445870 0.122639
0.364475 0.448524 0.117903
0.371749 0.439102 0.132450
0.377306 0.436745 0.137556
0.381213 0.440855 0.132527
0.375645 0.443312 0.127514
0.358356 0.433152 0.137251
0.356702 0.439790 0.127429
0.352791 0.435524 0.132234
0.362275 0.437325 0.132352
0.360597 0.444122 0.122652
0.418202 0.431899 0.159776
0.416688 0.437594 0.148654
0.412741 0.433833 0.154088
0.422167 0.435551 0.154237
0.426107 0.439275 0.148714
0.424507 0.445348 0.137839
0.420610 0.441429 0.143237
0.410214 0.424787 0.170924
0.414216 0.428311 0.165332
0.408774 0.430147 0.159547
0.415612 0.423129 0.176949
0.420989 0.421547 0.183131
0.425028 0.424874 0.177302
0.419635 0.426559 0.171250
0.402176 0.417920 0.182259
0.400793 0.422978 0.170574
0.396786 0.419481 0.176156
0.406198 0.421326 0.176564
0.404791 0.426531 0.165040
0.531045 0.692649 0.009837
0.530628 0.704430 0.009562
0.525949 0.698418 0.009701
0.535710 0.698690 0.009675
0.540410 0.704644 0.009540
0.540093 0.716053 0.009332
0.535344 0.710311 0.009439
0.521867 0.680351 0.010404
0.526427 0.686541 0.010074
0.521302 0.692322 0.009869
0.527055 0.674568 0.010776
0.532271 0.668812 0.011226
0.536757 0.675027 0.010719
0.531578 0.680774 0.010358
0.512914 0.667744 0.011355
0.512162 0.679904 0.010448
0.507677 0.673573 0.010883
0.517361 0.674084 0.010830
0.516704 0.686155 0.010111
0.495676 0.641739 0.014502
0.494562 0.654142 0.012797
0.490304 0.647526 0.013649
0.499902 0.648332 0.013551
0.504183 0.654863 0.012712
0.503249 0.667169 0.011416
0.498876 0.660691 0.012054
0.487394 0.628394 0.016756
0.491507 0.635090 0.015569
0.486103 0.640853 0.014614
0.492866 0.622706 0.017896
0.498372 0.617052 0.019119
0.502420 0.623700 0.017723
0.496946 0.629373 0.016606
0.479331 0.614856 0.019508
0.477867 0.627355 0.016903
0.473831 0.620539 0.018235
0.483337 0.621652 0.018067
0.481957 0.634126 0.015697
0.539765 0.597097 0.024465
0.538181 0.608881 0.021126
0.534173 0.602466 0.022846
0.543757 0.603447 0.022598
0.547781 0.609806 0.020903
0.546303 0.621680 0.018172
0.542222 0.615298 0.019579
0.531877 0.584445 0.028718
0.535805 0.590760 0.026505
0.530198 0.596059 0.024740
0.537514 0.579303 0.030750
0.543163 0.574240 0.032902
0.547063 0.580401 0.030406
0.541427 0.585541 0.028395
0.524116 0.571905 0.033659
0.522344 0.583304 0.029050
0.518466 0.576969 0.031465
0.527981 0.578158 0.031103
0.526255 0.589670 0.026808
0.706617 0.529730 0.061383
0.705111 0.538860 0.054717
0.701058 0.533757 0.058248
0.710681 0.534777 0.057750
0.714745 0.539858 0.054256
0.713217 0.549167 0.048049
0.709165 0.543997 0.051321
0.698498 0.519753 0.069102
0.702556 0.524720 0.065163
0.697007 0.528693 0.061926
0.704023 0.515907 0.072501
0.709535 0.512131 0.075946
0.713618 0.517004 0.071796
0.708092 0.520825 0.068457
0.690396 0.509959 0.077493
0.688917 0.518696 0.069758
0.684880 0.513771 0.073929
0.694444 0.514831 0.073209
0.692960 0.523670 0.065760
0.674256 0.491062 0.096541
0.672807 0.499351 0.087554
0.668795 0.494679 0.092486
0.678284 0.495687 0.091482
0.682316 0.500383 0.086622
0.680849 0.508902 0.078281
0.676825 0.504094 0.082820
0.666182 0.482054 0.107241
0.670225 0.486514 0.101794
0.664786 0.490082 0.097616
0.671564 0.478580 0.111606
0.676913 0.475145 0.116032
0.681014 0.479512 0.110315
0.675634 0.482992 0.106026
0.658054 0.473409 0.118706
0.656747 0.481148 0.108438
0.652709 0.476819 0.114116
0.662127 0.477686 0.112881
0.660772 0.485570 0.102935
0.602944 0.637804 0.014993
0.607223 0.643920 0.013999
0.601866 0.649277 0.013222
0.608391 0.632460 0.015940
0.613881 0.627130 0.016968
0.618065 0.633277 0.015789
0.612622 0.638590 0.014855
0.592178 0.648581 0.013336
0.597540 0.643176 0.014125
0.596550 0.654667 0.012522
0.593269 0.637054 0.015132
0.594544 0.625526 0.017301
0.600073 0.620154 0.018434
0.598718 0.631674 0.016093
0.586030 0.665562 0.011350
0.586854 0.654025 0.012624
0.591272 0.660094 0.011898
0.479084 0.461186 0.125433
0.482881 0.465380 0.119860
0.477295 0.468212 0.114872
0.484620 0.458545 0.130630
0.490127 0.455973 0.135921
0.493969 0.459942 0.130112
0.488440 0.462625 0.124940
0.467933 0.466702 0.115332
0.473520 0.463903 0.120332
0.471694 0.471116 0.109989
0.469721 0.459703 0.125847
0.471418 0.453120 0.136737
0.476910 0.450699 0.142168
0.475262 0.457100 0.131060
0.460467 0.477178 0.100591
0.462333 0.469579 0.110448
0.466084 0.474102 0.105225
0.562587 0.420897 0.223583
0.566876 0.424360 0.215667
0.562053 0.427146 0.208747
0.567278 0.417817 0.230806
0.571893 0.414524 0.238191
0.576270 0.418263 0.229810
0.571613 0.421407 0.222677
0.552949 0.426513 0.209492
0.557810 0.423789 0.216488
0.557139 0.429787 0.201890
0.553530 0.420330 0.224296
0.553900 0.413553 0.239763
0.558519 0.410127 0.247537
0.558262 0.417304 0.231606
0.547091 0.434841 0.188387
0.548003 0.429090 0.202574
0.552149 0.432324 0.195091
0.389139 0.515262 0.058506
0.392841 0.521305 0.054863
0.387232 0.525555 0.051800
0.394762 0.511216 0.061773
0.400392 0.507247 0.065150
0.404091 0.513066 0.061279
0.398461 0.517147 0.058021
0.377915 0.523626 0.052251
0.383524 0.519393 0.055335
0.381632 0.529924 0.048825
0.379806 0.513379 0.058977
0.381707 0.503570 0.066119
0.387335 0.499733 0.069622
0.385428 0.509352 0.062258
0.370458 0.539103 0.043111
0.372314 0.527978 0.049249
0.376041 0.534433 0.045930
0.520192 0.726933 0.009189
0.524994 0.732366 0.009117
0.519982 0.737633 0.009063
0.525234 0.721469 0.009263
0.530285 0.715924 0.009347
0.535051 0.721570 0.009252
0.530018 0.727010 0.009180
0.510141 0.737602 0.009068
0.515161 0.732311 0.009123
0.514980 0.742817 0.009018
0.510368 0.726841 0.009197
0.510680 0.715613 0.009375
0.515762 0.709936 0.009475
0.515419 0.721351 0.009274
0.505016 0.752976 0.008958
0.505133 0.742814 0.009021
0.509992 0.747926 0.008983
0.449426 0.623892 0.017326
0.453452 0.630876 0.016062
0.448052 0.636697 0.015024
0.454889 0.618145 0.018564
0.460385 0.612431 0.019889
0.464348 0.619370 0.018400
0.458883 0.625101 0.017188
0.438599 0.635511 0.015117
0.443997 0.629676 0.016177
0.442680 0.642572 0.014075
0.439992 0.622627 0.017463
0.441530 0.609792 0.020265
0.447054 0.604067 0.021735
0.445452 0.616868 0.018726
0.431994 0.654510 0.012446
0.433223 0.641420 0.014146
0.437330 0.648501 0.013215
0.539201 0.540875 0.050232
0.542999 0.546654 0.046832
0.537316 0.551287 0.044060
0.544876 0.536416 0.053231
0.550544 0.532040 0.056348
0.554355 0.537628 0.052682
0.548680 0.542102 0.049706
0.527835 0.550033 0.044543
0.533520 0.545413 0.047336
0.531632 0.556004 0.041393
0.529737 0.539605 0.050765
0.531634 0.529524 0.057508
0.537297 0.525274 0.060797
0.535412 0.535161 0.053786
0.520280 0.565696 0.036385
0.522152 0.554740 0.041856
0.525953 0.560807 0.038833
0.692362 0.556948 0.042972
0.696400 0.562310 0.040008
0.690785 0.566891 0.037531
0.697972 0.552543 0.045670
0.703574 0.548225 0.048455
0.707617 0.553454 0.045282
0.702010 0.557833 0.042595
0.681130 0.566048 0.037885
0.686749 0.561447 0.040374
0.685166 0.571575 0.035168
0.682721 0.556055 0.043356
0.684309 0.546340 0.049284
0.689904 0.542061 0.052191
0.688335 0.551627 0.046065
0.673916 0.581239 0.030777
0.675504 0.570750 0.035506
0.679544 0.576360 0.032916
0.628556 0.478565 0.111741
0.632521 0.482883 0.106129
0.627070 0.486396 0.101666
0.633936 0.475162 0.116406
0.639278 0.471787 0.121157
0.643312 0.475979 0.115284
0.637935 0.479412 0.110669
0.617675 0.485492 0.102655
0.623135 0.482006 0.107159
0.621586 0.489954 0.097279
0.619188 0.477722 0.112818
0.620578 0.470238 0.123475
0.625886 0.466955 0.128399
0.624575 0.474351 0.117523
0.610541 0.497224 0.088781
0.612181 0.489024 0.098230
0.616074 0.493563 0.092982
0.670560 0.452012 0.151168
0.674850 0.455975 0.144336
0.669681 0.459264 0.139318
0.675643 0.448755 0.156433
0.680681 0.445494 0.161786
0.685065 0.449410 0.154619
0.679978 0.452692 0.149436
0.660274 0.458539 0.140888
0.665435 0.455272 0.145989
0.664475 0.462565 0.134380
0.661155 0.451357 0.152857
0.661861 0.444307 0.165453
0.666842 0.441093 0.171070
0.666230 0.448125 0.158208
0.653962 0.469219 0.124709
0.655078 0.461819 0.135855
0.659236 0.465882 0.129513
0.634895 0.422628 0.212440
0.639474 0.426158 0.204251
0.634795 0.429417 0.197893
0.639419 0.419246 0.219063
0.643865 0.415811 0.225797
0.648613 0.419510 0.217216
0.644081 0.422856 0.210689
0.625625 0.429218 0.199517
0.630295 0.425953 0.205926
0.630047 0.432628 0.191610
0.625775 0.422485 0.214131
0.625695 0.415427 0.229416
0.630072 0.411794 0.236463
0.630297 0.419064 0.220814
0.620365 0.438941 0.179203
0.620883 0.432419 0.193192
0.625234 0.435797 0.185379
0.584379 0.507525 0.077574
0.588229 0.512493 0.073025
0.582611 0.516486 0.069348
0.589977 0.503702 0.081502
0.595556 0.499942 0.085529
0.599420 0.504723 0.080690
0.593833 0.508572 0.076804
0.573144 0.515385 0.070036
0.578768 0.511419 0.073750
0.576980 0.520555 0.065779
0.574934 0.506445 0.078326
0.576704 0.497874 0.087193
0.582286 0.494245 0.091419
0.580539 0.502653 0.082297
0.565684 0.528927 0.058990
0.567507 0.519426 0.066437
0.571337 0.524701 0.062326
0.553740 0.471276 0.119846
0.557584 0.475452 0.114065
0.552052 0.478638 0.109254
0.559205 0.468249 0.124870
0.564632 0.465266 0.129988
0.568537 0.469247 0.123951
0.563079 0.472324 0.118963
0.542703 0.477500 0.110076
0.548240 0.474358 0.114916
0.546497 0.481878 0.104538
0.544411 0.470186 0.120691
0.546006 0.463238 0.131754
0.551409 0.460400 0.137036
0.549881 0.467206 0.125744
0.535334 0.488545 0.095440
0.537144 0.480696 0.105334
0.540922 0.485178 0.099932
0.596201 0.447755 0.162801
0.600315 0.451267 0.155831
0.595148 0.454265 0.150281
0.601267 0.444782 0.168643
0.606268 0.441753 0.174603
0.610462 0.445163 0.167252
0.605420 0.448234 0.161483
0.585889 0.453596 0.151451
0.591073 0.450687 0.157073
0.589926 0.457243 0.144828
0.586979 0.447180 0.164015
0.587910 0.440904 0.177232
0.592892 0.438034 0.183489
0.592066 0.444304 0.169933
0.579327 0.463204 0.134203
0.580650 0.456497 0.145932
0.584652 0.460218 0.139469
0.647349 0.595577 0.025299
0.651420 0.601553 0.023368
0.645813 0.606781 0.021812
0.652976 0.590462 0.027111
0.658607 0.585413 0.029039
0.662661 0.591254 0.026840
0.657037 0.596373 0.025045
0.636126 0.605953 0.022035
0.641731 0.600745 0.023606
0.640219 0.612046 0.020380
0.637667 0.594752 0.025556
0.639257 0.583770 0.029623
0.644900 0.578793 0.031702
0.643294 0.589649 0.027385
0.629086 0.622649 0.017893
0.630538 0.611197 0.020589
0.634643 0.617335 0.019074
0.615429 0.549600 0.046246
0.619357 0.555162 0.043100
0.613698 0.559836 0.040499
0.621078 0.545081 0.049066
0.626716 0.540638 0.051996
0.630654 0.546051 0.048607
0.625009 0.550567 0.045804
0.604107 0.558874 0.040908
0.609771 0.554195 0.043527
0.608036 0.564593 0.038001
0.605860 0.548612 0.046704
0.607608 0.538637 0.053002
0.613246 0.534276 0.056089
0.611513 0.544090 0.049541
0.596717 0.574336 0.033333
0.598441 0.563633 0.038392
0.602374 0.569428 0.035612
0.660258 0.515610 0.071796
0.664250 0.520590 0.067625
0.658687 0.524633 0.064223
0.665796 0.511704 0.075401
0.671318 0.507867 0.079078
0.675331 0.512728 0.074660
0.669799 0.516623 0.071106
0.649135 0.523644 0.064823
0.654704 0.519589 0.068269
0.653108 0.528756 0.060907
0.650731 0.514613 0.072491
0.652298 0.505859 0.080687
0.657814 0.502073 0.084553
0.656274 0.510698 0.076149
0.641907 0.537245 0.054547
0.643552 0.527777 0.061463
0.647514 0.532960 0.057680
0.493850 0.579582 0.030099
0.497705 0.586118 0.027768
0.492098 0.591447 0.025912
0.499485 0.574437 0.032219
0.505136 0.569383 0.034456
0.508966 0.575732 0.031838
0.503328 0.580882 0.029743
0.482625 0.590156 0.026213
0.488229 0.584822 0.028096
0.486507 0.596869 0.024179
0.484392 0.578228 0.030454
0.486230 0.566631 0.035272
0.491889 0.561680 0.037676
0.490026 0.573083 0.032601
0.475377 0.608000 0.021083
0.477037 0.595586 0.024452
0.480933 0.602387 0.022569
0.463853 0.529390 0.054515
0.467555 0.535383 0.050951
0.461883 0.539877 0.048005
0.469523 0.525095 0.057693
0.475190 0.520893 0.060991
0.478902 0.526663 0.057161
0.473229 0.530979 0.054003
0.452517 0.538244 0.048481
0.458183 0.533771 0.051445
0.456218 0.544469 0.045165
0.454488 0.527762 0.055018
0.456455 0.517693 0.062053
0.462116 0.513634 0.065514
0.460153 0.523491 0.058213
0.444918 0.553959 0.039809
0.446857 0.542815 0.045625
0.450562 0.549163 0.042432
0.509123 0.497704 0.083377
0.512862 0.502752 0.078667
0.507218 0.506503 0.074780
0.514752 0.494156 0.087527
0.520371 0.490685 0.091799
0.524121 0.495495 0.086811
0.518497 0.499084 0.082677
0.497836 0.505054 0.075434
0.503483 0.501334 0.079347
0.501565 0.510345 0.071013
0.499750 0.496274 0.084059
0.501646 0.487928 0.093222
0.507265 0.484615 0.097649
0.505384 0.492762 0.088232
0.490242 0.518309 0.063840
0.492181 0.508869 0.071640
0.495906 0.514279 0.067366
0.418745 0.567290 0.032934
0.422480 0.574265 0.030393
0.416901 0.579680 0.028303
0.424339 0.562150 0.035267
0.429948 0.557142 0.037702
0.433670 0.563867 0.034890
0.428069 0.568999 0.032589
0.407585 0.578030 0.028574
0.413162 0.572576 0.030703
0.411327 0.585265 0.026318
0.409439 0.565537 0.033271
0.411316 0.553576 0.038493
0.416920 0.548707 0.041082
0.415025 0.560389 0.035636
0.400150 0.597057 0.022669
0.402006 0.583675 0.026548
0.405747 0.591046 0.024440
0.483122 0.678355 0.010568
0.487590 0.684829 0.010212
0.482415 0.690757 0.009976
0.488349 0.672439 0.010981
0.493599 0.666550 0.011476
0.498004 0.673033 0.010933
0.492785 0.678920 0.010532
0.472730 0.690263 0.009995
0.477917 0.684296 0.010239
0.477249 0.696720 0.009808
0.473480 0.677734 0.010600
0.474365 0.665135 0.011582
0.479652 0.659227 0.012188
0.478715 0.671788 0.011023
0.466915 0.708609 0.009538
0.467547 0.696272 0.009820
0.472078 0.702694 0.009666
0.359129 0.471511 0.091192
0.362922 0.476560 0.086840
0.357288 0.479942 0.082942
0.364756 0.468318 0.095286
0.370379 0.465209 0.099499
0.374179 0.470050 0.094973
0.368552 0.473262 0.090848
0.347859 0.478145 0.083333
0.353497 0.474788 0.087210
0.351649 0.483404 0.079149
0.349693 0.469744 0.091528
0.351500 0.461729 0.100029
0.357118 0.458735 0.104287
0.355322 0.466570 0.095592
0.340355 0.490561 0.071843
0.342215 0.481580 0.079553
0.346006 0.486944 0.075451
0.522378 0.441358 0.169931
0.526365 0.444800 0.163325
0.521069 0.447270 0.157476
0.527601 0.438938 0.176098
0.532779 0.436499 0.182451
0.536822 0.439842 0.175501
0.531616 0.442326 0.169330
0.511795 0.446160 0.158091
0.517109 0.443762 0.163935
0.515729 0.449745 0.151770
0.513127 0.440330 0.170482
0.514349 0.434691 0.183440
0.519525 0.432382 0.189963
0.518372 0.437987 0.176636
0.504926 0.454759 0.140733
0.506437 0.448565 0.152383
0.510348 0.452238 0.146193
0.489594 0.416041 0.225246
0.493828 0.419179 0.218273
0.488788 0.421360 0.211229
0.494505 0.413548 0.232626
0.499338 0.410787 0.240238
0.503675 0.414176 0.232846
0.498791 0.416796 0.225465
0.479532 0.420368 0.211010
0.484603 0.418301 0.218052
0.483672 0.423371 0.204301
0.480365 0.415193 0.224871
0.480973 0.409546 0.239286
0.485790 0.406775 0.247140
0.485310 0.412833 0.232243
0.473231 0.427148 0.190809
0.474383 0.422282 0.204098
0.478485 0.425271 0.197488
0.526864 0.386960 0.292292
0.531508 0.392028 0.283064
0.527015 0.396599 0.273927
0.531284 0.381476 0.302048
0.535688 0.375410 0.312011
0.540416 0.381554 0.302171
0.535970 0.387033 0.292488
0.517922 0.396474 0.273639
0.522415 0.391942 0.282810
0.522477 0.400786 0.265094
0.517737 0.386981 0.291884
0.517274 0.375588 0.311289
0.521568 0.368884 0.321341
0.522129 0.381510 0.301711
0.513221 0.408108 0.248368
0.513377 0.400596 0.264801
0.517883 0.404615 0.256573
0.598671 0.389034 0.287402
0.603040 0.394321 0.276960
0.598683 0.398985 0.268494
0.603061 0.383656 0.296488
0.607415 0.377912 0.305717
0.611626 0.384176 0.294505
0.607360 0.389381 0.285649
0.589844 0.398762 0.269954
0.594264 0.394066 0.278547
0.594292 0.403370 0.260274
0.589908 0.388728 0.288867
0.590177 0.376829 0.309008
0.594783 0.370259 0.318495
0.594387 0.383235 0.298115
0.585386 0.411317 0.244595
0.585409 0.403136 0.261633
0.589862 0.407477 0.252310
0.563659 0.332822 0.357861
0.568443 0.339914 0.352561
0.563525 0.347173 0.346451
0.568605 0.325992 0.362095
0.573546 0.319443 0.365469
0.578280 0.326008 0.361881
0.573393 0.332826 0.357677
0.553943 0.347093 0.346549
0.558761 0.339876 0.352696
0.558692 0.354501 0.339285
0.553917 0.332810 0.357901
0.553868 0.319523 0.365600
0.558764 0.313324 0.368250
0.558789 0.326018 0.362169
0.549368 0.368870 0.321820
0.549227 0.354392 0.339367
0.553973 0.361796 0.331033
0.434228 0.485291 0.087985
0.437946 0.490398 0.083362
0.432304 0.493941 0.079371
0.439861 0.481963 0.092222
0.445488 0.478729 0.096584
0.449216 0.483602 0.091717
0.443583 0.486952 0.087476
0.422950 0.492239 0.079879
0.428590 0.488717 0.083870
0.426660 0.497581 0.075504
0.424867 0.483612 0.088468
0.426763 0.475432 0.097506
0.432386 0.472334 0.101983
0.430501 0.480303 0.092703
0.415371 0.505144 0.068145
0.417308 0.495854 0.076011
0.421015 0.501317 0.071762
0.403987 0.448460 0.127495
0.407837 0.452711 0.122406
0.402246 0.455366 0.117503
0.409548 0.446014 0.132623
0.415090 0.443674 0.137873
0.418970 0.447705 0.132580
0.413413 0.450158 0.127434
0.392818 0.453670 0.117632
0.398409 0.451013 0.122498
0.396645 0.458116 0.112730
0.394549 0.446756 0.127524
0.396218 0.440240 0.137770
0.401747 0.437999 0.143083
0.400113 0.444305 0.132617
0.385421 0.463896 0.103590
0.387218 0.456419 0.112898
0.391036 0.460959 0.108093
0.447847 0.431378 0.171798
0.451837 0.434772 0.165857
0.446420 0.436755 0.160010
0.453221 0.429530 0.177906
0.458571 0.427707 0.184186
0.462592 0.430920 0.177985
0.457227 0.432831 0.171843
0.437027 0.435202 0.160011
0.442450 0.433265 0.165839
0.440978 0.438793 0.154292
0.438455 0.429854 0.171693
0.439804 0.424820 0.183800
0.445143 0.423159 0.190194
0.443836 0.428063 0.177776
0.430021 0.443082 0.143211
0.431579 0.437203 0.154304
0.435512 0.440899 0.148694
0.560763 0.681899 0.010209
0.565397 0.687863 0.009908
0.560315 0.693512 0.009734
0.565916 0.676251 0.010541
0.571100 0.670627 0.010948
0.575649 0.676633 0.010479
0.570507 0.682231 0.010156
0.550552 0.693244 0.009770
0.555643 0.687566 0.009952
0.555255 0.699179 0.009618
0.551027 0.681548 0.010260
0.551667 0.669772 0.011090
0.556900 0.664110 0.011595
0.556187 0.675869 0.010602
0.545142 0.710473 0.009420
0.545480 0.698943 0.009647
0.550196 0.704843 0.009516
0.525720 0.631998 0.016151
0.529907 0.638417 0.015038
0.524512 0.644081 0.014154
0.531187 0.626396 0.017212
0.536689 0.620833 0.018354
0.540802 0.627221 0.017046
0.535336 0.632797 0.016002
0.514888 0.643337 0.014271
0.520286 0.637643 0.015171
0.519151 0.649789 0.013350
0.516115 0.631162 0.016301
0.517502 0.619024 0.018729
0.523038 0.613444 0.019991
0.521585 0.625534 0.017380
0.508521 0.661336 0.011981
0.509520 0.649078 0.013451
0.513821 0.655541 0.012626
0.570178 0.588565 0.027474
0.574170 0.594686 0.025372
0.568563 0.599952 0.023683
0.575814 0.583431 0.029426
0.581459 0.578371 0.031497
0.585424 0.584370 0.029117
0.579791 0.589492 0.027185
0.558947 0.599043 0.023937
0.564555 0.593768 0.025644
0.562970 0.605287 0.022120
0.560577 0.587601 0.027773
0.562278 0.576392 0.032182
0.567937 0.571404 0.034409
0.566213 0.582465 0.029744
0.551836 0.616166 0.019379
0.553355 0.604389 0.022356
0.557394 0.610692 0.020685
0.736956 0.524142 0.066532
0.741053 0.529056 0.062824
0.735504 0.532914 0.059777
0.742485 0.520399 0.069689
0.748006 0.516718 0.072865
0.752126 0.521553 0.068996
0.746593 0.525271 0.065899
0.725869 0.531843 0.060306
0.731417 0.527956 0.063401
0.729946 0.536851 0.056765
0.727325 0.523024 0.067170
0.728747 0.514395 0.074401
0.734253 0.510729 0.077735
0.732853 0.519255 0.070388
0.718803 0.544974 0.050891
0.720311 0.535809 0.057254
0.724379 0.540869 0.053800
0.704090 0.486029 0.102325
0.708203 0.490636 0.097164
0.702768 0.494193 0.093303
0.709476 0.482545 0.106367
0.714840 0.479095 0.110453
0.719014 0.483645 0.105004
0.713619 0.487123 0.101065
0.693246 0.493117 0.094382
0.698681 0.489552 0.098328
0.697313 0.497792 0.089479
0.694586 0.484979 0.103566
0.695836 0.477033 0.113281
0.701159 0.473612 0.117610
0.699969 0.481493 0.107697
0.686353 0.505141 0.081961
0.687790 0.496725 0.090479
0.691841 0.501439 0.085696
0.687517 0.468360 0.125079
0.691686 0.472656 0.119075
0.686365 0.476069 0.114664
0.692769 0.464996 0.129705
0.697986 0.461643 0.134404
0.702231 0.465886 0.128094
0.696975 0.469264 0.123551
0.720528 0.504771 0.082937
0.724638 0.509566 0.078581
0.719133 0.513253 0.075173
0.726008 0.501175 0.086469
0.731477 0.497625 0.090017
0.735615 0.502356 0.085458
0.730132 0.505937 0.082011
0.554493 0.564352 0.037558
0.558372 0.570353 0.034786
0.552712 0.575339 0.032537
0.560172 0.559525 0.040054
0.565853 0.554778 0.042656
0.569719 0.560608 0.039624
0.564041 0.565442 0.037150
0.509474 0.605858 0.021829
0.513467 0.612459 0.020205
0.507929 0.618062 0.018923
0.515052 0.600375 0.023362
0.520646 0.594980 0.025022
0.524605 0.601441 0.023100
0.519028 0.606908 0.021588
0.542798 0.657393 0.012359
0.547204 0.663612 0.011675
0.541965 0.669306 0.011159
0.548109 0.651735 0.013042
0.553456 0.646114 0.013803
0.557784 0.652321 0.012938
0.552477 0.657950 0.012268
0.431664 0.418516 0.195962
0.435746 0.421644 0.189870
0.430399 0.423240 0.183504
0.436944 0.417024 0.202580
0.442173 0.415477 0.209308
0.446331 0.418502 0.203045
0.441062 0.420071 0.196392
0.388366 0.432347 0.148165
0.392301 0.436257 0.142952
0.386766 0.438503 0.137674
0.393865 0.430307 0.153663
0.399340 0.428370 0.159288
0.403307 0.432080 0.153890
0.397815 0.434116 0.148359
0.419247 0.466034 0.107320
0.423013 0.470677 0.102382
0.417389 0.473756 0.097914
0.424857 0.463162 0.112028
0.430456 0.460377 0.116861
0.434238 0.464802 0.111692
0.428629 0.467693 0.106974
0.543954 0.307491 0.370168
0.548919 0.313347 0.368243
0.544077 0.319526 0.365592
0.548827 0.301946 0.371437
0.553720 0.296696 0.372105
0.558700 0.301915 0.371448
0.553798 0.307478 0.370175
0.581849 0.362383 0.329728
0.586017 0.369818 0.319712
0.581326 0.376500 0.310120
0.586652 0.355080 0.337877
0.591380 0.347860 0.344932
0.595431 0.355636 0.336844
0.590752 0.362773 0.328762
0.507210 0.362438 0.329613
0.512294 0.369187 0.320718
0.508072 0.375897 0.310541
0.511434 0.354911 0.338415
0.515787 0.347392 0.346000
0.520868 0.354530 0.338944
0.516538 0.361966 0.330355
0.472147 0.402738 0.253505
0.476584 0.406179 0.246379
0.471729 0.408792 0.238581
0.476858 0.399617 0.261877
0.481476 0.396077 0.270619
0.486022 0.399933 0.262937
0.481350 0.403244 0.254487
0.506251 0.428351 0.197325
0.510311 0.431475 0.190346
0.505110 0.433694 0.183840
0.511357 0.426155 0.204136
0.516396 0.423832 0.211074
0.520541 0.426940 0.203871
0.515459 0.429229 0.197036
0.343808 0.452317 0.108994
0.347662 0.456981 0.104498
0.342043 0.459962 0.100279
0.349411 0.449505 0.113414
0.355007 0.446773 0.117965
0.358878 0.451261 0.113304
0.353274 0.454080 0.108838
0.465838 0.651601 0.013025
0.470073 0.658402 0.012248
0.464783 0.664336 0.011629
0.471182 0.645730 0.013831
0.476554 0.639905 0.014722
0.480731 0.646660 0.013742
0.475388 0.652511 0.012953
0.403920 0.540269 0.044645
0.407615 0.546864 0.041498
0.402020 0.551722 0.038882
0.409534 0.535692 0.047473
0.415161 0.531234 0.050395
0.418849 0.537537 0.047016
0.413225 0.542139 0.044209
0.494162 0.478588 0.103568
0.497906 0.483203 0.098337
0.492284 0.486482 0.093882
0.499767 0.475503 0.108275
0.505356 0.472492 0.113090
0.509116 0.476882 0.107583
0.503518 0.480005 0.102904
0.449060 0.506430 0.070174
0.452758 0.512006 0.066041
0.447101 0.516037 0.062577
0.454712 0.502619 0.073906
0.460360 0.498903 0.077771
0.464069 0.504232 0.073371
0.458414 0.508069 0.069640
0.478712 0.553901 0.041097
0.482461 0.560233 0.038107
0.476806 0.565177 0.035678
0.484385 0.549161 0.043767
0.490064 0.544518 0.046543
0.493803 0.550635 0.043291
0.488127 0.555386 0.040645
0.644373 0.496412 0.090317
0.648331 0.501096 0.085408
0.642811 0.504881 0.081472
0.649862 0.492746 0.094469
0.655330 0.489134 0.098680
0.659320 0.493700 0.093488
0.653835 0.497370 0.089417
0.599829 0.527936 0.060460
0.603714 0.533251 0.056640
0.598071 0.537609 0.053532
0.605453 0.523745 0.063824
0.611063 0.519634 0.067298
0.614962 0.524775 0.063204
0.609345 0.528973 0.059866
0.631240 0.572168 0.034556
0.635239 0.577944 0.032013
0.629598 0.582915 0.029918
0.636890 0.567339 0.036894
0.642541 0.562588 0.039343
0.646537 0.568208 0.036544
0.640886 0.573039 0.034223
0.579553 0.434251 0.192349
0.583737 0.437551 0.184710
0.578734 0.440332 0.178375
0.584453 0.431485 0.198944
0.589274 0.428606 0.205558
0.593557 0.431874 0.197680
0.588680 0.434736 0.191173
0.538206 0.455595 0.144089
0.542114 0.459369 0.137870
0.536705 0.462158 0.132564
0.543546 0.452925 0.149645
0.548847 0.450278 0.155324
0.552818 0.453896 0.148819
0.547486 0.456619 0.143287
0.569053 0.488605 0.097488
0.572876 0.493190 0.092259
0.567288 0.496777 0.087997
0.574615 0.485177 0.102000
0.580154 0.481800 0.106611
0.584002 0.486187 0.101101
0.578450 0.489662 0.096629
0.616533 0.407753 0.247472
0.621103 0.411672 0.238288
0.616710 0.415385 0.231170
0.620804 0.403717 0.255067
0.624993 0.399578 0.262843
0.629651 0.403961 0.253074
0.625418 0.407858 0.245595
0.653012 0.436872 0.180542
0.657453 0.440554 0.172901
0.652492 0.443753 0.167165
0.657869 0.433676 0.186498
0.662664 0.430456 0.192485
0.667251 0.434142 0.184550
0.662375 0.437357 0.178708
0.612527 0.462327 0.135897
0.616562 0.466229 0.129600
0.611245 0.469474 0.124640
0.617756 0.459151 0.141091
0.622936 0.455980 0.146394
0.627053 0.459784 0.139817
0.621831 0.463001 0.134657
0.676269 0.535890 0.056147
0.680287 0.541093 0.052642
0.674689 0.545395 0.049714
0.681846 0.531736 0.059275
0.687409 0.527664 0.062482
0.691447 0.532744 0.058755
0.685874 0.536877 0.055658
0.524105 0.518518 0.065474
0.527865 0.523974 0.061405
0.522200 0.528204 0.058095
0.529757 0.514493 0.069056
0.535399 0.510558 0.072762
0.539173 0.515786 0.068402
0.533522 0.519835 0.064841
0.433822 0.595500 0.023796
0.437656 0.602653 0.021951
0.432131 0.608419 0.020447
0.439380 0.589914 0.025551
0.444952 0.584452 0.027422
0.448762 0.591412 0.025275
0.443202 0.596977 0.023553
0.501315 0.703679 0.009623
0.505978 0.709721 0.009491
0.500883 0.715427 0.009388
0.506440 0.697822 0.009750
0.511565 0.691975 0.009899
0.516191 0.698130 0.009727
0.511081 0.703948 0.009604
0.374227 0.492396 0.074158
0.377973 0.497919 0.070089
0.372342 0.501737 0.066582
0.379859 0.488775 0.077882
0.385491 0.485245 0.081718
0.389234 0.490552 0.077436
0.383603 0.494190 0.073706
0.545072 0.405551 0.256550
0.549503 0.409636 0.248073
0.544859 0.413040 0.240222
0.549617 0.401626 0.264963
0.554130 0.397394 0.273639
0.558619 0.402050 0.264494
0.554086 0.405984 0.256161
0.463657 0.445484 0.148249
0.467549 0.449249 0.142468
0.462051 0.451638 0.137046
0.469107 0.443259 0.153901
0.474528 0.441088 0.159678
0.478462 0.444665 0.153669
0.473020 0.446928 0.148009
0.586312 0.613166 0.020060
0.590412 0.619353 0.018617
0.584882 0.624756 0.017470
0.591885 0.607829 0.021446
0.597471 0.602553 0.022957
0.601537 0.608668 0.021228
0.595967 0.613983 0.019859
0.679102 0.460019 0.137711
0.678074 0.467497 0.126584
0.673893 0.463339 0.132850
0.683323 0.464148 0.131291
0.682231 0.471741 0.120522
0.712312 0.495303 0.092218
0.710943 0.503631 0.083861
0.706853 0.498886 0.088484
0.716418 0.500015 0.087480
0.715037 0.508421 0.079427
0.546812 0.552495 0.043584
0.544963 0.563216 0.037974
0.541129 0.557223 0.040938
0.550641 0.558397 0.040492
0.548823 0.569257 0.035172
0.501592 0.592682 0.025611
0.499937 0.604761 0.022075
0.495999 0.598097 0.023905
0.505515 0.599265 0.023631
0.503911 0.611430 0.020424
0.534149 0.644791 0.014038
0.533129 0.656806 0.012449
0.528793 0.650470 0.013249
0.538446 0.651118 0.013146
0.537519 0.663086 0.011754
0.423407 0.412288 0.208100
0.422262 0.416827 0.195462
0.418161 0.413660 0.201454
0.427550 0.415415 0.202046
0.426340 0.420016 0.189471
0.380455 0.424716 0.158687
0.378909 0.430549 0.147946
0.374961 0.426664 0.153128
0.384417 0.428504 0.153408
0.382846 0.434493 0.142795
0.411662 0.457060 0.117345
0.409855 0.464355 0.107618
0.406061 0.459812 0.112541
0.415465 0.461499 0.112312
0.413630 0.469000 0.102739
0.534008 0.296715 0.372093
0.534118 0.307500 0.370155
0.529134 0.301966 0.371428
0.538979 0.301954 0.371430
0.539105 0.313354 0.368231
0.573093 0.347255 0.346170
0.572689 0.362148 0.330397
0.568180 0.354628 0.339046
0.577558 0.354784 0.338587
0.577042 0.369524 0.320607
0.497000 0.348818 0.344505
0.497998 0.363190 0.328501
0.492950 0.356630 0.336305
0.502079 0.355568 0.337586
0.503067 0.369694 0.319789
0.463173 0.395649 0.267767
0.462918 0.402125 0.252400
0.458468 0.398705 0.259322
0.467670 0.399225 0.260642
0.467342 0.405491 0.245479
0.498015 0.422262 0.211305
0.497022 0.427402 0.197515
0.492925 0.424379 0.204382
0.502154 0.425305 0.204320
0.501078 0.430501 0.190649
0.336040 0.443205 0.118044
0.334330 0.450533 0.109139
0.330449 0.445928 0.113599
0.339932 0.447728 0.113510
0.338194 0.455208 0.104697
0.457529 0.637826 0.014927
0.456311 0.650629 0.013092
0.452156 0.643685 0.013997
0.461657 0.644738 0.013916
0.460519 0.657516 0.012304
0.396536 0.527484 0.051334
0.394626 0.538352 0.045080
0.390930 0.531875 0.048379
0.400228 0.533805 0.047927
0.398321 0.544974 0.041911
0.486654 0.469681 0.114346
0.484804 0.477131 0.104176
0.481055 0.472619 0.109480
0.490413 0.474081 0.108909
0.488546 0.481752 0.098974
0.441656 0.495625 0.078844
0.439712 0.504752 0.070713
0.436011 0.499287 0.074981
0.445361 0.500969 0.074445
0.443408 0.510336 0.066575
0.471263 0.541468 0.047524
0.469313 0.552367 0.041545
0.465592 0.546078 0.044703
0.474981 0.547642 0.044238
0.473050 0.558737 0.038535
0.636474 0.487300 0.100685
0.634928 0.495465 0.091196
0.630998 0.490883 0.096341
0.640423 0.491812 0.095411
0.638866 0.500131 0.086240
0.592087 0.517551 0.068652
0.590323 0.526883 0.061075
0.586462 0.521641 0.065123
0.595954 0.522700 0.064464
0.594192 0.532207 0.057212
0.623300 0.560776 0.040102
0.621607 0.571276 0.034899
0.617642 0.565531 0.037622
0.627261 0.566447 0.037253
0.625592 0.577072 0.032331
0.571132 0.427718 0.207835
0.570430 0.433679 0.193396
0.566256 0.430427 0.201053
0.575355 0.430999 0.200068
0.574587 0.436980 0.185810
0.530331 0.448315 0.156817
0.528927 0.454532 0.144833
0.525008 0.450859 0.151108
0.534278 0.451912 0.150405
0.532825 0.458297 0.138651
0.561411 0.479736 0.108403
0.559666 0.487502 0.098325
0.555860 0.483019 0.103718
0.565233 0.484119 0.102872
0.563474 0.492090 0.093082
0.607491 0.399161 0.266824
0.607668 0.407743 0.249266
0.603159 0.403532 0.258731
0.611998 0.403614 0.256992
0.612189 0.411668 0.240080
0.644023 0.429691 0.196217
0.643699 0.436446 0.182244
0.639263 0.432904 0.190009
0.648538 0.433254 0.188320
0.648109 0.440061 0.174610
0.604405 0.454852 0.149016
0.603236 0.461663 0.137140
0.599202 0.457921 0.143637
0.608475 0.458534 0.142368
0.607248 0.465512 0.130805
0.668250 0.525633 0.063631
0.666675 0.534908 0.056647
0.662677 0.529741 0.060351
0.672255 0.530735 0.059807
0.670679 0.540127 0.053104
0.516605 0.507906 0.074109
0.514697 0.517157 0.066109
0.510955 0.511779 0.070365
0.520352 0.513162 0.069710
0.518446 0.522633 0.062018
0.426236 0.581299 0.028020
0.424453 0.594017 0.024026
0.420664 0.586831 0.026076
0.430016 0.588379 0.025820
0.428272 0.601229 0.022156
0.492117 0.691205 0.009954
0.491557 0.703384 0.009641
0.486965 0.697127 0.009792
0.496696 0.697492 0.009773
0.496198 0.709484 0.009506
0.366702 0.481721 0.082544
0.364836 0.490596 0.074599
0.361067 0.485210 0.078735
0.370471 0.486998 0.078313
0.368594 0.496104 0.070543
0.536081 0.396782 0.274037
0.536037 0.405192 0.256728
0.531552 0.401003 0.265236
0.540599 0.401277 0.265203
0.540470 0.409196 0.248395
0.455801 0.438251 0.159948
0.454284 0.444001 0.148446
0.450365 0.440333 0.154210
0.459741 0.441819 0.154077
0.458180 0.447769 0.142723
0.578191 0.600828 0.023436
0.576665 0.612352 0.020264
0.572600 0.606146 0.021890
0.582239 0.606990 0.021666
0.580756 0.618564 0.018802
0.728442 0.545955 0.050474
0.722856 0.550116 0.047649
0.734018 0.541883 0.053357
0.717261 0.554368 0.044894
0.711660 0.558713 0.042219
0.750695 0.530165 0.062254
0.745144 0.533993 0.059256
0.756238 0.526409 0.065274
0.739585 0.537897 0.056287
0.554943 0.710621 0.009400
0.549903 0.716169 0.009316
0.559987 0.705028 0.009491
0.544870 0.721658 0.009239
0.539846 0.727076 0.009170
0.575155 0.688161 0.009863
0.570084 0.693762 0.009697
0.580253 0.682592 0.010104
0.565035 0.699397 0.009588
0.332822 0.503820 0.061090
0.461303 0.726109 0.009224
0.392717 0.617096 0.017899
0.638767 0.623515 0.017715
0.633234 0.628833 0.016637
0.644331 0.618178 0.018883
0.627744 0.634125 0.015637
0.622303 0.639412 0.014717
0.661114 0.602326 0.023135
0.655508 0.607571 0.021594
0.666729 0.597139 0.024795
0.649912 0.612858 0.020176
0.683594 0.582018 0.030476
0.677971 0.586976 0.028467
0.689214 0.577154 0.032599
0.672348 0.592019 0.026573
0.706055 0.563164 0.039647
0.700445 0.567722 0.037184
0.694832 0.572387 0.034834
0.425543 0.673893 0.010695
0.514872 0.752920 0.008956
0.509913 0.757885 0.008941
0.519843 0.747904 0.008981
0.504968 0.762820 0.008936
0.500038 0.767734 0.008940
0.534829 0.732411 0.009110
0.529823 0.737660 0.009058
0.524828 0.742822 0.009015
0.363046 0.556199 0.034830
0.595744 0.666126 0.011271
0.590546 0.671573 0.010807
0.600977 0.660721 0.011808
0.585383 0.677061 0.010418
0.616908 0.644705 0.013874
0.611557 0.650016 0.013110
0.606247 0.655352 0.012421
0.313848 0.476049 0.080720
0.310040 0.470843 0.084822
0.317650 0.481360 0.076663
0.306225 0.465734 0.088963
0.302399 0.460718 0.093132
0.329033 0.498015 0.064861
0.325242 0.492333 0.068724
0.321448 0.486784 0.072662
0.438536 0.694664 0.009837
0.434166 0.687793 0.010033
0.442954 0.701394 0.009682
0.429836 0.680863 0.010313
0.456627 0.720227 0.009317
0.452005 0.714159 0.009424
0.447444 0.707888 0.009546
0.374153 0.578713 0.027174
0.370484 0.571059 0.029563
0.377805 0.586469 0.024961
0.366783 0.563547 0.032118
0.388893 0.609672 0.019406
0.385144 0.602067 0.021082
0.381459 0.594285 0.022933
0.404617 0.638726 0.014262
0.400580 0.631593 0.015337
0.408717 0.645809 0.013315
0.396613 0.624391 0.016546
0.421284 0.666898 0.011183
0.417057 0.659887 0.011780
0.412866 0.652858 0.012489
0.475599 0.742760 0.009027
0.470794 0.737367 0.009079
0.480436 0.748003 0.008987
0.466027 0.731820 0.009145
0.495107 0.762955 0.008936
0.490194 0.758086 0.008942
0.485302 0.753109 0.008959
0.344192 0.522067 0.050399
0.340403 0.515822 0.053858
0.347977 0.528500 0.047048
0.336613 0.509748 0.057422
0.359291 0.549007 0.037687
0.355527 0.541980 0.040683
0.351756 0.535138 0.043807
