0.578989 0.609749 0.009450
0.578960 0.619772 0.009247
0.574052 0.614726 0.009364
0.423339 0.449250 0.034366
0.423298 0.458948 0.031434
0.418364 0.454143 0.032575
0.499983 0.371265 0.059808
0.500813 0.380865 0.057849
0.495445 0.376086 0.058897
0.343611 0.528773 0.014164
0.343525 0.538770 0.013141
0.338632 0.533808 0.013508
0.500005 0.689480 0.008907
0.500000 0.699359 0.008898
0.495072 0.694424 0.008900
0.421618 0.609104 0.009755
0.421528 0.619231 0.009467
0.416650 0.614166 0.009582
0.501048 0.528489 0.016755
0.500903 0.538562 0.015276
0.496071 0.533490 0.016042
0.658229 0.530813 0.011661
0.658152 0.540783 0.011043
0.653265 0.535722 0.011473
0.580879 0.449535 0.030020
0.580707 0.459468 0.027387
0.575930 0.454434 0.029256
0.620199 0.410193 0.035322
0.620218 0.420167 0.032714
0.615333 0.415104 0.034791
0.579668 0.370876 0.052694
0.580287 0.380581 0.050241
0.575097 0.375778 0.052394
0.541048 0.488717 0.023373
0.540828 0.498735 0.021208
0.536040 0.493655 0.022496
0.502479 0.448879 0.036229
0.502361 0.458672 0.033060
0.497495 0.453754 0.034714
0.542092 0.409892 0.047835
0.542202 0.419658 0.044565
0.537229 0.414759 0.046698
0.618545 0.570143 0.010389
0.618487 0.580137 0.010010
0.613592 0.575073 0.010262
0.579546 0.529462 0.014500
0.579433 0.539497 0.013383
0.574576 0.534400 0.014099
0.619329 0.490131 0.017849
0.619194 0.500126 0.016415
0.614359 0.495029 0.017436
0.461314 0.568664 0.012182
0.461223 0.578777 0.011437
0.456356 0.573708 0.011783
0.422462 0.528355 0.016300
0.422336 0.538403 0.014915
0.417479 0.533390 0.015487
0.462513 0.488203 0.024921
0.462323 0.498193 0.022605
0.457496 0.493193 0.023668
0.382639 0.568719 0.011465
0.382531 0.578809 0.010854
0.377659 0.573777 0.011087
0.460696 0.649572 0.009117
0.460648 0.659606 0.009038
0.455744 0.654591 0.009074
0.304175 0.489534 0.017638
0.304179 0.499376 0.016329
0.299223 0.494505 0.016749
0.462644 0.410139 0.049630
0.462872 0.419805 0.046424
0.457821 0.415027 0.047880
0.420705 0.372448 0.057225
0.421505 0.382032 0.055080
0.416153 0.377384 0.055771
0.457134 0.332925 0.064447
0.457750 0.342682 0.063502
0.452493 0.337840 0.063930
0.536516 0.332643 0.063897
0.537217 0.342356 0.062833
0.531834 0.337535 0.063649
0.495518 0.293586 0.066177
0.495573 0.303437 0.066083
0.490603 0.298516 0.066150
0.383456 0.488698 0.021913
0.383371 0.498604 0.020013
0.378467 0.493687 0.020687
0.343788 0.450103 0.027741
0.343819 0.459785 0.025469
0.338835 0.454990 0.026169
0.383224 0.411436 0.043155
0.383463 0.420925 0.040250
0.378366 0.416244 0.041118
0.539498 0.649683 0.009069
0.539476 0.659677 0.009008
0.534560 0.654676 0.009041
0.500302 0.609269 0.009814
0.500243 0.619374 0.009509
0.495356 0.614304 0.009658
0.539859 0.569153 0.011704
0.539791 0.579231 0.011051
0.534912 0.574146 0.011423
0.698016 0.491677 0.013270
0.697913 0.501597 0.012487
0.693032 0.496557 0.013055
0.659109 0.451028 0.021102
0.658972 0.461018 0.019394
0.654128 0.455917 0.020685
0.583896 0.614798 0.009314
0.428277 0.454044 0.033165
0.505395 0.376042 0.058814
0.348506 0.533730 0.013764
0.504931 0.694424 0.008900
0.426494 0.614169 0.009613
0.505874 0.533562 0.015927
0.663115 0.535872 0.011210
0.585659 0.454571 0.028103
0.625120 0.415260 0.033253
0.584890 0.375672 0.050580
0.545836 0.493787 0.022012
0.507351 0.453795 0.034497
0.547099 0.414782 0.045715
0.623439 0.575209 0.010122
0.584400 0.534558 0.013742
0.624166 0.495228 0.016788
0.466180 0.573732 0.011804
0.427316 0.533364 0.015676
0.467345 0.493188 0.023789
0.387509 0.573749 0.011207
0.465597 0.654597 0.009076
0.309134 0.494396 0.017185
0.467733 0.414917 0.048224
0.426089 0.377104 0.056561
0.462357 0.337780 0.064059
0.541867 0.337470 0.063086
0.500463 0.298514 0.066150
0.388363 0.493600 0.021185
0.348776 0.454887 0.027006
0.388351 0.416103 0.042303
0.544413 0.654692 0.009031
0.505188 0.614341 0.009637
0.544737 0.574239 0.011304
0.702898 0.496718 0.012680
0.663952 0.456130 0.019784
0.658610 0.490948 0.015239
0.663475 0.496025 0.014421
0.658502 0.500912 0.014168
0.663584 0.486062 0.015528
0.678518 0.471408 0.016440
0.683385 0.476488 0.015518
0.678405 0.481372 0.015231
0.697646 0.531350 0.010687
0.702536 0.536361 0.010374
0.697569 0.541269 0.010254
0.702616 0.526450 0.010829
0.717539 0.511773 0.011270
0.722420 0.516773 0.010896
0.717446 0.521665 0.010762
0.539633 0.609470 0.009672
0.544531 0.614534 0.009507
0.539592 0.619541 0.009406
0.544573 0.604465 0.009814
0.559396 0.589485 0.010309
0.564289 0.594560 0.010045
0.559349 0.599544 0.009895
0.500097 0.649615 0.009107
0.505004 0.654634 0.009065
0.500062 0.659633 0.009032
0.505040 0.644601 0.009146
0.519871 0.629534 0.009278
0.524772 0.634588 0.009214
0.519830 0.639605 0.009174
0.539440 0.689483 0.008905
0.544367 0.694425 0.008900
0.539437 0.699359 0.008898
0.544372 0.684535 0.008913
0.559172 0.669658 0.008950
0.564095 0.674627 0.008932
0.559163 0.679584 0.008921
0.383604 0.449677 0.031396
0.388574 0.454453 0.030456
0.383595 0.459350 0.028752
0.388580 0.444803 0.033232
0.403488 0.430217 0.039144
0.408466 0.434955 0.037963
0.403499 0.439822 0.035989
0.343820 0.489103 0.019661
0.348759 0.493980 0.019099
0.343790 0.498969 0.018073
0.348787 0.484134 0.020814
0.363698 0.469293 0.024814
0.368655 0.474118 0.024092
0.363677 0.479067 0.022706
0.383070 0.528516 0.015331
0.387944 0.533500 0.014824
0.382965 0.538536 0.014110
0.388051 0.523488 0.016155
0.403014 0.508423 0.019019
0.407882 0.513389 0.018313
0.402892 0.518413 0.017343
0.496621 0.332788 0.064642
0.501875 0.337632 0.064223
0.497274 0.342485 0.063777
0.501291 0.327913 0.064999
0.515581 0.313216 0.065779
0.520739 0.318090 0.065494
0.515957 0.322998 0.065268
0.539948 0.371192 0.058150
0.545351 0.375988 0.056616
0.540740 0.380813 0.055989
0.544490 0.366380 0.058673
0.558110 0.351861 0.059700
0.563553 0.356624 0.058231
0.559013 0.361492 0.057954
0.460313 0.371624 0.059330
0.465676 0.376361 0.058532
0.461105 0.381234 0.057360
0.464812 0.366762 0.060340
0.478276 0.352224 0.062666
0.483668 0.356997 0.062108
0.479187 0.361824 0.061384
0.423043 0.410766 0.047232
0.428129 0.415476 0.046099
0.423266 0.420354 0.044117
0.427835 0.405882 0.049098
0.441974 0.391179 0.054148
0.447186 0.395900 0.053171
0.442479 0.400796 0.051554
0.462951 0.448908 0.036176
0.467870 0.453757 0.034701
0.462891 0.458653 0.033074
0.467918 0.444022 0.037910
0.482785 0.429369 0.043289
0.487741 0.434225 0.041515
0.482778 0.439106 0.039769
0.304062 0.529150 0.013119
0.308972 0.534095 0.012795
0.303978 0.539162 0.012277
0.309045 0.524108 0.013717
0.323960 0.509057 0.015862
0.328885 0.513968 0.015427
0.323914 0.518983 0.014679
0.460569 0.689478 0.008907
0.465495 0.694423 0.008900
0.460563 0.699359 0.008898
0.465505 0.684524 0.008918
0.480324 0.669608 0.008977
0.485240 0.674591 0.008953
0.480301 0.679562 0.008934
0.382223 0.609131 0.009572
0.387101 0.614184 0.009462
0.382125 0.619250 0.009329
0.387199 0.604066 0.009759
0.402123 0.588874 0.010499
0.406996 0.593925 0.010289
0.402024 0.598989 0.010037
0.461794 0.528312 0.016884
0.466631 0.533355 0.016136
0.461651 0.538381 0.015397
0.466784 0.523292 0.017734
0.481785 0.508265 0.020545
0.486597 0.513310 0.019532
0.481599 0.518313 0.018622
0.422003 0.568641 0.011921
0.426870 0.573689 0.011604
0.421904 0.578745 0.011228
0.426970 0.563589 0.012358
0.441876 0.548445 0.013979
0.446732 0.553490 0.013476
0.441765 0.558535 0.012938
0.460971 0.609147 0.009849
0.465851 0.614220 0.009681
0.460895 0.619271 0.009535
0.465927 0.604096 0.010050
0.480788 0.588959 0.010800
0.485662 0.594037 0.010514
0.480711 0.599079 0.010270
0.618856 0.530130 0.012996
0.623729 0.535219 0.012386
0.618766 0.540136 0.012138
0.623821 0.525217 0.013280
0.638724 0.510509 0.014126
0.643593 0.515594 0.013402
0.638625 0.520495 0.013146
0.579180 0.569609 0.011052
0.584067 0.574688 0.010705
0.579119 0.579646 0.010533
0.584132 0.564658 0.011244
0.599005 0.549833 0.011917
0.603884 0.554917 0.011446
0.598927 0.559853 0.011241
0.618373 0.610088 0.009233
0.623287 0.615115 0.009135
0.618351 0.620054 0.009094
0.623312 0.605151 0.009295
0.638141 0.590371 0.009509
0.643048 0.595404 0.009361
0.638104 0.600328 0.009297
0.541844 0.449127 0.034265
0.546654 0.454093 0.032319
0.541662 0.458970 0.031210
0.546833 0.444250 0.035449
0.561761 0.429565 0.038836
0.566558 0.434534 0.036502
0.561594 0.439439 0.035510
0.501842 0.488320 0.024795
0.506637 0.493354 0.023503
0.501623 0.498333 0.022469
0.506848 0.483376 0.025927
0.521857 0.468642 0.029452
0.526666 0.473629 0.027848
0.521662 0.478536 0.026737
0.540278 0.528877 0.015934
0.545116 0.533968 0.015096
0.540144 0.538939 0.014579
0.545260 0.523912 0.016525
0.560224 0.509064 0.018345
0.565040 0.514162 0.017265
0.560055 0.519102 0.016717
0.581260 0.409907 0.042023
0.586146 0.414847 0.039687
0.581301 0.419765 0.039030
0.586039 0.404995 0.042578
0.600251 0.390253 0.044013
0.605286 0.395185 0.041804
0.600528 0.400101 0.041323
0.619865 0.450171 0.025316
0.624691 0.455268 0.023695
0.619731 0.460161 0.023184
0.624825 0.445273 0.025860
0.639757 0.430586 0.027462
0.644596 0.435703 0.025705
0.639610 0.440597 0.025202
0.580178 0.489365 0.020719
0.584979 0.494460 0.019441
0.579996 0.499379 0.018897
0.585153 0.484459 0.021311
0.600046 0.469763 0.023066
0.604856 0.474847 0.021609
0.599894 0.479745 0.021072
0.657948 0.570679 0.009821
0.662846 0.575708 0.009637
0.657893 0.580633 0.009567
0.662906 0.565756 0.009898
0.677786 0.550994 0.010183
0.682680 0.556015 0.009938
0.677720 0.560936 0.009851
0.500585 0.568835 0.012100
0.505452 0.573918 0.011690
0.500506 0.578939 0.011369
0.505533 0.563820 0.012468
0.520397 0.548806 0.013771
0.525252 0.553893 0.013167
0.520297 0.558891 0.012755
0.421287 0.649556 0.009091
0.426184 0.654581 0.009059
0.421230 0.659596 0.009022
0.426247 0.644521 0.009137
0.441133 0.629368 0.009313
0.446017 0.634434 0.009257
0.441057 0.639483 0.009200
0.500000 0.728937 0.008898
0.504930 0.733867 0.008898
0.500000 0.738796 0.008898
0.504930 0.724007 0.008898
0.519719 0.709218 0.008898
0.524648 0.714148 0.008898
0.519719 0.719078 0.008898
0.343197 0.568925 0.010911
0.348076 0.573925 0.010703
0.343079 0.579009 0.010396
0.348194 0.563846 0.011272
0.363155 0.548666 0.012656
0.368029 0.553667 0.012326
0.363047 0.558720 0.011845
0.502367 0.409857 0.050021
0.507458 0.414711 0.048326
0.502564 0.419581 0.046746
0.507186 0.404997 0.051441
0.521444 0.390472 0.055022
0.526696 0.395308 0.053443
0.521941 0.400150 0.052353
0.423028 0.488380 0.023778
0.427899 0.493315 0.022857
0.422887 0.498330 0.021622
0.428032 0.483397 0.025138
0.443029 0.468535 0.029597
0.447922 0.473412 0.028415
0.442922 0.478362 0.026946
0.578906 0.649776 0.009011
0.583827 0.654770 0.008983
0.578894 0.659737 0.008970
0.583839 0.644803 0.009026
0.598635 0.629895 0.009066
0.603554 0.634910 0.009028
0.598623 0.639872 0.009019
0.639202 0.470576 0.019461
0.639076 0.480561 0.017887
0.634232 0.475461 0.019062
0.644047 0.475676 0.018256
0.653637 0.495834 0.014957
0.678100 0.511212 0.012447
0.678012 0.521157 0.011739
0.673129 0.516107 0.012248
0.682983 0.516260 0.011923
0.692678 0.536256 0.010551
0.520078 0.589166 0.010639
0.520019 0.599264 0.010145
0.515135 0.594185 0.010406
0.524961 0.594247 0.010351
0.534694 0.614479 0.009546
0.480507 0.629427 0.009329
0.480447 0.639526 0.009212
0.475554 0.634472 0.009267
0.485398 0.634489 0.009263
0.495153 0.654623 0.009070
0.519747 0.669629 0.008968
0.519731 0.679571 0.008929
0.514810 0.674602 0.008948
0.524667 0.674606 0.008946
0.534508 0.694424 0.008900
0.363609 0.430684 0.034964
0.363657 0.440271 0.032180
0.358652 0.435521 0.033017
0.368621 0.435422 0.034094
0.378628 0.454562 0.029633
0.323980 0.469729 0.021997
0.323997 0.479502 0.020223
0.319029 0.474666 0.020783
0.328951 0.474556 0.021403
0.338855 0.494081 0.018596
0.363515 0.508701 0.017453
0.363437 0.518652 0.016022
0.358538 0.513712 0.016524
0.368415 0.513636 0.016914
0.378091 0.533548 0.014571
0.476044 0.313277 0.065783
0.476382 0.323078 0.065289
0.471264 0.318190 0.065547
0.481126 0.318174 0.065571
0.491986 0.337656 0.064234
0.518001 0.352074 0.062512
0.518968 0.361650 0.061147
0.513466 0.356878 0.061987
0.523479 0.356860 0.061700
0.535374 0.376005 0.057531
0.438756 0.352627 0.061814
0.439640 0.362312 0.060311
0.434224 0.357586 0.060878
0.444128 0.357398 0.061293
0.455780 0.376500 0.058206
0.402275 0.392089 0.050816
0.402792 0.401593 0.048205
0.397570 0.396951 0.048995
0.407529 0.396729 0.050049
0.418211 0.415640 0.045291
0.443158 0.429694 0.042071
0.443171 0.439360 0.038683
0.438219 0.434584 0.040077
0.448120 0.434471 0.040605
0.457980 0.453800 0.034476
0.284361 0.509456 0.014484
0.284326 0.519384 0.013518
0.279399 0.514459 0.013844
0.289295 0.514367 0.014135
0.299072 0.534208 0.012575
0.440899 0.669598 0.008974
0.440869 0.679557 0.008932
0.435954 0.674582 0.008950
0.445811 0.674583 0.008952
0.455635 0.694423 0.008900
0.362714 0.588966 0.010145
0.362608 0.599066 0.009755
0.357728 0.594038 0.009897
0.367591 0.593999 0.009983
0.377245 0.614198 0.009414
0.442445 0.508240 0.020180
0.442284 0.518266 0.018325
0.437440 0.513265 0.019121
0.447284 0.513241 0.019319
0.456808 0.533338 0.016082
0.402544 0.548513 0.013417
0.402435 0.558585 0.012476
0.397569 0.553560 0.012846
0.407408 0.553535 0.012997
0.417036 0.573696 0.011517
0.441475 0.588865 0.010743
0.441385 0.598989 0.010227
0.436513 0.593922 0.010452
0.446346 0.593932 0.010489
0.456014 0.614200 0.009675
0.599437 0.509757 0.016176
0.599308 0.519772 0.014875
0.594464 0.514676 0.015751
0.604279 0.514853 0.015262
0.613891 0.535049 0.012715
0.559677 0.549252 0.012973
0.559587 0.559309 0.012100
0.554716 0.554218 0.012624
0.564545 0.554347 0.012396
0.574230 0.574567 0.010861
0.598749 0.589899 0.009886
0.598709 0.599908 0.009577
0.593807 0.594852 0.009767
0.603650 0.594957 0.009680
0.613436 0.615031 0.009177
0.522417 0.429385 0.042464
0.522321 0.439183 0.038897
0.517434 0.434265 0.040894
0.527310 0.434307 0.040374
0.536851 0.454001 0.033067
0.482529 0.468431 0.030326
0.482380 0.478294 0.027571
0.477532 0.473348 0.028922
0.487381 0.473367 0.028901
0.496831 0.493286 0.023690
0.521012 0.508548 0.019915
0.520823 0.518599 0.018065
0.516012 0.513524 0.019086
0.525817 0.513624 0.018828
0.535301 0.533849 0.015358
0.561165 0.390436 0.051079
0.561554 0.400157 0.048334
0.556453 0.395303 0.050449
0.566296 0.395274 0.048956
0.576451 0.414821 0.041405
0.600635 0.429865 0.032954
0.600491 0.439846 0.030189
0.595701 0.434794 0.032241
0.605432 0.434926 0.030862
0.614909 0.455070 0.024765
0.561028 0.469100 0.026857
0.560827 0.479037 0.024410
0.556042 0.473990 0.026003
0.565811 0.474142 0.025183
0.575196 0.494278 0.020129
0.638379 0.550462 0.010948
0.638309 0.560447 0.010460
0.633419 0.555377 0.010792
0.643268 0.555530 0.010590
0.652992 0.575602 0.009743
0.481158 0.548532 0.014129
0.481048 0.558628 0.013057
0.476193 0.553558 0.013576
0.486008 0.553603 0.013550
0.495638 0.573858 0.011748
0.401739 0.629359 0.009235
0.401652 0.639477 0.009142
0.396767 0.634424 0.009173
0.406621 0.634420 0.009195
0.416330 0.654580 0.009050
0.480282 0.709219 0.008898
0.480282 0.719078 0.008898
0.475352 0.714148 0.008898
0.485212 0.714148 0.008898
0.495071 0.733867 0.008898
0.323667 0.548979 0.011889
0.323550 0.559046 0.011214
0.318664 0.554065 0.011457
0.328554 0.553956 0.011616
0.338196 0.574014 0.010585
0.481599 0.390628 0.055566
0.482118 0.400277 0.052988
0.476911 0.395496 0.054244
0.486846 0.395409 0.054360
0.497517 0.414726 0.048493
0.403413 0.468876 0.027581
0.403343 0.478668 0.025150
0.398425 0.473810 0.026053
0.408336 0.473719 0.026619
0.418022 0.493378 0.022487
0.559245 0.629691 0.009183
0.559221 0.639722 0.009105
0.554309 0.634690 0.009152
0.564156 0.634729 0.009128
0.573973 0.654749 0.008996
0.569039 0.659721 0.008980
0.569028 0.669666 0.008944
0.564106 0.664691 0.008965
0.573961 0.664703 0.008957
0.578885 0.669676 0.008939
0.578879 0.679592 0.008916
0.573953 0.674633 0.008928
0.559201 0.649727 0.009042
0.564119 0.654729 0.009008
0.559185 0.659705 0.008990
0.564136 0.644742 0.009063
0.569070 0.639756 0.009082
0.573987 0.644772 0.009044
0.569053 0.649751 0.009026
0.549372 0.639689 0.009125
0.549349 0.649704 0.009056
0.544435 0.644687 0.009097
0.554285 0.644713 0.009080
0.554266 0.654710 0.009020
0.413014 0.498389 0.021264
0.412878 0.508369 0.019349
0.408011 0.503406 0.020107
0.417879 0.503349 0.020452
0.422737 0.508320 0.019654
0.422596 0.518328 0.017880
0.417739 0.513343 0.018605
0.403252 0.488527 0.022915
0.408140 0.493446 0.022085
0.403138 0.498454 0.020877
0.408249 0.483548 0.024253
0.413246 0.478583 0.025662
0.418143 0.483470 0.024714
0.413142 0.488451 0.023364
0.393435 0.478759 0.024598
0.393356 0.488609 0.022432
0.388445 0.483721 0.023217
0.398350 0.483632 0.023754
0.398254 0.493520 0.021651
0.492634 0.419602 0.046857
0.492698 0.429341 0.043285
0.487720 0.424485 0.045111
0.497642 0.424459 0.045056
0.502608 0.429335 0.043157
0.502564 0.439106 0.039598
0.497643 0.434217 0.041439
0.482488 0.409950 0.050081
0.487582 0.414766 0.048532
0.482708 0.419647 0.046840
0.487290 0.405075 0.051613
0.492058 0.400207 0.053037
0.497233 0.405023 0.051591
0.492424 0.409891 0.050115
0.472189 0.400372 0.052814
0.472561 0.410033 0.049919
0.467433 0.405253 0.051276
0.477356 0.405152 0.051507
0.477653 0.414831 0.048441
0.333191 0.579112 0.010292
0.333077 0.589202 0.009879
0.328185 0.584218 0.010031
0.338079 0.584102 0.010122
0.342967 0.589099 0.009962
0.342859 0.599191 0.009611
0.337969 0.594193 0.009739
0.323419 0.569141 0.010662
0.328304 0.574126 0.010472
0.323293 0.579238 0.010194
0.328432 0.564033 0.010991
0.333438 0.558940 0.011362
0.338318 0.563930 0.011128
0.333313 0.569023 0.010783
0.313652 0.559170 0.011073
0.313515 0.569280 0.010547
0.308630 0.564295 0.010737
0.318536 0.564155 0.010860
0.318403 0.574260 0.010366
0.490141 0.738797 0.008898
0.490141 0.748656 0.008898
0.485212 0.743726 0.008898
0.495071 0.743726 0.008898
0.500000 0.748656 0.008898
0.500000 0.758515 0.008898
0.495071 0.753585 0.008898
0.480282 0.728937 0.008898
0.485212 0.733867 0.008898
0.480282 0.738797 0.008898
0.485212 0.724008 0.008898
0.490141 0.719078 0.008898
0.495071 0.724007 0.008898
0.490141 0.728937 0.008898
0.470423 0.719078 0.008898
0.470423 0.728937 0.008898
0.465493 0.724008 0.008898
0.475352 0.724008 0.008898
0.475352 0.733867 0.008898
0.411374 0.659596 0.009015
0.411328 0.669597 0.008964
0.406421 0.664602 0.008985
0.416278 0.664601 0.008991
0.421185 0.669596 0.008968
0.421153 0.679557 0.008930
0.416239 0.674582 0.008946
0.401578 0.649557 0.009068
0.406474 0.654581 0.009041
0.401518 0.659597 0.009007
0.406541 0.644521 0.009111
0.411506 0.639475 0.009160
0.416395 0.644520 0.009125
0.411433 0.649556 0.009080
0.391797 0.639481 0.009122
0.391722 0.649560 0.009054
0.386829 0.644528 0.009078
0.396686 0.644523 0.009095
0.396618 0.654583 0.009030
0.490689 0.578886 0.011412
0.490611 0.589000 0.010779
0.485739 0.583920 0.011096
0.495560 0.583967 0.011065
0.500433 0.589049 0.010744
0.500365 0.599159 0.010226
0.495487 0.594080 0.010489
0.480955 0.568731 0.012185
0.485821 0.573807 0.011786
0.480869 0.578842 0.011438
0.485908 0.563702 0.012586
0.490862 0.558678 0.013019
0.495722 0.563756 0.012539
0.490772 0.568778 0.012154
0.471232 0.558589 0.013067
0.471136 0.568692 0.012195
0.466272 0.563624 0.012606
0.476092 0.563658 0.012608
0.476002 0.573765 0.011805
0.648040 0.580525 0.009664
0.647994 0.590481 0.009428
0.643089 0.585448 0.009586
0.652942 0.585557 0.009497
0.657848 0.590577 0.009355
0.657812 0.600510 0.009186
0.652902 0.595501 0.009295
0.638243 0.570428 0.010085
0.643140 0.575482 0.009859
0.638187 0.580403 0.009771
0.643200 0.565509 0.010181
0.648160 0.560589 0.010286
0.653053 0.565639 0.010033
0.648095 0.570561 0.009947
0.628459 0.560295 0.010646
0.628393 0.570285 0.010234
0.623501 0.565217 0.010514
0.633350 0.565365 0.010343
0.633288 0.575348 0.009987
0.570207 0.499200 0.019540
0.570025 0.509230 0.017807
0.565216 0.504128 0.018948
0.575011 0.504302 0.018351
0.579826 0.509403 0.017255
0.579676 0.519430 0.015790
0.574845 0.514330 0.016754
0.560624 0.489011 0.022180
0.565414 0.494099 0.020820
0.560417 0.499029 0.020165
0.565614 0.484102 0.022895
0.570595 0.479202 0.023591
0.575383 0.484278 0.022101
0.570402 0.489184 0.021462
0.551049 0.478887 0.025133
0.550839 0.488856 0.022817
0.546051 0.483795 0.024255
0.555836 0.483940 0.023618
0.555627 0.493935 0.021453
0.609956 0.459968 0.024206
0.609815 0.469951 0.022141
0.605002 0.464866 0.023640
0.614773 0.465056 0.022665
0.619597 0.470150 0.021230
0.619463 0.480139 0.019453
0.614636 0.475043 0.020746
0.600344 0.449818 0.027621
0.605146 0.454888 0.025856
0.600196 0.459789 0.025248
0.605290 0.444910 0.028263
0.610235 0.439999 0.028894
0.615046 0.445081 0.027047
0.610096 0.449986 0.026456
0.590763 0.439716 0.031513
0.590607 0.449669 0.028810
0.585823 0.444630 0.030772
0.595550 0.444760 0.029505
0.595397 0.454722 0.026970
0.571603 0.419736 0.040696
0.571508 0.429613 0.037441
0.566704 0.424652 0.039842
0.576424 0.424687 0.038287
0.581210 0.429673 0.035919
0.581048 0.439606 0.032863
0.576278 0.434601 0.035086
0.561781 0.409915 0.045375
0.566723 0.414815 0.043069
0.561848 0.419716 0.042206
0.566588 0.405024 0.046109
0.571354 0.400125 0.046718
0.576337 0.405001 0.044383
0.571554 0.409909 0.043791
0.551704 0.400167 0.049704
0.551957 0.409908 0.046722
0.546917 0.405028 0.048835
0.556776 0.405033 0.047593
0.556933 0.414802 0.044507
0.530329 0.538828 0.014803
0.530212 0.548901 0.013611
0.525360 0.543813 0.014273
0.535175 0.543917 0.014083
0.540030 0.549008 0.013425
0.539936 0.559080 0.012470
0.535070 0.553991 0.013010
0.520658 0.528658 0.016425
0.525489 0.533741 0.015584
0.520517 0.538728 0.014994
0.525641 0.523678 0.017103
0.530629 0.518704 0.017801
0.535449 0.523789 0.016836
0.530467 0.528762 0.016200
0.511019 0.518506 0.018280
0.510852 0.528567 0.016610
0.506031 0.523495 0.017502
0.515835 0.523580 0.017324
0.515680 0.533646 0.015774
0.491814 0.498271 0.022612
0.491601 0.508313 0.020479
0.486797 0.503266 0.021561
0.496609 0.503320 0.021459
0.501408 0.508376 0.020351
0.501216 0.518427 0.018446
0.496407 0.513366 0.019440
0.482201 0.488224 0.025022
0.487014 0.493235 0.023800
0.481993 0.498228 0.022682
0.487211 0.483266 0.026245
0.492216 0.478327 0.027500
0.497036 0.483311 0.026130
0.492028 0.488263 0.024950
0.472531 0.478282 0.027551
0.472362 0.488204 0.025013
0.467524 0.483233 0.026217
0.477373 0.483240 0.026274
0.477185 0.493202 0.023833
0.531856 0.458876 0.031861
0.531667 0.468735 0.028968
0.526857 0.463756 0.030654
0.536667 0.463850 0.030091
0.541467 0.468842 0.028375
0.541261 0.478754 0.025762
0.536467 0.473734 0.027335
0.522191 0.448981 0.035535
0.527031 0.453921 0.033679
0.522035 0.458795 0.032386
0.527184 0.444110 0.036920
0.532175 0.439236 0.038302
0.537019 0.444176 0.036263
0.532026 0.449049 0.034973
0.512448 0.439139 0.039326
0.512341 0.448924 0.035953
0.507463 0.444009 0.037769
0.517331 0.444055 0.037421
0.517197 0.453852 0.034155
0.608501 0.619980 0.009130
0.608486 0.629952 0.009039
0.603568 0.624934 0.009092
0.613418 0.625001 0.009061
0.618338 0.630012 0.009014
0.618330 0.639958 0.008981
0.613407 0.634961 0.009006
0.598677 0.609911 0.009338
0.603588 0.614950 0.009221
0.598652 0.619907 0.009167
0.603615 0.604957 0.009417
0.608555 0.600008 0.009503
0.613463 0.605052 0.009355
0.608524 0.609998 0.009284
0.588866 0.599812 0.009654
0.588832 0.609829 0.009393
0.583927 0.604777 0.009548
0.593770 0.604865 0.009481
0.593741 0.614872 0.009267
0.569284 0.579533 0.010673
0.569230 0.589582 0.010201
0.564338 0.584505 0.010489
0.574174 0.584611 0.010364
0.579067 0.589684 0.010093
0.579025 0.599719 0.009732
0.574126 0.594653 0.009950
0.559514 0.569365 0.011404
0.564396 0.574450 0.011020
0.559450 0.579424 0.010812
0.564464 0.564398 0.011638
0.569419 0.559439 0.011883
0.574297 0.564526 0.011439
0.569345 0.569484 0.011229
0.549760 0.559190 0.012296
0.549684 0.569255 0.011562
0.544807 0.564168 0.011991
0.554634 0.564278 0.011824
0.554565 0.574340 0.011169
0.608928 0.539972 0.012440
0.608844 0.549986 0.011666
0.603966 0.544900 0.012173
0.613804 0.545058 0.011897
0.618685 0.550142 0.011420
0.618612 0.560144 0.010840
0.613726 0.555067 0.011222
0.599194 0.529790 0.013733
0.604057 0.534882 0.013050
0.599093 0.539811 0.012747
0.604161 0.524866 0.014080
0.609129 0.519947 0.014430
0.613989 0.525040 0.013676
0.609023 0.529959 0.013361
0.589490 0.519600 0.015328
0.589368 0.529624 0.014113
0.584518 0.524528 0.014910
0.594338 0.524696 0.014491
0.594227 0.534719 0.013393
0.451055 0.619255 0.009527
0.450978 0.629379 0.009324
0.446094 0.624311 0.009406
0.455937 0.624324 0.009416
0.460821 0.629392 0.009330
0.460753 0.639500 0.009212
0.455863 0.634444 0.009264
0.441298 0.609116 0.009817
0.446175 0.614185 0.009661
0.441214 0.619243 0.009512
0.446259 0.604059 0.010022
0.451219 0.599003 0.010254
0.456094 0.604075 0.010040
0.451135 0.609129 0.009837
0.431549 0.598982 0.010189
0.431459 0.609108 0.009789
0.426584 0.604042 0.009957
0.436423 0.604048 0.009994
0.436335 0.614175 0.009640
0.412066 0.578753 0.011146
0.411966 0.588864 0.010570
0.407095 0.583813 0.010807
0.416936 0.583804 0.010883
0.421806 0.588859 0.010635
0.421711 0.598979 0.010144
0.416838 0.593920 0.010349
0.402329 0.568670 0.011711
0.407197 0.573708 0.011422
0.402225 0.578767 0.011057
0.407301 0.563616 0.012137
0.412272 0.558564 0.012608
0.417137 0.563600 0.012252
0.412168 0.568653 0.011821
0.392593 0.558610 0.012334
0.392485 0.568692 0.011593
0.387617 0.563663 0.011877
0.397461 0.563637 0.012012
0.397355 0.573726 0.011319
0.451827 0.538368 0.015330
0.451701 0.548449 0.014065
0.446850 0.543404 0.014628
0.456674 0.543413 0.014706
0.461524 0.548465 0.014119
0.461412 0.558560 0.013051
0.456555 0.553501 0.013539
0.442136 0.528308 0.016673
0.446981 0.533333 0.015987
0.442000 0.538369 0.015224
0.447126 0.523279 0.017550
0.452121 0.518254 0.018480
0.456957 0.523278 0.017667
0.451967 0.528303 0.016802
0.432442 0.518293 0.018117
0.432301 0.528328 0.016499
0.427449 0.523323 0.017177
0.437290 0.523295 0.017384
0.437151 0.533343 0.015849
0.372267 0.619265 0.009285
0.372172 0.629384 0.009145
0.367290 0.624332 0.009183
0.377148 0.624317 0.009223
0.382030 0.629373 0.009178
0.381941 0.639487 0.009100
0.377055 0.634438 0.009121
0.362506 0.609173 0.009453
0.367387 0.614216 0.009362
0.362407 0.619285 0.009238
0.367487 0.604104 0.009628
0.372468 0.599038 0.009834
0.377345 0.604083 0.009696
0.372366 0.609149 0.009514
0.352739 0.599116 0.009681
0.352636 0.609218 0.009395
0.347749 0.604200 0.009496
0.357623 0.604140 0.009560
0.357522 0.614246 0.009309
0.450704 0.699359 0.008898
0.450704 0.709219 0.008898
0.445774 0.704289 0.008898
0.455634 0.704289 0.008898
0.460563 0.709219 0.008898
0.460563 0.719078 0.008898
0.455634 0.714148 0.008898
0.440851 0.689478 0.008907
0.445776 0.694424 0.008900
0.440845 0.699359 0.008898
0.445788 0.684523 0.008918
0.450727 0.679558 0.008933
0.455647 0.684523 0.008918
0.450710 0.689478 0.008907
0.431011 0.679557 0.008931
0.430992 0.689478 0.008906
0.426071 0.684523 0.008916
0.435930 0.684522 0.008917
0.435917 0.694424 0.008900
0.294076 0.539281 0.012082
0.293966 0.549348 0.011392
0.289073 0.544367 0.011638
0.298976 0.544247 0.011810
0.303873 0.549216 0.011550
0.303745 0.559310 0.010939
0.298856 0.554329 0.011158
0.284265 0.529362 0.012654
0.289172 0.534319 0.012364
0.284177 0.539390 0.011895
0.289247 0.524318 0.013197
0.294223 0.519287 0.013791
0.299145 0.524215 0.013452
0.294162 0.529260 0.012882
0.274433 0.519472 0.013256
0.274372 0.529454 0.012436
0.269461 0.524498 0.012718
0.279352 0.524413 0.012952
0.279277 0.534418 0.012161
0.453002 0.458700 0.032810
0.452917 0.468479 0.029928
0.448018 0.463611 0.031183
0.457907 0.463560 0.031482
0.462797 0.468443 0.030160
0.462671 0.478289 0.027440
0.457802 0.473371 0.028679
0.443153 0.449047 0.035471
0.448083 0.453863 0.034141
0.443106 0.458767 0.032441
0.448117 0.444154 0.037283
0.453074 0.439266 0.039132
0.458018 0.444078 0.037655
0.453054 0.448967 0.035880
0.433269 0.439473 0.038121
0.433250 0.449146 0.034954
0.428308 0.444361 0.036216
0.438214 0.444251 0.036797
0.438182 0.453946 0.033697
0.413340 0.420505 0.043284
0.413426 0.430089 0.039997
0.408430 0.425362 0.041224
0.418362 0.425225 0.042070
0.423351 0.429958 0.040770
0.423357 0.439591 0.037481
0.418397 0.434833 0.038743
0.403167 0.411112 0.045389
0.408275 0.415800 0.044389
0.403397 0.420650 0.042363
0.407974 0.406258 0.047329
0.412742 0.401390 0.049201
0.417914 0.406070 0.048264
0.413114 0.410941 0.046360
0.392827 0.401794 0.047104
0.393203 0.411277 0.044321
0.388044 0.406620 0.045154
0.398017 0.406442 0.046292
0.398321 0.415955 0.043393
0.451212 0.381386 0.056968
0.451860 0.391006 0.054679
0.446610 0.386279 0.055615
0.456499 0.386116 0.056075
0.461759 0.390856 0.055091
0.462272 0.400490 0.052517
0.457081 0.395742 0.053649
0.440549 0.371940 0.058518
0.445897 0.376660 0.057780
0.441331 0.381561 0.056466
0.445046 0.367040 0.059675
0.449518 0.362154 0.060705
0.454923 0.366891 0.060051
0.450427 0.371770 0.058974
0.429714 0.362549 0.059792
0.430638 0.372170 0.057932
0.425221 0.367501 0.058568
0.435153 0.367235 0.059185
0.436010 0.376856 0.057235
0.530766 0.380822 0.056808
0.531414 0.390472 0.054409
0.526124 0.385644 0.055973
0.536095 0.385641 0.055256
0.541362 0.390471 0.053548
0.541813 0.400164 0.050829
0.536645 0.395312 0.052691
0.519947 0.371218 0.059420
0.525382 0.376014 0.058198
0.520779 0.380827 0.057377
0.524475 0.366423 0.060115
0.528983 0.361633 0.060705
0.534485 0.366407 0.059516
0.529951 0.371208 0.058908
0.508967 0.361669 0.061358
0.509945 0.371233 0.059689
0.504484 0.366460 0.060627
0.514466 0.366436 0.060471
0.515383 0.376023 0.058615
0.487384 0.342517 0.063772
0.488173 0.352166 0.062726
0.482814 0.347373 0.063251
0.492708 0.347329 0.063279
0.498078 0.352124 0.062726
0.499019 0.361701 0.061445
0.493577 0.356941 0.062139
0.476867 0.332842 0.064601
0.482104 0.337688 0.064211
0.477499 0.342561 0.063724
0.481541 0.327952 0.064986
0.486249 0.323058 0.065312
0.491413 0.327930 0.065003
0.486742 0.332811 0.064636
0.466519 0.323101 0.065250
0.466998 0.332880 0.064538
0.461809 0.328012 0.064885
0.471673 0.327979 0.064946
0.472228 0.337730 0.064152
0.373113 0.538583 0.013872
0.373008 0.548620 0.012863
0.368135 0.543622 0.013234
0.377987 0.543576 0.013457
0.382857 0.548579 0.013060
0.382748 0.558641 0.012181
0.377879 0.553626 0.012510
0.363351 0.528631 0.014745
0.368235 0.533601 0.014302
0.363257 0.538636 0.013622
0.368328 0.523605 0.015529
0.373307 0.518583 0.016381
0.378192 0.523543 0.015852
0.373213 0.528570 0.015045
0.353563 0.518726 0.015669
0.353484 0.528698 0.014450
0.348588 0.523746 0.014884
0.358460 0.523672 0.015201
0.358373 0.533661 0.014029
0.333891 0.499067 0.017614
0.333854 0.508962 0.016240
0.328926 0.504059 0.016703
0.338822 0.503963 0.017121
0.343744 0.508872 0.016631
0.343684 0.518807 0.015328
0.338773 0.513878 0.015781
0.324000 0.489316 0.018614
0.328950 0.494184 0.018109
0.323989 0.499167 0.017170
0.328957 0.484350 0.019672
0.333916 0.479393 0.020814
0.338872 0.484242 0.020233
0.333910 0.489209 0.019129
0.314078 0.479613 0.019653
0.314088 0.489424 0.018117
0.309127 0.484569 0.018605
0.319043 0.484459 0.019129
0.319043 0.494289 0.017639
0.373650 0.459459 0.027945
0.373635 0.469181 0.025568
0.368673 0.464370 0.026334
0.378615 0.464259 0.027122
0.383568 0.469074 0.026286
0.383521 0.478855 0.024005
0.378585 0.474009 0.024790
0.363688 0.449898 0.029556
0.368673 0.454674 0.028752
0.363701 0.459571 0.027099
0.368655 0.445026 0.031341
0.373627 0.440163 0.033218
0.378622 0.444914 0.032319
0.373648 0.449788 0.030497
0.353696 0.440369 0.031164
0.353735 0.450002 0.028636
0.348741 0.445230 0.029406
0.358695 0.445130 0.030361
0.358722 0.454782 0.027867
0.529578 0.699359 0.008898
0.529578 0.709218 0.008898
0.524648 0.704289 0.008898
0.534507 0.704289 0.008898
0.539437 0.709218 0.008898
0.539437 0.719078 0.008898
0.534507 0.714148 0.008898
0.519722 0.689481 0.008906
0.524649 0.694424 0.008900
0.519719 0.699359 0.008898
0.524655 0.684531 0.008915
0.529589 0.679574 0.008928
0.534513 0.684533 0.008914
0.529581 0.689482 0.008906
0.509874 0.679568 0.008931
0.509863 0.689481 0.008906
0.504938 0.684528 0.008917
0.514797 0.684529 0.008916
0.514790 0.694424 0.008900
0.490209 0.659625 0.009036
0.490180 0.669612 0.008976
0.485266 0.664620 0.009005
0.495121 0.664626 0.009003
0.500035 0.669617 0.008974
0.500016 0.679566 0.008932
0.495097 0.674594 0.008952
0.480397 0.649590 0.009116
0.485301 0.654613 0.009074
0.480356 0.659618 0.009038
0.485345 0.644569 0.009160
0.490293 0.639542 0.009206
0.495193 0.644584 0.009154
0.490247 0.649602 0.009113
0.470601 0.639512 0.009214
0.470546 0.649580 0.009118
0.465648 0.644546 0.009163
0.475497 0.644557 0.009163
0.475449 0.654604 0.009076
0.529753 0.619494 0.009437
0.529713 0.629569 0.009258
0.524813 0.624512 0.009347
0.534653 0.624553 0.009322
0.539556 0.629606 0.009236
0.539524 0.639659 0.009143
0.534617 0.634619 0.009196
0.519965 0.609359 0.009754
0.524857 0.614429 0.009581
0.519915 0.619450 0.009465
0.524907 0.604340 0.009915
0.529849 0.599325 0.010094
0.534739 0.604400 0.009868
0.529798 0.609412 0.009716
0.510191 0.599209 0.010189
0.510133 0.609312 0.009787
0.505247 0.604237 0.009992
0.515076 0.604285 0.009957
0.515022 0.614383 0.009611
0.687712 0.541165 0.010421
0.687642 0.551096 0.010034
0.682749 0.546078 0.010298
0.692604 0.546181 0.010140
0.697498 0.551186 0.009902
0.697431 0.561101 0.009633
0.692536 0.556104 0.009814
0.677932 0.531103 0.011127
0.682821 0.536139 0.010749
0.677857 0.541049 0.010608
0.682899 0.526199 0.011290
0.687868 0.521299 0.011457
0.692756 0.526330 0.011047
0.687787 0.531232 0.010895
0.668160 0.521005 0.012049
0.668079 0.530964 0.011382
0.663194 0.525908 0.011853
0.673045 0.526058 0.011559
0.672967 0.536011 0.010968
0.648665 0.500722 0.014682
0.648561 0.510696 0.013658
0.643694 0.505614 0.014405
0.653530 0.505802 0.013914
0.658402 0.510876 0.013222
0.658311 0.520844 0.012387
0.653434 0.515773 0.012987
0.638954 0.490545 0.016478
0.643806 0.495636 0.015533
0.638834 0.500526 0.015233
0.643925 0.485658 0.016813
0.648896 0.480772 0.017153
0.653750 0.485863 0.016148
0.648778 0.490749 0.015837
0.629263 0.480347 0.018662
0.629136 0.490336 0.017157
0.624297 0.485237 0.018257
0.634106 0.485447 0.017522
0.633982 0.495433 0.016149
0.598613 0.649831 0.008982
0.603537 0.654816 0.008960
0.598606 0.659773 0.008952
0.603545 0.644871 0.008991
0.608476 0.639914 0.009000
0.613399 0.644908 0.008975
0.608468 0.649861 0.008969
0.588750 0.659755 0.008961
0.593682 0.654793 0.008972
0.593674 0.664729 0.008943
0.588759 0.649803 0.008996
0.588771 0.639831 0.009039
0.593703 0.634861 0.009052
0.593691 0.644837 0.009008
0.583810 0.674640 0.008924
0.583817 0.664716 0.008950
0.588742 0.669686 0.008933
0.442785 0.488258 0.024492
0.447638 0.493216 0.023469
0.442618 0.498230 0.022239
0.447795 0.483278 0.025842
0.452801 0.478315 0.027238
0.457664 0.483245 0.026072
0.452653 0.488221 0.024747
0.432755 0.498276 0.021951
0.437771 0.493258 0.023194
0.437602 0.503252 0.021058
0.432909 0.488315 0.024158
0.433035 0.478429 0.026565
0.438034 0.473474 0.028056
0.437917 0.483330 0.025524
0.427591 0.513301 0.018875
0.427742 0.503298 0.020769
0.432593 0.508276 0.019934
0.522268 0.409860 0.049368
0.527328 0.414737 0.047459
0.522424 0.419604 0.046066
0.527098 0.405006 0.050605
0.531890 0.400156 0.051711
0.537023 0.405017 0.049838
0.532194 0.409875 0.048716
0.512500 0.419586 0.046501
0.517402 0.414720 0.048000
0.517484 0.424477 0.044537
0.512321 0.409851 0.049794
0.511974 0.400148 0.052755
0.516728 0.395306 0.053950
0.517149 0.404997 0.051137
0.507542 0.434232 0.041240
0.507564 0.424458 0.044874
0.512519 0.429354 0.042898
0.362934 0.568792 0.011185
0.367806 0.573811 0.010958
0.362822 0.578874 0.010621
0.367918 0.563732 0.011578
0.372900 0.558677 0.012017
0.377769 0.563695 0.011732
0.372788 0.568752 0.011329
0.352956 0.578930 0.010505
0.357947 0.573857 0.010827
0.357835 0.583943 0.010319
0.353070 0.568848 0.011045
0.353186 0.558777 0.011678
0.358173 0.553717 0.012138
0.358061 0.563780 0.011422
0.347853 0.594103 0.009815
0.347963 0.584011 0.010217
0.352846 0.589019 0.010051
0.519719 0.728937 0.008898
0.524648 0.733867 0.008898
0.519719 0.738796 0.008898
0.524648 0.724007 0.008898
0.529578 0.719078 0.008898
0.534507 0.724007 0.008898
0.529578 0.728937 0.008898
0.509860 0.738796 0.008898
0.514789 0.733867 0.008898
0.514789 0.743726 0.008898
0.509860 0.728937 0.008898
0.509860 0.719078 0.008898
0.514789 0.714148 0.008898
0.514789 0.724007 0.008898
0.504930 0.753585 0.008898
0.504930 0.743726 0.008898
0.509860 0.748656 0.008898
0.440993 0.649561 0.009108
0.445891 0.654586 0.009071
0.440940 0.659599 0.009033
0.445948 0.644530 0.009156
0.450905 0.639491 0.009208
0.455798 0.644537 0.009161
0.450844 0.649566 0.009113
0.431085 0.659597 0.009028
0.436038 0.654583 0.009066
0.435990 0.664602 0.009000
0.431140 0.649557 0.009100
0.431208 0.639478 0.009189
0.436170 0.634426 0.009246
0.436098 0.644524 0.009148
0.426096 0.674582 0.008948
0.426134 0.664601 0.008996
0.431042 0.669596 0.008972
0.520216 0.568977 0.011936
0.525089 0.574062 0.011527
0.520144 0.579069 0.011236
0.525164 0.563976 0.012268
0.530115 0.558980 0.012623
0.534984 0.564067 0.012139
0.530036 0.569060 0.011829
0.510324 0.579000 0.011309
0.515270 0.573985 0.011616
0.515199 0.584084 0.010959
0.510399 0.568901 0.012027
0.510483 0.558810 0.012865
0.515438 0.553805 0.013300
0.515347 0.563893 0.012377
0.505310 0.594129 0.010452
0.505378 0.584022 0.011018
0.510254 0.589104 0.010697
0.677657 0.570874 0.009606
0.682556 0.575876 0.009460
0.677602 0.580804 0.009404
0.682615 0.565949 0.009667
0.687575 0.561025 0.009735
0.692471 0.566024 0.009572
0.687512 0.570949 0.009517
0.667747 0.580725 0.009480
0.672700 0.575799 0.009543
0.672651 0.585731 0.009347
0.667802 0.570783 0.009707
0.667865 0.560834 0.009982
0.672826 0.555913 0.010077
0.672760 0.565859 0.009776
0.662756 0.595584 0.009237
0.662796 0.585651 0.009417
0.667702 0.590658 0.009291
0.599741 0.489738 0.019264
0.604560 0.494835 0.018095
0.599584 0.499744 0.017637
0.604709 0.484836 0.019762
0.609674 0.479938 0.020256
0.614498 0.485034 0.019004
0.609531 0.489932 0.018551
0.589788 0.499560 0.018262
0.594767 0.494646 0.018763
0.594607 0.504659 0.017175
0.589957 0.489550 0.019987
0.590123 0.479558 0.021900
0.595086 0.474660 0.022486
0.594928 0.484645 0.020531
0.584653 0.514502 0.016248
0.584807 0.504479 0.017758
0.589630 0.509578 0.016711
0.639469 0.450596 0.023116
0.644308 0.455702 0.021640
0.639333 0.460588 0.021203
0.644449 0.445707 0.023586
0.649432 0.440815 0.024060
0.654269 0.445923 0.022526
0.649287 0.450813 0.022081
0.629523 0.460369 0.022182
0.634492 0.455483 0.022650
0.634360 0.465473 0.020770
0.629656 0.450376 0.024201
0.629792 0.440375 0.026398
0.634770 0.435481 0.026931
0.634629 0.445486 0.024702
0.624427 0.475248 0.019897
0.624558 0.465258 0.021709
0.629392 0.470359 0.020336
0.600681 0.409984 0.038579
0.605579 0.414985 0.036378
0.600715 0.419904 0.035787
0.605491 0.405068 0.039107
0.610286 0.400153 0.039610
0.615256 0.405156 0.037445
0.610425 0.410070 0.036926
0.591001 0.419820 0.037389
0.595853 0.414900 0.038011
0.595829 0.424827 0.035140
0.590962 0.409931 0.040279
0.590795 0.400083 0.043085
0.595531 0.395170 0.043559
0.595755 0.405016 0.040819
0.585985 0.434686 0.033650
0.586122 0.424744 0.036697
0.590916 0.429756 0.034421
0.559908 0.529147 0.015281
0.564753 0.534245 0.014461
0.559783 0.539197 0.014033
0.564886 0.524201 0.015770
0.569865 0.519263 0.016259
0.574701 0.524363 0.015337
0.569726 0.529301 0.014894
0.549962 0.539062 0.014323
0.554933 0.534100 0.014797
0.554815 0.544157 0.013615
0.550092 0.529005 0.015627
0.550245 0.518955 0.017128
0.555234 0.514006 0.017736
0.555072 0.524050 0.016170
0.544891 0.554099 0.012829
0.544993 0.544031 0.013864
0.549852 0.549124 0.013212
0.521451 0.488487 0.024244
0.526242 0.493540 0.022906
0.521228 0.498504 0.021976
0.526459 0.483554 0.025264
0.531465 0.478637 0.026296
0.536258 0.483666 0.024803
0.531251 0.488594 0.023849
0.511425 0.498411 0.022257
0.516440 0.493439 0.023241
0.516215 0.503477 0.021059
0.511648 0.488396 0.024559
0.511853 0.478450 0.027083
0.516856 0.473539 0.028260
0.516656 0.483457 0.025639
0.506210 0.513438 0.019290
0.506413 0.503391 0.021291
0.511210 0.508455 0.020162
0.561413 0.449312 0.032405
0.566196 0.454309 0.030405
0.561224 0.459195 0.029521
0.566381 0.444420 0.033343
0.571337 0.439516 0.034235
0.576106 0.444517 0.032063
0.571157 0.449417 0.031250
0.551452 0.459076 0.030430
0.556436 0.454196 0.031432
0.556242 0.464078 0.028608
0.551641 0.449215 0.033410
0.551816 0.439366 0.036611
0.556793 0.434472 0.037744
0.556621 0.444332 0.034477
0.546260 0.473854 0.026720
0.546462 0.463957 0.029409
0.551254 0.468964 0.027671
0.638077 0.610276 0.009137
0.642993 0.615286 0.009057
0.638057 0.620213 0.009026
0.643016 0.605351 0.009185
0.647958 0.600426 0.009238
0.652870 0.605435 0.009138
0.647930 0.610360 0.009095
0.628204 0.620133 0.009059
0.633139 0.615202 0.009094
0.633123 0.625141 0.009004
0.628224 0.610181 0.009184
0.628253 0.600219 0.009363
0.633196 0.595293 0.009435
0.633163 0.605253 0.009238
0.623260 0.635013 0.008985
0.623270 0.625069 0.009032
0.628191 0.630074 0.008990
0.598857 0.569869 0.010711
0.603747 0.574941 0.010405
0.598798 0.579884 0.010264
0.603811 0.564931 0.010869
0.608768 0.559997 0.011038
0.613654 0.565072 0.010689
0.608699 0.570004 0.010548
0.588957 0.579764 0.010396
0.593906 0.574813 0.010553
0.593851 0.584834 0.010124
0.589017 0.569737 0.010879
0.589088 0.559712 0.011450
0.594046 0.554770 0.011675
0.593970 0.564793 0.011054
0.583965 0.594751 0.009857
0.584011 0.584721 0.010243
0.588907 0.589789 0.009988
0.638535 0.530483 0.012290
0.643417 0.535562 0.011758
0.638454 0.540473 0.011558
0.643501 0.525577 0.012520
0.648466 0.520674 0.012752
0.653346 0.525747 0.012174
0.648381 0.530653 0.011964
0.628608 0.540304 0.011844
0.633571 0.535392 0.012065
0.633492 0.545385 0.011366
0.628693 0.530306 0.012638
0.628787 0.520309 0.013564
0.633755 0.515407 0.013847
0.633659 0.525398 0.012892
0.623571 0.555221 0.011004
0.623646 0.545220 0.011628
0.628530 0.550300 0.011181
0.480639 0.609198 0.009848
0.485522 0.614272 0.009673
0.480571 0.619315 0.009534
0.485590 0.604156 0.010039
0.490539 0.599116 0.010253
0.495419 0.604193 0.010020
0.490471 0.609231 0.009835
0.470733 0.619291 0.009538
0.475687 0.614244 0.009681
0.475618 0.624360 0.009420
0.470806 0.609170 0.009853
0.470882 0.599047 0.010276
0.475836 0.594001 0.010526
0.475759 0.604123 0.010049
0.465709 0.634456 0.009268
0.465778 0.624340 0.009421
0.470664 0.629408 0.009332
0.441664 0.568635 0.012091
0.446529 0.573693 0.011742
0.441568 0.578746 0.011364
0.446626 0.563586 0.012529
0.451590 0.558542 0.013008
0.456451 0.563600 0.012580
0.451490 0.568644 0.012148
0.431737 0.578742 0.011301
0.436701 0.573687 0.011681
0.436605 0.583801 0.011014
0.431835 0.568635 0.012012
0.431937 0.558539 0.012842
0.436906 0.553490 0.013383
0.436800 0.563583 0.012454
0.426677 0.593919 0.010404
0.426772 0.583800 0.010952
0.431642 0.588859 0.010694
0.481432 0.528372 0.016912
0.486263 0.533432 0.016116
0.481286 0.538446 0.015414
0.486420 0.523364 0.017718
0.491411 0.518362 0.018561
0.496228 0.523422 0.017634
0.491243 0.528424 0.016857
0.471470 0.538407 0.015425
0.476449 0.533387 0.016147
0.476312 0.543467 0.014755
0.471616 0.528335 0.016921
0.471779 0.518278 0.018629
0.476780 0.513269 0.019567
0.476605 0.523321 0.017751
0.466376 0.553524 0.013572
0.466495 0.543433 0.014749
0.471342 0.548493 0.014141
0.401926 0.609109 0.009673
0.406803 0.614168 0.009546
0.401832 0.619233 0.009405
0.406898 0.604045 0.009868
0.411869 0.598981 0.010094
0.416743 0.604041 0.009916
0.411774 0.609104 0.009716
0.391980 0.619240 0.009369
0.396953 0.614174 0.009507
0.396859 0.624299 0.009293
0.392076 0.609118 0.009625
0.392175 0.599000 0.009975
0.397150 0.593937 0.010222
0.397050 0.604053 0.009816
0.386912 0.634430 0.009149
0.387005 0.624306 0.009259
0.391886 0.629364 0.009208
0.480287 0.689479 0.008907
0.485213 0.694424 0.008900
0.480282 0.699359 0.008898
0.485222 0.684525 0.008918
0.490159 0.679564 0.008933
0.495080 0.684527 0.008918
0.490146 0.689479 0.008907
0.470423 0.699359 0.008898
0.475354 0.694424 0.008900
0.475352 0.704289 0.008898
0.470428 0.689478 0.008907
0.470443 0.679560 0.008934
0.475383 0.674588 0.008954
0.475364 0.684524 0.008918
0.465493 0.714148 0.008898
0.465493 0.704289 0.008898
0.470423 0.709219 0.008898
0.323849 0.528946 0.013622
0.328752 0.533894 0.013262
0.323766 0.538945 0.012692
0.328827 0.523914 0.014280
0.333801 0.518892 0.014998
0.338710 0.523827 0.014577
0.333733 0.528856 0.013889
0.313876 0.539048 0.012480
0.318866 0.533990 0.013024
0.318774 0.544010 0.012178
0.313959 0.529044 0.013366
0.314021 0.519080 0.014372
0.318993 0.514063 0.015086
0.318939 0.524008 0.013993
0.308765 0.554190 0.011304
0.308879 0.544123 0.011990
0.313774 0.549091 0.011716
0.482731 0.448852 0.036431
0.487630 0.453735 0.034820
0.482647 0.458622 0.033281
0.487704 0.443973 0.038074
0.492674 0.439096 0.039743
0.497587 0.443980 0.037980
0.492609 0.448855 0.036387
0.472773 0.458627 0.033231
0.477754 0.453736 0.034816
0.477660 0.463518 0.031771
0.472844 0.448870 0.036360
0.472879 0.439139 0.039675
0.477835 0.434255 0.041469
0.477813 0.443987 0.038050
0.467672 0.473350 0.028848
0.467788 0.463528 0.031678
0.472669 0.468427 0.030293
0.442844 0.410418 0.048675
0.447920 0.415158 0.047409
0.443067 0.420049 0.045506
0.447623 0.405524 0.050438
0.452369 0.400632 0.052097
0.457522 0.405378 0.050919
0.452738 0.410267 0.049216
0.433174 0.420200 0.044859
0.438029 0.415311 0.046812
0.438179 0.424939 0.043509
0.432953 0.410589 0.048006
0.432587 0.400986 0.050879
0.437301 0.396083 0.052566
0.437736 0.405694 0.049828
0.428315 0.434709 0.039447
0.428279 0.425083 0.042832
0.433260 0.429825 0.041464
0.480124 0.371399 0.059759
0.485509 0.376154 0.058877
0.480933 0.381001 0.057821
0.484624 0.366568 0.060657
0.489098 0.361752 0.061454
0.494546 0.366504 0.060686
0.490048 0.371321 0.059831
0.471012 0.381106 0.057644
0.475586 0.376246 0.058755
0.476320 0.385860 0.056658
0.470212 0.371501 0.059592
0.469287 0.361914 0.061236
0.473770 0.357070 0.062008
0.474712 0.366655 0.060542
0.466989 0.395607 0.054007
0.466403 0.385976 0.056423
0.471672 0.390730 0.055387
0.559890 0.371104 0.055900
0.565228 0.375885 0.054046
0.560611 0.380752 0.053603
0.564448 0.366244 0.056271
0.568987 0.361368 0.056575
0.574372 0.366108 0.054718
0.569816 0.371004 0.054413
0.550691 0.380794 0.054921
0.555306 0.375952 0.055454
0.555963 0.385610 0.053071
0.549931 0.371161 0.057146
0.549014 0.361566 0.059105
0.553546 0.356732 0.059438
0.554481 0.366331 0.057590
0.546566 0.395313 0.051694
0.546044 0.385633 0.054289
0.551282 0.390462 0.052438
0.516487 0.332740 0.064552
0.521814 0.337578 0.064012
0.517170 0.342435 0.063633
0.521201 0.327856 0.064857
0.525948 0.322952 0.065092
0.531208 0.327804 0.064563
0.526494 0.332701 0.064321
0.507188 0.342461 0.063741
0.511813 0.337608 0.064175
0.512565 0.347274 0.063181
0.506519 0.332769 0.064622
0.506005 0.323028 0.065308
0.510769 0.318130 0.065570
0.511213 0.327891 0.064972
0.503496 0.356903 0.062102
0.502611 0.347299 0.063258
0.508008 0.352096 0.062668
0.402774 0.528425 0.015851
0.407637 0.533421 0.015282
0.402658 0.538459 0.014542
0.407758 0.523395 0.016704
0.412746 0.518367 0.017622
0.417605 0.523356 0.016950
0.412620 0.528387 0.016084
0.392813 0.538495 0.014333
0.397792 0.533458 0.015061
0.397680 0.543499 0.013863
0.392924 0.528468 0.015600
0.393035 0.518464 0.017043
0.398022 0.513442 0.017998
0.397907 0.523439 0.016439
0.387726 0.553591 0.012684
0.387835 0.543535 0.013667
0.392703 0.548543 0.013244
0.363640 0.488895 0.020780
0.368566 0.493781 0.020156
0.363584 0.498779 0.019037
0.368619 0.483921 0.022031
0.373601 0.478958 0.023371
0.378535 0.483817 0.022643
0.373550 0.488793 0.021360
0.353688 0.498873 0.018547
0.358663 0.493880 0.019620
0.358606 0.503781 0.017998
0.353730 0.488999 0.020211
0.353755 0.479176 0.022056
0.358725 0.474228 0.023388
0.358702 0.484028 0.021413
0.348657 0.513793 0.016147
0.348715 0.503870 0.017552
0.353631 0.508785 0.017035
0.403490 0.449461 0.033006
0.408443 0.454244 0.031927
0.403462 0.459142 0.030201
0.408464 0.444582 0.034856
0.413434 0.439707 0.036770
0.418391 0.444471 0.035569
0.413419 0.449355 0.033717
0.393532 0.459244 0.029504
0.398513 0.454348 0.031221
0.398479 0.464051 0.028544
0.393552 0.449568 0.032232
0.393553 0.439936 0.035137
0.398523 0.435075 0.037109
0.398527 0.444692 0.034077
0.388508 0.473907 0.025444
0.388551 0.464153 0.027858
0.393494 0.468972 0.026957
0.559157 0.689484 0.008904
0.564085 0.694425 0.008899
0.559155 0.699359 0.008897
0.564089 0.684539 0.008910
0.569021 0.679588 0.008919
0.573947 0.684541 0.008909
0.569016 0.689485 0.008903
0.549296 0.699359 0.008898
0.554226 0.694425 0.008899
0.554226 0.704289 0.008898
0.549298 0.689484 0.008904
0.549305 0.679580 0.008924
0.554238 0.674621 0.008936
0.554230 0.684537 0.008912
0.544367 0.714148 0.008898
0.544367 0.704289 0.008898
0.549296 0.709218 0.008898
0.519796 0.649646 0.009090
0.524708 0.654661 0.009050
0.519768 0.659653 0.009022
0.524737 0.644640 0.009125
0.529677 0.639631 0.009160
0.534586 0.644663 0.009111
0.529647 0.649664 0.009080
0.509915 0.659643 0.009027
0.514856 0.654647 0.009058
0.514830 0.664641 0.008995
0.509946 0.649629 0.009099
0.509984 0.639582 0.009187
0.514928 0.634559 0.009230
0.514888 0.644619 0.009136
0.504953 0.674598 0.008950
0.504975 0.664633 0.008999
0.509891 0.669623 0.008971
0.559308 0.609600 0.009569
0.564210 0.614658 0.009415
0.559274 0.619649 0.009332
0.564247 0.604611 0.009687
0.569185 0.599629 0.009814
0.574086 0.604693 0.009616
0.569148 0.609672 0.009510
0.549432 0.619593 0.009370
0.554370 0.614594 0.009463
0.554337 0.624646 0.009263
0.549470 0.609532 0.009623
0.549514 0.599465 0.009969
0.554454 0.594472 0.010134
0.554409 0.604535 0.009753
0.544462 0.634653 0.009175
0.544494 0.624598 0.009294
0.549400 0.629647 0.009210
0.717361 0.531557 0.010327
0.722248 0.536545 0.010064
0.717282 0.541448 0.009966
0.722330 0.526660 0.010445
0.727300 0.521766 0.010566
0.732182 0.526750 0.010275
0.727214 0.531646 0.010167
0.707427 0.541362 0.010104
0.712393 0.536457 0.010213
0.712318 0.546354 0.009872
0.707505 0.531458 0.010500
0.707589 0.521553 0.010974
0.712563 0.516661 0.011121
0.712475 0.526559 0.010629
0.702392 0.556180 0.009705
0.702462 0.546272 0.010000
0.707355 0.551265 0.009785
0.678297 0.491326 0.014169
0.683172 0.496387 0.013470
0.678194 0.501270 0.013252
0.683276 0.486443 0.014422
0.688258 0.481561 0.014685
0.693135 0.486624 0.013937
0.688153 0.491505 0.013698
0.668345 0.501095 0.013691
0.673320 0.496210 0.013925
0.673220 0.506157 0.013035
0.668450 0.491140 0.014682
0.668560 0.481177 0.015824
0.673538 0.476292 0.016129
0.673426 0.486256 0.014952
0.663279 0.515944 0.012602
0.663372 0.505983 0.013457
0.668248 0.511049 0.012819
0.658844 0.471000 0.017849
0.663699 0.476091 0.016789
0.658724 0.480977 0.016465
0.663822 0.466114 0.018207
0.668801 0.461227 0.018570
0.673656 0.466320 0.017457
0.668677 0.471206 0.017119
0.697816 0.511513 0.011803
0.702702 0.516538 0.011364
0.697728 0.521432 0.011203
0.702796 0.506627 0.011980
0.707779 0.501746 0.012157
0.712659 0.506764 0.011689
0.707680 0.511649 0.011526
0.539733 0.589312 0.010494
0.544621 0.594391 0.010215
0.539680 0.599392 0.010035
0.544675 0.584314 0.010712
0.549619 0.579323 0.010938
0.554506 0.584406 0.010606
0.549563 0.589395 0.010407
0.500189 0.629474 0.009311
0.505084 0.634533 0.009244
0.500139 0.639561 0.009198
0.505134 0.624441 0.009388
0.510079 0.619410 0.009489
0.514973 0.624475 0.009369
0.510029 0.629503 0.009296
0.539459 0.669642 0.008960
0.544381 0.674616 0.008940
0.539447 0.679577 0.008926
0.544395 0.664668 0.008979
0.549330 0.659691 0.008999
0.554250 0.664679 0.008972
0.549315 0.669650 0.008955
0.383569 0.430462 0.037198
0.388567 0.435193 0.036179
0.383596 0.440050 0.034214
0.388519 0.425625 0.039276
0.393438 0.420791 0.041351
0.398482 0.425496 0.040293
0.393535 0.430341 0.038211
0.343834 0.469512 0.023362
0.348799 0.474338 0.022706
0.343835 0.479284 0.021425
0.348795 0.464589 0.024771
0.353758 0.459679 0.026273
0.358732 0.464480 0.025542
0.353765 0.469403 0.024077
0.383273 0.508549 0.018284
0.388157 0.513501 0.017660
0.383173 0.518520 0.016723
0.388262 0.503537 0.019337
0.393257 0.498526 0.020460
0.398139 0.503468 0.019736
0.393146 0.508483 0.018664
0.495769 0.313257 0.065799
0.500859 0.318150 0.065581
0.496119 0.323043 0.065318
0.500583 0.308348 0.065966
0.505443 0.303430 0.066085
0.510481 0.308331 0.065966
0.505645 0.313247 0.065797
0.538049 0.352014 0.061552
0.543526 0.356798 0.060422
0.539001 0.361609 0.060024
0.542636 0.347164 0.061864
0.547256 0.342283 0.062121
0.552673 0.347081 0.060995
0.548082 0.351956 0.060735
0.458508 0.352386 0.062367
0.463880 0.357161 0.061839
0.459397 0.362025 0.061009
0.463048 0.347501 0.063042
0.467621 0.342616 0.063634
0.472928 0.347431 0.063171
0.468388 0.352297 0.062546
0.422161 0.391611 0.052706
0.427396 0.396291 0.051836
0.422674 0.401187 0.050093
0.426814 0.386700 0.054321
0.431430 0.381780 0.055833
0.436726 0.386472 0.055032
0.432080 0.391385 0.053485
0.462965 0.429489 0.042925
0.467929 0.434306 0.041302
0.462977 0.439192 0.039463
0.467887 0.424602 0.044844
0.472786 0.419715 0.046695
0.477802 0.424533 0.045040
0.472874 0.429418 0.043169
0.304163 0.509257 0.015146
0.309096 0.514163 0.014756
0.304124 0.519182 0.014075
0.309126 0.504259 0.015912
0.314085 0.499271 0.016742
0.319027 0.504157 0.016301
0.314064 0.509155 0.015497
0.460612 0.669602 0.008977
0.465526 0.674586 0.008954
0.460585 0.679559 0.008934
0.465556 0.664611 0.009006
0.470502 0.659611 0.009039
0.475411 0.664615 0.009006
0.470468 0.669605 0.008978
0.382426 0.588909 0.010335
0.387300 0.593952 0.010148
0.382323 0.599017 0.009907
0.387404 0.583846 0.010631
0.392380 0.578785 0.010959
0.397251 0.583827 0.010723
0.392276 0.588889 0.010420
0.462129 0.508219 0.020488
0.466954 0.513244 0.019542
0.461953 0.518258 0.018581
0.467143 0.503209 0.021562
0.472163 0.498201 0.022679
0.476974 0.503229 0.021595
0.471961 0.508234 0.020548
0.422217 0.548468 0.013725
0.427077 0.553500 0.013266
0.422107 0.558549 0.012730
0.427192 0.543424 0.014372
0.432170 0.538382 0.015080
0.437023 0.543409 0.014515
0.432049 0.548453 0.013861
0.461135 0.588898 0.010800
0.466008 0.593972 0.010526
0.461051 0.599022 0.010270
0.466092 0.583849 0.011111
0.471047 0.578805 0.011447
0.475916 0.583881 0.011111
0.470963 0.588925 0.010807
0.619068 0.510125 0.015132
0.623924 0.515218 0.014310
0.618956 0.520127 0.013993
0.624038 0.505222 0.015478
0.629010 0.500324 0.015818
0.633863 0.505418 0.014931
0.628892 0.510315 0.014624
0.579336 0.549536 0.012438
0.584209 0.554626 0.011910
0.579252 0.559574 0.011664
0.584298 0.544592 0.012743
0.589262 0.539653 0.013062
0.594130 0.544744 0.012455
0.589169 0.549683 0.012175
0.618440 0.590128 0.009691
0.623345 0.595178 0.009514
0.618403 0.600112 0.009432
0.623387 0.585196 0.009789
0.628336 0.580270 0.009888
0.633237 0.585324 0.009684
0.628290 0.590248 0.009598
0.542148 0.429467 0.041034
0.546994 0.434411 0.038801
0.542008 0.439298 0.037541
0.547114 0.424576 0.042334
0.552045 0.419689 0.043495
0.556930 0.424615 0.041193
0.551972 0.429515 0.040032
0.502213 0.468500 0.030094
0.507040 0.473464 0.028571
0.502039 0.478379 0.027337
0.507208 0.463608 0.031429
0.512203 0.458727 0.032785
0.517037 0.463675 0.031100
0.512039 0.468564 0.029827
0.540619 0.508777 0.019246
0.545428 0.513864 0.018154
0.540437 0.518823 0.017489
0.545620 0.503822 0.019983
0.550624 0.498874 0.020721
0.555419 0.503967 0.019497
0.550422 0.508912 0.018825
0.580757 0.390319 0.047637
0.585797 0.395185 0.045363
0.581079 0.400093 0.044895
0.585416 0.385411 0.048033
0.590058 0.380499 0.048417
0.595176 0.385358 0.046222
0.590495 0.390274 0.045801
0.620137 0.430167 0.030128
0.624962 0.435268 0.028205
0.620001 0.440175 0.027630
0.625084 0.425256 0.030706
0.630019 0.420353 0.031247
0.634899 0.425466 0.029314
0.629931 0.430364 0.028773
0.580533 0.469414 0.024962
0.585325 0.474480 0.023376
0.580357 0.479378 0.022740
0.585493 0.464519 0.025639
0.590447 0.459622 0.026309
0.595243 0.464687 0.024631
0.590286 0.469584 0.024007
0.658080 0.550752 0.010532
0.662972 0.555798 0.010232
0.658012 0.560718 0.010127
0.663042 0.545836 0.010669
0.668003 0.540922 0.010815
0.672894 0.545963 0.010475
0.667933 0.550879 0.010349
0.500778 0.548647 0.014009
0.505627 0.553727 0.013410
0.500673 0.558739 0.012954
0.505741 0.543640 0.014562
0.510708 0.538639 0.015152
0.515549 0.543721 0.014432
0.510585 0.548721 0.013903
0.421440 0.629358 0.009280
0.426322 0.634422 0.009232
0.421358 0.639476 0.009176
0.426407 0.624296 0.009372
0.431372 0.619235 0.009492
0.436251 0.624302 0.009391
0.431287 0.629362 0.009298
0.500000 0.709218 0.008898
0.504930 0.714148 0.008898
0.500000 0.719078 0.008898
0.504930 0.704289 0.008898
0.509859 0.699359 0.008898
0.514789 0.704289 0.008898
0.509860 0.709219 0.008898
0.343427 0.548796 0.012258
0.348309 0.553782 0.011957
0.343317 0.558850 0.011516
0.348413 0.543742 0.012788
0.353394 0.538698 0.013377
0.358277 0.543677 0.013007
0.353295 0.548725 0.012453
0.501489 0.390499 0.055568
0.506750 0.395313 0.054225
0.502008 0.400163 0.052960
0.506152 0.385661 0.056682
0.510783 0.380836 0.057699
0.516138 0.385647 0.056442
0.511461 0.390475 0.055389
0.423233 0.468696 0.028688
0.428140 0.473552 0.027621
0.423143 0.478504 0.026134
0.428221 0.463770 0.030298
0.433205 0.458854 0.031969
0.438123 0.463683 0.030782
0.433133 0.468612 0.029171
0.578937 0.629788 0.009122
0.583853 0.634815 0.009076
0.578920 0.639793 0.009060
0.583871 0.624810 0.009158
0.588805 0.619838 0.009206
0.593718 0.624871 0.009124
0.588785 0.629840 0.009094
0.649150 0.460805 0.020272
0.649020 0.470790 0.018630
0.644175 0.465691 0.019864
0.653995 0.465904 0.019010
0.653869 0.475886 0.017498
0.688051 0.501437 0.012850
0.687955 0.511367 0.012109
0.683073 0.506322 0.012649
0.692932 0.506480 0.012297
0.692841 0.516404 0.011628
0.529966 0.579146 0.011150
0.529904 0.589236 0.010572
0.525022 0.584153 0.010888
0.534847 0.584230 0.010806
0.534790 0.594316 0.010288
0.490408 0.619343 0.009525
0.490348 0.629449 0.009322
0.485458 0.624384 0.009415
0.495296 0.624410 0.009404
0.495241 0.634510 0.009255
0.529622 0.659665 0.009015
0.529603 0.669635 0.008964
0.524684 0.664650 0.008990
0.534539 0.664659 0.008985
0.534524 0.674611 0.008943
0.373473 0.421052 0.039057
0.373589 0.430579 0.036102
0.368552 0.425864 0.036992
0.378541 0.425748 0.038174
0.378599 0.435309 0.035173
0.333883 0.459890 0.024689
0.333906 0.469620 0.022669
0.328931 0.464803 0.023299
0.338862 0.464696 0.024024
0.338874 0.474447 0.022044
0.373480 0.498688 0.019537
0.373396 0.508622 0.017878
0.368495 0.503694 0.018457
0.378381 0.503612 0.018911
0.378289 0.513565 0.017298
0.485713 0.303441 0.066081
0.485905 0.313266 0.065795
0.480860 0.308361 0.065960
0.490721 0.308354 0.065965
0.490991 0.318160 0.065582
0.527186 0.342403 0.063339
0.528020 0.352050 0.062145
0.522574 0.347249 0.062960
0.532600 0.347216 0.062521
0.533500 0.356836 0.061177
0.447886 0.342759 0.063327
0.448637 0.352490 0.062129
0.443309 0.347685 0.062627
0.453177 0.347585 0.062861
0.454000 0.357270 0.061601
0.411566 0.382305 0.054213
0.412226 0.391847 0.051816
0.406939 0.387207 0.052558
0.416884 0.386947 0.053496
0.417471 0.396508 0.050997
0.452965 0.419916 0.046027
0.453059 0.429581 0.042559
0.448075 0.424806 0.044078
0.457978 0.424694 0.044523
0.458024 0.434378 0.041014
0.294272 0.499481 0.015933
0.294260 0.509360 0.014808
0.289318 0.504464 0.015180
0.299221 0.504364 0.015538
0.299195 0.514267 0.014439
0.450794 0.659602 0.009036
0.450755 0.669599 0.008976
0.445846 0.664604 0.009003
0.455701 0.664607 0.009005
0.455669 0.674584 0.008953
0.372679 0.578838 0.010741
0.372572 0.588934 0.010243
0.367697 0.583901 0.010427
0.377552 0.583871 0.010533
0.377447 0.593973 0.010069
0.452475 0.498202 0.022458
0.452290 0.508222 0.020365
0.447456 0.503219 0.021294
0.457303 0.503205 0.021461
0.457122 0.513235 0.019460
0.412498 0.538428 0.014736
0.412383 0.548488 0.013577
0.407521 0.543469 0.014046
0.417358 0.543444 0.014216
0.417244 0.553515 0.013137
0.451396 0.578757 0.011409
0.451306 0.588878 0.010778
0.446436 0.583810 0.011062
0.456265 0.583826 0.011095
0.456178 0.593949 0.010514
0.609385 0.499933 0.017021
0.609250 0.509939 0.015650
0.604411 0.504842 0.016600
0.614222 0.505030 0.016035
0.614098 0.515034 0.014782
0.569607 0.539344 0.013711
0.569505 0.549391 0.012707
0.564640 0.544295 0.013336
0.574468 0.544442 0.013037
0.574376 0.554485 0.012151
0.608642 0.580009 0.010135
0.608594 0.590011 0.009787
0.603694 0.584951 0.010009
0.613539 0.585072 0.009897
0.613497 0.595065 0.009595
0.532326 0.419629 0.045421
0.532295 0.429423 0.041843
0.527386 0.424505 0.044003
0.537265 0.424539 0.043270
0.537164 0.434356 0.039677
0.492510 0.458636 0.033224
0.492378 0.468455 0.030260
0.487521 0.463528 0.031761
0.497371 0.463558 0.031647
0.497217 0.473406 0.028784
0.531028 0.498612 0.021626
0.530816 0.508655 0.019610
0.526018 0.503578 0.020763
0.535820 0.503692 0.020405
0.535622 0.513737 0.018518
0.570488 0.380675 0.052039
0.571000 0.390382 0.049470
0.565843 0.385562 0.051605
0.575664 0.385483 0.049888
0.576076 0.395223 0.047214
0.610453 0.420018 0.034228
0.610374 0.430002 0.031522
0.605555 0.424938 0.033621
0.615304 0.425081 0.032142
0.615184 0.435084 0.029516
0.570973 0.459326 0.028482
0.570785 0.469251 0.025930
0.566006 0.464213 0.027686
0.575750 0.464361 0.026663
0.575567 0.474307 0.024279
0.648302 0.540633 0.011290
0.648229 0.550613 0.010731
0.643340 0.545547 0.011115
0.653190 0.545697 0.010883
0.653120 0.555670 0.010403
0.491097 0.538498 0.015365
0.490970 0.548584 0.014086
0.486126 0.543512 0.014726
0.495935 0.543570 0.014662
0.495819 0.553660 0.013494
0.411681 0.619230 0.009438
0.411591 0.629357 0.009259
0.406711 0.624294 0.009322
0.416560 0.624294 0.009349
0.416472 0.634420 0.009215
0.490141 0.699359 0.008898
0.490141 0.709218 0.008898
0.485211 0.704289 0.008898
0.495071 0.704289 0.008898
0.495071 0.714148 0.008898
0.333649 0.538853 0.012912
0.333551 0.548881 0.012070
0.328661 0.543909 0.012374
0.338541 0.543820 0.012577
0.338436 0.553861 0.011783
0.490867 0.380921 0.057889
0.491538 0.390550 0.055626
0.486251 0.385769 0.056780
0.496194 0.385702 0.056788
0.496791 0.395348 0.054354
0.413384 0.459044 0.030845
0.413326 0.468784 0.028158
0.408400 0.463954 0.029179
0.418314 0.463860 0.029764
0.418241 0.473633 0.027142
0.569116 0.619709 0.009289
0.569090 0.629738 0.009153
0.564180 0.624698 0.009229
0.574025 0.624752 0.009193
0.574004 0.634771 0.009101
0.712248 0.556248 0.009606
0.707288 0.561165 0.009543
0.717210 0.551337 0.009677
0.702328 0.566086 0.009489
0.697369 0.571011 0.009440
0.732099 0.536625 0.009927
0.727135 0.541525 0.009838
0.737064 0.531727 0.010021
0.722172 0.546429 0.009754
0.554226 0.714148 0.008898
0.549296 0.719078 0.008898
0.559155 0.709218 0.008898
0.544367 0.724007 0.008898
0.539437 0.728937 0.008898
0.573944 0.694425 0.008899
0.569014 0.699359 0.008897
0.578875 0.689486 0.008902
0.564085 0.704288 0.008897
0.303600 0.569440 0.010439
0.460563 0.728938 0.008898
0.381865 0.649564 0.009039
0.633115 0.635068 0.008965
0.628185 0.640004 0.008963
0.638046 0.630137 0.008967
0.623254 0.644946 0.008960
0.618324 0.649892 0.008956
0.652847 0.615357 0.009025
0.647912 0.620283 0.008998
0.657785 0.610432 0.009059
0.642978 0.625209 0.008978
0.672611 0.595653 0.009187
0.667667 0.600580 0.009141
0.677558 0.590725 0.009236
0.662724 0.605506 0.009098
0.692412 0.575939 0.009389
0.687458 0.580867 0.009338
0.682507 0.585796 0.009286
0.421133 0.689478 0.008906
0.514789 0.753585 0.008898
0.509860 0.758515 0.008898
0.519719 0.748656 0.008898
0.504930 0.763444 0.008898
0.500000 0.768374 0.008898
0.534507 0.733867 0.008898
0.529578 0.738796 0.008898
0.524648 0.743726 0.008898
0.342757 0.609287 0.009341
0.593668 0.674647 0.008921
0.588737 0.679596 0.008914
0.598600 0.669696 0.008928
0.583806 0.684543 0.008907
0.613393 0.654841 0.008950
0.608462 0.659792 0.008943
0.603531 0.664744 0.008936
0.279175 0.544475 0.011472
0.274283 0.539487 0.011715
0.284064 0.549468 0.011239
0.269386 0.534507 0.011967
0.264483 0.529535 0.012228
0.298715 0.564454 0.010619
0.293832 0.559460 0.010811
0.288949 0.554464 0.011019
0.435915 0.704289 0.008898
0.430986 0.699360 0.008898
0.440845 0.709219 0.008898
0.426058 0.694424 0.008900
0.455634 0.724008 0.008898
0.450704 0.719078 0.008898
0.445774 0.714149 0.008898
0.357426 0.624357 0.009143
0.352538 0.619323 0.009193
0.362311 0.629399 0.009109
0.347649 0.614300 0.009260
0.376972 0.644534 0.009058
0.372082 0.639496 0.009076
0.367196 0.634449 0.009092
0.396563 0.664603 0.008978
0.391660 0.659599 0.008998
0.401470 0.669597 0.008960
0.386760 0.654586 0.009018
0.416212 0.684523 0.008915
0.411295 0.679557 0.008928
0.406381 0.674582 0.008943
0.475352 0.743726 0.008898
0.470423 0.738797 0.008898
0.480282 0.748656 0.008898
0.465493 0.733867 0.008898
0.495071 0.763444 0.008898
0.490141 0.758515 0.008898
0.485212 0.753585 0.008898
0.318279 0.584358 0.009947
0.313383 0.579388 0.010102
0.323176 0.589331 0.009802
0.308490 0.574416 0.010266
0.337864 0.604284 0.009437
0.332969 0.599292 0.009546
0.328073 0.594307 0.009668
