0.580026 0.608125 0.010952
0.579789 0.618414 0.010321
0.574992 0.613214 0.010666
0.431276 0.446792 0.061018
0.430708 0.455886 0.055951
0.426038 0.451183 0.058153
0.513549 0.375203 0.102782
0.513589 0.384725 0.098900
0.508605 0.379962 0.100946
0.348133 0.521005 0.025209
0.347646 0.531041 0.022657
0.342974 0.525865 0.023755
0.500021 0.689455 0.008929
0.500000 0.699393 0.008896
0.495076 0.694438 0.008905
0.422984 0.605952 0.011883
0.422625 0.616575 0.011038
0.417892 0.611163 0.011418
0.504895 0.525123 0.027253
0.504348 0.535153 0.024251
0.499736 0.530022 0.025816
0.661240 0.529066 0.019236
0.660810 0.538970 0.017372
0.656123 0.533867 0.018517
0.588212 0.449554 0.054570
0.587472 0.458939 0.049750
0.583020 0.454180 0.052839
0.629613 0.412497 0.067815
0.628935 0.421854 0.062875
0.624464 0.417119 0.066307
0.592886 0.374874 0.095004
0.592674 0.384494 0.090434
0.587957 0.379791 0.093703
0.546505 0.486685 0.040493
0.545802 0.496387 0.036382
0.541279 0.491408 0.038729
0.510314 0.448544 0.062364
0.509611 0.457685 0.057034
0.505053 0.453015 0.059828
0.552457 0.412769 0.082240
0.551824 0.421844 0.076789
0.547248 0.417291 0.080102
0.620452 0.567988 0.014248
0.620122 0.578106 0.013025
0.615380 0.572941 0.013753
0.583004 0.526909 0.023782
0.582511 0.536893 0.021244
0.577867 0.531776 0.022742
0.624244 0.488617 0.032906
0.623657 0.498368 0.029656
0.619082 0.493345 0.031728
0.463803 0.564916 0.017635
0.463375 0.575267 0.015853
0.458691 0.569981 0.016726
0.426639 0.523286 0.027380
0.426108 0.533344 0.024446
0.421473 0.528177 0.025793
0.468319 0.484944 0.043123
0.467653 0.494613 0.038837
0.463079 0.489641 0.040914
0.385443 0.562913 0.017108
0.384981 0.573292 0.015415
0.380306 0.567931 0.016165
0.461092 0.648679 0.009672
0.460903 0.659006 0.009396
0.456069 0.653835 0.009528
0.310513 0.480518 0.035262
0.310098 0.490221 0.032138
0.305368 0.485211 0.033391
0.473095 0.411980 0.084877
0.472643 0.420907 0.079559
0.467916 0.416372 0.082099
0.433969 0.375299 0.100549
0.433967 0.384451 0.096460
0.428978 0.379887 0.098146
0.473188 0.335870 0.113642
0.473315 0.345863 0.111540
0.468319 0.340925 0.112626
0.552517 0.335540 0.112881
0.552775 0.345623 0.110622
0.547647 0.340630 0.112077
0.512290 0.295880 0.117041
0.512326 0.305759 0.116888
0.507373 0.300814 0.117005
0.389515 0.482886 0.040240
0.388985 0.492568 0.036413
0.384320 0.487568 0.038025
0.351827 0.443991 0.053961
0.351380 0.453266 0.049564
0.346645 0.448430 0.051258
0.393383 0.409967 0.078418
0.393026 0.418713 0.073372
0.388215 0.414118 0.075297
0.539846 0.649032 0.009528
0.539699 0.659231 0.009305
0.534845 0.654121 0.009422
0.501489 0.607179 0.011731
0.501192 0.617625 0.010915
0.496429 0.612343 0.011323
0.542077 0.566424 0.016534
0.541701 0.576676 0.014925
0.536989 0.571455 0.015806
0.702344 0.491178 0.025500
0.701846 0.500923 0.023179
0.697191 0.495874 0.024675
0.665607 0.451213 0.042557
0.664971 0.460810 0.038754
0.660426 0.455866 0.041309
0.584817 0.613324 0.010557
0.435946 0.451462 0.058741
0.518571 0.380011 0.100800
0.352805 0.526161 0.024051
0.504935 0.694439 0.008905
0.427711 0.611348 0.011443
0.509497 0.530234 0.025590
0.665920 0.534161 0.018042
0.592659 0.454303 0.051410
0.634105 0.417241 0.064383
0.597629 0.379634 0.091775
0.551021 0.491630 0.038054
0.514871 0.453194 0.059475
0.557056 0.417326 0.078950
0.625187 0.573146 0.013475
0.587638 0.532012 0.022208
0.628816 0.493630 0.030768
0.468481 0.570184 0.016697
0.431268 0.528428 0.025950
0.472893 0.489873 0.040961
0.390113 0.568245 0.016298
0.465915 0.653874 0.009524
0.315242 0.485511 0.033955
0.477851 0.416526 0.082398
0.438977 0.379886 0.098897
0.478180 0.340828 0.112666
0.557638 0.340524 0.111501
0.517233 0.300811 0.117006
0.394181 0.487850 0.038556
0.356564 0.448801 0.052214
0.398217 0.414539 0.076516
0.544693 0.654158 0.009399
0.506246 0.612455 0.011265
0.546782 0.571633 0.015594
0.706997 0.496224 0.023955
0.670146 0.456150 0.039947
0.663221 0.489837 0.028913
0.667835 0.494868 0.027068
0.662685 0.499588 0.026152
0.668376 0.485135 0.029899
0.683856 0.471076 0.032950
0.688457 0.476084 0.030891
0.683297 0.480769 0.029911
0.700450 0.530316 0.017378
0.705135 0.535402 0.016383
0.700016 0.540177 0.015807
0.705579 0.525562 0.018008
0.720992 0.511367 0.019965
0.725665 0.516419 0.018819
0.720528 0.521148 0.018194
0.540747 0.607655 0.011404
0.545523 0.612892 0.010963
0.540482 0.618024 0.010664
0.545797 0.602539 0.011798
0.560965 0.587279 0.013192
0.565715 0.592495 0.012530
0.560661 0.597573 0.012088
0.500467 0.648863 0.009623
0.505302 0.654016 0.009479
0.500300 0.659116 0.009365
0.505486 0.643730 0.009762
0.520579 0.628243 0.010243
0.525378 0.633487 0.010026
0.520349 0.638642 0.009877
0.539455 0.689464 0.008924
0.544372 0.694440 0.008903
0.539437 0.699392 0.008895
0.544404 0.684469 0.008956
0.559294 0.669412 0.009107
0.564180 0.674458 0.009040
0.559218 0.679472 0.008992
0.391571 0.445510 0.057950
0.396283 0.450242 0.055963
0.391065 0.454662 0.053176
0.396795 0.441158 0.060891
0.412504 0.428268 0.070160
0.417211 0.432877 0.067885
0.411970 0.437183 0.064794
0.350016 0.481717 0.037735
0.354720 0.486698 0.036264
0.349554 0.491409 0.034266
0.355187 0.477060 0.039898
0.370737 0.463297 0.047029
0.375447 0.468161 0.045325
0.370254 0.472741 0.042898
0.387418 0.522201 0.026467
0.392067 0.527361 0.025175
0.386910 0.532254 0.023704
0.392583 0.517351 0.028104
0.408118 0.502912 0.033575
0.412752 0.507975 0.031965
0.407570 0.512793 0.030129
0.512685 0.335711 0.113667
0.517729 0.340723 0.112702
0.512882 0.345722 0.111660
0.517542 0.330700 0.114489
0.532201 0.315644 0.116273
0.537248 0.320606 0.115723
0.532352 0.325648 0.115156
0.553472 0.375352 0.100808
0.558449 0.380153 0.098229
0.553460 0.384933 0.096650
0.558395 0.370477 0.102272
0.572999 0.355405 0.105945
0.578082 0.360329 0.103602
0.573219 0.365393 0.102421
0.473762 0.375157 0.102474
0.478748 0.379894 0.100713
0.473767 0.384578 0.098607
0.478680 0.370373 0.104390
0.493275 0.355681 0.109196
0.498346 0.360606 0.107833
0.493492 0.365507 0.106277
0.433337 0.411265 0.082549
0.438117 0.415793 0.080367
0.432917 0.420074 0.077324
0.438490 0.406948 0.085449
0.453783 0.393685 0.093509
0.458649 0.398277 0.091524
0.453557 0.402728 0.088911
0.470879 0.447782 0.062707
0.475506 0.452428 0.060116
0.470255 0.456881 0.057456
0.476131 0.443370 0.065498
0.491910 0.430145 0.074109
0.496539 0.434720 0.071163
0.491275 0.439146 0.068341
0.308750 0.519842 0.023915
0.313435 0.525005 0.022858
0.308255 0.529913 0.021548
0.313917 0.514990 0.025344
0.329387 0.500595 0.030109
0.334084 0.505665 0.028851
0.328928 0.510461 0.027230
0.460586 0.689446 0.008931
0.465499 0.694432 0.008906
0.460563 0.699386 0.008896
0.465542 0.684434 0.008970
0.480463 0.669272 0.009175
0.485336 0.674352 0.009090
0.480363 0.679404 0.009023
0.383708 0.605005 0.011661
0.388426 0.610494 0.011267
0.383323 0.615746 0.010856
0.388818 0.599807 0.012190
0.404158 0.584355 0.014130
0.408853 0.589749 0.013497
0.403744 0.594902 0.012852
0.465807 0.524239 0.027759
0.470419 0.529366 0.026185
0.465258 0.534287 0.024726
0.470986 0.519363 0.029388
0.486580 0.504860 0.034697
0.491149 0.509898 0.032725
0.485953 0.514734 0.030990
0.424642 0.564025 0.017533
0.429314 0.569324 0.016659
0.424195 0.574404 0.015781
0.429768 0.558985 0.018531
0.445173 0.543965 0.022001
0.449819 0.549181 0.020807
0.444686 0.554188 0.019658
0.462239 0.606634 0.011902
0.466979 0.611965 0.011436
0.461909 0.617162 0.011049
0.467318 0.601461 0.012403
0.482568 0.586033 0.014215
0.487283 0.591322 0.013503
0.482204 0.596461 0.012912
0.622088 0.527922 0.021470
0.626749 0.533024 0.020070
0.621633 0.537872 0.019271
0.627216 0.523104 0.022355
0.642625 0.508757 0.025098
0.647259 0.513822 0.023459
0.642125 0.518596 0.022586
0.581252 0.567175 0.015442
0.585972 0.572357 0.014573
0.580901 0.577363 0.014024
0.586338 0.562199 0.016065
0.601628 0.547390 0.018172
0.606318 0.552533 0.017044
0.601223 0.557459 0.016372
0.619319 0.608631 0.010426
0.624124 0.613794 0.010086
0.619107 0.618835 0.009914
0.624347 0.603605 0.010670
0.639455 0.588621 0.011553
0.644229 0.593777 0.011043
0.639198 0.598756 0.010763
0.549492 0.449160 0.059735
0.553973 0.453828 0.056595
0.548720 0.458377 0.054509
0.554754 0.444632 0.061928
0.570525 0.430980 0.068426
0.574949 0.435574 0.064828
0.569715 0.440161 0.062800
0.507493 0.485824 0.042576
0.512021 0.490753 0.040224
0.506790 0.495506 0.038283
0.512728 0.481149 0.044640
0.528459 0.467318 0.051006
0.532972 0.472097 0.048278
0.527729 0.476713 0.046228
0.543943 0.525993 0.025897
0.548558 0.531099 0.024227
0.543415 0.536002 0.023061
0.549105 0.521127 0.027197
0.564631 0.506644 0.031282
0.569200 0.511685 0.029232
0.564030 0.516510 0.027942
0.591244 0.412517 0.075693
0.595692 0.417084 0.072119
0.590547 0.421723 0.070453
0.596342 0.407847 0.077248
0.611530 0.393739 0.081672
0.616082 0.398413 0.078219
0.611007 0.403098 0.076743
0.626792 0.450179 0.048534
0.631297 0.455057 0.045620
0.626122 0.459708 0.044231
0.631974 0.445539 0.049993
0.647578 0.431666 0.054392
0.652069 0.436523 0.051227
0.646866 0.441152 0.049809
0.585387 0.487582 0.036940
0.589916 0.492559 0.034575
0.584733 0.497315 0.033216
0.590570 0.482867 0.038376
0.606100 0.468806 0.042716
0.610614 0.473715 0.040074
0.605443 0.478404 0.038693
0.659667 0.568902 0.013087
0.664398 0.574039 0.012427
0.659346 0.578945 0.012044
0.664740 0.564021 0.013530
0.680003 0.549479 0.015033
0.684705 0.554592 0.014203
0.679616 0.559428 0.013718
0.502939 0.565693 0.017287
0.507626 0.570927 0.016323
0.502536 0.576000 0.015554
0.508039 0.560655 0.018161
0.523379 0.545668 0.021140
0.528033 0.550842 0.019845
0.522922 0.555832 0.018882
0.421717 0.648453 0.009665
0.426529 0.653706 0.009523
0.421505 0.658879 0.009390
0.426762 0.643235 0.009832
0.441946 0.627488 0.010440
0.446710 0.632848 0.010214
0.441653 0.638087 0.010018
0.500000 0.728990 0.008894
0.504929 0.733920 0.008894
0.500000 0.738849 0.008894
0.504929 0.724060 0.008894
0.519718 0.709262 0.008895
0.524648 0.714195 0.008894
0.519718 0.719128 0.008894
0.346167 0.561647 0.016430
0.350847 0.566959 0.015678
0.345686 0.572014 0.014799
0.351332 0.556644 0.017419
0.366799 0.541772 0.020800
0.371458 0.547026 0.019803
0.366310 0.551978 0.018666
0.512860 0.412431 0.084980
0.517581 0.417008 0.082163
0.512339 0.421450 0.079563
0.518044 0.407942 0.087397
0.533434 0.394265 0.093892
0.538284 0.398943 0.091229
0.533155 0.403517 0.089168
0.428958 0.483972 0.042150
0.433580 0.488914 0.040235
0.428357 0.493644 0.038038
0.434185 0.479324 0.044499
0.449894 0.465616 0.051983
0.454520 0.470394 0.049747
0.449280 0.474965 0.047276
0.579231 0.649207 0.009398
0.584087 0.654310 0.009289
0.579103 0.659361 0.009220
0.584228 0.644134 0.009480
0.599247 0.628872 0.009739
0.604076 0.634035 0.009581
0.599072 0.639113 0.009509
0.644902 0.469850 0.037647
0.644297 0.479506 0.034121
0.639733 0.474524 0.036454
0.649462 0.474821 0.035258
0.658068 0.494548 0.027942
0.681756 0.510020 0.022279
0.681286 0.519832 0.020167
0.676620 0.514760 0.021498
0.686419 0.515085 0.020905
0.695328 0.535083 0.016762
0.521754 0.586664 0.013820
0.521422 0.597028 0.012590
0.516683 0.591769 0.013233
0.526486 0.591915 0.013117
0.535702 0.612784 0.011049
0.481261 0.627909 0.010393
0.481000 0.638395 0.009985
0.476209 0.633121 0.010184
0.486042 0.633201 0.010163
0.495456 0.653982 0.009494
0.519877 0.669332 0.009149
0.519791 0.679431 0.009012
0.514902 0.674384 0.009076
0.524757 0.674397 0.009070
0.534513 0.694440 0.008904
0.372622 0.426663 0.065785
0.372156 0.435662 0.060780
0.367412 0.430930 0.062685
0.377370 0.431366 0.063840
0.386353 0.449897 0.055088
0.331132 0.461987 0.043775
0.330701 0.471509 0.040016
0.325971 0.466577 0.041491
0.335863 0.466896 0.042245
0.344852 0.486403 0.035679
0.368778 0.501779 0.031938
0.368282 0.511649 0.028768
0.363611 0.506556 0.030110
0.373448 0.506851 0.030533
0.382258 0.527070 0.024920
0.492682 0.315720 0.116305
0.492781 0.325715 0.115216
0.487803 0.320734 0.115836
0.497656 0.320700 0.115811
0.507831 0.340720 0.112728
0.533047 0.355711 0.108918
0.533330 0.365592 0.105869
0.528188 0.360657 0.107607
0.538192 0.360675 0.107269
0.548516 0.380164 0.099247
0.453687 0.355992 0.108598
0.453827 0.365698 0.105407
0.448782 0.360950 0.106883
0.458713 0.360813 0.107223
0.468812 0.379883 0.100429
0.413855 0.393129 0.090244
0.413670 0.401936 0.085589
0.408768 0.397402 0.087407
0.418779 0.397663 0.088457
0.428160 0.415543 0.079557
0.452253 0.429383 0.073104
0.451676 0.438317 0.067493
0.447008 0.433721 0.070007
0.456923 0.433955 0.070513
0.465629 0.452206 0.059957
0.289957 0.499376 0.028341
0.289512 0.509263 0.025728
0.284816 0.504143 0.026821
0.294664 0.504465 0.027210
0.303573 0.524728 0.022557
0.441048 0.669215 0.009181
0.440936 0.679382 0.009025
0.436059 0.674307 0.009095
0.445914 0.674316 0.009096
0.455640 0.694430 0.008906
0.364907 0.583113 0.013690
0.364474 0.593711 0.012470
0.359773 0.588239 0.012986
0.369599 0.588565 0.013117
0.378600 0.610234 0.011192
0.447395 0.503928 0.034635
0.446799 0.513806 0.030993
0.442191 0.508735 0.032691
0.451996 0.508976 0.032840
0.460637 0.529138 0.026203
0.406009 0.542966 0.021566
0.405520 0.553195 0.019313
0.400864 0.547932 0.020330
0.410661 0.548207 0.020467
0.419517 0.569081 0.016594
0.443373 0.585287 0.014316
0.442981 0.595776 0.013001
0.438272 0.590426 0.013622
0.448075 0.590622 0.013633
0.457162 0.611823 0.011454
0.603597 0.507627 0.028220
0.603049 0.517487 0.025281
0.598443 0.512421 0.027076
0.608195 0.512682 0.026353
0.616966 0.532760 0.020604
0.562489 0.546501 0.019837
0.562056 0.556621 0.017775
0.557375 0.551451 0.018943
0.567161 0.551658 0.018581
0.576173 0.572171 0.014843
0.600200 0.587917 0.012398
0.599922 0.598134 0.011454
0.595151 0.592945 0.011995
0.604964 0.593102 0.011810
0.614296 0.613671 0.010209
0.531440 0.430705 0.072791
0.530693 0.439775 0.066951
0.526147 0.435168 0.070160
0.535979 0.435295 0.069480
0.544230 0.453686 0.057542
0.489297 0.466529 0.052431
0.488619 0.475886 0.047613
0.484050 0.471082 0.050040
0.493864 0.471295 0.049914
0.502260 0.490538 0.040547
0.525627 0.505738 0.033555
0.524999 0.515608 0.029947
0.520429 0.510554 0.031904
0.530186 0.510775 0.031498
0.538790 0.530879 0.024636
0.572948 0.394254 0.089423
0.572540 0.403549 0.084556
0.567877 0.398959 0.087812
0.577630 0.398860 0.086168
0.586122 0.417170 0.074069
0.608956 0.431007 0.061499
0.608203 0.440387 0.056398
0.603769 0.435649 0.059773
0.613383 0.435743 0.058063
0.621616 0.454825 0.047078
0.567400 0.468048 0.047606
0.566672 0.477529 0.043103
0.562179 0.472679 0.045831
0.571882 0.472870 0.044779
0.580200 0.492317 0.035512
0.640806 0.548375 0.016502
0.640422 0.558384 0.014957
0.635710 0.553249 0.015889
0.645511 0.553503 0.015514
0.654603 0.573802 0.012667
0.484297 0.544850 0.021891
0.483819 0.555049 0.019538
0.479165 0.549836 0.020719
0.488942 0.550043 0.020614
0.497842 0.570751 0.016455
0.402626 0.626927 0.010367
0.402302 0.637676 0.009963
0.397540 0.632235 0.010133
0.407376 0.632382 0.010165
0.416681 0.653654 0.009515
0.480281 0.709259 0.008895
0.480281 0.719124 0.008895
0.475352 0.714191 0.008895
0.485211 0.714193 0.008895
0.495070 0.733919 0.008895
0.327470 0.540599 0.019866
0.326960 0.550822 0.017843
0.322286 0.545570 0.018712
0.332144 0.545833 0.018941
0.340997 0.566677 0.015494
0.493563 0.393974 0.094772
0.493334 0.403162 0.090186
0.488487 0.398547 0.092481
0.498444 0.398620 0.092539
0.507653 0.416894 0.082442
0.410353 0.464541 0.049992
0.409802 0.473918 0.045520
0.405135 0.469068 0.047427
0.415021 0.469353 0.048011
0.423737 0.488660 0.039881
0.559908 0.628556 0.010021
0.559707 0.638876 0.009715
0.554885 0.633690 0.009884
0.564722 0.633757 0.009829
0.574238 0.654272 0.009319
0.569251 0.659328 0.009243
0.569148 0.669434 0.009094
0.564270 0.664375 0.009172
0.574122 0.664402 0.009154
0.579003 0.669456 0.009081
0.578932 0.679494 0.008980
0.574036 0.674474 0.009030
0.559538 0.649120 0.009468
0.564389 0.654234 0.009347
0.559401 0.659295 0.009265
0.564540 0.644032 0.009566
0.569547 0.638933 0.009667
0.574384 0.644082 0.009524
0.569384 0.649163 0.009434
0.549867 0.638818 0.009760
0.549692 0.649076 0.009499
0.544853 0.643932 0.009642
0.554696 0.643982 0.009605
0.554541 0.654196 0.009374
0.418520 0.493386 0.037694
0.417943 0.503178 0.033896
0.413314 0.498138 0.035588
0.423144 0.498400 0.035921
0.427764 0.503435 0.034181
0.427191 0.513316 0.030626
0.422568 0.508237 0.032240
0.409245 0.483443 0.041290
0.413889 0.488397 0.039484
0.408679 0.493120 0.037308
0.414459 0.478799 0.043624
0.419678 0.474194 0.046042
0.424324 0.479066 0.044087
0.419104 0.483712 0.041743
0.399923 0.473634 0.044944
0.399382 0.483168 0.040789
0.394716 0.478241 0.042547
0.404590 0.478523 0.043111
0.404037 0.488127 0.039042
0.502422 0.421332 0.079779
0.501809 0.430293 0.074010
0.497171 0.425747 0.076991
0.507079 0.425877 0.076836
0.511698 0.430431 0.073768
0.511011 0.439471 0.067947
0.506420 0.434871 0.070978
0.492979 0.412229 0.085214
0.497722 0.416785 0.082571
0.492500 0.421207 0.079849
0.498147 0.407756 0.087750
0.503289 0.403242 0.090166
0.508096 0.407844 0.087648
0.502921 0.412332 0.085170
0.483382 0.403072 0.090069
0.483036 0.412112 0.085116
0.478251 0.407548 0.087534
0.488198 0.407658 0.087712
0.487787 0.416664 0.082556
0.335823 0.571749 0.014616
0.335355 0.582255 0.013219
0.330646 0.576865 0.013797
0.340522 0.577112 0.013979
0.345224 0.582511 0.013388
0.344782 0.593136 0.012200
0.340067 0.587679 0.012687
0.326444 0.561126 0.016033
0.331130 0.566421 0.015301
0.325943 0.571511 0.014423
0.331635 0.556092 0.017018
0.336817 0.551086 0.018059
0.341491 0.556358 0.017222
0.336313 0.561375 0.016236
0.317090 0.550576 0.017620
0.316558 0.560900 0.015820
0.311880 0.555618 0.016585
0.321765 0.555845 0.016806
0.321247 0.566191 0.015097
0.490140 0.738848 0.008895
0.490141 0.748703 0.008895
0.485211 0.743775 0.008895
0.495070 0.743777 0.008895
0.500000 0.748705 0.008895
0.500000 0.758557 0.008895
0.495070 0.753631 0.008895
0.480281 0.728986 0.008895
0.485211 0.733917 0.008895
0.480281 0.738845 0.008895
0.485211 0.724057 0.008895
0.490140 0.719126 0.008895
0.495070 0.724058 0.008895
0.490140 0.728988 0.008895
0.470422 0.719121 0.008895
0.470422 0.728983 0.008895
0.465492 0.724051 0.008896
0.475352 0.724054 0.008895
0.475352 0.733914 0.008895
0.411655 0.658837 0.009381
0.411487 0.669163 0.009171
0.406638 0.663999 0.009265
0.416491 0.664032 0.009272
0.421340 0.669184 0.009176
0.421223 0.679369 0.009023
0.416348 0.674285 0.009090
0.402028 0.648303 0.009636
0.406834 0.653595 0.009503
0.401805 0.658789 0.009370
0.407079 0.643058 0.009803
0.412141 0.637795 0.009987
0.416921 0.643151 0.009820
0.411873 0.648382 0.009653
0.392462 0.637546 0.009932
0.392182 0.648215 0.009614
0.387394 0.642842 0.009751
0.397237 0.642954 0.009779
0.396986 0.653529 0.009487
0.492748 0.575828 0.015664
0.492365 0.586199 0.014142
0.487657 0.580922 0.014917
0.497449 0.581091 0.014826
0.502161 0.586356 0.014050
0.501812 0.596752 0.012776
0.497083 0.591476 0.013428
0.483375 0.565319 0.017518
0.488057 0.570570 0.016562
0.482959 0.575649 0.015750
0.488483 0.560274 0.018440
0.493596 0.555250 0.019422
0.498262 0.560467 0.018315
0.493158 0.565509 0.017417
0.474039 0.554843 0.019619
0.473590 0.565121 0.017591
0.468919 0.559870 0.018595
0.478702 0.560076 0.018533
0.478270 0.570381 0.016642
0.649548 0.578723 0.012271
0.649263 0.588814 0.011351
0.644499 0.583662 0.011899
0.654301 0.583871 0.011685
0.659062 0.589016 0.011162
0.658813 0.599107 0.010444
0.654034 0.593963 0.010866
0.640065 0.568428 0.013645
0.644802 0.573575 0.012924
0.639742 0.578509 0.012514
0.645142 0.563522 0.014117
0.650224 0.558634 0.014620
0.654943 0.563767 0.013815
0.649868 0.568661 0.013358
0.630619 0.558143 0.015309
0.630258 0.568205 0.013946
0.625533 0.563056 0.014764
0.635337 0.563285 0.014436
0.634995 0.573356 0.013196
0.575009 0.497075 0.034094
0.574373 0.506879 0.030538
0.569818 0.501851 0.032684
0.579551 0.502089 0.031867
0.584113 0.507120 0.029768
0.583537 0.516984 0.026624
0.578947 0.511923 0.028518
0.565966 0.487126 0.038881
0.570482 0.492084 0.036438
0.565280 0.496842 0.034939
0.571172 0.482420 0.040468
0.576371 0.477733 0.042046
0.580872 0.482639 0.039430
0.575680 0.487351 0.037931
0.556955 0.477325 0.044050
0.556240 0.486904 0.039735
0.551730 0.481992 0.042268
0.561457 0.482205 0.041420
0.560756 0.491855 0.037290
0.616443 0.459479 0.045622
0.615782 0.469037 0.041458
0.611272 0.464139 0.044168
0.620951 0.464368 0.042844
0.625475 0.469288 0.040193
0.624850 0.478924 0.036418
0.620309 0.473966 0.038875
0.607479 0.449806 0.051566
0.611952 0.454624 0.048529
0.606778 0.459275 0.047006
0.612656 0.445163 0.053159
0.617835 0.440521 0.054754
0.622304 0.445333 0.051578
0.617127 0.449977 0.050053
0.598586 0.440290 0.058038
0.597842 0.449666 0.053072
0.593401 0.444925 0.056303
0.603023 0.445028 0.054734
0.602301 0.454450 0.049973
0.580967 0.421802 0.072344
0.580175 0.430967 0.066813
0.575765 0.426406 0.070467
0.585377 0.426350 0.068692
0.589767 0.430943 0.065049
0.588977 0.440227 0.059671
0.584569 0.435573 0.063179
0.571991 0.412737 0.079435
0.576507 0.417272 0.075936
0.571314 0.421863 0.074058
0.577133 0.408106 0.081169
0.582237 0.403427 0.082775
0.586768 0.407970 0.079261
0.581660 0.412640 0.077665
0.562773 0.403609 0.086086
0.562253 0.412776 0.080959
0.557633 0.408210 0.084232
0.567415 0.408186 0.082824
0.566812 0.417323 0.077562
0.533645 0.535787 0.023420
0.533153 0.545873 0.020865
0.528508 0.540716 0.022253
0.538280 0.540927 0.021938
0.542929 0.546080 0.020556
0.542484 0.556224 0.018383
0.537812 0.551043 0.019574
0.524416 0.525554 0.026674
0.529024 0.530662 0.024999
0.523877 0.535574 0.023738
0.529582 0.520682 0.028081
0.534758 0.515830 0.029534
0.539343 0.520903 0.027666
0.534179 0.525773 0.026310
0.515241 0.515389 0.030300
0.514655 0.525337 0.026988
0.510063 0.520245 0.028748
0.519822 0.520462 0.028442
0.519259 0.530447 0.025317
0.497025 0.495290 0.038552
0.496353 0.505082 0.034522
0.491798 0.500066 0.036596
0.501567 0.500284 0.036377
0.506115 0.505299 0.034272
0.505484 0.515171 0.030593
0.500915 0.510117 0.032520
0.487936 0.485396 0.043045
0.492485 0.490322 0.040777
0.487247 0.495069 0.038734
0.493177 0.480729 0.045217
0.498418 0.476097 0.047428
0.502960 0.480940 0.044980
0.497723 0.485612 0.042860
0.478805 0.475667 0.047690
0.478134 0.485173 0.043133
0.473561 0.480287 0.045383
0.483376 0.480511 0.045351
0.482696 0.490101 0.040915
0.538969 0.458217 0.055352
0.538219 0.467506 0.050345
0.533712 0.462759 0.053172
0.543469 0.462935 0.052423
0.547964 0.467690 0.049558
0.547225 0.477122 0.044886
0.542722 0.472293 0.047580
0.529945 0.448878 0.061368
0.534463 0.453533 0.058337
0.529199 0.458048 0.056054
0.535220 0.444391 0.063771
0.540499 0.439901 0.066186
0.545002 0.444520 0.062935
0.539731 0.449026 0.060632
0.520861 0.439629 0.067536
0.520138 0.448717 0.061944
0.515584 0.444085 0.064935
0.525412 0.444246 0.064438
0.524675 0.453369 0.058981
0.609277 0.618726 0.010021
0.609083 0.628957 0.009661
0.604261 0.623793 0.009864
0.614094 0.623890 0.009772
0.618921 0.629044 0.009580
0.618758 0.639242 0.009393
0.613916 0.634110 0.009513
0.599671 0.608371 0.010696
0.604469 0.613552 0.010329
0.599447 0.618619 0.010124
0.604703 0.603320 0.010977
0.609739 0.598283 0.011286
0.614524 0.603460 0.010825
0.609494 0.608499 0.010563
0.590105 0.597989 0.011618
0.589848 0.608247 0.010826
0.585064 0.603050 0.011270
0.594883 0.603183 0.011126
0.594643 0.613437 0.010445
0.571099 0.577188 0.014267
0.570773 0.587434 0.013001
0.566029 0.582225 0.013717
0.575835 0.582389 0.013499
0.580581 0.587591 0.012803
0.580290 0.597848 0.011779
0.575526 0.592641 0.012355
0.561661 0.566795 0.016024
0.566374 0.571989 0.015110
0.561297 0.577016 0.014504
0.566750 0.561799 0.016710
0.571846 0.556824 0.017431
0.576544 0.561997 0.016388
0.571456 0.566983 0.015737
0.552269 0.556422 0.018093
0.551867 0.566609 0.016290
0.547169 0.561413 0.017292
0.556959 0.561605 0.017013
0.556577 0.571811 0.015361
0.611848 0.537617 0.019763
0.611418 0.547626 0.017754
0.606736 0.542493 0.018951
0.616523 0.542739 0.018497
0.621211 0.547869 0.017335
0.620817 0.557909 0.015664
0.616112 0.552765 0.016659
0.602540 0.527401 0.022626
0.607187 0.532504 0.021139
0.602066 0.537369 0.020257
0.607673 0.522566 0.023606
0.612810 0.517750 0.024607
0.617442 0.522831 0.022981
0.612312 0.527658 0.022048
0.593292 0.517232 0.025953
0.592771 0.527151 0.023204
0.588146 0.522061 0.024853
0.597908 0.522310 0.024230
0.597411 0.532254 0.021673
0.452088 0.617028 0.011060
0.451775 0.627603 0.010438
0.447016 0.622250 0.010722
0.456841 0.622374 0.010716
0.461603 0.627711 0.010430
0.461326 0.638250 0.010012
0.456543 0.632944 0.010210
0.442612 0.606312 0.011916
0.447345 0.611673 0.011461
0.442267 0.616886 0.011062
0.447698 0.601128 0.012431
0.452787 0.595960 0.013001
0.457508 0.601298 0.012424
0.452426 0.606477 0.011915
0.433174 0.595584 0.012985
0.432799 0.606140 0.011906
0.428078 0.600759 0.012406
0.437889 0.600949 0.012425
0.437528 0.611516 0.011457
0.414395 0.574154 0.015715
0.413965 0.584617 0.014201
0.409275 0.579245 0.014893
0.419079 0.579501 0.014962
0.423770 0.584858 0.014255
0.423366 0.595377 0.012956
0.418662 0.589995 0.013554
0.405048 0.563502 0.017356
0.409718 0.568820 0.016513
0.404593 0.573886 0.015632
0.410180 0.558477 0.018356
0.415315 0.553464 0.019428
0.419975 0.558738 0.018452
0.414846 0.563772 0.017453
0.395722 0.552912 0.019179
0.395247 0.563216 0.017241
0.390582 0.557907 0.018108
0.400382 0.558200 0.018241
0.399917 0.568541 0.016414
0.455475 0.534058 0.024724
0.454958 0.544194 0.022035
0.450320 0.539001 0.023323
0.460104 0.539230 0.023342
0.464741 0.544418 0.022028
0.464256 0.554630 0.019667
0.459603 0.549405 0.020815
0.446231 0.523772 0.027671
0.450851 0.528905 0.026169
0.445688 0.533826 0.024673
0.451409 0.518897 0.029342
0.456597 0.514044 0.031091
0.461200 0.519132 0.029396
0.456021 0.524008 0.027743
0.436997 0.513564 0.030829
0.436436 0.523533 0.027543
0.431814 0.518415 0.029059
0.441613 0.518658 0.029226
0.441061 0.528669 0.026081
0.373494 0.615493 0.010783
0.373124 0.626351 0.010217
0.368390 0.620790 0.010435
0.378223 0.621029 0.010506
0.382959 0.626558 0.010277
0.382621 0.637405 0.009895
0.377865 0.631900 0.010046
0.364059 0.604418 0.011472
0.368774 0.609953 0.011105
0.363663 0.615226 0.010698
0.369177 0.599209 0.011999
0.374295 0.594037 0.012587
0.378998 0.599518 0.012102
0.373885 0.604720 0.011573
0.354637 0.593408 0.012341
0.354218 0.604137 0.011360
0.349499 0.598623 0.011758
0.359347 0.598901 0.011885
0.358939 0.609673 0.011007
0.450704 0.699383 0.008897
0.450704 0.709249 0.008896
0.445774 0.704315 0.008896
0.455633 0.704318 0.008896
0.460563 0.709253 0.008896
0.460563 0.719117 0.008896
0.455633 0.714184 0.008896
0.440869 0.689440 0.008931
0.445781 0.694427 0.008906
0.440844 0.699379 0.008897
0.445826 0.684427 0.008971
0.450793 0.679387 0.009026
0.455684 0.684430 0.008971
0.450727 0.689443 0.008931
0.431080 0.679376 0.009025
0.431010 0.689437 0.008931
0.426110 0.684419 0.008970
0.435968 0.684423 0.008970
0.435922 0.694424 0.008906
0.298388 0.529644 0.021267
0.297862 0.539836 0.019121
0.293193 0.534601 0.020042
0.303064 0.534857 0.020304
0.307740 0.540082 0.019373
0.307206 0.550345 0.017390
0.302532 0.545085 0.018236
0.289034 0.519264 0.023279
0.293712 0.524447 0.022260
0.288525 0.529379 0.020995
0.294202 0.514402 0.024650
0.299364 0.509573 0.026093
0.304059 0.514699 0.024994
0.298889 0.519557 0.023592
0.279669 0.508941 0.025375
0.279186 0.518969 0.022976
0.274513 0.513780 0.023998
0.284354 0.514095 0.024318
0.283857 0.524169 0.021974
0.460382 0.456650 0.057252
0.459763 0.465859 0.052269
0.455137 0.461118 0.054593
0.465008 0.461356 0.054840
0.469621 0.466092 0.052439
0.468975 0.475440 0.047659
0.464376 0.470632 0.049956
0.451091 0.447317 0.062095
0.455742 0.451971 0.059671
0.450498 0.456407 0.056924
0.456337 0.442928 0.064979
0.461585 0.438549 0.067908
0.466238 0.443157 0.065305
0.460989 0.447557 0.062466
0.441763 0.438069 0.066948
0.441188 0.447064 0.061599
0.436518 0.442423 0.063951
0.446431 0.442684 0.064520
0.445847 0.451724 0.059259
0.422961 0.419793 0.076484
0.422456 0.428593 0.071033
0.417740 0.424029 0.073340
0.427695 0.424335 0.074201
0.432400 0.428885 0.071815
0.431840 0.437798 0.066312
0.427152 0.433186 0.068678
0.413383 0.410708 0.080694
0.418191 0.415251 0.078646
0.412993 0.419472 0.075546
0.418537 0.406473 0.083681
0.423668 0.402199 0.086585
0.428521 0.406733 0.084619
0.423367 0.411009 0.081674
0.403660 0.401623 0.084483
0.403388 0.410361 0.079608
0.398531 0.405806 0.081483
0.408540 0.406165 0.082636
0.408209 0.414917 0.077632
0.463831 0.384546 0.098253
0.463716 0.393770 0.094012
0.458821 0.389147 0.095947
0.468756 0.389204 0.096374
0.473657 0.393844 0.094391
0.473433 0.402970 0.089817
0.468588 0.398378 0.091973
0.453917 0.375188 0.101751
0.458886 0.379873 0.100043
0.453903 0.384511 0.097786
0.458844 0.370441 0.103822
0.463737 0.365623 0.105738
0.468757 0.370402 0.104147
0.463837 0.375170 0.102162
0.443865 0.365835 0.104949
0.443959 0.375238 0.101208
0.438930 0.370615 0.102821
0.448911 0.370507 0.103385
0.448952 0.379871 0.099535
0.543524 0.384917 0.097580
0.543378 0.394323 0.093158
0.538497 0.389616 0.095798
0.548437 0.389655 0.094963
0.553284 0.394348 0.092168
0.552947 0.403617 0.087364
0.548195 0.398989 0.090344
0.533521 0.375313 0.102252
0.538551 0.380136 0.100012
0.533557 0.384868 0.098254
0.538443 0.370493 0.103870
0.543330 0.365608 0.105364
0.548430 0.370505 0.103194
0.543508 0.375349 0.101656
0.523330 0.365555 0.106137
0.523521 0.375255 0.102598
0.518454 0.370404 0.104515
0.528442 0.370453 0.104297
0.528562 0.380079 0.100521
0.502977 0.345721 0.111670
0.503192 0.355670 0.109229
0.498125 0.350710 0.110493
0.508038 0.350707 0.110503
0.513116 0.355677 0.109205
0.513371 0.365522 0.106272
0.508277 0.360609 0.107838
0.492914 0.335733 0.113659
0.497936 0.340727 0.112719
0.493079 0.345738 0.111647
0.497779 0.330709 0.114496
0.502648 0.325696 0.115213
0.507659 0.330702 0.114502
0.502795 0.335714 0.113670
0.482928 0.325766 0.115240
0.483045 0.335785 0.113650
0.478057 0.330814 0.114511
0.487912 0.330745 0.114498
0.488052 0.340761 0.112697
0.377102 0.531955 0.023461
0.376607 0.542088 0.021021
0.371950 0.536855 0.022088
0.381757 0.537163 0.022320
0.386411 0.542393 0.021223
0.385921 0.552614 0.019026
0.381263 0.547341 0.019998
0.367786 0.521605 0.025854
0.372446 0.526769 0.024639
0.367291 0.531646 0.023197
0.372946 0.516767 0.027455
0.378110 0.511946 0.029152
0.382766 0.517062 0.027794
0.377604 0.521907 0.026172
0.358450 0.511351 0.028382
0.357963 0.521303 0.025531
0.353291 0.516167 0.026750
0.363121 0.516466 0.027102
0.362629 0.526462 0.024346
0.339694 0.491114 0.033728
0.339239 0.500893 0.030561
0.334539 0.495845 0.031871
0.344395 0.496141 0.032366
0.349088 0.501190 0.031017
0.348614 0.511054 0.027997
0.343930 0.505962 0.029268
0.330267 0.481120 0.036487
0.334984 0.486107 0.035099
0.329831 0.490818 0.033193
0.335425 0.476455 0.038555
0.340588 0.471819 0.040727
0.345306 0.476758 0.039223
0.340142 0.481419 0.037108
0.320814 0.471198 0.039311
0.320391 0.480820 0.035872
0.315661 0.475846 0.037235
0.325544 0.476151 0.037892
0.325114 0.485809 0.034525
0.381141 0.454323 0.052310
0.380647 0.463620 0.047853
0.375935 0.458789 0.049619
0.385854 0.459121 0.050472
0.390555 0.463937 0.048628
0.390038 0.473343 0.044314
0.385349 0.468470 0.046084
0.371687 0.444764 0.055977
0.376418 0.449538 0.054141
0.371215 0.453973 0.051391
0.376895 0.440400 0.058883
0.382114 0.436075 0.061890
0.386848 0.440789 0.059927
0.381630 0.445144 0.056991
0.362210 0.435241 0.059676
0.361754 0.444379 0.054967
0.357015 0.439595 0.056767
0.366951 0.439999 0.057823
0.366487 0.449171 0.053174
0.529578 0.699393 0.008895
0.529577 0.709262 0.008895
0.524648 0.704328 0.008895
0.534507 0.704327 0.008895
0.539437 0.709260 0.008895
0.539437 0.719125 0.008894
0.534507 0.714194 0.008894
0.519738 0.689459 0.008927
0.524653 0.694440 0.008904
0.519719 0.699394 0.008895
0.524689 0.684458 0.008961
0.529647 0.679440 0.009007
0.534546 0.684463 0.008959
0.529596 0.689461 0.008926
0.509934 0.679423 0.009015
0.509879 0.689457 0.008928
0.504973 0.684448 0.008966
0.514831 0.684453 0.008964
0.514795 0.694440 0.008904
0.490450 0.659090 0.009376
0.490316 0.669286 0.009170
0.485453 0.664187 0.009269
0.495304 0.664207 0.009262
0.500170 0.669300 0.009164
0.500077 0.679417 0.009018
0.495191 0.674362 0.009086
0.480780 0.648776 0.009655
0.485609 0.653948 0.009507
0.480601 0.659063 0.009385
0.485805 0.643626 0.009804
0.490837 0.638461 0.009965
0.495645 0.643679 0.009785
0.490624 0.648820 0.009641
0.471163 0.638325 0.010001
0.470936 0.648729 0.009665
0.466124 0.643510 0.009830
0.475964 0.643570 0.009819
0.475762 0.653912 0.009517
0.530658 0.617926 0.010735
0.530410 0.628323 0.010194
0.525618 0.623079 0.010466
0.535445 0.623168 0.010407
0.540242 0.628401 0.010141
0.540027 0.638760 0.009802
0.535213 0.633555 0.009982
0.521116 0.607418 0.011583
0.525882 0.612676 0.011127
0.520835 0.617826 0.010801
0.526171 0.602284 0.012011
0.531229 0.597165 0.012480
0.535983 0.602412 0.011909
0.530931 0.607537 0.011498
0.511616 0.596890 0.012688
0.511302 0.607299 0.011661
0.506551 0.602027 0.012187
0.516361 0.602156 0.012104
0.516063 0.612566 0.011200
0.690213 0.539867 0.016165
0.689801 0.549771 0.014715
0.685105 0.544665 0.015588
0.694905 0.544967 0.015251
0.699598 0.550070 0.014417
0.699192 0.559993 0.013207
0.694498 0.554881 0.013923
0.680838 0.529679 0.018256
0.685523 0.534770 0.017165
0.680411 0.539561 0.016545
0.685961 0.524910 0.018938
0.691090 0.520157 0.019634
0.695768 0.525234 0.018460
0.690642 0.529994 0.017804
0.671488 0.519513 0.020729
0.671037 0.529369 0.018733
0.666361 0.524282 0.019974
0.676159 0.524593 0.019443
0.675721 0.534462 0.017592
0.652917 0.499271 0.026986
0.652398 0.509063 0.024346
0.647769 0.504008 0.026037
0.657540 0.504319 0.025244
0.662177 0.509375 0.023625
0.661695 0.519201 0.021320
0.657040 0.514128 0.022775
0.643716 0.489211 0.030857
0.648310 0.494235 0.028854
0.643156 0.498962 0.027855
0.648874 0.484505 0.031925
0.654034 0.479811 0.033006
0.658620 0.484816 0.030892
0.653464 0.489520 0.029866
0.634568 0.479208 0.035270
0.633975 0.488908 0.031882
0.629406 0.483905 0.034087
0.639136 0.484201 0.032997
0.638559 0.493928 0.029803
0.598925 0.649297 0.009323
0.603787 0.654387 0.009227
0.598806 0.659424 0.009171
0.603918 0.644240 0.009388
0.608915 0.639177 0.009452
0.613763 0.644295 0.009339
0.608773 0.649344 0.009283
0.588954 0.659393 0.009196
0.593937 0.654349 0.009259
0.593829 0.664455 0.009117
0.589078 0.649252 0.009361
0.589231 0.639052 0.009564
0.594237 0.633963 0.009647
0.594073 0.644186 0.009435
0.583892 0.674490 0.009021
0.583976 0.664428 0.009136
0.588858 0.669477 0.009067
0.448655 0.484469 0.042810
0.453254 0.489403 0.040775
0.448019 0.494138 0.038592
0.453892 0.479818 0.045138
0.459133 0.475206 0.047521
0.463733 0.480055 0.045312
0.458492 0.484709 0.043016
0.438190 0.493894 0.038341
0.443421 0.489162 0.040543
0.442794 0.498901 0.036472
0.438809 0.484224 0.042510
0.439417 0.474717 0.046926
0.444654 0.470148 0.049425
0.444042 0.479574 0.044861
0.432381 0.508490 0.032482
0.432971 0.498654 0.036216
0.437582 0.503685 0.034431
0.532724 0.412648 0.084077
0.537394 0.417224 0.081021
0.532146 0.421694 0.078614
0.537914 0.408135 0.086304
0.543072 0.403583 0.088392
0.547797 0.408190 0.085391
0.542612 0.412724 0.083279
0.522253 0.421579 0.079192
0.527502 0.417128 0.081707
0.526870 0.426141 0.076058
0.522800 0.412545 0.084636
0.523206 0.403423 0.089693
0.528337 0.398866 0.091859
0.527993 0.408050 0.086971
0.516289 0.435021 0.070652
0.516979 0.426008 0.076534
0.521579 0.430575 0.073375
0.365827 0.562261 0.016791
0.370497 0.567599 0.016014
0.365358 0.572628 0.015131
0.370972 0.557276 0.017789
0.376117 0.552303 0.018855
0.380778 0.557600 0.017958
0.375637 0.562593 0.016958
0.355531 0.572307 0.014971
0.360680 0.567267 0.015851
0.360218 0.577692 0.014308
0.356005 0.561942 0.016615
0.356492 0.551664 0.018470
0.361647 0.546707 0.019596
0.361159 0.556951 0.017608
0.349929 0.587943 0.012842
0.350379 0.577387 0.014150
0.355075 0.582796 0.013545
0.519718 0.728990 0.008894
0.524648 0.733920 0.008894
0.519718 0.738849 0.008894
0.524648 0.724059 0.008894
0.529577 0.719127 0.008894
0.534507 0.724057 0.008894
0.529577 0.728989 0.008894
0.509859 0.738849 0.008894
0.514789 0.733920 0.008894
0.514789 0.743778 0.008894
0.509859 0.728990 0.008894
0.509859 0.719128 0.008894
0.514789 0.714196 0.008894
0.514789 0.724060 0.008894
0.504929 0.753632 0.008895
0.504929 0.743778 0.008894
0.509859 0.748705 0.008895
0.441405 0.648574 0.009676
0.446222 0.653794 0.009529
0.441204 0.658946 0.009397
0.446443 0.643380 0.009839
0.451489 0.638171 0.010018
0.456284 0.643447 0.009837
0.451249 0.648628 0.009676
0.431354 0.658915 0.009395
0.436375 0.653752 0.009528
0.436194 0.664083 0.009280
0.431561 0.648517 0.009673
0.431816 0.638000 0.010014
0.436878 0.632746 0.010212
0.436603 0.643310 0.009838
0.426204 0.674297 0.009093
0.426343 0.664060 0.009277
0.431194 0.669201 0.009179
0.522503 0.566057 0.016955
0.527199 0.571279 0.015998
0.522114 0.576337 0.015275
0.527599 0.561032 0.017776
0.532701 0.556027 0.018646
0.537383 0.561222 0.017546
0.532288 0.566240 0.016756
0.512324 0.576168 0.015424
0.517411 0.571103 0.016171
0.517034 0.581415 0.014589
0.512720 0.565875 0.017132
0.513145 0.555637 0.019090
0.518258 0.550641 0.020085
0.517818 0.560843 0.017981
0.506883 0.591623 0.013337
0.507241 0.581253 0.014716
0.511956 0.586511 0.013942
0.679247 0.569407 0.012597
0.683967 0.574535 0.011994
0.678919 0.579415 0.011635
0.684322 0.564550 0.013013
0.689406 0.559708 0.013454
0.694105 0.564825 0.012780
0.689028 0.569672 0.012376
0.669136 0.579176 0.011832
0.674186 0.574283 0.012203
0.673882 0.584312 0.011299
0.669460 0.569151 0.012834
0.669821 0.559157 0.014001
0.674909 0.554309 0.014503
0.674533 0.564282 0.013263
0.663830 0.594159 0.010702
0.664096 0.584087 0.011484
0.668853 0.589227 0.010988
0.604806 0.488076 0.034936
0.609355 0.493072 0.032683
0.604186 0.497821 0.031445
0.609975 0.483359 0.036246
0.615142 0.478656 0.037559
0.619686 0.483625 0.035170
0.614522 0.488340 0.033925
0.594458 0.497563 0.032333
0.599634 0.492810 0.033632
0.599018 0.502587 0.030213
0.595095 0.487824 0.035941
0.595751 0.478168 0.039819
0.600927 0.473481 0.041266
0.600271 0.483107 0.037315
0.588694 0.512168 0.027798
0.589284 0.502334 0.031042
0.593854 0.507370 0.028996
0.646185 0.450675 0.045490
0.650711 0.455589 0.042713
0.645530 0.460240 0.041436
0.651375 0.446037 0.046836
0.656570 0.441400 0.048197
0.661082 0.446296 0.045307
0.655894 0.450941 0.044003
0.635818 0.459964 0.042833
0.640998 0.455317 0.044157
0.640353 0.464896 0.040174
0.636478 0.450415 0.047011
0.637164 0.440908 0.051455
0.642365 0.436285 0.052921
0.641668 0.445781 0.048405
0.630015 0.474236 0.037668
0.630644 0.464621 0.041512
0.635182 0.469561 0.038920
0.610393 0.412400 0.071737
0.614854 0.417055 0.068238
0.609705 0.421688 0.066656
0.615506 0.407748 0.073256
0.620608 0.403090 0.074748
0.625116 0.407782 0.071275
0.619990 0.412420 0.069772
0.600122 0.421683 0.068553
0.605266 0.417044 0.070175
0.604541 0.426321 0.065008
0.600814 0.412434 0.073711
0.601420 0.403160 0.078751
0.606481 0.398457 0.080220
0.605918 0.407771 0.075246
0.594166 0.435593 0.061479
0.594957 0.426315 0.066850
0.599357 0.430955 0.063276
0.563474 0.526442 0.024921
0.568097 0.531546 0.023275
0.562961 0.536439 0.022219
0.568626 0.521584 0.026096
0.573784 0.516744 0.027293
0.578386 0.521819 0.025476
0.573239 0.526672 0.024360
0.553187 0.536220 0.022660
0.558327 0.531320 0.023774
0.557831 0.541354 0.021197
0.553708 0.526216 0.025434
0.554273 0.516280 0.028532
0.559449 0.511453 0.029896
0.558866 0.521353 0.026674
0.547592 0.551246 0.019274
0.548054 0.541139 0.021586
0.552708 0.546289 0.020213
0.527010 0.486252 0.041723
0.531531 0.491188 0.039315
0.526302 0.495943 0.037496
0.532244 0.481569 0.043658
0.537482 0.476918 0.045612
0.541992 0.481780 0.043014
0.536760 0.486468 0.041156
0.516547 0.495723 0.037931
0.521778 0.490969 0.039814
0.521081 0.500721 0.035702
0.517254 0.486037 0.042197
0.517967 0.476508 0.046736
0.523210 0.471899 0.048859
0.522489 0.481359 0.044200
0.510672 0.510334 0.032244
0.511325 0.500501 0.036078
0.515871 0.505518 0.033948
0.568923 0.449384 0.057452
0.573372 0.454074 0.054237
0.568151 0.458672 0.052389
0.574150 0.444799 0.059389
0.579367 0.440196 0.061296
0.583783 0.444852 0.057865
0.578583 0.449468 0.056060
0.558448 0.458529 0.053521
0.563688 0.453957 0.055494
0.562923 0.463268 0.050523
0.559224 0.449279 0.058676
0.560015 0.440096 0.064113
0.565272 0.435545 0.066286
0.564472 0.444726 0.060746
0.552459 0.472487 0.046765
0.553207 0.463104 0.051541
0.557692 0.467871 0.048646
0.638971 0.608906 0.010143
0.643779 0.614052 0.009836
0.638771 0.619065 0.009692
0.643990 0.603909 0.010356
0.649011 0.598928 0.010597
0.653799 0.604072 0.010212
0.648788 0.609054 0.010010
0.628939 0.618948 0.009804
0.633954 0.613920 0.009959
0.633763 0.624092 0.009579
0.629145 0.608766 0.010285
0.629378 0.598594 0.010940
0.634414 0.593599 0.011234
0.634171 0.603753 0.010511
0.623756 0.634186 0.009442
0.623928 0.623990 0.009677
0.628758 0.629133 0.009497
0.600848 0.567572 0.014848
0.605576 0.572741 0.014028
0.600508 0.577726 0.013529
0.605931 0.562617 0.015416
0.611019 0.557681 0.016018
0.615730 0.562834 0.015090
0.610649 0.567777 0.014549
0.590704 0.577542 0.013778
0.595774 0.572547 0.014302
0.595446 0.582730 0.013054
0.591050 0.567371 0.015146
0.591429 0.557243 0.016725
0.596526 0.552306 0.017429
0.596133 0.562405 0.015741
0.585338 0.592792 0.012177
0.585640 0.582558 0.013278
0.590390 0.587752 0.012602
0.641656 0.528479 0.020316
0.646329 0.533578 0.019014
0.641217 0.538405 0.018289
0.646780 0.523679 0.021118
0.651908 0.518895 0.021939
0.656568 0.523977 0.020533
0.651446 0.528769 0.019763
0.631423 0.538134 0.018778
0.636537 0.533297 0.019536
0.636109 0.543252 0.017589
0.631869 0.528196 0.020891
0.632347 0.518304 0.023258
0.637484 0.513522 0.024172
0.636995 0.523387 0.021730
0.625909 0.553004 0.016274
0.626314 0.542992 0.018043
0.631006 0.548118 0.016917
0.481865 0.606922 0.011840
0.486613 0.612225 0.011371
0.481551 0.617408 0.011000
0.486935 0.601760 0.012321
0.492008 0.596611 0.012851
0.496744 0.601897 0.012261
0.491677 0.607055 0.011792
0.471730 0.617289 0.011029
0.476796 0.612099 0.011409
0.476490 0.622604 0.010681
0.472052 0.606782 0.011877
0.472399 0.596303 0.012957
0.477482 0.591160 0.013561
0.477126 0.601614 0.012369
0.466376 0.633035 0.010200
0.466666 0.622492 0.010702
0.471432 0.627813 0.010414
0.444225 0.564487 0.017637
0.448900 0.569770 0.016729
0.443788 0.574854 0.015861
0.449346 0.559440 0.018624
0.454472 0.554412 0.019680
0.459133 0.559658 0.018625
0.454015 0.564704 0.017650
0.433992 0.574636 0.015830
0.439107 0.569551 0.016705
0.438678 0.579957 0.015049
0.434434 0.564262 0.017595
0.434898 0.553959 0.019603
0.440032 0.548952 0.020761
0.439558 0.559216 0.018591
0.428468 0.590220 0.013596
0.428880 0.579738 0.015014
0.433572 0.585080 0.014294
0.485364 0.524690 0.027619
0.489969 0.529808 0.025992
0.484812 0.534729 0.024585
0.490539 0.519812 0.029190
0.495723 0.514955 0.030825
0.500305 0.520030 0.028999
0.495133 0.524908 0.027464
0.475037 0.534510 0.024680
0.480197 0.529589 0.026115
0.479663 0.539673 0.023247
0.475588 0.524467 0.027717
0.476175 0.514508 0.031090
0.481372 0.509674 0.032860
0.480766 0.519590 0.029320
0.469385 0.549623 0.020786
0.469885 0.539453 0.023317
0.474520 0.544637 0.021980
0.403350 0.605518 0.011798
0.408071 0.610959 0.011380
0.402977 0.616196 0.010970
0.408452 0.600324 0.012326
0.413556 0.595149 0.012911
0.418266 0.600551 0.012373
0.413168 0.605745 0.011847
0.393151 0.615980 0.010919
0.398249 0.610736 0.011329
0.397884 0.621458 0.010619
0.393530 0.605272 0.011736
0.393929 0.594634 0.012779
0.399043 0.589484 0.013425
0.398636 0.600075 0.012265
0.387703 0.632074 0.010093
0.388054 0.621253 0.010568
0.392793 0.626750 0.010326
0.480303 0.689451 0.008930
0.485217 0.694436 0.008905
0.480282 0.699391 0.008896
0.485257 0.684441 0.008969
0.490220 0.679410 0.009021
0.495115 0.684445 0.008967
0.490162 0.689453 0.008929
0.470422 0.699389 0.008896
0.475358 0.694435 0.008906
0.475352 0.704324 0.008896
0.470445 0.689448 0.008930
0.470507 0.679398 0.009024
0.475481 0.674343 0.009093
0.475400 0.684437 0.008970
0.465492 0.714188 0.008896
0.465493 0.704322 0.008896
0.470422 0.709256 0.008896
0.328455 0.520417 0.024562
0.333135 0.525573 0.023457
0.327969 0.530464 0.022107
0.333616 0.515575 0.026046
0.338773 0.510757 0.027613
0.343456 0.515870 0.026397
0.338297 0.520709 0.024886
0.318116 0.530185 0.021829
0.323289 0.525286 0.023159
0.322794 0.535383 0.020830
0.318606 0.520128 0.024239
0.319078 0.510166 0.026849
0.324234 0.505368 0.028436
0.323770 0.515281 0.025694
0.312415 0.545321 0.018477
0.312934 0.535115 0.020569
0.317611 0.540335 0.019622
0.490626 0.448190 0.062798
0.495220 0.452833 0.060052
0.489966 0.457306 0.057494
0.495885 0.443751 0.065486
0.501149 0.439314 0.068213
0.505741 0.443920 0.065278
0.500478 0.448372 0.062647
0.480118 0.457099 0.057537
0.485370 0.452637 0.060148
0.484715 0.461799 0.054974
0.480758 0.447993 0.062817
0.481387 0.438963 0.068332
0.486646 0.434554 0.071207
0.486015 0.443568 0.065559
0.474220 0.470861 0.050054
0.474868 0.461582 0.054967
0.479466 0.466316 0.052493
0.453226 0.411667 0.083980
0.457984 0.416200 0.081659
0.452788 0.420535 0.078704
0.458370 0.407285 0.086765
0.463491 0.402857 0.089431
0.468307 0.407424 0.087218
0.463157 0.411832 0.084498
0.442861 0.420320 0.078067
0.448057 0.416009 0.081077
0.447569 0.424846 0.075640
0.443292 0.411481 0.083320
0.443616 0.402584 0.088249
0.448715 0.398163 0.090940
0.448439 0.407128 0.086173
0.437086 0.433466 0.069385
0.437639 0.424606 0.074967
0.442333 0.429147 0.072509
0.493640 0.375157 0.102820
0.498646 0.379931 0.100974
0.493665 0.384643 0.098982
0.498552 0.370357 0.104629
0.503428 0.365506 0.106315
0.508500 0.370371 0.104622
0.503592 0.375173 0.102852
0.483712 0.384610 0.098850
0.488693 0.379909 0.100895
0.488652 0.389303 0.096873
0.483697 0.375152 0.102693
0.483564 0.365528 0.106167
0.488424 0.360625 0.107767
0.488611 0.370357 0.104551
0.478534 0.398467 0.092292
0.478700 0.389255 0.096683
0.483607 0.393912 0.094644
0.573298 0.375204 0.098375
0.578186 0.379963 0.095453
0.573204 0.384816 0.094031
0.578226 0.370249 0.099723
0.583116 0.365221 0.100996
0.588059 0.370071 0.098110
0.583139 0.375046 0.096808
0.563356 0.384903 0.095465
0.568343 0.380088 0.096961
0.568190 0.389603 0.092526
0.563405 0.375308 0.099712
0.563283 0.365524 0.103632
0.568144 0.360498 0.104848
0.568330 0.370392 0.101111
0.558063 0.398998 0.089205
0.558338 0.389655 0.093871
0.563143 0.394329 0.090922
0.532547 0.335687 0.113552
0.537654 0.340691 0.112456
0.532780 0.345723 0.111469
0.537432 0.330638 0.114334
0.542318 0.325577 0.114982
0.547408 0.330556 0.114038
0.542531 0.335634 0.113311
0.522803 0.345730 0.111601
0.527667 0.340718 0.112636
0.527911 0.350726 0.110350
0.522587 0.335710 0.113634
0.522412 0.325685 0.115199
0.527299 0.320666 0.115795
0.527461 0.330684 0.114454
0.518213 0.360629 0.107766
0.517954 0.350717 0.110457
0.523056 0.355696 0.109113
0.407035 0.522763 0.026976
0.411674 0.527915 0.025611
0.406515 0.532821 0.024121
0.412205 0.517901 0.028638
0.417383 0.513059 0.030393
0.422011 0.518163 0.028863
0.416839 0.523029 0.027192
0.396714 0.532543 0.023924
0.401872 0.527644 0.025405
0.401361 0.537745 0.022719
0.397229 0.522487 0.026735
0.397754 0.512518 0.029834
0.402932 0.507705 0.031657
0.402396 0.517630 0.028386
0.391065 0.547643 0.020174
0.391561 0.537460 0.022531
0.396211 0.542686 0.021404
0.369767 0.482307 0.039005
0.374455 0.487281 0.037449
0.369273 0.491994 0.035356
0.374954 0.477657 0.041265
0.380148 0.473044 0.043628
0.384837 0.477952 0.041932
0.379643 0.482599 0.039643
0.359414 0.491702 0.034809
0.364587 0.486990 0.036854
0.364100 0.496730 0.033365
0.359891 0.482013 0.038367
0.360363 0.472435 0.042168
0.365547 0.467847 0.044545
0.365069 0.477359 0.040579
0.353772 0.506260 0.029688
0.354248 0.496436 0.032864
0.358934 0.501485 0.031476
0.411435 0.446189 0.059635
0.416125 0.450886 0.057495
0.410897 0.455303 0.054699
0.416669 0.441835 0.062579
0.421908 0.437503 0.065594
0.426597 0.442141 0.063304
0.421359 0.446501 0.060364
0.400984 0.454989 0.053972
0.406207 0.450573 0.056765
0.405674 0.459754 0.051980
0.401506 0.445859 0.058831
0.402025 0.436837 0.063911
0.407262 0.432540 0.067005
0.406735 0.441508 0.061775
0.395244 0.468773 0.046784
0.395767 0.459443 0.051259
0.400456 0.464244 0.049341
0.559172 0.689468 0.008922
0.564090 0.694438 0.008903
0.559155 0.699387 0.008895
0.564120 0.684482 0.008950
0.569075 0.679483 0.008986
0.573978 0.684488 0.008946
0.569030 0.689470 0.008920
0.549296 0.699390 0.008895
0.554231 0.694439 0.008903
0.554226 0.704323 0.008895
0.549313 0.689466 0.008923
0.549361 0.679461 0.008998
0.554324 0.674441 0.009048
0.554262 0.684476 0.008953
0.544366 0.714191 0.008894
0.544366 0.704325 0.008895
0.549296 0.709257 0.008895
0.520156 0.648946 0.009580
0.524997 0.654085 0.009443
0.519999 0.659171 0.009338
0.525169 0.643831 0.009707
0.530188 0.638701 0.009841
0.535011 0.643881 0.009676
0.530001 0.648989 0.009556
0.510149 0.659143 0.009352
0.515149 0.654050 0.009462
0.515008 0.664248 0.009242
0.510311 0.648904 0.009603
0.510511 0.638583 0.009910
0.515543 0.633418 0.010066
0.515327 0.643780 0.009736
0.505047 0.674373 0.009082
0.505156 0.664227 0.009253
0.510024 0.669315 0.009157
0.560385 0.607889 0.011192
0.565168 0.613107 0.010771
0.560134 0.618220 0.010503
0.565428 0.602792 0.011548
0.570475 0.597709 0.011937
0.575246 0.602920 0.011411
0.570205 0.608006 0.011075
0.550308 0.618122 0.010586
0.555345 0.612999 0.010870
0.555103 0.623344 0.010273
0.550565 0.607773 0.011302
0.550849 0.597437 0.012230
0.555905 0.592350 0.012695
0.555612 0.602666 0.011678
0.545049 0.633623 0.009935
0.545274 0.623257 0.010342
0.550074 0.628479 0.010083
0.720075 0.530956 0.016588
0.724758 0.536024 0.015677
0.719631 0.540793 0.015148
0.725207 0.526208 0.017167
0.730341 0.521471 0.017756
0.735021 0.526523 0.016773
0.729888 0.531268 0.016219
0.709822 0.540488 0.015470
0.714946 0.535716 0.016022
0.714510 0.545575 0.014634
0.710262 0.530639 0.016974
0.710713 0.520820 0.018651
0.715851 0.516089 0.019304
0.715393 0.525888 0.017578
0.704289 0.555175 0.013661
0.704705 0.545273 0.014934
0.709395 0.550369 0.014138
0.682762 0.490492 0.027126
0.687396 0.495532 0.025434
0.682248 0.500241 0.024593
0.687916 0.485795 0.028037
0.693072 0.481105 0.028964
0.697702 0.486137 0.027169
0.692548 0.490831 0.026293
0.672462 0.499911 0.025355
0.677610 0.495196 0.026232
0.677103 0.504962 0.023760
0.672986 0.490160 0.028000
0.673533 0.480441 0.030901
0.678693 0.475756 0.031918
0.678140 0.485461 0.028948
0.666827 0.514441 0.022122
0.667318 0.504637 0.024485
0.671963 0.509694 0.022936
0.664362 0.470447 0.035213
0.668940 0.475436 0.032989
0.663779 0.480122 0.031933
0.669530 0.465775 0.036338
0.674700 0.461107 0.037477
0.679270 0.466083 0.035145
0.674104 0.470757 0.034060
0.701365 0.510691 0.021062
0.706037 0.515754 0.019811
0.700899 0.520488 0.019129
0.706509 0.505976 0.021792
0.711657 0.501270 0.022527
0.716322 0.506318 0.021199
0.711178 0.511032 0.020501
0.541356 0.586972 0.013534
0.546097 0.592205 0.012848
0.541038 0.597301 0.012360
0.546425 0.581900 0.014113
0.551498 0.576846 0.014723
0.556226 0.582062 0.013923
0.551159 0.587125 0.013370
0.500919 0.628083 0.010329
0.505709 0.633348 0.010103
0.500674 0.638523 0.009939
0.505965 0.622899 0.010570
0.511013 0.617726 0.010861
0.515791 0.622989 0.010521
0.510749 0.628164 0.010288
0.539586 0.669370 0.009130
0.544469 0.674425 0.009056
0.539504 0.679450 0.009003
0.544565 0.664321 0.009204
0.549550 0.659263 0.009286
0.554417 0.664347 0.009188
0.549440 0.669391 0.009119
0.392573 0.427526 0.068140
0.397305 0.432175 0.066038
0.392073 0.436468 0.062943
0.397801 0.423310 0.071335
0.403015 0.419112 0.074509
0.407775 0.423687 0.072385
0.402543 0.427913 0.069196
0.350929 0.462644 0.045390
0.355650 0.467531 0.043772
0.350475 0.472128 0.041445
0.356109 0.458112 0.047880
0.361295 0.453620 0.050475
0.366019 0.458451 0.048746
0.360831 0.462971 0.046206
0.388457 0.502358 0.032826
0.393108 0.507428 0.031316
0.387934 0.512236 0.029508
0.393641 0.497593 0.034807
0.398834 0.492847 0.036882
0.403479 0.497869 0.035217
0.398289 0.502639 0.033218
0.512405 0.315699 0.116291
0.517396 0.320689 0.115808
0.512525 0.325692 0.115214
0.517292 0.310719 0.116649
0.522194 0.305749 0.116891
0.527181 0.310693 0.116651
0.522280 0.315690 0.116287
0.553047 0.355660 0.107872
0.558177 0.360610 0.105883
0.553317 0.365591 0.104617
0.557907 0.350604 0.108937
0.562766 0.345501 0.109890
0.567890 0.350463 0.108040
0.563033 0.355565 0.107014
0.473471 0.355782 0.108995
0.478511 0.360667 0.107644
0.473646 0.365567 0.105988
0.478331 0.350796 0.110372
0.483192 0.345786 0.111603
0.488223 0.350739 0.110449
0.483368 0.355719 0.109118
0.433861 0.393482 0.092105
0.438757 0.398034 0.090223
0.433651 0.402412 0.087472
0.438919 0.389020 0.094702
0.443950 0.384485 0.097182
0.448886 0.389085 0.095391
0.443836 0.393594 0.092866
0.472089 0.429799 0.073885
0.476745 0.434371 0.071114
0.471490 0.438764 0.068188
0.477336 0.425439 0.076874
0.482572 0.421065 0.079775
0.487256 0.425602 0.077003
0.482002 0.429980 0.074067
0.309672 0.499998 0.029212
0.314379 0.505071 0.028023
0.309222 0.509871 0.026470
0.314820 0.495248 0.030894
0.319966 0.490520 0.032663
0.324681 0.495547 0.031381
0.319531 0.500297 0.029659
0.460755 0.669244 0.009180
0.465625 0.674334 0.009095
0.460650 0.679393 0.009025
0.465749 0.664146 0.009279
0.470752 0.659035 0.009391
0.475601 0.664167 0.009275
0.470609 0.669258 0.009178
0.384538 0.583772 0.013942
0.389230 0.589198 0.013338
0.384113 0.594345 0.012690
0.389662 0.578675 0.014707
0.394788 0.573599 0.015532
0.399470 0.578970 0.014809
0.394349 0.584073 0.014044
0.467004 0.504403 0.034818
0.471588 0.509446 0.032924
0.466389 0.514278 0.031124
0.472224 0.499613 0.036791
0.477456 0.494844 0.038829
0.482016 0.499842 0.036734
0.476797 0.504634 0.034796
0.425597 0.543490 0.021827
0.430245 0.548717 0.020683
0.425108 0.553719 0.019525
0.430745 0.538529 0.023157
0.435899 0.533589 0.024575
0.440534 0.538768 0.023259
0.435386 0.543732 0.021927
0.462972 0.585677 0.014304
0.467681 0.590989 0.013602
0.462593 0.596136 0.012986
0.468068 0.580561 0.015033
0.473168 0.575462 0.015813
0.477863 0.580746 0.014986
0.472771 0.585859 0.014269
0.623098 0.508171 0.026661
0.627715 0.513232 0.024900
0.622576 0.518022 0.023933
0.628248 0.503407 0.027706
0.633402 0.498659 0.028755
0.638005 0.503703 0.026864
0.632858 0.508459 0.025879
0.582056 0.546935 0.019009
0.586736 0.552085 0.017813
0.581637 0.557031 0.017078
0.587169 0.542021 0.019861
0.592288 0.537128 0.020750
0.596951 0.542254 0.019406
0.591841 0.547160 0.018590
0.619824 0.588259 0.011981
0.624596 0.593429 0.011429
0.619558 0.598437 0.011115
0.624875 0.583272 0.012364
0.629932 0.578305 0.012770
0.634688 0.583463 0.012129
0.629639 0.588437 0.011768
0.551066 0.430896 0.071018
0.555547 0.435486 0.067544
0.550275 0.440009 0.065241
0.556345 0.426393 0.073355
0.561597 0.421873 0.075538
0.566084 0.426419 0.072022
0.560820 0.430953 0.069826
0.508905 0.466929 0.051957
0.513440 0.471699 0.049324
0.508198 0.476302 0.047136
0.514155 0.462388 0.054271
0.519412 0.457871 0.056614
0.523940 0.462577 0.053788
0.518687 0.467125 0.051543
0.545135 0.506186 0.032559
0.549696 0.511224 0.030495
0.544516 0.516054 0.029063
0.550335 0.501391 0.034119
0.555544 0.496613 0.035702
0.560079 0.501619 0.033440
0.554885 0.506413 0.031955
0.592321 0.393947 0.085687
0.596891 0.398556 0.082236
0.591840 0.403274 0.080772
0.597324 0.389166 0.087081
0.602312 0.384360 0.088466
0.606943 0.389058 0.085093
0.601924 0.393817 0.083671
0.628210 0.431247 0.057942
0.632676 0.436061 0.054636
0.627486 0.440694 0.053106
0.633406 0.426627 0.059489
0.638596 0.422019 0.060991
0.643088 0.426830 0.057655
0.637880 0.431439 0.056163
0.586755 0.468399 0.045206
0.591245 0.473264 0.042449
0.586061 0.477944 0.040936
0.591940 0.463745 0.046793
0.597122 0.459096 0.048382
0.601603 0.463931 0.045485
0.596426 0.468594 0.043965
0.660405 0.548913 0.015727
0.665111 0.554034 0.014821
0.660024 0.558892 0.014301
0.665505 0.544079 0.016325
0.670609 0.539262 0.016947
0.675304 0.544369 0.015946
0.670205 0.549193 0.015370
0.503840 0.545261 0.021590
0.508486 0.550443 0.020294
0.503371 0.555444 0.019271
0.508971 0.540301 0.022771
0.514110 0.535363 0.024015
0.518738 0.540508 0.022531
0.513608 0.545464 0.021382
0.422288 0.627236 0.010421
0.427045 0.632637 0.010204
0.421979 0.637903 0.010004
0.427366 0.621977 0.010710
0.432447 0.616737 0.011055
0.437191 0.622118 0.010720
0.432117 0.627368 0.010435
0.500000 0.709262 0.008895
0.504929 0.714196 0.008895
0.500000 0.719128 0.008895
0.504930 0.704329 0.008895
0.509859 0.699394 0.008895
0.514789 0.704329 0.008895
0.509859 0.709263 0.008895
0.347155 0.541162 0.020342
0.351824 0.546402 0.019383
0.346661 0.551367 0.018268
0.352315 0.536240 0.021595
0.357473 0.531340 0.022928
0.362137 0.536543 0.021843
0.356982 0.541461 0.020573
0.513488 0.394095 0.094642
0.518366 0.398769 0.092244
0.513244 0.403323 0.090004
0.518542 0.389464 0.096710
0.523567 0.384794 0.098671
0.528527 0.389548 0.096375
0.523461 0.394179 0.094369
0.430133 0.465103 0.051113
0.434781 0.469894 0.049010
0.429550 0.474460 0.046510
0.435367 0.460612 0.053760
0.440606 0.456154 0.056477
0.445256 0.460870 0.054226
0.440016 0.465365 0.051584
0.579577 0.628710 0.009886
0.584398 0.633892 0.009710
0.579389 0.638992 0.009617
0.584596 0.623607 0.010037
0.589617 0.618516 0.010224
0.594428 0.623699 0.009952
0.589411 0.628790 0.009814
0.655248 0.460522 0.040074
0.654628 0.470145 0.036409
0.650073 0.465183 0.038853
0.659798 0.465475 0.037575
0.659197 0.475125 0.034102
0.692042 0.500578 0.023868
0.691556 0.510352 0.021655
0.686897 0.505293 0.023070
0.696699 0.505632 0.022413
0.696225 0.515417 0.020343
0.531907 0.576506 0.015109
0.531554 0.586818 0.013684
0.526828 0.581577 0.014446
0.536626 0.581738 0.014287
0.536291 0.592060 0.012989
0.491371 0.617520 0.010962
0.491090 0.627999 0.010364
0.486315 0.622709 0.010652
0.496140 0.622806 0.010615
0.495876 0.633277 0.010136
0.529849 0.659201 0.009322
0.529732 0.669351 0.009140
0.524860 0.664271 0.009231
0.534712 0.664296 0.009218
0.534613 0.674410 0.009064
0.383028 0.418275 0.072133
0.382595 0.427109 0.066990
0.377829 0.422451 0.068949
0.387818 0.422897 0.070187
0.387340 0.431783 0.064981
0.341469 0.452911 0.048659
0.341030 0.462315 0.044580
0.336298 0.457431 0.046165
0.346202 0.457771 0.047019
0.345756 0.467214 0.043006
0.379131 0.492284 0.035903
0.378619 0.502071 0.032398
0.373951 0.497022 0.033870
0.383798 0.497311 0.034358
0.383280 0.507143 0.030941
0.502465 0.305761 0.116887
0.502538 0.315703 0.116289
0.497569 0.310729 0.116654
0.507428 0.310724 0.116649
0.507524 0.320693 0.115812
0.542777 0.345692 0.111150
0.543049 0.355703 0.108509
0.537910 0.350721 0.110098
0.547911 0.350684 0.109625
0.548190 0.360663 0.106693
0.463450 0.345969 0.111456
0.463583 0.355868 0.108828
0.458575 0.350993 0.110118
0.468450 0.350881 0.110263
0.468608 0.360730 0.107463
0.423961 0.384383 0.095623
0.423866 0.393331 0.091231
0.418919 0.388793 0.092985
0.428929 0.388930 0.093902
0.428777 0.397872 0.089396
0.462714 0.420730 0.079202
0.462171 0.429600 0.073564
0.457490 0.425062 0.076192
0.467413 0.425260 0.076603
0.466836 0.434171 0.070882
0.300229 0.489917 0.031619
0.299810 0.499695 0.028770
0.295094 0.494637 0.029938
0.304954 0.494948 0.030411
0.304520 0.504773 0.027613
0.451053 0.658977 0.009397
0.450902 0.669229 0.009181
0.446046 0.664104 0.009282
0.455898 0.664126 0.009281
0.455770 0.674325 0.009096
0.375172 0.572968 0.015281
0.374724 0.583451 0.013823
0.370039 0.578027 0.014455
0.379852 0.578360 0.014590
0.379415 0.588892 0.013235
0.457840 0.494378 0.038758
0.457203 0.504167 0.034765
0.452612 0.499141 0.036660
0.462422 0.499379 0.036766
0.461795 0.509213 0.032917
0.416313 0.533088 0.024295
0.415805 0.543234 0.021706
0.411159 0.538018 0.022887
0.420953 0.538280 0.023032
0.420454 0.548468 0.020585
0.453582 0.575064 0.015869
0.453172 0.585486 0.014319
0.448476 0.580166 0.015065
0.458273 0.580367 0.015060
0.457878 0.590810 0.013626
0.613918 0.498089 0.030553
0.613345 0.507895 0.027442
0.608756 0.502850 0.029381
0.618499 0.503123 0.028545
0.617952 0.512952 0.025627
0.572736 0.536663 0.021738
0.572272 0.546715 0.019428
0.567609 0.541572 0.020770
0.577389 0.541794 0.020316
0.576948 0.551869 0.018198
0.610314 0.577914 0.013279
0.610011 0.588086 0.012191
0.605254 0.582906 0.012827
0.615064 0.583087 0.012597
0.614779 0.593263 0.011621
0.542005 0.421783 0.077814
0.541271 0.430812 0.072006
0.536732 0.426251 0.075371
0.546560 0.426336 0.074471
0.545781 0.435402 0.068608
0.499798 0.457500 0.057326
0.499110 0.466733 0.052252
0.494546 0.462004 0.054860
0.504358 0.462197 0.054626
0.503660 0.471498 0.049675
0.536054 0.496164 0.036980
0.535382 0.505961 0.033092
0.530836 0.500942 0.035250
0.540587 0.501165 0.034723
0.539942 0.510999 0.031029
0.582989 0.384667 0.092354
0.582685 0.394116 0.087673
0.577985 0.389491 0.090932
0.587700 0.389324 0.089085
0.587299 0.398703 0.084268
0.619307 0.421744 0.064763
0.618571 0.431103 0.059721
0.614138 0.426373 0.063167
0.623757 0.426474 0.061327
0.623017 0.435880 0.056350
0.577822 0.458803 0.051109
0.577086 0.468220 0.046438
0.572616 0.463425 0.049368
0.582281 0.463578 0.048092
0.581565 0.473061 0.043623
0.651012 0.538685 0.017819
0.650606 0.548641 0.016105
0.645907 0.543521 0.017147
0.655705 0.543797 0.016725
0.655312 0.553765 0.015158
0.494583 0.534944 0.024442
0.494070 0.545058 0.021760
0.489436 0.539886 0.023132
0.499206 0.540095 0.022974
0.498715 0.550245 0.020472
0.412802 0.616394 0.011010
0.412457 0.627089 0.010399
0.407713 0.621648 0.010659
0.417540 0.621821 0.010690
0.417211 0.632516 0.010189
0.490141 0.699392 0.008896
0.490141 0.709261 0.008895
0.485211 0.704326 0.008895
0.495070 0.704328 0.008895
0.495070 0.714195 0.008895
0.337812 0.530749 0.022383
0.337318 0.540875 0.020106
0.332644 0.535660 0.021088
0.342485 0.535945 0.021343
0.341990 0.546110 0.019165
0.503625 0.384679 0.099002
0.503524 0.394032 0.094774
0.498610 0.389351 0.096945
0.508574 0.389399 0.096894
0.508404 0.398688 0.092462
0.420805 0.455602 0.055359
0.420245 0.464828 0.050583
0.415576 0.460054 0.052637
0.425474 0.460340 0.053230
0.424903 0.469629 0.048539
0.569962 0.618316 0.010414
0.569742 0.628632 0.009955
0.564933 0.623431 0.010198
0.574764 0.623518 0.010120
0.574560 0.633824 0.009771
0.714084 0.555461 0.013414
0.708979 0.560278 0.012977
0.719198 0.550657 0.013872
0.703884 0.565106 0.012564
0.698803 0.569943 0.012173
0.734572 0.536324 0.015346
0.729443 0.541089 0.014840
0.739703 0.531572 0.015866
0.724317 0.545866 0.014347
0.554225 0.714188 0.008895
0.549296 0.719122 0.008894
0.559155 0.709254 0.008895
0.544366 0.724055 0.008894
0.539436 0.728987 0.008894
0.573948 0.694436 0.008902
0.569014 0.699384 0.008896
0.578889 0.689472 0.008918
0.564085 0.704319 0.008895
0.306657 0.560697 0.015598
0.460563 0.728979 0.008896
0.382335 0.648119 0.009588
0.633597 0.634265 0.009370
0.628602 0.639309 0.009331
0.638596 0.629226 0.009412
0.623609 0.644351 0.009288
0.618621 0.649391 0.009242
0.653594 0.614191 0.009723
0.648594 0.619188 0.009588
0.658596 0.609209 0.009887
0.643594 0.624200 0.009484
0.673616 0.594361 0.010551
0.668606 0.599294 0.010302
0.678634 0.589445 0.010827
0.663599 0.604244 0.010081
0.693741 0.574794 0.011802
0.688693 0.579662 0.011453
0.683659 0.584545 0.011128
0.421152 0.689434 0.008930
0.514789 0.753632 0.008895
0.509859 0.758558 0.008895
0.519718 0.748705 0.008894
0.504930 0.763483 0.008895
0.500000 0.768407 0.008896
0.534507 0.733918 0.008894
0.529577 0.738848 0.008894
0.524648 0.743777 0.008894
0.344360 0.603887 0.011236
0.593748 0.674505 0.009011
0.588789 0.679504 0.008974
0.598713 0.669496 0.009053
0.583836 0.684494 0.008943
0.613637 0.654426 0.009194
0.608657 0.659456 0.009146
0.603683 0.664480 0.009098
0.283326 0.534364 0.019791
0.278667 0.529125 0.020733
0.287986 0.539610 0.018878
0.274007 0.523892 0.021699
0.269345 0.518669 0.022686
0.301980 0.555411 0.016356
0.297312 0.550129 0.017156
0.292647 0.544863 0.017998
0.435915 0.704310 0.008897
0.430985 0.699376 0.008897
0.440844 0.709244 0.008896
0.426063 0.694421 0.008906
0.455633 0.724046 0.008896
0.450703 0.719113 0.008896
0.445774 0.714179 0.008896
0.358551 0.620550 0.010354
0.353818 0.614979 0.010603
0.363286 0.626130 0.010149
0.349088 0.609423 0.010897
0.377549 0.642719 0.009716
0.372780 0.637252 0.009850
0.368027 0.631712 0.009990
0.396786 0.663961 0.009255
0.391954 0.658735 0.009356
0.401632 0.669138 0.009165
0.387137 0.653456 0.009467
0.416253 0.684414 0.008969
0.411366 0.679361 0.009021
0.406492 0.674270 0.009086
0.475352 0.743772 0.008895
0.470422 0.738842 0.008895
0.480281 0.748701 0.008895
0.465492 0.733911 0.008895
0.495070 0.763482 0.008896
0.490141 0.758556 0.008895
0.485211 0.753629 0.008895
0.320753 0.576648 0.013603
0.316045 0.571301 0.014217
0.325467 0.582030 0.013038
0.311346 0.565986 0.014882
0.339633 0.598377 0.011619
0.334909 0.592895 0.012047
0.330186 0.587446 0.012519
