0.578883 0.610251 0.009143
0.578883 0.620184 0.009033
0.573957 0.615200 0.009095
0.421279 0.451533 0.027205
0.421365 0.461253 0.024889
0.416383 0.456449 0.025754
0.498287 0.373019 0.048202
0.498780 0.382624 0.046657
0.493582 0.377852 0.047480
0.342682 0.530706 0.011825
0.342678 0.540609 0.011176
0.337752 0.535682 0.011391
0.500002 0.689490 0.008901
0.500000 0.699359 0.008898
0.495071 0.694427 0.008899
0.421313 0.609999 0.009290
0.421283 0.619971 0.009130
0.416371 0.614994 0.009191
0.500137 0.530178 0.014019
0.500121 0.540154 0.012957
0.495215 0.535155 0.013502
0.657710 0.531286 0.010260
0.657732 0.541220 0.009910
0.652788 0.536218 0.010166
0.578724 0.450936 0.023666
0.578757 0.460870 0.021653
0.573863 0.455881 0.023140
0.617330 0.411170 0.027035
0.617535 0.421143 0.025092
0.612543 0.416139 0.026736
0.576942 0.372291 0.041440
0.577439 0.381961 0.039523
0.572380 0.377197 0.041367
0.539563 0.490421 0.018875
0.539526 0.500395 0.017257
0.534635 0.495377 0.018229
0.500259 0.450873 0.029027
0.500298 0.460680 0.026482
0.495354 0.455783 0.027800
0.539392 0.411522 0.038415
0.539531 0.421323 0.035747
0.534549 0.416438 0.037528
0.618298 0.570733 0.009638
0.618300 0.580660 0.009436
0.613368 0.575665 0.009576
0.578832 0.530624 0.012315
0.578842 0.540592 0.011560
0.573912 0.535568 0.012056
0.618121 0.491092 0.014395
0.618158 0.501063 0.013430
0.613219 0.496030 0.014148
0.460771 0.570043 0.010821
0.460762 0.580020 0.010345
0.455847 0.575034 0.010561
0.421468 0.530305 0.013548
0.421454 0.540246 0.012578
0.416541 0.535296 0.012962
0.460935 0.490359 0.020026
0.460907 0.500295 0.018278
0.456000 0.495343 0.019061
0.382010 0.570258 0.010261
0.381977 0.580220 0.009905
0.377065 0.575260 0.010033
0.460617 0.649844 0.008985
0.460598 0.659781 0.008954
0.455679 0.654815 0.008968
0.303012 0.491642 0.013902
0.303093 0.501424 0.013049
0.298115 0.496565 0.013295
0.460187 0.412118 0.039856
0.460394 0.421848 0.037223
0.455359 0.417051 0.038392
0.419123 0.374260 0.045679
0.419631 0.383884 0.043955
0.414411 0.379217 0.044449
0.456764 0.334785 0.051657
0.457149 0.344516 0.050924
0.452017 0.339687 0.051241
0.535760 0.334426 0.051099
0.536203 0.344086 0.050284
0.531046 0.339307 0.050972
0.495498 0.295505 0.053055
0.495548 0.305354 0.052971
0.490583 0.300434 0.053030
0.382024 0.490985 0.017390
0.382059 0.500831 0.016022
0.377109 0.495944 0.016472
0.342061 0.452472 0.021354
0.342204 0.462136 0.019676
0.337188 0.457345 0.020145
0.380983 0.413606 0.033817
0.381243 0.423166 0.031508
0.376144 0.418469 0.032123
0.539455 0.649891 0.008964
0.539448 0.659812 0.008940
0.534523 0.654849 0.008954
0.500098 0.609999 0.009348
0.500086 0.619974 0.009170
0.495170 0.614979 0.009255
0.539464 0.570229 0.010528
0.539471 0.580198 0.010116
0.534546 0.575190 0.010353
0.697116 0.491871 0.011036
0.697143 0.501795 0.010596
0.692183 0.496792 0.010931
0.657300 0.451547 0.016276
0.657377 0.461550 0.015126
0.652401 0.456498 0.016040
0.583810 0.615238 0.009069
0.426264 0.456329 0.026286
0.503506 0.377782 0.047425
0.347611 0.535628 0.011586
0.504930 0.694427 0.008899
0.426226 0.614978 0.009211
0.505040 0.535178 0.013424
0.662656 0.536289 0.009990
0.583623 0.455927 0.022140
0.622351 0.416173 0.025401
0.582022 0.377042 0.039631
0.544455 0.495432 0.017838
0.505208 0.455769 0.027638
0.544388 0.416396 0.036641
0.623229 0.575729 0.009490
0.583763 0.535648 0.011787
0.623065 0.496126 0.013647
0.465687 0.575030 0.010583
0.426381 0.535254 0.013122
0.465847 0.495302 0.019181
0.386921 0.575218 0.010117
0.465535 0.654815 0.008969
0.307994 0.496495 0.013629
0.465241 0.416915 0.038728
0.424355 0.378932 0.045203
0.461877 0.339628 0.051367
0.540886 0.339211 0.050400
0.500443 0.300432 0.053031
0.386978 0.495861 0.016892
0.347083 0.457252 0.020858
0.386099 0.418293 0.033214
0.544379 0.654858 0.008949
0.505014 0.614996 0.009244
0.544390 0.575237 0.010273
0.702081 0.496877 0.010687
0.662280 0.456603 0.015344
0.657563 0.491491 0.012417
0.662524 0.496518 0.011880
0.657607 0.501447 0.011754
0.662476 0.486558 0.012568
0.677217 0.471754 0.013054
0.682196 0.476794 0.012447
0.677277 0.481727 0.012296
0.697195 0.531535 0.009635
0.702136 0.536509 0.009471
0.697204 0.541439 0.009419
0.702126 0.526607 0.009700
0.716930 0.511835 0.009901
0.721870 0.516807 0.009704
0.716935 0.521730 0.009644
0.539480 0.610099 0.009270
0.544404 0.615094 0.009174
0.539477 0.620058 0.009117
0.544405 0.605135 0.009354
0.559173 0.590259 0.009650
0.564100 0.595263 0.009489
0.559177 0.600217 0.009401
0.500036 0.649857 0.008982
0.504957 0.654828 0.008965
0.500023 0.659789 0.008952
0.504970 0.644889 0.008998
0.519769 0.629974 0.009050
0.524688 0.634961 0.009023
0.519756 0.639930 0.009008
0.539438 0.689492 0.008900
0.544367 0.694427 0.008898
0.539437 0.699359 0.008898
0.544368 0.684554 0.008903
0.559159 0.669727 0.008917
0.564087 0.674674 0.008910
0.559157 0.679615 0.008906
0.381695 0.452029 0.024551
0.386704 0.456806 0.023870
0.381804 0.461710 0.022515
0.386590 0.447138 0.026027
0.401264 0.432465 0.030850
0.406280 0.437216 0.029953
0.401390 0.442114 0.028338
0.342521 0.491335 0.015510
0.347494 0.496193 0.015153
0.342589 0.501138 0.014420
0.347419 0.486404 0.016353
0.362108 0.471640 0.019369
0.367101 0.476456 0.018878
0.362200 0.481383 0.017822
0.382091 0.530494 0.012748
0.387011 0.535429 0.012420
0.382083 0.540415 0.011925
0.387015 0.525514 0.013332
0.401788 0.510574 0.015413
0.406713 0.515496 0.014929
0.401787 0.520479 0.014220
0.496234 0.334641 0.051859
0.501369 0.339465 0.051545
0.496644 0.344305 0.051211
0.501000 0.329780 0.052129
0.515435 0.315114 0.052710
0.520488 0.319969 0.052468
0.515679 0.324867 0.052315
0.537930 0.372790 0.046688
0.543113 0.377551 0.045405
0.538430 0.382398 0.044983
0.542568 0.367968 0.047015
0.556344 0.353459 0.047479
0.561514 0.358174 0.046211
0.556957 0.363034 0.046132
0.458695 0.373434 0.047690
0.463879 0.378177 0.047084
0.459166 0.383067 0.046122
0.463373 0.368563 0.048510
0.477365 0.354030 0.050351
0.482581 0.358788 0.049947
0.477922 0.363612 0.049382
0.420702 0.412821 0.037600
0.425757 0.417560 0.036722
0.420911 0.422487 0.035062
0.425515 0.407889 0.039165
0.439837 0.393071 0.043398
0.444943 0.397815 0.042645
0.440174 0.402749 0.041293
0.460781 0.451080 0.028875
0.465759 0.455922 0.027711
0.460860 0.460846 0.026394
0.465671 0.446161 0.030292
0.480318 0.431400 0.034720
0.485323 0.436253 0.033285
0.480436 0.441171 0.031849
0.303209 0.530939 0.011042
0.308149 0.535852 0.010862
0.303207 0.540832 0.010545
0.308141 0.525972 0.011421
0.322901 0.511103 0.012842
0.327856 0.515990 0.012582
0.322937 0.520948 0.012079
0.460566 0.689490 0.008901
0.465494 0.694426 0.008899
0.460563 0.699359 0.008898
0.465498 0.684549 0.008906
0.480298 0.669702 0.008930
0.485222 0.674656 0.008920
0.480289 0.679604 0.008912
0.381876 0.610103 0.009180
0.386791 0.615067 0.009122
0.381842 0.620060 0.009053
0.386824 0.605106 0.009283
0.401660 0.590109 0.009715
0.406573 0.595078 0.009594
0.401630 0.600076 0.009445
0.460821 0.530165 0.014066
0.465728 0.535141 0.013536
0.460803 0.540130 0.013002
0.465749 0.525177 0.014691
0.480543 0.510216 0.016784
0.485440 0.515200 0.016041
0.480510 0.520183 0.015363
0.421407 0.570116 0.010601
0.426321 0.575086 0.010411
0.421388 0.580083 0.010173
0.426337 0.565120 0.010882
0.441117 0.550134 0.011980
0.446029 0.555105 0.011647
0.441104 0.560099 0.011282
0.460715 0.609964 0.009359
0.465629 0.614954 0.009262
0.460693 0.619943 0.009178
0.465648 0.604974 0.009481
0.480433 0.590009 0.009953
0.485349 0.595006 0.009774
0.480423 0.599991 0.009621
0.618248 0.530955 0.011196
0.623190 0.535975 0.010798
0.618270 0.540910 0.010657
0.623165 0.526019 0.011360
0.637909 0.511218 0.011833
0.642861 0.516242 0.011357
0.637944 0.521175 0.011219
0.578865 0.570469 0.010076
0.583795 0.575476 0.009864
0.578870 0.580419 0.009768
0.583790 0.565527 0.010182
0.598565 0.550707 0.010564
0.603500 0.555720 0.010265
0.598574 0.560658 0.010152
0.618306 0.610414 0.009032
0.623236 0.615386 0.008985
0.618307 0.620319 0.008964
0.623235 0.605480 0.009065
0.638024 0.590690 0.009169
0.642956 0.595666 0.009097
0.638025 0.600595 0.009068
0.539627 0.450861 0.027387
0.544532 0.455795 0.025809
0.539626 0.460714 0.024955
0.544529 0.445939 0.028307
0.559184 0.431113 0.030887
0.564074 0.436050 0.028954
0.559205 0.441002 0.028226
0.500282 0.490292 0.020001
0.505172 0.495274 0.019019
0.500238 0.500254 0.018240
0.505208 0.485335 0.020873
0.519975 0.470531 0.023618
0.524878 0.475480 0.022352
0.519956 0.480413 0.021494
0.539457 0.530335 0.013415
0.544373 0.535353 0.012814
0.539451 0.540312 0.012457
0.544381 0.525375 0.013831
0.559154 0.510510 0.015097
0.564065 0.515539 0.014303
0.559143 0.520489 0.013932
0.578407 0.411268 0.033063
0.583339 0.416174 0.031114
0.578563 0.421138 0.030703
0.583135 0.406317 0.033377
0.597198 0.391470 0.034105
0.602239 0.396345 0.032279
0.597540 0.401302 0.032033
0.617855 0.451162 0.019658
0.622813 0.456202 0.018438
0.617937 0.461153 0.018126
0.622726 0.446203 0.019991
0.637373 0.431309 0.020948
0.642358 0.436370 0.019632
0.637466 0.441334 0.019338
0.578815 0.490722 0.016690
0.583727 0.495753 0.015739
0.578817 0.500699 0.015384
0.583715 0.485782 0.017083
0.598373 0.470963 0.018236
0.603304 0.475990 0.017139
0.598419 0.480931 0.016796
0.657752 0.570976 0.009291
0.662682 0.575950 0.009204
0.657750 0.580879 0.009180
0.662685 0.566047 0.009314
0.677478 0.551256 0.009417
0.682413 0.556231 0.009293
0.677482 0.561162 0.009264
0.500112 0.570083 0.010791
0.505029 0.575084 0.010527
0.500113 0.580061 0.010320
0.505026 0.565109 0.011029
0.519773 0.550196 0.011905
0.524692 0.555205 0.011491
0.519775 0.560172 0.011216
0.421191 0.649856 0.008968
0.426107 0.654822 0.008957
0.421168 0.659789 0.008943
0.426133 0.644880 0.008986
0.440961 0.629925 0.009059
0.445873 0.634909 0.009038
0.440931 0.639894 0.009014
0.500000 0.728937 0.008898
0.504930 0.733867 0.008898
0.500000 0.738796 0.008898
0.504930 0.724007 0.008898
0.519719 0.709218 0.008898
0.524648 0.714148 0.008898
0.519719 0.719078 0.008898
0.342572 0.570448 0.009877
0.347481 0.575405 0.009774
0.342524 0.580411 0.009604
0.347530 0.565440 0.010080
0.362369 0.550439 0.010930
0.367281 0.555388 0.010739
0.362339 0.560387 0.010439
0.499803 0.411707 0.040320
0.504865 0.416562 0.038936
0.499988 0.421479 0.037626
0.504646 0.406804 0.041489
0.519067 0.392165 0.044379
0.524198 0.396985 0.043081
0.519399 0.401866 0.042220
0.421499 0.490642 0.018994
0.426433 0.495543 0.018330
0.421500 0.500535 0.017394
0.426424 0.485671 0.020045
0.441177 0.470800 0.023562
0.446132 0.475659 0.022663
0.441213 0.480615 0.021503
0.578878 0.649943 0.008935
0.583806 0.654900 0.008925
0.578876 0.659844 0.008921
0.583807 0.644997 0.008938
0.598594 0.630165 0.008948
0.603522 0.635130 0.008935
0.598593 0.640071 0.008933
0.637708 0.471335 0.015340
0.637772 0.481317 0.014276
0.632811 0.476276 0.015109
0.642673 0.476378 0.014485
0.652650 0.496422 0.012270
0.677398 0.511564 0.010644
0.677427 0.521496 0.010244
0.672475 0.516493 0.010548
0.682352 0.516567 0.010331
0.692265 0.536464 0.009574
0.519790 0.590094 0.009860
0.519790 0.600069 0.009553
0.514869 0.595068 0.009714
0.524712 0.595098 0.009681
0.534555 0.615065 0.009196
0.480370 0.629927 0.009074
0.480347 0.639895 0.009025
0.475432 0.634910 0.009047
0.485284 0.634916 0.009046
0.495102 0.654823 0.008968
0.519728 0.669711 0.008926
0.519723 0.679609 0.008910
0.514796 0.674661 0.008918
0.524654 0.674663 0.008917
0.534508 0.694427 0.008898
0.361554 0.433029 0.027069
0.361720 0.442634 0.024927
0.356679 0.437884 0.025505
0.366601 0.437768 0.026464
0.376799 0.456924 0.023144
0.322559 0.472007 0.017013
0.322673 0.481735 0.015770
0.317678 0.476907 0.016127
0.327559 0.476826 0.016629
0.337621 0.496271 0.014745
0.362362 0.510835 0.014112
0.362384 0.520706 0.013135
0.357446 0.515800 0.013452
0.367303 0.515737 0.013768
0.377165 0.535476 0.012218
0.475962 0.315182 0.052724
0.476183 0.324963 0.052338
0.471132 0.320086 0.052536
0.480993 0.320070 0.052560
0.491488 0.339495 0.051550
0.516966 0.353820 0.050242
0.517567 0.363359 0.049214
0.512297 0.358619 0.049870
0.522215 0.358569 0.049602
0.533259 0.377619 0.046267
0.437881 0.354434 0.049518
0.438424 0.364112 0.048336
0.433188 0.359384 0.048746
0.443085 0.359200 0.049143
0.454002 0.378323 0.046768
0.400180 0.394037 0.040255
0.400570 0.403617 0.038156
0.395405 0.398950 0.038717
0.405360 0.398700 0.039709
0.415869 0.417745 0.035973
0.440797 0.431852 0.033533
0.440925 0.441562 0.030791
0.435929 0.436778 0.031883
0.445799 0.436639 0.032374
0.455888 0.456002 0.027491
0.283399 0.511357 0.011803
0.283438 0.521191 0.011218
0.278484 0.516297 0.011396
0.288358 0.516242 0.011608
0.298272 0.535912 0.010705
0.440867 0.669702 0.008927
0.440855 0.679605 0.008911
0.435931 0.674656 0.008918
0.445789 0.674655 0.008919
0.455634 0.694426 0.008899
0.362215 0.590272 0.009486
0.362177 0.600228 0.009275
0.357262 0.595274 0.009349
0.367130 0.595227 0.009401
0.376926 0.615099 0.009096
0.441187 0.510330 0.016418
0.441166 0.520271 0.015062
0.436254 0.515325 0.015624
0.446098 0.515277 0.015802
0.455894 0.535155 0.013481
0.401756 0.550270 0.011516
0.401737 0.560221 0.010909
0.396825 0.555263 0.011134
0.406669 0.555226 0.011253
0.416475 0.575113 0.010344
0.441061 0.590016 0.009894
0.441040 0.599994 0.009578
0.436127 0.595012 0.009711
0.445974 0.595000 0.009741
0.455780 0.614954 0.009256
0.598495 0.510852 0.013379
0.598515 0.520822 0.012498
0.593582 0.515794 0.013113
0.603428 0.515881 0.012737
0.613329 0.535892 0.011032
0.559144 0.550410 0.011330
0.559151 0.560377 0.010757
0.554222 0.555362 0.011105
0.564074 0.555429 0.010940
0.573941 0.575412 0.009969
0.598586 0.590476 0.009382
0.598589 0.600407 0.009212
0.593660 0.595417 0.009317
0.603516 0.595468 0.009267
0.613378 0.615349 0.009003
0.519883 0.431218 0.034100
0.519937 0.441039 0.031189
0.514978 0.436140 0.032821
0.524843 0.436120 0.032380
0.534720 0.455779 0.026451
0.480626 0.470546 0.024277
0.480636 0.480399 0.022118
0.475709 0.475483 0.023161
0.485557 0.475455 0.023166
0.495351 0.495261 0.019156
0.519839 0.510285 0.016334
0.519810 0.520263 0.014974
0.514910 0.515256 0.015725
0.524737 0.515294 0.015530
0.534534 0.535297 0.013011
0.558456 0.391908 0.040728
0.558772 0.401636 0.038538
0.553740 0.396807 0.040325
0.563497 0.396718 0.038928
0.573655 0.416223 0.032689
0.598104 0.431067 0.025616
0.598181 0.441052 0.023521
0.593266 0.436049 0.025153
0.603026 0.436079 0.023952
0.612987 0.456118 0.019316
0.559218 0.470679 0.021439
0.559209 0.480602 0.019570
0.554314 0.475607 0.020815
0.564111 0.475671 0.020122
0.573908 0.495664 0.016297
0.638016 0.551012 0.009903
0.638024 0.560943 0.009637
0.633088 0.555942 0.009826
0.642953 0.556014 0.009696
0.652819 0.575905 0.009265
0.480454 0.550099 0.012138
0.480447 0.560074 0.011407
0.475534 0.555083 0.011753
0.485365 0.555092 0.011743
0.495196 0.575060 0.010563
0.401534 0.629971 0.009012
0.401501 0.639929 0.008980
0.396587 0.634960 0.008988
0.406447 0.634944 0.009000
0.416249 0.654827 0.008952
0.480282 0.709218 0.008898
0.480282 0.719078 0.008898
0.475352 0.714148 0.008898
0.485212 0.714148 0.008898
0.495071 0.733867 0.008898
0.322931 0.550640 0.010371
0.322891 0.560587 0.009996
0.317978 0.555638 0.010117
0.327847 0.555584 0.010227
0.337614 0.575456 0.009697
0.479361 0.392460 0.044778
0.479703 0.402150 0.042690
0.474589 0.397359 0.043690
0.484496 0.397247 0.043821
0.494948 0.416621 0.039056
0.401671 0.471215 0.021768
0.401728 0.480991 0.019917
0.396762 0.476148 0.020569
0.406642 0.476047 0.021063
0.416572 0.495621 0.018007
0.559176 0.630058 0.009003
0.559170 0.639992 0.008973
0.554246 0.635016 0.008992
0.564100 0.635038 0.008980
0.573949 0.654889 0.008931
0.569019 0.659836 0.008926
0.569017 0.669732 0.008914
0.564089 0.664782 0.008921
0.573947 0.664788 0.008918
0.578875 0.669737 0.008911
0.578874 0.679620 0.008903
0.573945 0.674678 0.008908
0.559166 0.649915 0.008950
0.564092 0.654878 0.008937
0.559162 0.659827 0.008931
0.564095 0.644963 0.008956
0.569025 0.640012 0.008962
0.573951 0.644980 0.008947
0.569022 0.649929 0.008942
0.549316 0.639975 0.008983
0.549310 0.649903 0.008957
0.544385 0.644933 0.008974
0.554240 0.644947 0.008965
0.554236 0.654867 0.008943
0.411642 0.500607 0.017084
0.411640 0.510511 0.015694
0.406714 0.505592 0.016220
0.416568 0.505524 0.016515
0.421490 0.510449 0.015956
0.421479 0.520373 0.014674
0.416561 0.515438 0.015177
0.401766 0.490811 0.018245
0.406709 0.495700 0.017660
0.401783 0.500680 0.016753
0.406685 0.485850 0.019270
0.411603 0.480895 0.020363
0.416556 0.485760 0.019672
0.411633 0.490727 0.018632
0.391850 0.481087 0.019439
0.391896 0.490898 0.017831
0.386938 0.486033 0.018379
0.396813 0.485941 0.018839
0.396845 0.495780 0.017288
0.490079 0.421543 0.037695
0.490210 0.431331 0.034746
0.485199 0.426472 0.036239
0.495100 0.426404 0.036220
0.500104 0.431280 0.034662
0.500196 0.441078 0.031756
0.495210 0.436200 0.033247
0.479975 0.411873 0.040315
0.485037 0.416699 0.039060
0.480176 0.421626 0.037650
0.484803 0.406957 0.041586
0.489616 0.402050 0.042761
0.494720 0.406870 0.041595
0.489885 0.411780 0.040375
0.469802 0.402270 0.042506
0.470075 0.411986 0.040142
0.465001 0.407191 0.041228
0.474896 0.407064 0.041463
0.475134 0.416798 0.038950
0.332654 0.580463 0.009539
0.332607 0.590418 0.009329
0.327693 0.585467 0.009403
0.337565 0.585416 0.009456
0.342478 0.590369 0.009377
0.342438 0.600319 0.009196
0.337522 0.595369 0.009260
0.322835 0.570553 0.009714
0.327743 0.575508 0.009626
0.322781 0.580515 0.009480
0.327799 0.565542 0.009890
0.332758 0.560534 0.010097
0.337666 0.565490 0.009982
0.332705 0.570500 0.009792
0.313019 0.560641 0.009902
0.312961 0.570606 0.009642
0.308053 0.565650 0.009724
0.317928 0.565595 0.009804
0.317871 0.575561 0.009560
0.490141 0.738796 0.008898
0.490141 0.748655 0.008898
0.485212 0.743726 0.008898
0.495071 0.743726 0.008898
0.500000 0.748655 0.008898
0.500000 0.758515 0.008898
0.495071 0.753585 0.008898
0.480282 0.728937 0.008898
0.485212 0.733867 0.008898
0.480282 0.738796 0.008898
0.485212 0.724007 0.008898
0.490141 0.719078 0.008898
0.495071 0.724007 0.008898
0.490141 0.728937 0.008898
0.470423 0.719078 0.008898
0.470423 0.728937 0.008898
0.465493 0.724007 0.008898
0.475352 0.724007 0.008898
0.475352 0.733867 0.008898
0.411309 0.659794 0.008939
0.411291 0.669709 0.008921
0.406370 0.664755 0.008928
0.416229 0.664751 0.008931
0.421150 0.669706 0.008923
0.421137 0.679607 0.008909
0.416213 0.674659 0.008915
0.401473 0.649872 0.008955
0.406390 0.654834 0.008947
0.401450 0.659799 0.008935
0.406416 0.644897 0.008971
0.411361 0.639916 0.008990
0.416275 0.644887 0.008979
0.411332 0.649863 0.008962
0.391640 0.639943 0.008970
0.391613 0.649882 0.008948
0.386695 0.644921 0.008954
0.396556 0.644908 0.008963
0.396531 0.654841 0.008941
0.490277 0.580041 0.010346
0.490273 0.590022 0.009943
0.485356 0.585024 0.010142
0.495194 0.585040 0.010125
0.500111 0.590041 0.009923
0.500106 0.600021 0.009599
0.495189 0.595021 0.009762
0.480444 0.570049 0.010839
0.485361 0.575043 0.010584
0.480440 0.580027 0.010358
0.485362 0.565067 0.011100
0.490279 0.560088 0.011388
0.495195 0.565084 0.011074
0.490279 0.570062 0.010823
0.470613 0.560069 0.011406
0.470609 0.570042 0.010838
0.465693 0.565055 0.011099
0.475529 0.565057 0.011109
0.475525 0.575033 0.010591
0.647887 0.580833 0.009235
0.647887 0.590737 0.009126
0.642956 0.585762 0.009203
0.652818 0.585809 0.009154
0.657748 0.590778 0.009088
0.657747 0.600670 0.009014
0.652817 0.595707 0.009064
0.638024 0.570864 0.009450
0.642956 0.575852 0.009333
0.638024 0.580780 0.009297
0.642957 0.565936 0.009487
0.647889 0.561008 0.009528
0.652821 0.565995 0.009396
0.647888 0.570923 0.009366
0.628159 0.560872 0.009756
0.628160 0.570799 0.009541
0.623229 0.565802 0.009695
0.633092 0.565871 0.009587
0.633092 0.575792 0.009409
0.568994 0.500611 0.015906
0.568985 0.510592 0.014666
0.564075 0.505559 0.015509
0.573903 0.505645 0.015026
0.578819 0.510678 0.014225
0.578824 0.520652 0.013202
0.573902 0.515623 0.013897
0.559194 0.490551 0.017896
0.564092 0.495576 0.016865
0.559172 0.500528 0.016415
0.564105 0.485611 0.018398
0.569008 0.480677 0.018882
0.573908 0.485696 0.017736
0.569005 0.490634 0.017302
0.549403 0.480539 0.020175
0.549379 0.490480 0.018421
0.544486 0.485476 0.019526
0.554297 0.485538 0.019000
0.554275 0.495498 0.017384
0.608119 0.461070 0.018966
0.608184 0.471047 0.017476
0.603247 0.466018 0.018605
0.613061 0.466102 0.017805
0.618010 0.471137 0.016740
0.618071 0.481116 0.015497
0.613126 0.476080 0.016442
0.598253 0.451027 0.021594
0.603182 0.456045 0.020227
0.598317 0.460996 0.019834
0.603108 0.446066 0.022008
0.607960 0.441099 0.022409
0.612904 0.446127 0.020979
0.608043 0.451089 0.020609
0.588424 0.441020 0.024673
0.588481 0.450977 0.022614
0.583577 0.445983 0.024177
0.593333 0.446018 0.023075
0.593395 0.455981 0.021168
0.568871 0.421183 0.032228
0.568930 0.431081 0.029626
0.564045 0.426149 0.031630
0.573761 0.426107 0.030213
0.578640 0.431060 0.028250
0.578685 0.441002 0.025864
0.573803 0.436034 0.027680
0.558997 0.411412 0.036163
0.563950 0.416288 0.034223
0.559133 0.421238 0.033610
0.563769 0.406478 0.036657
0.568502 0.401543 0.037028
0.573468 0.406391 0.035050
0.568730 0.411337 0.034698
0.548990 0.401708 0.039809
0.549216 0.411472 0.037401
0.544206 0.406612 0.039175
0.554011 0.406553 0.038031
0.554191 0.416347 0.035541
0.529612 0.540261 0.012622
0.529610 0.550239 0.011792
0.524692 0.545227 0.012252
0.534530 0.545275 0.012115
0.539451 0.550289 0.011659
0.539456 0.560262 0.011019
0.534532 0.555250 0.011381
0.519789 0.530240 0.013783
0.524699 0.535250 0.013178
0.519778 0.540218 0.012760
0.524713 0.525272 0.014270
0.529639 0.520306 0.014774
0.534545 0.525319 0.014069
0.529621 0.530284 0.013616
0.509984 0.520229 0.015133
0.509961 0.530205 0.013917
0.505059 0.525203 0.014564
0.514884 0.525233 0.014435
0.514867 0.535210 0.013316
0.490415 0.500244 0.018339
0.490371 0.510217 0.016748
0.485478 0.505230 0.017548
0.495304 0.505235 0.017482
0.500195 0.510229 0.016659
0.500161 0.520203 0.015253
0.495266 0.515208 0.015982
0.480622 0.490298 0.020151
0.485523 0.495262 0.019229
0.480585 0.500249 0.018379
0.485551 0.485333 0.021099
0.490476 0.480382 0.022079
0.495384 0.485327 0.021023
0.490456 0.490287 0.020110
0.470789 0.480430 0.022079
0.470782 0.490322 0.020123
0.465864 0.485389 0.021033
0.475711 0.485354 0.021103
0.475688 0.495275 0.019237
0.529808 0.460694 0.025507
0.529797 0.470554 0.023220
0.524893 0.465611 0.024560
0.534714 0.465633 0.024089
0.539613 0.470586 0.022724
0.539592 0.480486 0.020697
0.534696 0.475512 0.021930
0.519968 0.450855 0.028469
0.524894 0.455769 0.026969
0.519980 0.460682 0.025944
0.524878 0.445943 0.029577
0.529785 0.441026 0.030682
0.534713 0.445939 0.029014
0.529805 0.450855 0.027995
0.510072 0.441055 0.031545
0.510119 0.450861 0.028812
0.505165 0.445965 0.030278
0.515028 0.445952 0.029998
0.515056 0.455766 0.027364
0.608450 0.620286 0.008978
0.608450 0.630191 0.008937
0.603522 0.625224 0.008959
0.613379 0.625254 0.008947
0.618308 0.630217 0.008929
0.618308 0.640110 0.008919
0.613379 0.635153 0.008927
0.598592 0.610333 0.009083
0.603521 0.615312 0.009023
0.598593 0.620252 0.008994
0.603518 0.605393 0.009125
0.608446 0.600455 0.009171
0.613376 0.605437 0.009094
0.608448 0.610373 0.009056
0.588734 0.600360 0.009255
0.588737 0.610292 0.009111
0.583808 0.605305 0.009196
0.593663 0.605349 0.009159
0.593665 0.615275 0.009045
0.569018 0.580358 0.009862
0.569023 0.590313 0.009580
0.564094 0.585307 0.009756
0.573947 0.585365 0.009673
0.578876 0.590368 0.009510
0.578880 0.600312 0.009302
0.573952 0.595315 0.009429
0.559159 0.570339 0.010321
0.564088 0.575349 0.010079
0.559166 0.580299 0.009956
0.564081 0.565391 0.010458
0.569004 0.560446 0.010602
0.573935 0.565459 0.010317
0.569011 0.570402 0.010199
0.549302 0.560316 0.010896
0.549310 0.570281 0.010431
0.544382 0.565271 0.010706
0.554230 0.565328 0.010589
0.554238 0.575290 0.010181
0.608409 0.540830 0.010871
0.608425 0.550783 0.010388
0.603488 0.545768 0.010714
0.613348 0.545846 0.010520
0.618286 0.550859 0.010219
0.618296 0.560800 0.009882
0.613361 0.555794 0.010112
0.598534 0.530788 0.011737
0.603471 0.535810 0.011275
0.598551 0.540750 0.011092
0.603451 0.525847 0.011949
0.608366 0.520908 0.012162
0.613306 0.525933 0.011649
0.608389 0.530871 0.011461
0.588668 0.520736 0.012845
0.588682 0.530705 0.012021
0.583751 0.525680 0.012578
0.593599 0.525763 0.012259
0.593615 0.535729 0.011527
0.450842 0.619945 0.009171
0.450814 0.629921 0.009067
0.445902 0.624935 0.009106
0.455755 0.624932 0.009113
0.460667 0.629920 0.009072
0.460640 0.639890 0.009023
0.455727 0.634907 0.009043
0.441017 0.609973 0.009334
0.445930 0.614958 0.009245
0.440990 0.619950 0.009161
0.445953 0.604979 0.009457
0.450888 0.599986 0.009600
0.455801 0.604974 0.009472
0.450867 0.609966 0.009349
0.431192 0.600008 0.009549
0.431166 0.609984 0.009313
0.426254 0.605004 0.009409
0.436104 0.604989 0.009435
0.436078 0.614966 0.009230
0.411539 0.580111 0.010111
0.411514 0.590080 0.009764
0.406601 0.585110 0.009902
0.416452 0.585081 0.009957
0.421366 0.590054 0.009811
0.421341 0.600026 0.009517
0.416428 0.595052 0.009636
0.401713 0.570180 0.010441
0.406626 0.575144 0.010273
0.401688 0.580144 0.010046
0.406649 0.565183 0.010708
0.411582 0.560187 0.011012
0.416494 0.565150 0.010798
0.411562 0.570147 0.010523
0.391890 0.560259 0.010800
0.391863 0.570217 0.010353
0.386952 0.565257 0.010513
0.396802 0.565218 0.010613
0.396775 0.575179 0.010197
0.450968 0.540147 0.012937
0.450953 0.550112 0.012057
0.446042 0.545139 0.012437
0.455878 0.545121 0.012509
0.460788 0.550099 0.012109
0.460778 0.560071 0.011385
0.455865 0.555090 0.011705
0.441148 0.530218 0.013870
0.446058 0.535179 0.013392
0.441132 0.540173 0.012842
0.446076 0.525225 0.014514
0.451007 0.520233 0.015202
0.455914 0.525196 0.014622
0.450986 0.530187 0.013986
0.431323 0.520320 0.014879
0.431308 0.530260 0.013718
0.426395 0.525313 0.014186
0.436237 0.525265 0.014366
0.436220 0.535213 0.013270
0.371976 0.620092 0.009031
0.371944 0.630039 0.008968
0.367026 0.625082 0.008983
0.376893 0.625051 0.009002
0.381809 0.630014 0.008984
0.381778 0.639960 0.008959
0.376861 0.634999 0.008963
0.362141 0.610180 0.009116
0.367059 0.615135 0.009069
0.362108 0.620127 0.009008
0.367093 0.605183 0.009208
0.372045 0.600184 0.009321
0.376960 0.605142 0.009247
0.372010 0.610140 0.009149
0.352308 0.600273 0.009233
0.352272 0.610221 0.009086
0.347354 0.605270 0.009137
0.357224 0.605227 0.009171
0.357190 0.615174 0.009043
0.450704 0.699359 0.008898
0.450704 0.709218 0.008898
0.445774 0.704289 0.008898
0.455634 0.704289 0.008898
0.460563 0.709218 0.008898
0.460563 0.719078 0.008898
0.455634 0.714148 0.008898
0.440848 0.689490 0.008901
0.445775 0.694427 0.008899
0.440845 0.699359 0.008898
0.445780 0.684549 0.008905
0.450713 0.679604 0.008912
0.455639 0.684549 0.008906
0.450707 0.689490 0.008901
0.430996 0.679605 0.008910
0.430988 0.689490 0.008901
0.426062 0.684550 0.008905
0.435921 0.684550 0.008905
0.435916 0.694427 0.008899
0.293330 0.540890 0.010409
0.293307 0.550808 0.010030
0.288382 0.545873 0.010151
0.298260 0.545818 0.010269
0.303185 0.550752 0.010136
0.303143 0.560696 0.009815
0.298227 0.555749 0.009917
0.283456 0.531053 0.010710
0.288395 0.535969 0.010557
0.283453 0.540943 0.010280
0.288387 0.526092 0.011043
0.293314 0.521135 0.011416
0.298264 0.526033 0.011227
0.293332 0.530999 0.010872
0.273564 0.521242 0.011030
0.273582 0.531103 0.010557
0.268639 0.526192 0.010703
0.278512 0.526145 0.010868
0.278520 0.536020 0.010415
0.450989 0.460928 0.026142
0.451046 0.470713 0.023867
0.446086 0.465860 0.024832
0.455955 0.465776 0.025112
0.460911 0.470642 0.024088
0.460936 0.480477 0.021964
0.455997 0.475585 0.022910
0.441032 0.451283 0.028211
0.446014 0.456097 0.027177
0.441117 0.461025 0.025800
0.445919 0.446360 0.029692
0.450799 0.441439 0.031210
0.455794 0.446253 0.030042
0.450907 0.451173 0.028592
0.431054 0.441700 0.030273
0.431158 0.451407 0.027738
0.426170 0.446618 0.028713
0.436045 0.446485 0.029243
0.436140 0.456208 0.026768
0.411017 0.422660 0.034295
0.411166 0.432314 0.031627
0.406147 0.427567 0.032575
0.416045 0.427406 0.033351
0.421055 0.432161 0.032334
0.421175 0.441839 0.029689
0.416174 0.437072 0.030662
0.400878 0.413215 0.035888
0.405963 0.417930 0.035139
0.401108 0.422832 0.033447
0.405701 0.408307 0.037515
0.410506 0.403388 0.039089
0.415619 0.408096 0.038388
0.410800 0.413018 0.036789
0.390613 0.403849 0.037125
0.390939 0.413412 0.034898
0.385806 0.408734 0.035488
0.395763 0.408520 0.036549
0.396039 0.418112 0.034219
0.449294 0.383227 0.045745
0.449698 0.392889 0.043901
0.444573 0.388144 0.044621
0.454439 0.387972 0.045061
0.459573 0.392726 0.044299
0.459913 0.402410 0.042212
0.454812 0.397644 0.043101
0.438962 0.373754 0.046910
0.444137 0.378487 0.046359
0.439433 0.383407 0.045267
0.443635 0.368845 0.047867
0.448292 0.363956 0.048713
0.453499 0.368696 0.048229
0.448825 0.373583 0.047346
0.428504 0.364344 0.047840
0.429062 0.373981 0.046354
0.423820 0.369300 0.046812
0.433753 0.369038 0.047401
0.434267 0.378684 0.045841
0.528557 0.382457 0.045745
0.528971 0.392114 0.043827
0.523826 0.387306 0.045117
0.533716 0.387251 0.044459
0.538842 0.392058 0.043035
0.539162 0.401767 0.040845
0.534084 0.396934 0.042399
0.518149 0.372907 0.047876
0.523368 0.377676 0.046886
0.518650 0.382510 0.046264
0.522825 0.368100 0.048387
0.527473 0.363304 0.048798
0.532716 0.368041 0.047821
0.528057 0.372853 0.047403
0.507638 0.363410 0.049402
0.508214 0.372959 0.048111
0.502972 0.368205 0.048841
0.512903 0.368152 0.048712
0.513444 0.377728 0.047261
0.486761 0.344344 0.051198
0.487251 0.353964 0.050418
0.482053 0.349188 0.050800
0.491938 0.349137 0.050836
0.497143 0.353912 0.050429
0.497722 0.363463 0.049468
0.492476 0.358721 0.049988
0.476490 0.334701 0.051811
0.481612 0.339532 0.051522
0.476885 0.344392 0.051146
0.481259 0.329824 0.052110
0.486047 0.324943 0.052362
0.491127 0.329800 0.052130
0.486360 0.334668 0.051848
0.466322 0.324987 0.052298
0.466625 0.334740 0.051747
0.461533 0.329886 0.052007
0.471394 0.329853 0.052069
0.471742 0.339576 0.051461
0.372236 0.540461 0.011738
0.372219 0.550393 0.011087
0.367305 0.545448 0.011309
0.377153 0.545402 0.011482
0.382067 0.550350 0.011238
0.382042 0.560299 0.010685
0.377131 0.555344 0.010878
0.362393 0.530597 0.012279
0.367317 0.535525 0.012005
0.362388 0.540509 0.011544
0.367316 0.525621 0.012824
0.372238 0.520647 0.013426
0.377167 0.525566 0.013085
0.372243 0.530545 0.012518
0.352528 0.520765 0.012853
0.352539 0.530650 0.012047
0.347607 0.525734 0.012312
0.357463 0.525677 0.012563
0.357466 0.535576 0.011791
0.332718 0.501212 0.014051
0.332771 0.511036 0.013137
0.327811 0.506155 0.013418
0.337681 0.506086 0.013749
0.342637 0.510970 0.013448
0.342668 0.520825 0.012583
0.337723 0.515926 0.012859
0.322768 0.491494 0.014666
0.327747 0.496348 0.014354
0.322845 0.501284 0.013700
0.327662 0.486571 0.015420
0.332553 0.481653 0.016249
0.337541 0.486489 0.015876
0.332645 0.491416 0.015078
0.312793 0.481813 0.015314
0.312891 0.491570 0.014274
0.307904 0.486725 0.014574
0.317784 0.486650 0.014986
0.317871 0.496422 0.013983
0.371901 0.461824 0.021808
0.372003 0.471534 0.020017
0.367004 0.466730 0.020546
0.376904 0.466619 0.021230
0.381896 0.471427 0.020639
0.381969 0.481184 0.018929
0.376991 0.476352 0.019477
0.361868 0.452268 0.022927
0.366888 0.457042 0.022370
0.361997 0.461936 0.021072
0.366754 0.447389 0.024344
0.371644 0.442512 0.025852
0.376675 0.447265 0.025213
0.371782 0.452151 0.023755
0.351806 0.442742 0.024032
0.351961 0.452374 0.022125
0.346934 0.447604 0.022649
0.356840 0.447502 0.023481
0.356983 0.457151 0.021599
0.529578 0.699359 0.008898
0.529578 0.709218 0.008898
0.524648 0.704289 0.008898
0.534507 0.704289 0.008898
0.539437 0.709218 0.008898
0.539437 0.719078 0.008898
0.534507 0.714148 0.008898
0.519720 0.689491 0.008901
0.524649 0.694427 0.008898
0.519719 0.699359 0.008898
0.524650 0.684552 0.008905
0.529581 0.679610 0.008909
0.534509 0.684553 0.008904
0.529579 0.689492 0.008901
0.509865 0.679607 0.008911
0.509861 0.689491 0.008901
0.504933 0.684551 0.008905
0.514792 0.684551 0.008905
0.514789 0.694427 0.008899
0.490167 0.659786 0.008954
0.490156 0.669704 0.008929
0.485233 0.664746 0.008941
0.495090 0.664748 0.008940
0.500013 0.669706 0.008929
0.500006 0.679606 0.008912
0.495080 0.674657 0.008920
0.480327 0.649848 0.008986
0.485246 0.654819 0.008969
0.480311 0.659783 0.008955
0.485263 0.644876 0.009004
0.490199 0.639901 0.009023
0.495117 0.644881 0.009002
0.490182 0.649852 0.008985
0.470494 0.639891 0.009025
0.470472 0.649845 0.008986
0.465555 0.644870 0.009004
0.475410 0.644872 0.009005
0.475391 0.654816 0.008970
0.529628 0.620033 0.009133
0.529620 0.629991 0.009040
0.524700 0.625002 0.009085
0.534550 0.625024 0.009072
0.539471 0.630011 0.009029
0.539462 0.639958 0.008992
0.534540 0.634977 0.009014
0.519787 0.610042 0.009315
0.524707 0.615039 0.009214
0.519780 0.620010 0.009148
0.524711 0.605070 0.009413
0.529634 0.600100 0.009522
0.534557 0.605100 0.009385
0.529633 0.610068 0.009294
0.509947 0.600043 0.009579
0.509941 0.610019 0.009334
0.505023 0.605020 0.009456
0.514867 0.605043 0.009437
0.514860 0.615015 0.009231
0.687336 0.541394 0.009517
0.687344 0.551300 0.009329
0.682407 0.546325 0.009464
0.692274 0.546369 0.009371
0.697209 0.551337 0.009254
0.697208 0.561229 0.009141
0.692277 0.556268 0.009222
0.677450 0.531422 0.009907
0.682395 0.536412 0.009694
0.677468 0.541343 0.009631
0.682376 0.526492 0.009983
0.687303 0.521563 0.010061
0.692250 0.526553 0.009830
0.687322 0.531482 0.009761
0.667553 0.521423 0.010451
0.667580 0.531357 0.010073
0.662631 0.526354 0.010355
0.672503 0.526426 0.010158
0.672525 0.536353 0.009833
0.647736 0.501353 0.012128
0.647776 0.511310 0.011492
0.642823 0.506285 0.011983
0.652691 0.506378 0.011625
0.657646 0.511398 0.011181
0.657681 0.521345 0.010683
0.652729 0.516330 0.011061
0.637827 0.491291 0.013343
0.642781 0.496324 0.012697
0.637870 0.501257 0.012537
0.642732 0.486356 0.013527
0.647637 0.481419 0.013715
0.652600 0.486457 0.013027
0.647691 0.491391 0.012860
0.627915 0.481215 0.014876
0.627969 0.491190 0.013860
0.623019 0.486153 0.014638
0.632871 0.486254 0.014069
0.632919 0.496225 0.013160
0.598592 0.649970 0.008922
0.603521 0.654923 0.008915
0.598592 0.659862 0.008913
0.603521 0.645030 0.008924
0.608450 0.640091 0.008926
0.613379 0.645046 0.008918
0.608450 0.649984 0.008917
0.588734 0.659853 0.008917
0.593663 0.654911 0.008920
0.593663 0.664802 0.008911
0.588735 0.649956 0.008928
0.588736 0.640051 0.008942
0.593665 0.635107 0.008944
0.593664 0.645013 0.008931
0.583804 0.674681 0.008906
0.583805 0.664795 0.008914
0.588733 0.669742 0.008908
0.441225 0.490478 0.019627
0.446149 0.495397 0.018876
0.441210 0.500394 0.017938
0.446153 0.485503 0.020676
0.451077 0.480538 0.021771
0.456012 0.485438 0.020891
0.451082 0.490412 0.019861
0.431356 0.500462 0.017682
0.436292 0.495465 0.018628
0.436273 0.505392 0.017045
0.431363 0.490558 0.019328
0.431345 0.480706 0.021161
0.436264 0.475749 0.022336
0.436290 0.485582 0.020389
0.426408 0.515382 0.015409
0.426421 0.505458 0.016791
0.431339 0.510388 0.016200
0.519644 0.411611 0.039784
0.524679 0.416479 0.038203
0.519802 0.421397 0.037072
0.524483 0.406710 0.040777
0.529297 0.401818 0.041648
0.534362 0.406664 0.040089
0.529533 0.411568 0.039209
0.509902 0.421435 0.037438
0.514783 0.416519 0.038671
0.514905 0.426320 0.035816
0.509729 0.411655 0.040145
0.509474 0.401914 0.042563
0.514282 0.397034 0.043528
0.514575 0.406756 0.041241
0.505097 0.436164 0.033101
0.505004 0.426356 0.036089
0.510000 0.431246 0.034462
0.362297 0.570349 0.010063
0.367206 0.575307 0.009944
0.362255 0.580312 0.009749
0.367247 0.565344 0.010296
0.372191 0.560342 0.010564
0.377100 0.565299 0.010407
0.372155 0.570302 0.010164
0.352391 0.580361 0.009674
0.357345 0.575355 0.009856
0.357302 0.585316 0.009578
0.352436 0.570398 0.009967
0.352482 0.560435 0.010318
0.357429 0.555435 0.010601
0.357390 0.565391 0.010185
0.347393 0.595321 0.009302
0.347435 0.585366 0.009514
0.352348 0.590319 0.009429
0.519719 0.728937 0.008898
0.524648 0.733867 0.008898
0.519719 0.738796 0.008898
0.524648 0.724007 0.008898
0.529578 0.719078 0.008898
0.534507 0.724007 0.008898
0.529578 0.728937 0.008898
0.509860 0.738796 0.008898
0.514789 0.733867 0.008898
0.514789 0.743726 0.008898
0.509860 0.728937 0.008898
0.509860 0.719078 0.008898
0.514789 0.714148 0.008898
0.514789 0.724007 0.008898
0.504930 0.753585 0.008898
0.504930 0.743726 0.008898
0.509860 0.748655 0.008898
0.440905 0.649847 0.008979
0.445822 0.654816 0.008965
0.440883 0.659783 0.008950
0.445845 0.644871 0.008998
0.450786 0.639891 0.009020
0.455700 0.644869 0.009002
0.450761 0.649845 0.008983
0.431026 0.659786 0.008947
0.435965 0.654818 0.008962
0.435945 0.664746 0.008937
0.431048 0.649851 0.008974
0.431075 0.639899 0.009007
0.436018 0.634914 0.009030
0.435989 0.644874 0.008993
0.426072 0.674657 0.008916
0.426087 0.664748 0.008934
0.431008 0.669704 0.008925
0.519781 0.570144 0.010685
0.524704 0.575149 0.010422
0.519787 0.580118 0.010238
0.524697 0.565178 0.010896
0.529614 0.560213 0.011126
0.534538 0.565221 0.010808
0.529621 0.570183 0.010613
0.509948 0.580087 0.010284
0.514865 0.575114 0.010480
0.514869 0.585090 0.010061
0.509945 0.570110 0.010744
0.509940 0.560137 0.011291
0.514856 0.555166 0.011583
0.514860 0.565140 0.010970
0.505028 0.595042 0.009741
0.505030 0.585063 0.010098
0.509949 0.590065 0.009895
0.677478 0.571059 0.009166
0.682407 0.576021 0.009103
0.677474 0.580952 0.009089
0.682412 0.566129 0.009180
0.687345 0.561199 0.009197
0.692275 0.566160 0.009126
0.687340 0.571090 0.009116
0.667612 0.580919 0.009131
0.672545 0.575989 0.009150
0.672542 0.585882 0.009072
0.667615 0.571021 0.009225
0.667618 0.561118 0.009341
0.672549 0.556187 0.009376
0.672549 0.566092 0.009242
0.662678 0.595741 0.009034
0.662680 0.585849 0.009111
0.667610 0.590812 0.009054
0.598454 0.490903 0.015512
0.603382 0.495936 0.014664
0.598475 0.500878 0.014380
0.603349 0.485962 0.015827
0.608240 0.481022 0.016137
0.613179 0.486056 0.015223
0.608283 0.490996 0.014945
0.588644 0.500788 0.014875
0.593552 0.495844 0.015194
0.593566 0.505821 0.014090
0.588631 0.490811 0.016093
0.588608 0.480844 0.017473
0.593493 0.475904 0.017858
0.593528 0.485871 0.016447
0.583741 0.515708 0.013499
0.583732 0.505733 0.014552
0.588655 0.510764 0.013796
0.637554 0.451345 0.017869
0.642529 0.456396 0.016790
0.637634 0.461345 0.016537
0.642446 0.446389 0.018143
0.647341 0.441430 0.018417
0.652321 0.446489 0.017300
0.647424 0.451444 0.017045
0.627776 0.461245 0.017315
0.632663 0.456297 0.017594
0.632741 0.466290 0.016284
0.627692 0.451248 0.018744
0.627601 0.441241 0.020315
0.632483 0.436277 0.020634
0.632576 0.446293 0.019043
0.622961 0.476176 0.015765
0.622892 0.466192 0.017031
0.627851 0.471234 0.016027
0.597803 0.411178 0.029924
0.602776 0.416129 0.028135
0.597990 0.421100 0.027783
0.602546 0.406216 0.030216
0.607275 0.401254 0.030484
0.612305 0.406196 0.028733
0.607547 0.411163 0.028447
0.588265 0.421110 0.029216
0.593044 0.416142 0.029595
0.593186 0.426074 0.027380
0.588092 0.411214 0.031463
0.587840 0.401369 0.033647
0.592527 0.396420 0.033886
0.592825 0.406258 0.031765
0.583526 0.436034 0.026396
0.583464 0.426082 0.028773
0.588362 0.431055 0.026911
0.559139 0.530464 0.012916
0.564062 0.535489 0.012332
0.559140 0.540439 0.012049
0.564061 0.525515 0.013245
0.568983 0.520568 0.013570
0.573905 0.525597 0.012908
0.568985 0.530542 0.012618
0.549294 0.540372 0.012266
0.554216 0.535416 0.012588
0.554217 0.545391 0.011772
0.549296 0.530396 0.013182
0.549305 0.520418 0.014253
0.554230 0.515463 0.014677
0.554220 0.525441 0.013556
0.544375 0.555303 0.011253
0.544371 0.545329 0.011955
0.549296 0.550346 0.011505
0.519924 0.490335 0.019576
0.524814 0.495333 0.018556
0.519880 0.500304 0.017865
0.524851 0.485385 0.020350
0.529776 0.480444 0.021137
0.534670 0.485425 0.019976
0.529744 0.490373 0.019260
0.510058 0.500274 0.018082
0.514993 0.495298 0.018819
0.514947 0.505278 0.017186
0.510103 0.490308 0.019823
0.510132 0.480391 0.021769
0.515054 0.475457 0.022686
0.515030 0.485355 0.020649
0.505087 0.515227 0.015876
0.505125 0.505252 0.017360
0.510016 0.510253 0.016521
0.559217 0.450887 0.025765
0.564106 0.455845 0.024146
0.559221 0.460776 0.023503
0.564094 0.445947 0.026451
0.568957 0.440996 0.027088
0.573836 0.445959 0.025314
0.568978 0.450906 0.024747
0.549431 0.460741 0.024287
0.554328 0.455817 0.025041
0.554325 0.465702 0.022829
0.549432 0.450872 0.026645
0.549423 0.441009 0.029202
0.554309 0.436068 0.030066
0.554323 0.445942 0.027453
0.544509 0.475555 0.021418
0.544525 0.465663 0.023513
0.549420 0.470628 0.022131
0.638026 0.610493 0.008991
0.642956 0.615456 0.008956
0.638026 0.620385 0.008941
0.642956 0.605564 0.009015
0.647886 0.600636 0.009039
0.652817 0.605599 0.008994
0.647886 0.610528 0.008974
0.628166 0.620352 0.008951
0.633096 0.615422 0.008970
0.633097 0.625314 0.008928
0.628165 0.610454 0.009011
0.628164 0.600549 0.009099
0.633094 0.595619 0.009134
0.633095 0.605524 0.009038
0.623238 0.635176 0.008920
0.623237 0.625284 0.008937
0.628167 0.630244 0.008921
0.598578 0.570601 0.009846
0.603509 0.575602 0.009667
0.598582 0.580540 0.009594
0.603506 0.565664 0.009927
0.608434 0.560729 0.010014
0.613366 0.565733 0.009808
0.608437 0.570666 0.009739
0.588725 0.580479 0.009679
0.593651 0.575539 0.009763
0.593655 0.585480 0.009519
0.588721 0.570534 0.009959
0.588716 0.560587 0.010296
0.593641 0.555647 0.010424
0.593647 0.565596 0.010051
0.583805 0.595366 0.009372
0.583800 0.585423 0.009594
0.588730 0.590422 0.009444
0.637975 0.531127 0.010694
0.642921 0.536141 0.010360
0.637999 0.541073 0.010255
0.642894 0.526195 0.010816
0.647812 0.521262 0.010939
0.652762 0.526277 0.010574
0.647842 0.531209 0.010466
0.628133 0.540992 0.010452
0.633054 0.536059 0.010572
0.633075 0.546004 0.010154
0.628109 0.531041 0.010939
0.628080 0.521084 0.011522
0.632995 0.516151 0.011680
0.633027 0.526108 0.011080
0.623224 0.555868 0.009966
0.623210 0.545925 0.010333
0.628150 0.550935 0.010057
0.480409 0.609973 0.009364
0.485324 0.614967 0.009262
0.480391 0.619951 0.009182
0.485338 0.604987 0.009481
0.490265 0.600004 0.009614
0.495181 0.605001 0.009472
0.490254 0.609984 0.009359
0.470542 0.619945 0.009182
0.475477 0.614959 0.009264
0.475456 0.624936 0.009119
0.470562 0.609966 0.009364
0.470579 0.599984 0.009621
0.475507 0.594996 0.009779
0.475494 0.604978 0.009484
0.465580 0.634907 0.009046
0.465606 0.624932 0.009118
0.470519 0.629922 0.009074
0.441092 0.570067 0.010739
0.446007 0.575044 0.010525
0.441078 0.580039 0.010281
0.446018 0.565073 0.011025
0.450942 0.560081 0.011344
0.455856 0.565060 0.011071
0.450933 0.570051 0.010788
0.431234 0.580059 0.010230
0.436164 0.575062 0.010474
0.436147 0.585036 0.010057
0.431251 0.570089 0.010674
0.431265 0.560125 0.011201
0.436191 0.555129 0.011567
0.436179 0.565093 0.010961
0.426279 0.595030 0.009675
0.426301 0.585056 0.010009
0.431214 0.590033 0.009855
0.480485 0.530152 0.014116
0.485389 0.535141 0.013547
0.480466 0.540124 0.013041
0.485411 0.525169 0.014707
0.490338 0.520188 0.015330
0.495236 0.525181 0.014655
0.490312 0.530160 0.014086
0.470635 0.540122 0.013037
0.475559 0.535136 0.013558
0.475544 0.545109 0.012570
0.470654 0.530154 0.014109
0.470679 0.520189 0.015353
0.475610 0.515202 0.016052
0.475581 0.525168 0.014719
0.465700 0.555082 0.011740
0.465712 0.545110 0.012553
0.470622 0.550095 0.012136
0.401600 0.610043 0.009238
0.406513 0.615014 0.009170
0.401567 0.620008 0.009094
0.406544 0.605046 0.009350
0.411487 0.600049 0.009482
0.416400 0.605023 0.009380
0.411458 0.610019 0.009265
0.391706 0.620032 0.009074
0.396653 0.615038 0.009147
0.396621 0.625001 0.009037
0.391739 0.610071 0.009210
0.391771 0.600108 0.009406
0.396717 0.595109 0.009550
0.396686 0.605074 0.009317
0.386725 0.634978 0.008976
0.386758 0.625024 0.009020
0.391673 0.629991 0.008999
0.480284 0.689490 0.008901
0.485212 0.694427 0.008899
0.480282 0.699359 0.008898
0.485216 0.684549 0.008906
0.490148 0.679605 0.008912
0.495074 0.684550 0.008906
0.490143 0.689490 0.008901
0.470423 0.699359 0.008898
0.475353 0.694427 0.008899
0.475352 0.704289 0.008898
0.470425 0.689490 0.008901
0.470431 0.679604 0.008912
0.475364 0.674655 0.008920
0.475357 0.684549 0.008906
0.465493 0.714148 0.008898
0.465493 0.704288 0.008898
0.470423 0.709218 0.008898
0.322954 0.530820 0.011413
0.327889 0.535737 0.011205
0.322952 0.540718 0.010843
0.327882 0.525851 0.011844
0.332805 0.520886 0.012325
0.337746 0.525792 0.012072
0.332820 0.530762 0.011614
0.313082 0.540774 0.010690
0.318021 0.535794 0.011029
0.318009 0.545703 0.010525
0.313084 0.530879 0.011222
0.313066 0.521010 0.011846
0.317986 0.516054 0.012319
0.318014 0.525910 0.011627
0.308105 0.555693 0.010013
0.308136 0.545760 0.010393
0.313060 0.550695 0.010250
0.480527 0.450943 0.029148
0.485493 0.455813 0.027866
0.480589 0.460731 0.026622
0.485422 0.446029 0.030488
0.490316 0.441115 0.031855
0.495295 0.445989 0.030434
0.490395 0.450900 0.029137
0.470727 0.460780 0.026554
0.475628 0.455860 0.027836
0.475682 0.465655 0.025408
0.470655 0.451003 0.029061
0.470556 0.441243 0.031739
0.475438 0.436324 0.033216
0.475547 0.446087 0.030441
0.465856 0.475526 0.023076
0.465821 0.465707 0.025304
0.470771 0.470586 0.024225
0.440445 0.412439 0.038946
0.445487 0.417205 0.037945
0.440649 0.422141 0.036351
0.445248 0.407502 0.040422
0.450037 0.402570 0.041808
0.455118 0.407337 0.040880
0.450310 0.412269 0.039457
0.430787 0.422313 0.035749
0.435626 0.417377 0.037385
0.435796 0.427077 0.034679
0.430583 0.412627 0.038320
0.430309 0.402950 0.040660
0.435084 0.398008 0.042074
0.435389 0.407687 0.039848
0.426057 0.436926 0.031305
0.425928 0.427242 0.034053
0.430931 0.432006 0.032972
0.478468 0.373189 0.048119
0.483669 0.377941 0.047441
0.478949 0.382806 0.046586
0.483152 0.368349 0.048836
0.487818 0.363530 0.049461
0.493057 0.368269 0.048878
0.488372 0.373095 0.048204
0.469051 0.382927 0.046403
0.473768 0.378049 0.047309
0.474212 0.387687 0.045637
0.468576 0.373303 0.047947
0.468036 0.363711 0.049231
0.472695 0.358869 0.049842
0.473257 0.368447 0.048713
0.464694 0.397492 0.043450
0.464319 0.387820 0.045400
0.469460 0.392583 0.044591
0.557547 0.372606 0.044534
0.562681 0.377350 0.042953
0.558048 0.382231 0.042730
0.562136 0.367743 0.044691
0.566685 0.362873 0.044782
0.571836 0.367568 0.043181
0.567276 0.372463 0.043099
0.548262 0.382325 0.043978
0.552923 0.377465 0.044300
0.553377 0.387111 0.042416
0.547763 0.372711 0.045731
0.547174 0.363151 0.047254
0.551758 0.358320 0.047399
0.552378 0.367873 0.045971
0.543933 0.396876 0.041481
0.543568 0.387189 0.043559
0.548672 0.391992 0.042003
0.516016 0.334572 0.051772
0.521170 0.339377 0.051339
0.516445 0.344224 0.051081
0.520783 0.329698 0.051979
0.525560 0.324806 0.052125
0.530651 0.329625 0.051671
0.525905 0.334511 0.051535
0.506534 0.344270 0.051183
0.511263 0.339429 0.051501
0.511734 0.349054 0.050758
0.506114 0.334615 0.051843
0.505787 0.324907 0.052362
0.510599 0.320019 0.052557
0.510884 0.329749 0.052101
0.502378 0.358668 0.049966
0.501829 0.349097 0.050825
0.507046 0.353868 0.050384
0.401782 0.530397 0.013172
0.406699 0.535338 0.012792
0.401772 0.540327 0.012271
0.406708 0.525411 0.013786
0.411634 0.520425 0.014454
0.416552 0.525362 0.013993
0.411625 0.530350 0.013366
0.391928 0.540370 0.012103
0.396856 0.535383 0.012611
0.396843 0.545317 0.011801
0.391937 0.530445 0.012966
0.391939 0.520534 0.013970
0.396863 0.515554 0.014664
0.396862 0.525462 0.013566
0.386979 0.555303 0.011009
0.386999 0.545359 0.011645
0.391912 0.550309 0.011381
0.362273 0.491164 0.016434
0.367238 0.496028 0.016027
0.362326 0.500986 0.015208
0.367179 0.486221 0.017370
0.372085 0.481283 0.018387
0.377060 0.486126 0.017889
0.372149 0.491074 0.016922
0.352458 0.501063 0.014805
0.357366 0.496112 0.015581
0.357414 0.505944 0.014458
0.352397 0.491252 0.015962
0.352316 0.481477 0.017275
0.357212 0.476556 0.018280
0.357299 0.486314 0.016851
0.347586 0.515863 0.013149
0.347549 0.506015 0.014096
0.352501 0.510903 0.013772
0.401501 0.451783 0.025983
0.406496 0.456569 0.025175
0.401595 0.461481 0.023792
0.406396 0.446880 0.027483
0.411287 0.441977 0.029044
0.416287 0.446750 0.028126
0.411393 0.451659 0.026621
0.391702 0.461596 0.023176
0.396603 0.456688 0.024547
0.396691 0.466399 0.022473
0.391601 0.451906 0.025294
0.391484 0.442248 0.027571
0.396375 0.437358 0.029179
0.396497 0.447010 0.026784
0.386878 0.476249 0.020041
0.386800 0.466508 0.021873
0.391786 0.471321 0.021223
0.559156 0.689493 0.008900
0.564085 0.694427 0.008898
0.559155 0.699359 0.008897
0.564086 0.684556 0.008902
0.569016 0.679618 0.008905
0.573944 0.684557 0.008901
0.569015 0.689493 0.008899
0.549296 0.699359 0.008898
0.554226 0.694427 0.008898
0.554226 0.704288 0.008898
0.549297 0.689492 0.008900
0.549298 0.679613 0.008907
0.554229 0.674671 0.008912
0.554227 0.684555 0.008903
0.544367 0.714148 0.008898
0.544367 0.704288 0.008898
0.549296 0.709218 0.008898
0.519745 0.649872 0.008974
0.524668 0.654841 0.008958
0.519735 0.659799 0.008947
0.524677 0.644908 0.008987
0.529609 0.639943 0.009001
0.534531 0.644920 0.008981
0.529599 0.649881 0.008969
0.509879 0.659794 0.008950
0.514812 0.654834 0.008962
0.514803 0.664755 0.008937
0.509890 0.649864 0.008979
0.509903 0.639919 0.009014
0.514837 0.634947 0.009031
0.514823 0.644898 0.008993
0.504938 0.674659 0.008919
0.504946 0.664751 0.008939
0.509871 0.669708 0.008927
0.559179 0.610169 0.009210
0.564105 0.615162 0.009123
0.559179 0.620117 0.009078
0.564104 0.605215 0.009278
0.569028 0.600264 0.009351
0.573955 0.605260 0.009236
0.569030 0.610210 0.009176
0.549328 0.620086 0.009098
0.554254 0.615126 0.009150
0.554251 0.625074 0.009041
0.549329 0.610132 0.009242
0.549328 0.600173 0.009447
0.554250 0.595215 0.009546
0.554254 0.605173 0.009318
0.544393 0.634996 0.009003
0.544400 0.625048 0.009058
0.549323 0.630034 0.009017
0.716937 0.531622 0.009431
0.721871 0.536583 0.009302
0.716938 0.541510 0.009261
0.721871 0.526696 0.009482
0.726805 0.521772 0.009535
0.731738 0.526731 0.009393
0.726804 0.531657 0.009346
0.707072 0.541477 0.009335
0.712004 0.536549 0.009382
0.712006 0.546438 0.009224
0.707068 0.531581 0.009527
0.707060 0.521681 0.009766
0.711994 0.516757 0.009833
0.712001 0.526655 0.009585
0.702141 0.556298 0.009163
0.702140 0.546406 0.009292
0.707073 0.551367 0.009191
0.677326 0.491685 0.011648
0.682291 0.496704 0.011210
0.677364 0.501628 0.011107
0.682248 0.486757 0.011775
0.687172 0.481828 0.011911
0.692146 0.486854 0.011442
0.687218 0.491779 0.011322
0.667483 0.501539 0.011413
0.672404 0.496612 0.011527
0.672441 0.506555 0.011003
0.667441 0.491589 0.012012
0.667389 0.481624 0.012725
0.672303 0.476690 0.012887
0.672358 0.486658 0.012151
0.662600 0.516413 0.010791
0.662564 0.506468 0.011298
0.667520 0.511483 0.010898
0.657446 0.471542 0.014100
0.662418 0.476585 0.013373
0.657509 0.481522 0.013198
0.662352 0.466600 0.014298
0.667259 0.461657 0.014498
0.672238 0.466707 0.013736
0.667328 0.471647 0.013553
0.697163 0.511712 0.010223
0.702114 0.516700 0.009978
0.697181 0.521626 0.009903
0.702098 0.506790 0.010307
0.707036 0.501871 0.010389
0.711986 0.506857 0.010128
0.707049 0.511778 0.010053
0.539477 0.590167 0.009769
0.544402 0.595171 0.009597
0.539480 0.600135 0.009487
0.544397 0.585205 0.009903
0.549317 0.580246 0.010041
0.554245 0.585253 0.009834
0.549324 0.590211 0.009713
0.500070 0.629945 0.009066
0.504986 0.634934 0.009037
0.500051 0.639909 0.009019
0.505002 0.624967 0.009105
0.509932 0.619991 0.009160
0.514850 0.624984 0.009096
0.509919 0.629958 0.009059
0.539443 0.669718 0.008922
0.544371 0.674668 0.008914
0.539440 0.679612 0.008908
0.544374 0.664769 0.008929
0.549305 0.659819 0.008936
0.554232 0.664775 0.008925
0.549301 0.669722 0.008919
0.381425 0.432759 0.029084
0.386460 0.437498 0.028339
0.381568 0.442381 0.026742
0.386310 0.427882 0.030796
0.391183 0.423001 0.032518
0.396235 0.427726 0.031724
0.391351 0.432614 0.030002
0.342329 0.471834 0.018141
0.347326 0.476651 0.017705
0.342434 0.481567 0.016751
0.347214 0.466934 0.019208
0.352099 0.462040 0.020360
0.357107 0.466835 0.019864
0.352217 0.471740 0.018742
0.382079 0.510702 0.014797
0.387011 0.515614 0.014382
0.382089 0.520590 0.013706
0.387000 0.505729 0.015569
0.391922 0.500755 0.016399
0.396858 0.505660 0.015905
0.391934 0.510638 0.015115
0.495686 0.315162 0.052742
0.500722 0.320043 0.052573
0.495915 0.324925 0.052371
0.500537 0.310260 0.052875
0.505410 0.305346 0.052970
0.510407 0.310240 0.052867
0.505552 0.315150 0.052739
0.536734 0.353690 0.049309
0.541951 0.358427 0.048364
0.537343 0.363237 0.048144
0.541376 0.348847 0.049464
0.546027 0.343978 0.049568
0.551180 0.348727 0.048596
0.546562 0.353592 0.048504
0.457617 0.354198 0.050053
0.462817 0.358965 0.049673
0.458160 0.363826 0.049008
0.462305 0.349323 0.050588
0.467014 0.344450 0.051055
0.472176 0.349250 0.050717
0.467487 0.354108 0.050230
0.420063 0.393519 0.042040
0.425201 0.398227 0.041389
0.420419 0.403165 0.039924
0.424815 0.388574 0.043399
0.429550 0.383627 0.044668
0.434710 0.388341 0.044069
0.429965 0.393284 0.042773
0.460546 0.431592 0.034342
0.465555 0.436412 0.033041
0.460676 0.441333 0.031526
0.465415 0.426661 0.035944
0.470281 0.421728 0.037492
0.475304 0.426558 0.036147
0.470429 0.431487 0.034585
0.303152 0.511234 0.012294
0.308113 0.516118 0.012069
0.303191 0.521073 0.011625
0.308064 0.506292 0.012804
0.312970 0.501355 0.013366
0.317939 0.506224 0.013104
0.313028 0.511169 0.012561
0.460583 0.669701 0.008930
0.465506 0.674655 0.008920
0.460572 0.679604 0.008912
0.465518 0.664743 0.008941
0.470454 0.659782 0.008955
0.475376 0.664744 0.008942
0.470441 0.669701 0.008930
0.381943 0.590182 0.009606
0.386857 0.595144 0.009503
0.381909 0.600143 0.009364
0.386889 0.585181 0.009781
0.391833 0.580180 0.009978
0.396746 0.585143 0.009843
0.391803 0.590143 0.009662
0.460873 0.510249 0.016703
0.465776 0.515216 0.016016
0.460844 0.520205 0.015300
0.465809 0.505258 0.017513
0.470748 0.500265 0.018358
0.475646 0.505238 0.017558
0.470710 0.510227 0.016769
0.421440 0.550197 0.011765
0.426352 0.555159 0.011469
0.421424 0.560154 0.011109
0.426367 0.545203 0.012216
0.431294 0.540208 0.012718
0.436205 0.545168 0.012337
0.431279 0.550163 0.011878
0.460750 0.590001 0.009943
0.465664 0.594992 0.009774
0.460734 0.599983 0.009614
0.465677 0.585010 0.010142
0.470602 0.580020 0.010358
0.475518 0.585014 0.010147
0.470592 0.590002 0.009952
0.618190 0.511031 0.012581
0.623134 0.516059 0.012021
0.618221 0.520996 0.011837
0.623100 0.506094 0.012782
0.628010 0.501159 0.012975
0.632958 0.506190 0.012372
0.628047 0.511124 0.012200
0.578851 0.550557 0.010937
0.583784 0.555574 0.010590
0.578860 0.560516 0.010446
0.583774 0.545614 0.011125
0.588696 0.540671 0.011322
0.593630 0.545691 0.010916
0.588707 0.550632 0.010747
0.618302 0.590584 0.009268
0.623233 0.595569 0.009175
0.618304 0.600502 0.009134
0.623231 0.585651 0.009317
0.628161 0.580721 0.009364
0.633093 0.585708 0.009258
0.628163 0.590637 0.009217
0.539587 0.431166 0.032853
0.544512 0.436084 0.031005
0.539615 0.441016 0.030020
0.544481 0.426224 0.033882
0.549351 0.421284 0.034782
0.554282 0.426189 0.032855
0.549402 0.431141 0.031961
0.500313 0.470512 0.024125
0.505227 0.475444 0.022930
0.500307 0.480380 0.021963
0.505228 0.465592 0.025187
0.510142 0.460677 0.026269
0.515064 0.465597 0.024926
0.510146 0.470517 0.023919
0.539494 0.510378 0.015814
0.544397 0.515397 0.015006
0.539471 0.520357 0.014534
0.544422 0.505416 0.016341
0.549349 0.500456 0.016866
0.554248 0.505482 0.015952
0.549323 0.510439 0.015480
0.577848 0.391681 0.037481
0.582849 0.396510 0.035557
0.578170 0.401449 0.035324
0.582478 0.386752 0.037645
0.587090 0.381820 0.037795
0.592148 0.386629 0.035948
0.587507 0.391571 0.035761
0.617669 0.431148 0.023174
0.622631 0.436192 0.021690
0.617766 0.441162 0.021340
0.622522 0.426172 0.023522
0.627367 0.421201 0.023838
0.632376 0.426249 0.022352
0.627502 0.431219 0.022032
0.578785 0.470810 0.019822
0.583693 0.475823 0.018597
0.578804 0.480759 0.018169
0.583661 0.465872 0.020281
0.588531 0.460929 0.020730
0.593448 0.465942 0.019431
0.588574 0.470884 0.019018
0.657747 0.551148 0.009633
0.662684 0.556136 0.009470
0.657754 0.561066 0.009429
0.662674 0.546216 0.009696
0.667600 0.541285 0.009762
0.672541 0.546274 0.009572
0.667613 0.551205 0.009519
0.500112 0.550132 0.012067
0.505024 0.555134 0.011657
0.500109 0.560109 0.011349
0.505029 0.545156 0.012455
0.509947 0.540182 0.012872
0.514858 0.545188 0.012365
0.509940 0.550160 0.011996
0.421251 0.629942 0.009038
0.426163 0.634921 0.009021
0.421219 0.639907 0.008999
0.426195 0.624951 0.009082
0.431138 0.619959 0.009146
0.436050 0.624941 0.009095
0.431107 0.629932 0.009049
0.500000 0.709218 0.008898
0.504930 0.714148 0.008898
0.500000 0.719078 0.008898
0.504930 0.704289 0.008898
0.509859 0.699359 0.008898
0.514789 0.704289 0.008898
0.509860 0.709218 0.008898
0.342659 0.550536 0.010635
0.347572 0.555483 0.010469
0.342622 0.560484 0.010204
0.347599 0.545545 0.010972
0.352535 0.540558 0.011356
0.357454 0.545495 0.011136
0.352516 0.550487 0.010779
0.499199 0.392276 0.044831
0.504345 0.397086 0.043753
0.499540 0.401971 0.042720
0.503965 0.387411 0.045730
0.508714 0.382561 0.046542
0.513905 0.387356 0.045534
0.509135 0.392214 0.044694
0.421431 0.471006 0.022745
0.426392 0.475848 0.021947
0.421476 0.480801 0.020778
0.426339 0.466070 0.024028
0.431242 0.461138 0.025371
0.436213 0.465960 0.024464
0.431305 0.470902 0.023177
0.578883 0.630111 0.008973
0.583809 0.635084 0.008955
0.578880 0.640032 0.008951
0.583811 0.625164 0.008988
0.588738 0.620219 0.009013
0.593665 0.625194 0.008973
0.588737 0.630138 0.008960
0.647502 0.461446 0.015805
0.647573 0.471438 0.014696
0.642604 0.466392 0.015572
0.652474 0.466495 0.014910
0.652541 0.476481 0.013906
0.687251 0.501714 0.010834
0.687279 0.511641 0.010419
0.682323 0.506637 0.010739
0.692209 0.506716 0.010507
0.692232 0.516637 0.010141
0.529628 0.580155 0.010182
0.529632 0.590128 0.009818
0.524709 0.585123 0.010017
0.534552 0.585162 0.009964
0.534556 0.595132 0.009642
0.490239 0.619961 0.009178
0.490220 0.629934 0.009071
0.485306 0.624943 0.009117
0.495154 0.624954 0.009113
0.495135 0.634924 0.009043
0.529592 0.659805 0.008944
0.529586 0.669715 0.008924
0.524660 0.664759 0.008934
0.534517 0.664764 0.008932
0.534512 0.674665 0.008915
0.371289 0.423326 0.030417
0.371488 0.432901 0.028093
0.366425 0.428179 0.028720
0.376372 0.428034 0.029793
0.376535 0.437635 0.027433
0.332314 0.462226 0.019020
0.332443 0.471923 0.017564
0.327438 0.467113 0.017977
0.337325 0.467026 0.018579
0.337442 0.476741 0.017155
0.372193 0.500908 0.015623
0.372221 0.510768 0.014461
0.367278 0.505872 0.014836
0.377140 0.505800 0.015212
0.377158 0.515674 0.014084
0.485688 0.305358 0.052969
0.485823 0.315171 0.052737
0.480814 0.310273 0.052867
0.490674 0.310266 0.052874
0.490856 0.320055 0.052572
0.526341 0.344165 0.050790
0.526867 0.353763 0.049890
0.521647 0.349002 0.050547
0.531530 0.348936 0.050115
0.532101 0.358507 0.049099
0.447290 0.344591 0.050754
0.447754 0.354300 0.049822
0.442580 0.349504 0.050184
0.452442 0.349406 0.050411
0.452948 0.359075 0.049441
0.409683 0.384168 0.043129
0.410134 0.393771 0.041200
0.404939 0.389109 0.041728
0.414891 0.388831 0.042618
0.415293 0.398458 0.040600
0.450517 0.421986 0.036842
0.450668 0.431713 0.033991
0.445660 0.426922 0.035210
0.455533 0.426783 0.035631
0.455675 0.436517 0.032760
0.293214 0.501491 0.012749
0.293274 0.511298 0.012042
0.288309 0.506421 0.012253
0.298186 0.506359 0.012521
0.298235 0.516182 0.011832
0.450741 0.659781 0.008952
0.450725 0.669701 0.008929
0.445803 0.664744 0.008939
0.455661 0.664743 0.008940
0.455648 0.674655 0.008920
0.372117 0.580264 0.009828
0.372080 0.590225 0.009547
0.367167 0.585268 0.009646
0.377030 0.585222 0.009715
0.376995 0.595183 0.009453
0.451061 0.500338 0.018138
0.451032 0.510284 0.016586
0.446122 0.505334 0.017256
0.455968 0.505290 0.017412
0.455939 0.515241 0.015933
0.411614 0.540286 0.012429
0.411599 0.550232 0.011644
0.406686 0.545278 0.011948
0.416527 0.545239 0.012086
0.416512 0.555191 0.011364
0.450921 0.580026 0.010319
0.450906 0.590006 0.009923
0.445992 0.585021 0.010097
0.455835 0.585012 0.010125
0.455820 0.594993 0.009762
0.608313 0.500969 0.013898
0.608340 0.510941 0.012974
0.603405 0.505910 0.013641
0.613250 0.506001 0.013205
0.613279 0.515969 0.012373
0.568990 0.540514 0.011806
0.568997 0.550482 0.011134
0.564067 0.545461 0.011564
0.573920 0.545537 0.011341
0.573928 0.555501 0.010762
0.608440 0.580600 0.009513
0.608443 0.590530 0.009323
0.603512 0.585537 0.009447
0.613371 0.585595 0.009380
0.613374 0.595518 0.009219
0.529680 0.421360 0.036509
0.529746 0.431191 0.033565
0.524788 0.426288 0.035359
0.534648 0.426256 0.034716
0.534689 0.436101 0.031776
0.490447 0.460697 0.026598
0.490473 0.470521 0.024244
0.485538 0.465618 0.025423
0.495386 0.465597 0.025350
0.495396 0.475442 0.023089
0.529703 0.500344 0.017591
0.529665 0.510327 0.016099
0.524771 0.505314 0.016958
0.534596 0.505360 0.016676
0.534566 0.515341 0.015290
0.567776 0.382105 0.041238
0.568185 0.391798 0.039211
0.563135 0.387009 0.041029
0.572833 0.386878 0.039399
0.573195 0.396609 0.037290
0.607745 0.421110 0.026407
0.607871 0.431098 0.024370
0.602932 0.426086 0.026039
0.612709 0.426117 0.024752
0.612813 0.436126 0.022797
0.568994 0.460818 0.022602
0.569004 0.470740 0.020647
0.564112 0.465750 0.022037
0.573885 0.465808 0.021155
0.573900 0.475744 0.019355
0.647865 0.541150 0.010074
0.647881 0.551083 0.009762
0.642941 0.546081 0.009986
0.652808 0.546152 0.009834
0.652819 0.556078 0.009577
0.490294 0.540134 0.013014
0.490284 0.550111 0.012115
0.485374 0.545116 0.012559
0.495202 0.545131 0.012520
0.495195 0.555109 0.011711
0.411427 0.619988 0.009113
0.411394 0.629955 0.009026
0.406481 0.624980 0.009053
0.416339 0.624964 0.009068
0.416306 0.634931 0.009011
0.490141 0.699359 0.008898
0.490141 0.709218 0.008898
0.485211 0.704289 0.008898
0.495071 0.704289 0.008898
0.495071 0.714148 0.008898
0.332817 0.540663 0.011005
0.332797 0.550587 0.010499
0.327877 0.545649 0.010666
0.337740 0.545596 0.010815
0.337711 0.555532 0.010345
0.488859 0.382705 0.046671
0.489274 0.392357 0.044858
0.484118 0.387574 0.045771
0.494036 0.387482 0.045802
0.494415 0.397156 0.043842
0.411482 0.461367 0.024363
0.411552 0.471111 0.022275
0.406578 0.466289 0.023033
0.416460 0.466179 0.023551
0.416518 0.475948 0.021522
0.569031 0.620150 0.009055
0.569029 0.630085 0.008987
0.564104 0.625103 0.009024
0.573956 0.625133 0.009005
0.573954 0.635061 0.008967
0.712003 0.556322 0.009112
0.707070 0.561252 0.009094
0.716936 0.551394 0.009135
0.702136 0.566183 0.009082
0.697202 0.571114 0.009074
0.731734 0.536611 0.009234
0.726801 0.541538 0.009197
0.736667 0.531685 0.009273
0.721869 0.546465 0.009164
0.554226 0.714148 0.008898
0.549296 0.719078 0.008898
0.559155 0.709218 0.008898
0.544367 0.724007 0.008898
0.539437 0.728937 0.008898
0.573944 0.694427 0.008898
0.569014 0.699358 0.008897
0.578874 0.689494 0.008899
0.564085 0.704288 0.008897
0.303084 0.570662 0.009576
0.460563 0.728937 0.008898
0.381751 0.649894 0.008940
0.633097 0.635199 0.008914
0.628167 0.640130 0.008914
0.638027 0.630269 0.008915
0.623238 0.645063 0.008913
0.618309 0.649998 0.008912
0.652816 0.615485 0.008944
0.647886 0.620413 0.008931
0.657746 0.610556 0.008959
0.642956 0.625341 0.008921
0.672539 0.595769 0.009009
0.667608 0.600698 0.008992
0.677471 0.590839 0.009025
0.662677 0.605628 0.008976
0.692269 0.576045 0.009064
0.687336 0.580977 0.009052
0.682403 0.585908 0.009039
0.421129 0.689491 0.008901
0.514789 0.753585 0.008898
0.509860 0.758515 0.008898
0.519719 0.748655 0.008898
0.504930 0.763444 0.008898
0.500000 0.768374 0.008898
0.534507 0.733867 0.008898
0.529578 0.738796 0.008898
0.524648 0.743726 0.008898
0.342401 0.610263 0.009060
0.593662 0.674685 0.008904
0.588733 0.679622 0.008902
0.598592 0.669747 0.008906
0.583803 0.684559 0.008900
0.613380 0.654934 0.008911
0.608450 0.659871 0.008910
0.603521 0.664809 0.008908
0.278507 0.545922 0.010039
0.273579 0.540991 0.010157
0.283431 0.550859 0.009928
0.268646 0.536066 0.010282
0.263709 0.531147 0.010412
0.298175 0.565706 0.009651
0.293265 0.560752 0.009733
0.288350 0.555803 0.009826
0.435915 0.704289 0.008898
0.430986 0.699359 0.008898
0.440845 0.709218 0.008898
0.426057 0.694427 0.008899
0.455634 0.724007 0.008898
0.450704 0.719078 0.008898
0.445775 0.714148 0.008898
0.357158 0.625115 0.008965
0.352239 0.620163 0.008988
0.362077 0.630068 0.008952
0.347320 0.615213 0.009020
0.376833 0.644937 0.008945
0.371914 0.639980 0.008948
0.366996 0.635023 0.008949
0.396510 0.664760 0.008924
0.391590 0.659806 0.008930
0.401432 0.669712 0.008919
0.386670 0.654851 0.008935
0.416203 0.684551 0.008904
0.411278 0.679608 0.008908
0.406354 0.674661 0.008913
0.475352 0.743726 0.008898
0.470423 0.738796 0.008898
0.480282 0.748655 0.008898
0.465493 0.733867 0.008898
0.495071 0.763444 0.008898
0.490141 0.758515 0.008898
0.485212 0.753585 0.008898
0.317819 0.585518 0.009355
0.312906 0.580568 0.009427
0.322733 0.590468 0.009287
0.307995 0.575615 0.009501
0.337483 0.605314 0.009108
0.332565 0.600365 0.009162
0.327649 0.595417 0.009222
