0.584021 0.601144 0.018614
0.583064 0.612068 0.016322
0.578659 0.606338 0.017543
0.454303 0.437985 0.129776
0.452838 0.445088 0.120194
0.448788 0.440925 0.124848
0.538801 0.380069 0.213096
0.538451 0.390489 0.202692
0.533808 0.385250 0.208020
0.365300 0.492495 0.064119
0.363670 0.501912 0.057906
0.359713 0.496414 0.061047
0.500551 0.685796 0.009501
0.500374 0.696575 0.009258
0.495533 0.691097 0.009365
0.429058 0.588474 0.022839
0.427770 0.600264 0.019873
0.423598 0.593758 0.021407
0.517467 0.512417 0.059082
0.515899 0.522079 0.052547
0.511920 0.516746 0.056043
0.670871 0.524754 0.046082
0.669635 0.534226 0.040933
0.665407 0.529091 0.043867
0.605888 0.450023 0.117539
0.604385 0.457828 0.107962
0.600446 0.453671 0.113567
0.649064 0.420983 0.150070
0.647793 0.428736 0.139652
0.643724 0.424636 0.146050
0.615614 0.383375 0.203670
0.614854 0.393675 0.192375
0.610597 0.388430 0.199105
0.561943 0.479770 0.086662
0.560310 0.488407 0.078378
0.556390 0.483665 0.082965
0.530510 0.445387 0.127950
0.528954 0.452786 0.117936
0.525003 0.448677 0.123243
0.574188 0.418570 0.167060
0.572882 0.426140 0.156159
0.568833 0.422169 0.162316
0.627267 0.561167 0.030038
0.626124 0.571432 0.026245
0.621833 0.565982 0.028344
0.593831 0.518884 0.053065
0.592438 0.528518 0.047092
0.588333 0.523311 0.050424
0.637853 0.485349 0.076358
0.636410 0.494173 0.069011
0.632360 0.489372 0.073295
0.473130 0.548640 0.037753
0.471640 0.559335 0.033111
0.467594 0.553410 0.035559
0.441436 0.503645 0.062579
0.439779 0.513265 0.055998
0.435855 0.507778 0.059376
0.486205 0.472719 0.092496
0.484506 0.481173 0.084021
0.480612 0.476370 0.088405
0.396847 0.538219 0.040363
0.395251 0.548901 0.035615
0.391288 0.542747 0.038086
0.463394 0.639253 0.013236
0.462670 0.650764 0.011939
0.458140 0.644718 0.012596
0.333250 0.451533 0.091415
0.331742 0.459915 0.084272
0.327693 0.454924 0.087697
0.497739 0.414175 0.171827
0.496661 0.421302 0.161325
0.492431 0.417435 0.166554
0.461440 0.379551 0.209743
0.461209 0.388377 0.199980
0.456546 0.383983 0.204329
0.499384 0.331763 0.246011
0.499534 0.343895 0.239897
0.494609 0.338073 0.242998
0.578291 0.331280 0.245554
0.578294 0.343829 0.239243
0.573365 0.337468 0.242875
0.538411 0.288088 0.254874
0.538439 0.298002 0.254648
0.533489 0.293029 0.254817
0.409972 0.463091 0.093273
0.408365 0.471446 0.085288
0.404396 0.466548 0.089190
0.377482 0.426889 0.125934
0.376085 0.434128 0.117098
0.371985 0.429696 0.121178
0.420780 0.406500 0.167217
0.419763 0.413013 0.157491
0.415479 0.409030 0.161935
0.541551 0.643358 0.012339
0.540948 0.654343 0.011260
0.536340 0.648654 0.011823
0.506261 0.596142 0.020818
0.505159 0.607406 0.018161
0.500847 0.601394 0.019554
0.549908 0.555889 0.034218
0.548604 0.566396 0.029925
0.544428 0.560748 0.032247
0.714737 0.491866 0.064963
0.713447 0.500741 0.058880
0.709247 0.495836 0.062521
0.681661 0.454596 0.101770
0.680274 0.462796 0.093334
0.676194 0.458333 0.098491
0.588410 0.606850 0.017279
0.458363 0.442070 0.125026
0.543504 0.385597 0.207741
0.369257 0.497919 0.060887
0.505363 0.691312 0.009337
0.433212 0.594909 0.021188
0.521437 0.517675 0.055449
0.675092 0.529852 0.043053
0.609834 0.454143 0.111814
0.653171 0.425124 0.143599
0.619900 0.388930 0.196863
0.565868 0.484427 0.081954
0.534469 0.449442 0.122511
0.578270 0.422621 0.160865
0.631547 0.566571 0.027834
0.597928 0.524035 0.049609
0.641910 0.490104 0.071963
0.477168 0.554495 0.035193
0.445355 0.509045 0.059080
0.490107 0.477424 0.088002
0.400804 0.544283 0.037795
0.467892 0.645316 0.012509
0.337303 0.456463 0.087907
0.502019 0.418119 0.166601
0.466158 0.384119 0.205371
0.504330 0.337573 0.243288
0.583215 0.337538 0.242329
0.543348 0.293025 0.254819
0.413950 0.467896 0.089276
0.381593 0.431247 0.121776
0.425107 0.410472 0.162788
0.546127 0.649067 0.011718
0.510553 0.602114 0.019306
0.554074 0.561485 0.031786
0.718941 0.496752 0.061224
0.685742 0.459024 0.096505
0.676152 0.488407 0.070597
0.680282 0.493231 0.066506
0.674790 0.497272 0.063871
0.681637 0.484438 0.073365
0.698071 0.472734 0.081847
0.702214 0.477438 0.077340
0.696734 0.481337 0.074588
0.709681 0.527982 0.042686
0.713932 0.533040 0.039878
0.708467 0.537309 0.037926
0.715158 0.523798 0.044746
0.731617 0.511522 0.051055
0.735859 0.516475 0.047963
0.730371 0.520548 0.045912
0.545092 0.598874 0.019731
0.549438 0.604693 0.018307
0.544073 0.609942 0.017251
0.550487 0.593695 0.020996
0.566737 0.578396 0.025312
0.571017 0.584066 0.023432
0.565605 0.589166 0.022021
0.502435 0.641506 0.012804
0.506982 0.647352 0.012129
0.501779 0.652720 0.011617
0.507697 0.636122 0.013428
0.523632 0.619980 0.015609
0.528055 0.625905 0.014654
0.522748 0.631271 0.013952
0.539849 0.686735 0.009363
0.544678 0.692134 0.009220
0.539706 0.697297 0.009160
0.544870 0.681530 0.009522
0.560073 0.665900 0.010267
0.564789 0.671413 0.009913
0.559727 0.676598 0.009674
0.415921 0.432925 0.128349
0.420022 0.437124 0.123922
0.414509 0.440010 0.119129
0.421415 0.430180 0.133336
0.437834 0.422156 0.148913
0.441990 0.426049 0.144131
0.436511 0.428774 0.138915
0.371655 0.457498 0.092429
0.375676 0.462356 0.088694
0.370105 0.465857 0.084852
0.377215 0.454143 0.096489
0.393855 0.444557 0.109438
0.397914 0.449098 0.105372
0.392364 0.452289 0.101011
0.403415 0.498307 0.063527
0.407342 0.503744 0.060146
0.401759 0.507849 0.057088
0.409003 0.494337 0.066821
0.425775 0.482770 0.077463
0.429694 0.487876 0.073627
0.424103 0.491756 0.070067
0.538673 0.331202 0.246331
0.543643 0.337312 0.243536
0.538770 0.343463 0.240370
0.543553 0.325271 0.248678
0.558284 0.308335 0.253372
0.563298 0.313777 0.252126
0.558369 0.319460 0.250588
0.577627 0.381565 0.210405
0.582157 0.387229 0.204329
0.577047 0.392218 0.199561
0.582674 0.375951 0.215258
0.597602 0.357456 0.229072
0.602248 0.364296 0.223387
0.597290 0.370418 0.218756
0.499938 0.379394 0.212784
0.504703 0.384586 0.207875
0.499723 0.389368 0.202632
0.504804 0.373972 0.218046
0.519252 0.355851 0.232718
0.524215 0.362083 0.228341
0.519385 0.368175 0.223462
0.459311 0.411106 0.170297
0.463635 0.414983 0.165531
0.458285 0.417857 0.160170
0.464566 0.408031 0.175638
0.480024 0.397529 0.191622
0.484536 0.401833 0.186830
0.479385 0.405436 0.181534
0.492531 0.442118 0.129859
0.496542 0.446171 0.124741
0.491021 0.449351 0.120001
0.498033 0.439019 0.134806
0.514477 0.429651 0.150215
0.518523 0.433521 0.144595
0.513039 0.436699 0.139481
0.327033 0.486375 0.064599
0.331016 0.491783 0.061496
0.325406 0.495678 0.058603
0.332631 0.482596 0.067663
0.349381 0.471541 0.077522
0.353378 0.476677 0.074113
0.347796 0.480382 0.070788
0.461282 0.684652 0.009618
0.466066 0.690333 0.009438
0.461065 0.695682 0.009339
0.466337 0.679261 0.009832
0.481651 0.663071 0.010798
0.486320 0.668851 0.010373
0.481219 0.674229 0.010060
0.390744 0.583198 0.023740
0.394828 0.589945 0.022027
0.389359 0.595400 0.020625
0.396233 0.577976 0.025344
0.412763 0.562912 0.030700
0.416793 0.569251 0.028554
0.411285 0.574282 0.026784
0.479445 0.508364 0.061199
0.483382 0.513699 0.057601
0.477815 0.518015 0.054572
0.485022 0.504191 0.064475
0.501771 0.492016 0.074941
0.505672 0.497020 0.070788
0.500096 0.501105 0.067335
0.434938 0.543871 0.039132
0.438924 0.549848 0.036565
0.433379 0.554604 0.034421
0.440492 0.539241 0.041479
0.457168 0.525655 0.049225
0.461132 0.531320 0.046167
0.455577 0.535873 0.043598
0.467565 0.592745 0.021863
0.471790 0.598935 0.020276
0.466371 0.604251 0.019042
0.473016 0.587539 0.023314
0.489438 0.572252 0.028243
0.493592 0.578216 0.026184
0.488124 0.583317 0.024564
0.632250 0.521781 0.049592
0.636414 0.526902 0.046341
0.630946 0.531358 0.044021
0.637728 0.517427 0.052083
0.654184 0.504698 0.059816
0.658323 0.509655 0.056126
0.652840 0.513882 0.053614
0.588520 0.558646 0.032171
0.592746 0.564140 0.029852
0.587302 0.569044 0.028134
0.593977 0.553841 0.034066
0.610365 0.539756 0.040258
0.614558 0.545070 0.037471
0.609100 0.549756 0.035443
0.623038 0.603143 0.017403
0.627465 0.608757 0.016160
0.622135 0.613940 0.015316
0.628395 0.598021 0.018437
0.644522 0.582917 0.022004
0.648889 0.588406 0.020321
0.643521 0.593424 0.019166
0.568324 0.448094 0.123924
0.572251 0.452142 0.118245
0.566751 0.455641 0.113979
0.573814 0.444664 0.128380
0.590205 0.434298 0.141979
0.594125 0.438159 0.135676
0.588679 0.441682 0.131269
0.524091 0.476527 0.090221
0.527982 0.481195 0.085566
0.522407 0.485074 0.081746
0.529647 0.472805 0.094222
0.546269 0.461980 0.106606
0.550188 0.466305 0.101468
0.544649 0.469942 0.097403
0.555575 0.515882 0.056352
0.559607 0.521076 0.052766
0.554090 0.525538 0.050033
0.561105 0.511543 0.059305
0.577710 0.498831 0.068620
0.581702 0.503757 0.064479
0.576174 0.508010 0.061446
0.611648 0.419637 0.159473
0.615646 0.423617 0.152987
0.610316 0.427333 0.148743
0.616914 0.415762 0.163732
0.632528 0.403747 0.176554
0.636682 0.408232 0.169855
0.631466 0.412146 0.165626
0.643580 0.452062 0.109981
0.647615 0.456369 0.104438
0.642154 0.460098 0.100930
0.649034 0.448396 0.113637
0.665415 0.437537 0.124738
0.669470 0.441718 0.118710
0.664006 0.445351 0.115097
0.599826 0.482554 0.081814
0.603805 0.487240 0.077187
0.598286 0.491296 0.073935
0.605326 0.478610 0.085212
0.621760 0.467029 0.095625
0.625764 0.471494 0.090558
0.620289 0.475367 0.087164
0.666121 0.563593 0.027833
0.670427 0.568923 0.025721
0.665031 0.573698 0.024253
0.671541 0.558926 0.029480
0.687842 0.545295 0.034822
0.692113 0.550483 0.032338
0.686678 0.554999 0.030584
0.511451 0.552606 0.036092
0.515549 0.558323 0.033574
0.510051 0.563218 0.031594
0.516958 0.547819 0.038270
0.533490 0.533788 0.045423
0.537558 0.539259 0.042386
0.532053 0.543945 0.040034
0.424496 0.636407 0.013617
0.428934 0.642710 0.012840
0.423685 0.648290 0.012211
0.429808 0.630822 0.014382
0.445895 0.614175 0.017044
0.450198 0.620562 0.015939
0.444841 0.626094 0.015078
0.500119 0.728192 0.009013
0.505019 0.733320 0.008986
0.500072 0.738348 0.008969
0.505074 0.723072 0.009037
0.519952 0.707514 0.009122
0.524834 0.712827 0.009078
0.519878 0.718001 0.009052
0.358770 0.531832 0.041464
0.362736 0.537884 0.038912
0.357165 0.542370 0.036696
0.364351 0.527479 0.043847
0.381088 0.514689 0.051586
0.385024 0.520453 0.048640
0.379451 0.524742 0.046057
0.536088 0.416426 0.170993
0.540292 0.420494 0.165304
0.534892 0.423861 0.160189
0.541407 0.412811 0.176066
0.557147 0.400897 0.190994
0.561526 0.405578 0.185164
0.556278 0.409574 0.180286
0.448142 0.468204 0.093349
0.452076 0.472955 0.089100
0.446478 0.476596 0.085055
0.453722 0.464734 0.097593
0.470416 0.454744 0.110915
0.474393 0.459117 0.106258
0.468827 0.462476 0.101837
0.580686 0.645011 0.011855
0.585287 0.650619 0.011289
0.580123 0.655829 0.010884
0.585907 0.639766 0.012352
0.601729 0.623962 0.014079
0.606217 0.629656 0.013277
0.600942 0.634919 0.012729
0.659778 0.469699 0.088839
0.658373 0.478173 0.080949
0.654301 0.473553 0.085684
0.663852 0.474278 0.083999
0.670663 0.492414 0.067860
0.692777 0.507953 0.055328
0.691500 0.517076 0.049669
0.687293 0.512077 0.052970
0.696981 0.512925 0.051941
0.704210 0.532221 0.040659
0.528019 0.575620 0.026817
0.526803 0.586527 0.023316
0.522565 0.580678 0.025180
0.532239 0.581423 0.024837
0.539709 0.604092 0.018558
0.484684 0.617433 0.016347
0.483724 0.628998 0.014537
0.479326 0.622876 0.015476
0.489056 0.623555 0.015316
0.497199 0.646894 0.012229
0.520858 0.664553 0.010545
0.520473 0.675466 0.009877
0.515746 0.669861 0.010211
0.525556 0.670181 0.010154
0.534850 0.691933 0.009251
0.399342 0.416405 0.146097
0.398047 0.423084 0.136511
0.393899 0.418924 0.140901
0.403508 0.420506 0.141653
0.410420 0.435726 0.123464
0.355432 0.438604 0.107642
0.353963 0.446458 0.099627
0.349896 0.441731 0.103385
0.359506 0.443259 0.103803
0.366091 0.460923 0.088503
0.387642 0.477324 0.077659
0.386014 0.486240 0.070566
0.382057 0.481036 0.074077
0.391601 0.482456 0.074052
0.397830 0.502329 0.060358
0.518783 0.308420 0.253388
0.518868 0.319493 0.250626
0.513903 0.313938 0.252194
0.523747 0.313841 0.252200
0.533802 0.337254 0.243571
0.558523 0.356376 0.232319
0.558476 0.369045 0.222775
0.553596 0.362620 0.227959
0.563426 0.362872 0.227516
0.572553 0.386844 0.205569
0.480449 0.357290 0.230956
0.480625 0.368841 0.221635
0.475743 0.363470 0.226000
0.485334 0.362865 0.226861
0.495029 0.384445 0.207506
0.441523 0.395081 0.188325
0.440871 0.402235 0.178661
0.436410 0.398210 0.183039
0.446032 0.399160 0.183960
0.454007 0.414023 0.164950
0.476258 0.426418 0.150540
0.474882 0.433209 0.140130
0.470794 0.429301 0.145206
0.480366 0.430267 0.145363
0.487019 0.445228 0.125000
0.311016 0.465366 0.077339
0.309454 0.474165 0.070959
0.305448 0.468934 0.074126
0.315035 0.470536 0.074114
0.321426 0.490201 0.061634
0.442537 0.661154 0.011011
0.442044 0.672612 0.010209
0.437388 0.666644 0.010597
0.447162 0.667144 0.010557
0.456252 0.690036 0.009459
0.374661 0.556698 0.031790
0.373138 0.568182 0.027779
0.369133 0.561545 0.029860
0.378652 0.563208 0.029609
0.385263 0.588547 0.022225
0.463799 0.487702 0.076655
0.462108 0.496743 0.069077
0.458201 0.491597 0.072952
0.467702 0.492763 0.072647
0.473871 0.512597 0.058035
0.419125 0.520519 0.050511
0.417493 0.530697 0.044905
0.413551 0.524874 0.047800
0.423062 0.526259 0.047496
0.429385 0.548545 0.036883
0.451017 0.568053 0.029532
0.449613 0.579276 0.025718
0.445510 0.573057 0.027714
0.455104 0.574199 0.027423
0.462127 0.598009 0.020509
0.615841 0.501722 0.064304
0.614407 0.510927 0.057581
0.610336 0.505935 0.061402
0.619904 0.506666 0.060363
0.626774 0.526189 0.047159
0.571851 0.536945 0.042965
0.570502 0.547035 0.037833
0.566361 0.541603 0.040640
0.575983 0.542318 0.040022
0.583066 0.563502 0.030347
0.605576 0.580764 0.023710
0.604515 0.591408 0.020649
0.600173 0.585794 0.022317
0.609903 0.586342 0.021933
0.617694 0.608301 0.016449
0.552515 0.432297 0.147577
0.550994 0.439520 0.136677
0.547020 0.435580 0.142564
0.556493 0.436209 0.141547
0.562824 0.451531 0.119515
0.508444 0.458722 0.109607
0.506828 0.466560 0.100386
0.502904 0.462143 0.105219
0.512375 0.463051 0.104660
0.518525 0.480315 0.086287
0.539690 0.495675 0.072219
0.538073 0.504812 0.064746
0.534127 0.499778 0.068794
0.543627 0.500636 0.068030
0.550049 0.520274 0.053482
0.595226 0.402526 0.185473
0.594197 0.411230 0.174556
0.590022 0.406820 0.180924
0.599430 0.407100 0.179032
0.606352 0.423439 0.155199
0.627573 0.435513 0.133850
0.626129 0.443180 0.123615
0.622159 0.439130 0.129717
0.631551 0.439552 0.127630
0.638128 0.455757 0.106347
0.584032 0.464689 0.101865
0.582462 0.472808 0.092926
0.578529 0.468397 0.098014
0.587966 0.469023 0.096643
0.594313 0.486547 0.078453
0.649042 0.542469 0.037539
0.647850 0.552339 0.033030
0.643595 0.547052 0.035555
0.653290 0.547717 0.034907
0.660710 0.568325 0.026259
0.495287 0.530074 0.047551
0.493761 0.540277 0.041992
0.489746 0.534632 0.044935
0.499294 0.535643 0.044469
0.505942 0.557442 0.034000
0.407282 0.610189 0.017682
0.406113 0.622630 0.015554
0.401860 0.615904 0.016632
0.411508 0.616893 0.016506
0.419212 0.642021 0.012911
0.480592 0.706936 0.009187
0.480494 0.717576 0.009096
0.475621 0.712202 0.009145
0.485461 0.712348 0.009133
0.495166 0.733275 0.008991
0.342926 0.508459 0.052492
0.341281 0.518359 0.047047
0.337316 0.512568 0.049836
0.346887 0.514177 0.049616
0.353187 0.536229 0.039158
0.518581 0.399112 0.192650
0.517858 0.407552 0.182237
0.513428 0.403219 0.187479
0.523064 0.403631 0.187394
0.530735 0.419901 0.165870
0.432201 0.450026 0.110696
0.430663 0.457703 0.101899
0.426656 0.453181 0.106183
0.436218 0.454454 0.106318
0.442555 0.471745 0.089212
0.562650 0.622116 0.014860
0.561822 0.633211 0.013351
0.557340 0.627434 0.014151
0.567107 0.627904 0.013981
0.575493 0.650245 0.011396
0.570327 0.655469 0.010978
0.569875 0.666223 0.010195
0.565187 0.660688 0.010602
0.574986 0.661030 0.010519
0.579681 0.666540 0.010124
0.579353 0.677141 0.009569
0.574598 0.671709 0.009851
0.561115 0.644207 0.012099
0.565702 0.649862 0.011504
0.560534 0.655102 0.011073
0.566342 0.638936 0.012628
0.571595 0.633654 0.013199
0.576121 0.639356 0.012491
0.570898 0.644613 0.011977
0.552050 0.632752 0.013503
0.551333 0.643788 0.012220
0.546787 0.638058 0.012899
0.556563 0.638504 0.012764
0.555915 0.649469 0.011612
0.436962 0.475359 0.085182
0.435287 0.484056 0.077311
0.431368 0.479034 0.081262
0.440881 0.480296 0.081122
0.444792 0.485308 0.077124
0.443108 0.494325 0.069625
0.439199 0.489153 0.073429
0.429075 0.465719 0.093419
0.433029 0.470496 0.089284
0.427439 0.474086 0.085266
0.434648 0.462301 0.097640
0.440213 0.458956 0.101964
0.444187 0.463538 0.097639
0.438612 0.466980 0.093408
0.421103 0.456408 0.101773
0.419529 0.464422 0.093375
0.415542 0.459710 0.097469
0.425100 0.461024 0.097584
0.423494 0.469213 0.089306
0.525346 0.423252 0.160696
0.523999 0.430328 0.149793
0.519924 0.426492 0.155470
0.529458 0.427129 0.155012
0.533514 0.430993 0.149227
0.532033 0.438148 0.138376
0.528030 0.434216 0.144072
0.516927 0.415338 0.171712
0.521170 0.419328 0.166262
0.515794 0.422642 0.161045
0.522220 0.411766 0.176891
0.527476 0.408012 0.182035
0.531817 0.412271 0.176570
0.526512 0.415876 0.171436
0.508236 0.407088 0.182286
0.507336 0.414780 0.171842
0.503007 0.410734 0.177070
0.512615 0.411264 0.177053
0.511598 0.418744 0.166501
0.347604 0.540688 0.036928
0.346029 0.551614 0.032493
0.342023 0.545230 0.034773
0.351596 0.546940 0.034557
0.355594 0.553329 0.032278
0.354058 0.564838 0.028220
0.350041 0.558153 0.030307
0.339638 0.528533 0.041935
0.343618 0.534559 0.039389
0.338022 0.538989 0.037144
0.345245 0.524234 0.044336
0.350848 0.519978 0.046816
0.354807 0.525864 0.044098
0.349213 0.530190 0.041706
0.331697 0.516725 0.047266
0.330043 0.526861 0.042148
0.326067 0.520929 0.044773
0.335665 0.522589 0.044561
0.334029 0.532874 0.039603
0.490217 0.738325 0.008972
0.490185 0.748326 0.008944
0.485270 0.743349 0.008957
0.495127 0.743348 0.008955
0.500044 0.748286 0.008942
0.500033 0.758053 0.008933
0.495106 0.753225 0.008936
0.480417 0.728035 0.009026
0.485313 0.733220 0.008996
0.480362 0.738292 0.008976
0.485377 0.722883 0.009054
0.490339 0.717699 0.009086
0.495225 0.722982 0.009046
0.490267 0.728118 0.009020
0.470652 0.717445 0.009105
0.470569 0.727946 0.009031
0.465685 0.722662 0.009069
0.475530 0.722776 0.009062
0.475461 0.733157 0.009000
0.413953 0.647668 0.012266
0.413264 0.659537 0.011136
0.408720 0.653347 0.011683
0.418462 0.653899 0.011643
0.423018 0.660051 0.011100
0.422488 0.671683 0.010269
0.417854 0.665646 0.010665
0.405089 0.634931 0.013770
0.409495 0.641348 0.012973
0.404225 0.647069 0.012313
0.410423 0.629211 0.014577
0.415783 0.623520 0.015446
0.420112 0.630017 0.014484
0.414790 0.635665 0.013697
0.396451 0.621725 0.015655
0.395394 0.634204 0.013835
0.391065 0.627588 0.014740
0.400741 0.628401 0.014662
0.399782 0.640692 0.013028
0.500435 0.562327 0.031992
0.499070 0.573167 0.027897
0.494933 0.567264 0.030073
0.504557 0.568166 0.029701
0.508712 0.574024 0.027542
0.507446 0.585007 0.023948
0.503241 0.579082 0.025854
0.492275 0.550725 0.036958
0.496342 0.556512 0.034413
0.490828 0.561383 0.032379
0.497799 0.545967 0.039194
0.503323 0.541260 0.041530
0.507376 0.546917 0.038740
0.501859 0.551691 0.036533
0.484206 0.539246 0.042430
0.482699 0.549708 0.037365
0.478667 0.543918 0.040039
0.488230 0.544967 0.039627
0.486751 0.555530 0.034811
0.655308 0.573125 0.024763
0.654262 0.583442 0.021554
0.649912 0.577989 0.023345
0.659643 0.578539 0.022864
0.663996 0.583972 0.021096
0.663019 0.594398 0.018367
0.658631 0.588913 0.019894
0.646692 0.562368 0.028948
0.650991 0.567733 0.026791
0.645581 0.572557 0.025266
0.652121 0.557648 0.030647
0.657554 0.552989 0.032418
0.661831 0.558282 0.030065
0.656408 0.562976 0.028392
0.638148 0.551700 0.033641
0.636976 0.561768 0.029498
0.632706 0.556406 0.031801
0.642411 0.557024 0.031228
0.641268 0.567150 0.027318
0.588785 0.490595 0.075133
0.587229 0.499553 0.067570
0.583249 0.494690 0.071854
0.592759 0.495399 0.070724
0.596756 0.500272 0.066489
0.595270 0.509468 0.059531
0.591236 0.504481 0.063461
0.580883 0.481205 0.084402
0.584830 0.485860 0.079699
0.579291 0.489890 0.076293
0.586403 0.477303 0.087963
0.591908 0.473442 0.091547
0.595860 0.477952 0.086601
0.590352 0.481881 0.083132
0.573013 0.472141 0.094192
0.571412 0.480502 0.085574
0.567484 0.475930 0.090406
0.576944 0.476631 0.089234
0.575348 0.485156 0.080868
0.632676 0.459484 0.102740
0.631231 0.467659 0.093985
0.627220 0.463241 0.099166
0.636694 0.463861 0.097444
0.640724 0.468315 0.092314
0.639291 0.476729 0.084125
0.635255 0.472157 0.088972
0.624680 0.450963 0.113838
0.628671 0.455184 0.108205
0.623223 0.458903 0.104513
0.630114 0.447299 0.117687
0.635548 0.443655 0.121574
0.639557 0.447824 0.115693
0.634115 0.451491 0.111932
0.616743 0.442755 0.125614
0.615273 0.450474 0.115707
0.611320 0.446385 0.121554
0.620703 0.446820 0.119641
0.619241 0.454646 0.110026
0.601019 0.427160 0.150883
0.599556 0.434596 0.140097
0.595634 0.430777 0.146481
0.604954 0.430993 0.144454
0.608872 0.434845 0.138063
0.607384 0.442379 0.127570
0.603463 0.438451 0.133756
0.593010 0.419296 0.163693
0.597039 0.423276 0.157301
0.591676 0.426923 0.152850
0.598308 0.415447 0.168137
0.603564 0.411443 0.172537
0.607630 0.415598 0.166001
0.602359 0.419501 0.161681
0.584781 0.410915 0.176349
0.583617 0.418976 0.165489
0.579504 0.414826 0.171734
0.588926 0.415184 0.170047
0.587672 0.422999 0.159190
0.544527 0.524721 0.050702
0.543065 0.534628 0.044839
0.539007 0.529226 0.048014
0.548576 0.530055 0.047390
0.552650 0.535434 0.044235
0.551257 0.545559 0.038963
0.547149 0.540074 0.041821
0.536501 0.514213 0.057786
0.540502 0.519440 0.054168
0.534974 0.523873 0.051343
0.542042 0.509908 0.060842
0.547586 0.505659 0.063987
0.551568 0.510741 0.060093
0.546033 0.515063 0.057086
0.528569 0.503935 0.065461
0.526978 0.513330 0.058452
0.523016 0.508147 0.062222
0.532523 0.509043 0.061552
0.530964 0.518573 0.054824
0.512943 0.484165 0.082422
0.511249 0.492987 0.074344
0.507358 0.488066 0.078634
0.516828 0.489004 0.077999
0.520724 0.493913 0.073691
0.519075 0.503028 0.066132
0.515154 0.497974 0.070174
0.505171 0.474717 0.091527
0.509062 0.479398 0.086936
0.503474 0.483214 0.083031
0.510738 0.471060 0.095615
0.516291 0.467458 0.099776
0.520195 0.471949 0.094961
0.514635 0.475643 0.090913
0.497351 0.465611 0.100905
0.495695 0.473740 0.092058
0.491784 0.469134 0.096664
0.501268 0.470121 0.096186
0.499590 0.478434 0.087511
0.557314 0.454985 0.115158
0.555718 0.462714 0.105587
0.551795 0.458466 0.110853
0.561240 0.459161 0.109758
0.565163 0.463410 0.104460
0.563560 0.471442 0.095356
0.559639 0.467038 0.100419
0.549443 0.446824 0.126227
0.553383 0.450876 0.120649
0.547867 0.454290 0.116210
0.554950 0.443482 0.130870
0.560449 0.440141 0.135579
0.564392 0.444098 0.129703
0.558892 0.447481 0.125148
0.541519 0.438852 0.137609
0.539981 0.446124 0.127160
0.536016 0.442116 0.132738
0.545489 0.442821 0.131882
0.543930 0.450179 0.121648
0.612360 0.613492 0.015576
0.611511 0.624393 0.013873
0.607038 0.618714 0.014785
0.616816 0.619153 0.014553
0.621297 0.624812 0.013664
0.620531 0.635711 0.012406
0.616006 0.630066 0.013093
0.603519 0.602171 0.018021
0.607927 0.607830 0.016732
0.602589 0.613031 0.015830
0.608883 0.597032 0.019115
0.614257 0.591933 0.020289
0.618636 0.597534 0.018779
0.613275 0.602664 0.017715
0.594779 0.590869 0.021002
0.593767 0.601665 0.018321
0.589394 0.595987 0.019767
0.599136 0.596517 0.019445
0.598166 0.607347 0.017009
0.577616 0.568415 0.028595
0.576437 0.579010 0.024922
0.572173 0.573381 0.026916
0.581866 0.574001 0.026490
0.586143 0.579608 0.024524
0.585048 0.590316 0.021349
0.580728 0.584656 0.023067
0.569197 0.557319 0.033218
0.573393 0.562854 0.030838
0.567936 0.567773 0.029047
0.574666 0.552498 0.035189
0.580139 0.547730 0.037242
0.584318 0.553174 0.034628
0.578854 0.557989 0.032698
0.560874 0.546314 0.038406
0.559547 0.556622 0.033723
0.555390 0.551078 0.036267
0.565023 0.551804 0.035735
0.563729 0.562187 0.031317
0.621302 0.530655 0.044788
0.620018 0.540442 0.039580
0.615832 0.535176 0.042487
0.625480 0.535871 0.041765
0.629682 0.541121 0.038903
0.628456 0.551061 0.034242
0.624226 0.545739 0.036834
0.613017 0.520335 0.051331
0.617147 0.525475 0.047976
0.611670 0.529946 0.045556
0.618504 0.515970 0.053935
0.623994 0.511659 0.056599
0.628109 0.516699 0.053010
0.622627 0.521059 0.050462
0.604833 0.510197 0.058558
0.603419 0.519610 0.052199
0.599331 0.514513 0.055778
0.608912 0.515242 0.054858
0.607532 0.524756 0.048793
0.456703 0.603334 0.019254
0.455575 0.615062 0.016874
0.451292 0.608721 0.018099
0.460966 0.609626 0.017908
0.465267 0.615900 0.016701
0.464262 0.627632 0.014813
0.459897 0.621379 0.015787
0.448287 0.590722 0.022358
0.452477 0.597030 0.020739
0.447047 0.602364 0.019464
0.453749 0.585514 0.023850
0.459223 0.580368 0.025439
0.463377 0.586554 0.023585
0.457920 0.591760 0.022113
0.440014 0.578129 0.025991
0.438666 0.589630 0.022600
0.434530 0.583267 0.024367
0.444133 0.584420 0.024110
0.442838 0.595998 0.020965
0.423836 0.553270 0.034729
0.422311 0.564299 0.030416
0.418294 0.558056 0.032668
0.427840 0.559418 0.032372
0.431869 0.565618 0.030126
0.430426 0.576916 0.026261
0.426354 0.570589 0.028279
0.415883 0.541155 0.039762
0.419852 0.547182 0.037194
0.414300 0.551875 0.035030
0.421444 0.536589 0.042123
0.427008 0.532068 0.044592
0.430966 0.537942 0.041805
0.425408 0.542541 0.039451
0.407980 0.529279 0.045208
0.406363 0.539714 0.040066
0.402412 0.533729 0.042732
0.411926 0.535185 0.042432
0.410325 0.545761 0.037498
0.468301 0.516889 0.054983
0.466690 0.526826 0.048854
0.462733 0.521242 0.052046
0.472251 0.522391 0.051656
0.476218 0.527953 0.048451
0.474656 0.538168 0.042844
0.470664 0.532470 0.045784
0.460436 0.506084 0.061974
0.464363 0.511453 0.058425
0.458789 0.515723 0.055354
0.466020 0.501959 0.065294
0.471608 0.497895 0.068730
0.475521 0.503095 0.064911
0.469940 0.507245 0.061611
0.452607 0.495552 0.069367
0.450934 0.504884 0.062289
0.447019 0.499569 0.065909
0.456519 0.500784 0.065624
0.454857 0.510269 0.058771
0.379788 0.594036 0.020801
0.378437 0.606773 0.018096
0.374317 0.599693 0.019467
0.383897 0.601001 0.019314
0.388040 0.607956 0.017963
0.386798 0.620800 0.015748
0.382594 0.613830 0.016863
0.371660 0.580156 0.024167
0.375711 0.587079 0.022420
0.370228 0.592613 0.020974
0.377157 0.574914 0.025808
0.382659 0.569811 0.027536
0.386689 0.576481 0.025578
0.381196 0.581711 0.023955
0.363607 0.566523 0.028010
0.362116 0.578566 0.024365
0.358081 0.571650 0.026238
0.367627 0.573296 0.026032
0.366163 0.585562 0.022608
0.451246 0.695411 0.009357
0.451096 0.706375 0.009226
0.446257 0.700788 0.009294
0.456079 0.701031 0.009280
0.460925 0.706576 0.009214
0.460811 0.717306 0.009114
0.455947 0.711879 0.009166
0.441677 0.683940 0.009666
0.446442 0.689718 0.009479
0.441432 0.695120 0.009373
0.446740 0.678499 0.009892
0.451828 0.673057 0.010175
0.456536 0.678893 0.009863
0.451477 0.684308 0.009643
0.432264 0.672139 0.010241
0.431881 0.683549 0.009687
0.427164 0.677650 0.009944
0.436950 0.678080 0.009919
0.436638 0.689377 0.009498
0.315810 0.494070 0.058764
0.314155 0.503606 0.053084
0.310186 0.497992 0.055981
0.319785 0.499619 0.055801
0.323758 0.505242 0.052893
0.322096 0.515074 0.047474
0.318125 0.509301 0.050246
0.307853 0.483188 0.064824
0.311834 0.488595 0.061774
0.306216 0.492452 0.058928
0.313451 0.479448 0.067818
0.319043 0.475758 0.070912
0.323042 0.481036 0.067739
0.317441 0.484792 0.064708
0.299873 0.472550 0.071020
0.298268 0.481573 0.064950
0.294287 0.476220 0.068013
0.303866 0.477841 0.067908
0.302244 0.486982 0.061920
0.481496 0.448362 0.120224
0.479947 0.455815 0.110760
0.475961 0.451531 0.115529
0.485490 0.452562 0.115341
0.489463 0.456835 0.110490
0.487857 0.464614 0.101321
0.483912 0.460175 0.106022
0.473444 0.440158 0.130056
0.477480 0.444229 0.125130
0.471955 0.447319 0.120321
0.478949 0.437163 0.135068
0.484444 0.434172 0.140174
0.488499 0.438121 0.135005
0.482995 0.441167 0.130024
0.465309 0.432187 0.139952
0.463880 0.439094 0.129960
0.459811 0.435076 0.134811
0.469386 0.436146 0.134996
0.467928 0.443174 0.125132
0.448657 0.416815 0.159602
0.447455 0.423338 0.149436
0.443264 0.419512 0.154251
0.452889 0.420628 0.154797
0.457071 0.424429 0.149893
0.455719 0.431114 0.139679
0.451603 0.427201 0.144565
0.440040 0.409064 0.168882
0.444373 0.412962 0.164295
0.439025 0.415668 0.158967
0.445295 0.406214 0.174190
0.450505 0.403195 0.179504
0.454933 0.407178 0.174951
0.449676 0.410143 0.169621
0.431247 0.401129 0.177765
0.430407 0.407852 0.168080
0.426036 0.403879 0.172493
0.435662 0.405119 0.173369
0.434738 0.411782 0.163574
0.490074 0.389139 0.202219
0.489641 0.397971 0.192110
0.485073 0.393492 0.196925
0.494704 0.393824 0.197377
0.499277 0.398376 0.192444
0.498613 0.406589 0.182188
0.494157 0.402337 0.187199
0.480660 0.379397 0.211648
0.485393 0.384326 0.206977
0.480454 0.388902 0.201648
0.485477 0.374168 0.217017
0.490232 0.368497 0.222361
0.495112 0.374030 0.217615
0.490278 0.379374 0.212300
0.471027 0.369322 0.220661
0.471046 0.379467 0.210784
0.466267 0.374678 0.215192
0.475871 0.374385 0.216215
0.475779 0.384218 0.206269
0.567449 0.391807 0.200733
0.566735 0.401370 0.189995
0.562315 0.396482 0.195879
0.571907 0.396924 0.194789
0.576279 0.401804 0.188735
0.575323 0.410523 0.177909
0.571069 0.406044 0.184000
0.558255 0.380810 0.212247
0.562900 0.386439 0.206557
0.557808 0.391368 0.201643
0.563269 0.375269 0.217200
0.568259 0.369347 0.222128
0.572996 0.375610 0.216350
0.567961 0.381196 0.211454
0.548679 0.368739 0.223173
0.548522 0.380416 0.212773
0.543754 0.374577 0.218150
0.553512 0.374914 0.217793
0.553210 0.386014 0.207276
0.528938 0.343401 0.240387
0.529054 0.355895 0.232771
0.524088 0.349610 0.236773
0.533906 0.349672 0.236782
0.538857 0.356011 0.232726
0.538911 0.368479 0.223404
0.534002 0.362202 0.228330
0.518979 0.331200 0.246298
0.523961 0.337230 0.243555
0.519111 0.343402 0.240337
0.523844 0.325243 0.248680
0.528720 0.319456 0.250641
0.533697 0.325247 0.248693
0.528823 0.331174 0.246333
0.509039 0.319670 0.250585
0.509156 0.331376 0.246194
0.504196 0.325616 0.248534
0.514004 0.325342 0.248633
0.514131 0.337314 0.243471
0.392247 0.506402 0.057313
0.390599 0.516207 0.051338
0.386667 0.510522 0.054389
0.396178 0.512004 0.054153
0.400108 0.517686 0.051077
0.398469 0.527812 0.045501
0.394533 0.521970 0.048372
0.384374 0.495438 0.063849
0.388314 0.500880 0.060547
0.382731 0.504922 0.057519
0.389960 0.491524 0.067105
0.395548 0.487663 0.070490
0.399485 0.492946 0.066978
0.393898 0.496888 0.063700
0.376472 0.484803 0.070630
0.374843 0.493973 0.063987
0.370887 0.488624 0.067312
0.380428 0.490080 0.067212
0.378790 0.499405 0.060721
0.360523 0.464411 0.084713
0.358957 0.473021 0.077562
0.354954 0.467952 0.081053
0.364532 0.469414 0.081141
0.368525 0.474476 0.077599
0.366921 0.483351 0.070686
0.362945 0.478152 0.074105
0.352464 0.454570 0.091933
0.356501 0.459463 0.088309
0.350937 0.462938 0.084570
0.358019 0.451228 0.095893
0.363569 0.447955 0.099986
0.367619 0.452700 0.096194
0.362062 0.456048 0.092184
0.344353 0.444931 0.099261
0.342861 0.453065 0.091678
0.338804 0.448200 0.095270
0.348414 0.449728 0.095585
0.346905 0.457976 0.088110
0.404907 0.438593 0.118680
0.403455 0.445992 0.109852
0.399385 0.441533 0.114001
0.408987 0.442964 0.114439
0.413046 0.447384 0.110204
0.411534 0.455073 0.101582
0.407505 0.450502 0.105711
0.396698 0.429977 0.127193
0.400809 0.434264 0.122927
0.395300 0.437126 0.118168
0.402184 0.427267 0.132145
0.407663 0.424627 0.137215
0.411802 0.428763 0.132780
0.406310 0.431481 0.127802
0.388440 0.421508 0.135800
0.387089 0.428448 0.126571
0.382967 0.424161 0.130809
0.392573 0.425728 0.131484
0.391200 0.432767 0.122359
0.529874 0.697120 0.009185
0.529792 0.707641 0.009104
0.524913 0.702308 0.009153
0.534749 0.702459 0.009132
0.539632 0.707764 0.009086
0.539571 0.718150 0.009027
0.534678 0.712926 0.009063
0.520202 0.686271 0.009434
0.525022 0.691728 0.009280
0.520042 0.696942 0.009210
0.525232 0.681014 0.009607
0.530286 0.675755 0.009828
0.535052 0.681273 0.009565
0.530025 0.686504 0.009399
0.510657 0.675173 0.009925
0.510376 0.686035 0.009468
0.505591 0.680486 0.009688
0.515412 0.680752 0.009648
0.515193 0.691522 0.009309
0.491990 0.652283 0.011702
0.491447 0.663473 0.010738
0.486807 0.657674 0.011225
0.496600 0.658096 0.011153
0.501249 0.663845 0.010675
0.500841 0.674877 0.009972
0.496125 0.669207 0.010321
0.482897 0.640456 0.013027
0.487421 0.646404 0.012325
0.482209 0.651811 0.011784
0.488169 0.635038 0.013685
0.493469 0.629616 0.014394
0.497929 0.635598 0.013558
0.492661 0.641000 0.012917
0.473988 0.628337 0.014676
0.473141 0.639874 0.013133
0.468677 0.633793 0.013929
0.478418 0.634436 0.013809
0.477653 0.645879 0.012419
0.534337 0.609349 0.017479
0.533381 0.620548 0.015423
0.528978 0.614645 0.016495
0.538721 0.615227 0.016289
0.543134 0.621093 0.015236
0.542281 0.632276 0.013654
0.537814 0.626435 0.014487
0.525664 0.597570 0.020277
0.529984 0.603462 0.018808
0.524606 0.608729 0.017707
0.531073 0.592381 0.021591
0.536492 0.587235 0.022996
0.540777 0.593053 0.021294
0.535375 0.598237 0.020005
0.517121 0.585783 0.023633
0.515959 0.596872 0.020548
0.511686 0.590938 0.022178
0.521376 0.591676 0.021885
0.520266 0.602803 0.019058
0.698746 0.536519 0.038668
0.697555 0.546030 0.034151
0.693290 0.540876 0.036720
0.703007 0.541639 0.036016
0.707274 0.546775 0.033483
0.706101 0.556384 0.029358
0.701827 0.551199 0.031700
0.690253 0.526336 0.044366
0.694494 0.531417 0.041449
0.689034 0.535741 0.039417
0.695724 0.522102 0.046523
0.701201 0.517922 0.048710
0.705435 0.522942 0.045628
0.699961 0.527151 0.043522
0.681815 0.516250 0.050640
0.680556 0.525537 0.045220
0.676340 0.520475 0.048342
0.686026 0.521279 0.047427
0.684788 0.530627 0.042247
0.665171 0.496464 0.065151
0.663809 0.505480 0.058677
0.659677 0.500558 0.062468
0.669298 0.501353 0.061260
0.673449 0.506283 0.057549
0.672142 0.515442 0.051621
0.667965 0.510442 0.055063
0.656969 0.486835 0.073484
0.661063 0.491622 0.069224
0.655568 0.495681 0.066443
0.662456 0.482859 0.076399
0.667938 0.478924 0.079345
0.672037 0.483636 0.074877
0.666552 0.487608 0.072035
0.648823 0.477442 0.082555
0.647403 0.486083 0.074937
0.643340 0.481373 0.079446
0.652890 0.482107 0.077930
0.651478 0.490854 0.070600
0.600274 0.645777 0.011610
0.604890 0.651342 0.011076
0.599730 0.656523 0.010699
0.605491 0.640556 0.012073
0.610735 0.635319 0.012568
0.615290 0.640938 0.011932
0.610076 0.646147 0.011488
0.589925 0.656180 0.010790
0.595086 0.650985 0.011182
0.594597 0.661692 0.010358
0.590478 0.645399 0.011732
0.591156 0.634508 0.012887
0.596432 0.629235 0.013457
0.595696 0.640166 0.012213
0.584410 0.671998 0.009792
0.584789 0.661365 0.010437
0.589491 0.666850 0.010055
0.467189 0.470542 0.093091
0.471108 0.475273 0.088720
0.465503 0.478963 0.084684
0.472774 0.467022 0.097320
0.478349 0.463568 0.101632
0.482286 0.468101 0.097042
0.476702 0.471652 0.092841
0.455991 0.477796 0.084894
0.461594 0.474133 0.088947
0.459897 0.482713 0.080741
0.457667 0.469389 0.093249
0.459295 0.461338 0.101939
0.464860 0.458011 0.106383
0.463251 0.465898 0.097498
0.448700 0.490394 0.073203
0.450390 0.481522 0.080948
0.454296 0.486522 0.076909
0.555209 0.417577 0.169498
0.559356 0.421658 0.163541
0.553949 0.425089 0.158605
0.560537 0.413910 0.174392
0.565823 0.410072 0.179223
0.570042 0.414395 0.173184
0.564721 0.418100 0.168398
0.544431 0.424489 0.159502
0.549840 0.421097 0.164537
0.548501 0.428413 0.153585
0.545659 0.417010 0.170359
0.546692 0.409037 0.181092
0.551939 0.405074 0.186067
0.550989 0.413378 0.175353
0.537529 0.434907 0.143401
0.538984 0.427773 0.154392
0.543024 0.431663 0.148496
0.377827 0.535074 0.040934
0.381778 0.541154 0.038371
0.376226 0.545690 0.036178
0.383391 0.530668 0.043308
0.388960 0.526299 0.045784
0.392900 0.532224 0.043024
0.387336 0.536671 0.040652
0.366705 0.544038 0.036446
0.372265 0.539525 0.038649
0.370680 0.550306 0.034071
0.368307 0.533459 0.041206
0.369932 0.523168 0.046322
0.375510 0.518904 0.048899
0.373879 0.529079 0.043584
0.359597 0.559860 0.030094
0.361148 0.548631 0.034323
0.365137 0.555022 0.032043
0.519822 0.728301 0.008998
0.524726 0.733377 0.008974
0.519782 0.738370 0.008960
0.524772 0.723207 0.009018
0.529724 0.718079 0.009040
0.534621 0.723260 0.009008
0.529673 0.728339 0.008990
0.509927 0.738362 0.008965
0.514873 0.733352 0.008980
0.514841 0.743323 0.008949
0.509970 0.728253 0.009006
0.510032 0.717912 0.009064
0.514991 0.712721 0.009092
0.514923 0.723146 0.009028
0.504966 0.753149 0.008935
0.504984 0.743336 0.008952
0.509902 0.748245 0.008940
0.443928 0.637895 0.013433
0.448396 0.644082 0.012681
0.443163 0.649579 0.012082
0.449223 0.632387 0.014162
0.454547 0.626884 0.014947
0.458945 0.633111 0.014047
0.453657 0.638592 0.013336
0.433421 0.648935 0.012149
0.438661 0.643410 0.012762
0.437956 0.655084 0.011541
0.434209 0.637157 0.013528
0.435147 0.625260 0.015206
0.440511 0.619699 0.016088
0.439511 0.631623 0.014274
0.427620 0.666130 0.010634
0.428207 0.654481 0.011595
0.432776 0.660598 0.011058
0.530659 0.554318 0.035176
0.534792 0.559975 0.032698
0.529309 0.564878 0.030774
0.536154 0.549518 0.037294
0.541650 0.544769 0.039506
0.545767 0.550315 0.036787
0.540279 0.555121 0.034703
0.519674 0.564066 0.031187
0.525166 0.559167 0.033140
0.523831 0.569833 0.028934
0.521050 0.553480 0.035639
0.522467 0.543085 0.040548
0.527977 0.538408 0.042934
0.526551 0.548685 0.037788
0.512899 0.579898 0.025519
0.514189 0.569019 0.029320
0.518361 0.574840 0.027182
0.685541 0.564849 0.026703
0.689846 0.570141 0.024630
0.684458 0.574863 0.023213
0.690960 0.560237 0.028305
0.696389 0.555686 0.029971
0.700668 0.560904 0.027714
0.695248 0.565488 0.026132
0.674747 0.574277 0.023737
0.680138 0.569529 0.025178
0.679084 0.579653 0.021880
0.675832 0.564217 0.027270
0.676968 0.554319 0.031195
0.682402 0.549776 0.032978
0.681251 0.559577 0.028894
0.668366 0.589424 0.019458
0.669367 0.579093 0.022376
0.673722 0.584507 0.020629
0.618810 0.483929 0.079122
0.622827 0.488652 0.074608
0.617320 0.492718 0.071499
0.624299 0.479963 0.082373
0.629781 0.476039 0.085657
0.633810 0.480659 0.080923
0.628323 0.484633 0.077750
0.607797 0.492003 0.072723
0.613309 0.487941 0.075905
0.611807 0.496832 0.068425
0.609312 0.483236 0.080477
0.610815 0.474710 0.088648
0.616292 0.470851 0.092119
0.614806 0.479279 0.083803
0.600780 0.505206 0.062435
0.602277 0.496113 0.069580
0.606292 0.500995 0.065401
0.662596 0.453302 0.105905
0.666657 0.457664 0.100480
0.661186 0.461412 0.097155
0.668064 0.449616 0.109372
0.673527 0.445949 0.112871
0.677590 0.450240 0.107224
0.672125 0.453941 0.103837
0.651659 0.460745 0.099065
0.657127 0.457011 0.102471
0.655714 0.465189 0.093863
0.653076 0.452672 0.107967
0.654491 0.444757 0.117315
0.659951 0.441139 0.121015
0.658541 0.449001 0.111518
0.644768 0.472843 0.087351
0.646192 0.464512 0.095680
0.650242 0.468998 0.090597
0.630277 0.420141 0.154887
0.634322 0.424214 0.148418
0.628974 0.427884 0.144307
0.635562 0.416371 0.159043
0.640822 0.412571 0.163204
0.644948 0.416810 0.156608
0.639647 0.420523 0.152516
0.619629 0.427571 0.146549
0.624965 0.423875 0.150727
0.623603 0.431529 0.140167
0.620947 0.419845 0.157205
0.622149 0.411818 0.167990
0.627355 0.407810 0.172261
0.626220 0.416020 0.161413
0.612799 0.438764 0.131759
0.614265 0.431228 0.142334
0.618208 0.435149 0.135980
0.574686 0.517422 0.054777
0.578749 0.522584 0.051237
0.573246 0.527070 0.048615
0.580202 0.513055 0.057606
0.585718 0.508741 0.060500
0.589762 0.513784 0.056695
0.584255 0.518156 0.053930
0.563663 0.526320 0.049338
0.569174 0.521844 0.052018
0.567745 0.531611 0.046070
0.565127 0.516668 0.055582
0.566637 0.507257 0.062338
0.572172 0.503020 0.065445
0.570649 0.512313 0.058478
0.556750 0.540856 0.041239
0.558155 0.530850 0.046742
0.562246 0.536206 0.043610
0.543009 0.478209 0.088599
0.546916 0.482872 0.083904
0.541346 0.486800 0.080194
0.548561 0.474431 0.092486
0.554105 0.470709 0.096427
0.558023 0.475197 0.091489
0.552474 0.479005 0.087670
0.531873 0.485952 0.081003
0.537446 0.482048 0.084771
0.535773 0.490779 0.076547
0.533548 0.477383 0.089450
0.535195 0.469144 0.098287
0.540736 0.465538 0.102416
0.539102 0.473633 0.093396
0.524636 0.498891 0.069509
0.526297 0.489906 0.077303
0.530203 0.494809 0.072982
0.587140 0.449168 0.121022
0.591065 0.453216 0.115269
0.585591 0.456820 0.111227
0.592600 0.445620 0.125240
0.598042 0.442049 0.129483
0.601958 0.445992 0.123428
0.596521 0.449607 0.119334
0.576176 0.456253 0.112672
0.581664 0.452707 0.116832
0.580102 0.460433 0.107210
0.577740 0.448658 0.122551
0.579290 0.441230 0.132879
0.584755 0.437777 0.137419
0.583216 0.445176 0.126893
0.569087 0.467735 0.099269
0.570675 0.459817 0.108546
0.574601 0.464068 0.103222
0.642580 0.604059 0.016756
0.647020 0.609632 0.015558
0.641701 0.614796 0.014777
0.647924 0.598961 0.017725
0.653274 0.593911 0.018771
0.657679 0.599428 0.017353
0.652346 0.604507 0.016417
0.631916 0.614375 0.015050
0.637243 0.609200 0.015864
0.636390 0.619995 0.014074
0.632807 0.603607 0.017084
0.633761 0.592939 0.019550
0.639138 0.587902 0.020739
0.638160 0.598494 0.018087
0.625801 0.630466 0.012906
0.626601 0.619580 0.014316
0.631089 0.625219 0.013450
0.607876 0.559929 0.031110
0.612129 0.565380 0.028851
0.606698 0.570263 0.027199
0.613323 0.555145 0.032937
0.618773 0.550413 0.034843
0.623010 0.555781 0.032370
0.617566 0.560553 0.030576
0.596996 0.569660 0.027669
0.602433 0.564766 0.029353
0.601273 0.575202 0.025622
0.598194 0.559293 0.031642
0.599437 0.549089 0.036043
0.604900 0.544394 0.038109
0.603646 0.554498 0.033502
0.590448 0.585232 0.022695
0.591566 0.574608 0.026059
0.595856 0.580193 0.024120
0.651536 0.523237 0.047834
0.655732 0.528346 0.044688
0.650271 0.532766 0.042475
0.657008 0.518917 0.050200
0.662485 0.514652 0.052612
0.666668 0.519686 0.049266
0.661198 0.523987 0.046954
0.640603 0.532057 0.043252
0.646068 0.527617 0.045517
0.644812 0.537247 0.040319
0.641887 0.522503 0.048719
0.643210 0.513129 0.054622
0.648695 0.508887 0.057200
0.647362 0.518164 0.051144
0.633904 0.546398 0.036196
0.635141 0.536560 0.041045
0.639356 0.541791 0.038225
0.486890 0.594550 0.021350
0.491149 0.600628 0.019799
0.485742 0.605931 0.018609
0.492329 0.589345 0.022757
0.497780 0.584189 0.024259
0.502003 0.590165 0.022470
0.496570 0.595373 0.021086
0.476050 0.605117 0.018827
0.481463 0.599808 0.020040
0.480349 0.611284 0.017517
0.477221 0.593674 0.021609
0.478479 0.582389 0.024862
0.483954 0.577294 0.026506
0.482666 0.588469 0.023038
0.469606 0.622150 0.015633
0.470652 0.610480 0.017714
0.474970 0.616691 0.016526
0.454017 0.546356 0.038474
0.458028 0.552273 0.035909
0.452490 0.557077 0.033789
0.459564 0.541673 0.040799
0.465113 0.537044 0.043233
0.469112 0.542820 0.040430
0.463570 0.547522 0.038123
0.442930 0.555870 0.034108
0.448472 0.551086 0.036243
0.446959 0.561940 0.031762
0.444473 0.545141 0.038807
0.446048 0.534656 0.043939
0.451606 0.530127 0.046522
0.450024 0.540481 0.041147
0.435926 0.571860 0.027998
0.437395 0.560714 0.032069
0.441438 0.566867 0.029832
0.498456 0.510479 0.060231
0.502406 0.515776 0.056602
0.496853 0.520136 0.053634
0.504021 0.506256 0.063442
0.509586 0.502089 0.066757
0.513517 0.507222 0.062853
0.507961 0.511471 0.059676
0.487333 0.519097 0.054123
0.492894 0.514759 0.057124
0.491301 0.524558 0.050770
0.488951 0.509442 0.060739
0.490603 0.500076 0.067859
0.496186 0.496018 0.071348
0.494522 0.505245 0.063985
0.480202 0.533573 0.045373
0.481774 0.523496 0.051231
0.485750 0.529037 0.048016
0.409876 0.585968 0.023299
0.413995 0.592549 0.021619
0.408540 0.597944 0.020260
0.415357 0.580757 0.024866
0.420850 0.575633 0.026526
0.424938 0.582045 0.024619
0.419461 0.587252 0.023072
0.398944 0.596702 0.020445
0.404405 0.591278 0.021825
0.403094 0.603454 0.018996
0.400304 0.584617 0.023521
0.401732 0.572862 0.027039
0.407242 0.567844 0.028824
0.405789 0.579401 0.025107
0.392222 0.614883 0.016750
0.393489 0.602254 0.019157
0.397655 0.609093 0.017826
0.480907 0.685270 0.009563
0.485707 0.690863 0.009391
0.480712 0.696166 0.009301
0.485954 0.679921 0.009764
0.491027 0.674565 0.010017
0.495771 0.680215 0.009727
0.490726 0.685544 0.009533
0.470886 0.695934 0.009321
0.475884 0.690609 0.009415
0.475734 0.701465 0.009249
0.471092 0.684973 0.009591
0.471416 0.673866 0.010100
0.476521 0.668468 0.010422
0.476143 0.679604 0.009799
0.465783 0.712045 0.009156
0.465905 0.701256 0.009265
0.470757 0.706762 0.009201
0.346188 0.489475 0.064369
0.350159 0.494890 0.061202
0.344563 0.498832 0.058267
0.351778 0.485653 0.067495
0.357363 0.481878 0.070739
0.361336 0.487149 0.067405
0.355749 0.490995 0.064246
0.334991 0.497264 0.058439
0.340593 0.493346 0.061352
0.338960 0.502822 0.055435
0.336616 0.487935 0.064486
0.338221 0.478864 0.070833
0.343804 0.475179 0.074117
0.342209 0.484135 0.067582
0.327728 0.510943 0.050046
0.329380 0.501229 0.055622
0.333350 0.506859 0.052697
0.511550 0.443848 0.129141
0.515530 0.447890 0.123854
0.510018 0.451167 0.119190
0.517048 0.440643 0.134019
0.522540 0.437435 0.138994
0.526535 0.441387 0.133445
0.521035 0.444632 0.128605
0.500529 0.450286 0.119656
0.506044 0.447059 0.124356
0.504496 0.454468 0.114608
0.502050 0.443012 0.129563
0.503524 0.435916 0.139845
0.509006 0.432793 0.144988
0.507548 0.439859 0.134473
0.493417 0.461183 0.105676
0.495002 0.453542 0.115034
0.498963 0.457805 0.110105
0.478540 0.412779 0.171346
0.482839 0.416687 0.166358
0.477493 0.419715 0.161021
0.483789 0.409512 0.176653
0.488994 0.406040 0.181937
0.493397 0.410152 0.176937
0.488139 0.413509 0.171662
0.467900 0.418819 0.160650
0.473244 0.415870 0.166011
0.472104 0.422622 0.155649
0.468935 0.411978 0.170879
0.469771 0.404768 0.180973
0.474925 0.401277 0.186303
0.474185 0.408807 0.176216
0.461207 0.428278 0.144929
0.462506 0.421657 0.155270
0.466674 0.425452 0.150268
0.519360 0.379598 0.213258
0.524106 0.384974 0.208131
0.519086 0.389851 0.202983
0.524276 0.374114 0.218404
0.529149 0.368289 0.223499
0.534018 0.374310 0.218351
0.529083 0.379799 0.213254
0.509399 0.389600 0.202885
0.514401 0.384757 0.208083
0.514025 0.394440 0.197812
0.509641 0.379466 0.213102
0.509629 0.368164 0.223266
0.514435 0.362064 0.228221
0.514534 0.374001 0.218307
0.503789 0.402795 0.187415
0.504358 0.394136 0.197672
0.508927 0.398750 0.192622
0.596781 0.382352 0.207570
0.601191 0.388014 0.201105
0.596089 0.392975 0.196470
0.601820 0.376825 0.212332
0.606804 0.371038 0.217102
0.611261 0.377427 0.210452
0.606252 0.382825 0.205766
0.586595 0.392605 0.198138
0.591705 0.387614 0.202842
0.590950 0.397700 0.191848
0.587237 0.381941 0.209111
0.587690 0.369973 0.220123
0.592669 0.363730 0.224795
0.592285 0.376339 0.213926
0.580567 0.406462 0.182584
0.581454 0.397330 0.193441
0.585776 0.402193 0.187224
0.558449 0.331278 0.246203
0.563445 0.337437 0.243260
0.558506 0.343662 0.240129
0.563383 0.325280 0.248523
0.568315 0.319409 0.250422
0.573319 0.325240 0.248241
0.568387 0.331284 0.245959
0.548612 0.343560 0.240289
0.553521 0.337380 0.243455
0.553577 0.349923 0.236564
0.548533 0.331246 0.246291
0.548447 0.319476 0.250628
0.553359 0.313827 0.252191
0.553443 0.325289 0.248641
0.543784 0.362384 0.228203
0.543725 0.349782 0.236712
0.548669 0.356180 0.232583
0.422434 0.501045 0.063102
0.426354 0.506469 0.059654
0.420774 0.510633 0.056581
0.428021 0.497022 0.066418
0.433609 0.493058 0.069861
0.437521 0.498315 0.066175
0.431937 0.502363 0.062852
0.411268 0.509260 0.056844
0.416850 0.505125 0.059911
0.415194 0.514851 0.053630
0.412928 0.499693 0.063327
0.414592 0.490423 0.070242
0.420182 0.486566 0.073789
0.418514 0.495696 0.066634
0.404042 0.523444 0.048092
0.405687 0.513447 0.053900
0.409617 0.519123 0.050801
0.390828 0.460330 0.092899
0.394831 0.465168 0.089050
0.389251 0.468686 0.085113
0.396394 0.456973 0.097051
0.401954 0.453698 0.101326
0.405974 0.458360 0.097291
0.400405 0.461725 0.093112
0.379681 0.467279 0.084987
0.385257 0.463768 0.088877
0.383669 0.472268 0.081306
0.381244 0.458923 0.092669
0.382770 0.450866 0.100680
0.388316 0.447669 0.104997
0.386807 0.455565 0.096776
0.372504 0.479604 0.074094
0.374104 0.470850 0.081227
0.378087 0.475908 0.077633
0.435124 0.435597 0.129206
0.439206 0.439723 0.124609
0.433688 0.442667 0.119800
0.440624 0.432777 0.134213
0.446118 0.429983 0.139330
0.450222 0.433959 0.134545
0.444717 0.436824 0.129523
0.424102 0.441368 0.119501
0.429617 0.438457 0.124303
0.428162 0.445666 0.115091
0.425526 0.434297 0.128816
0.426899 0.427479 0.138428
0.432374 0.424807 0.143627
0.431022 0.431519 0.133812
0.417085 0.451864 0.105981
0.418579 0.444342 0.114802
0.422628 0.448730 0.110485
0.559493 0.687184 0.009289
0.564331 0.692527 0.009158
0.559368 0.697640 0.009108
0.564505 0.682030 0.009434
0.569539 0.676872 0.009621
0.574322 0.682276 0.009389
0.569315 0.687405 0.009251
0.549538 0.697470 0.009134
0.554505 0.692332 0.009189
0.554420 0.702754 0.009088
0.549671 0.686961 0.009327
0.549914 0.676321 0.009727
0.554982 0.671112 0.009975
0.554687 0.681782 0.009478
0.544521 0.713020 0.009047
0.544585 0.702608 0.009110
0.549470 0.707883 0.009068
0.521990 0.642458 0.012574
0.526554 0.648230 0.011926
0.521362 0.653549 0.011441
0.527239 0.637121 0.013166
0.532513 0.631782 0.013803
0.537012 0.637598 0.013033
0.531770 0.642914 0.012457
0.511570 0.653139 0.011530
0.516768 0.647796 0.012028
0.516196 0.658872 0.011002
0.512212 0.641989 0.012690
0.512986 0.630741 0.014101
0.518299 0.625355 0.014821
0.517467 0.636629 0.013297
0.505935 0.669538 0.010267
0.506398 0.658489 0.011078
0.511054 0.664202 0.010611
0.564545 0.600058 0.019179
0.568914 0.605812 0.017801
0.563559 0.611049 0.016791
0.569929 0.594884 0.020392
0.575324 0.589749 0.021689
0.579659 0.595443 0.020083
0.574280 0.600609 0.018900
0.553814 0.610509 0.017021
0.559174 0.605266 0.018055
0.558218 0.616317 0.015873
0.554815 0.599481 0.019456
0.555894 0.588554 0.022349
0.561310 0.583455 0.023789
0.560205 0.594304 0.020695
0.547576 0.626944 0.014319
0.548467 0.615785 0.016081
0.552890 0.621616 0.015049
0.729137 0.529676 0.041054
0.733388 0.534701 0.038354
0.727914 0.538921 0.036478
0.734619 0.525536 0.043021
0.740106 0.521440 0.045006
0.744355 0.526414 0.042177
0.738869 0.530534 0.040256
0.718189 0.538113 0.037196
0.723660 0.533868 0.039110
0.722447 0.543198 0.034632
0.719407 0.528826 0.041864
0.720641 0.519664 0.046830
0.726128 0.515574 0.048935
0.724886 0.524664 0.043877
0.711540 0.551927 0.031065
0.712726 0.542414 0.035318
0.716989 0.547532 0.032826
0.695405 0.490082 0.067755
0.699572 0.494942 0.063836
0.694082 0.498958 0.061348
0.700889 0.486126 0.070375
0.706372 0.482200 0.073023
0.710546 0.487012 0.068897
0.705061 0.490961 0.066353
0.684427 0.498102 0.062603
0.689917 0.494073 0.065165
0.688592 0.503012 0.058880
0.685768 0.489231 0.069170
0.687118 0.480505 0.076164
0.692596 0.476605 0.078991
0.691253 0.485267 0.071864
0.677622 0.511250 0.054011
0.678936 0.502171 0.060064
0.683105 0.507108 0.056432
0.678893 0.471163 0.085328
0.682998 0.475802 0.080652
0.677519 0.479701 0.077749
0.684367 0.467330 0.088365
0.689837 0.463523 0.091430
0.693946 0.468094 0.086544
0.688474 0.471934 0.083583
0.712172 0.509709 0.053159
0.716402 0.514678 0.049922
0.710916 0.518786 0.047763
0.717663 0.505667 0.055411
0.723156 0.501658 0.057675
0.727382 0.506583 0.054289
0.721891 0.510613 0.052099
0.547361 0.577078 0.026074
0.551613 0.582811 0.024142
0.546189 0.587912 0.022674
0.552810 0.572066 0.027741
0.558266 0.567102 0.029490
0.562487 0.572740 0.027332
0.557045 0.577754 0.025696
0.504145 0.618774 0.015981
0.508546 0.624784 0.014987
0.503225 0.630192 0.014248
0.509506 0.613404 0.016908
0.514880 0.608081 0.017934
0.519240 0.614037 0.016702
0.513886 0.619389 0.015795
0.540466 0.665238 0.010409
0.545174 0.670806 0.010036
0.540101 0.676040 0.009778
0.545591 0.659982 0.010766
0.550740 0.654727 0.011167
0.555389 0.660338 0.010685
0.550269 0.665572 0.010339
0.418584 0.419481 0.147645
0.422754 0.423469 0.143048
0.417283 0.426096 0.137862
0.424007 0.416955 0.152950
0.429394 0.414402 0.158265
0.433636 0.418290 0.153637
0.428210 0.420872 0.148317
0.374648 0.441635 0.108563
0.378715 0.446225 0.104609
0.373171 0.449424 0.100337
0.380175 0.438596 0.113041
0.385693 0.435639 0.117641
0.389781 0.440074 0.113528
0.384253 0.443107 0.109007
0.406726 0.480105 0.077643
0.410663 0.485226 0.073915
0.405073 0.489058 0.070383
0.412316 0.476413 0.081411
0.417906 0.472781 0.085302
0.421847 0.477739 0.081359
0.416255 0.481453 0.077573
0.538498 0.308382 0.253385
0.543467 0.313839 0.252202
0.538578 0.319464 0.250644
0.543396 0.303103 0.254194
0.548305 0.297991 0.254652
0.553283 0.303077 0.254199
0.548368 0.308377 0.253382
0.578208 0.356746 0.231133
0.582995 0.363366 0.225930
0.578007 0.369639 0.221242
0.583161 0.350355 0.235032
0.588080 0.344009 0.238528
0.592878 0.350665 0.234117
0.587956 0.357008 0.230220
0.499712 0.356190 0.232178
0.504672 0.362173 0.227941
0.499900 0.368269 0.222902
0.504491 0.349863 0.236414
0.509300 0.343549 0.240179
0.514278 0.349657 0.236661
0.509464 0.355938 0.232526
0.460775 0.396495 0.190172
0.465299 0.400661 0.185625
0.460141 0.404029 0.180287
0.465831 0.392734 0.195525
0.470833 0.388655 0.200891
0.475458 0.393131 0.196309
0.470405 0.397041 0.190965
0.495394 0.428157 0.150661
0.499475 0.432011 0.145253
0.493992 0.435074 0.140079
0.500829 0.425124 0.155969
0.506233 0.422000 0.161255
0.510383 0.425832 0.155786
0.504942 0.428933 0.150506
0.330208 0.468508 0.077431
0.334220 0.473656 0.074118
0.328635 0.477323 0.070874
0.335778 0.464950 0.080865
0.341343 0.461439 0.084424
0.345370 0.466464 0.080961
0.339799 0.470036 0.077479
0.462080 0.662174 0.010909
0.466728 0.668055 0.010470
0.461620 0.673475 0.010139
0.467245 0.656737 0.011359
0.472435 0.651306 0.011863
0.477022 0.657222 0.011293
0.471862 0.662637 0.010855
0.393694 0.559937 0.031253
0.397701 0.566368 0.029089
0.392190 0.571371 0.027289
0.399228 0.555140 0.033244
0.404772 0.550419 0.035325
0.408757 0.556630 0.032959
0.403224 0.561458 0.030979
0.482796 0.489942 0.075937
0.486695 0.494974 0.071845
0.481106 0.499005 0.068324
0.488395 0.486051 0.079702
0.493995 0.482215 0.083567
0.497880 0.487080 0.079205
0.492287 0.490999 0.075474
0.438141 0.523183 0.049891
0.442087 0.528889 0.046855
0.436526 0.533390 0.044269
0.443710 0.518820 0.052726
0.449282 0.514515 0.055686
0.453219 0.520052 0.052400
0.447652 0.524441 0.049566
0.470206 0.570261 0.028907
0.474326 0.576317 0.026819
0.468846 0.581406 0.025154
0.475714 0.565295 0.030783
0.481229 0.560386 0.032752
0.485319 0.566307 0.030434
0.479817 0.571284 0.028580
0.634981 0.503190 0.062087
0.639083 0.508138 0.058268
0.633594 0.512392 0.055614
0.640480 0.499030 0.064898
0.645981 0.494918 0.067740
0.650070 0.499784 0.063687
0.644575 0.503936 0.060961
0.591089 0.538365 0.041616
0.595252 0.543710 0.038747
0.589783 0.548414 0.036642
0.596568 0.533770 0.043930
0.602049 0.529234 0.046324
0.606195 0.534476 0.043208
0.600722 0.539064 0.040937
0.625035 0.581865 0.022871
0.629386 0.587396 0.021144
0.624006 0.592443 0.019923
0.630438 0.576905 0.024278
0.635849 0.571998 0.025761
0.640176 0.577446 0.023818
0.634776 0.582395 0.022443
0.571418 0.433421 0.145165
0.575359 0.437314 0.138978
0.569882 0.440713 0.134314
0.576875 0.430038 0.149938
0.582295 0.426574 0.154611
0.586270 0.430455 0.148311
0.580825 0.433897 0.143670
0.527365 0.460413 0.108316
0.531284 0.464738 0.103263
0.525744 0.468315 0.099078
0.532890 0.456964 0.112691
0.538412 0.453556 0.117136
0.542344 0.457732 0.111831
0.536817 0.461213 0.107515
0.558688 0.497315 0.070530
0.562650 0.502256 0.066356
0.557108 0.506474 0.063184
0.564244 0.493216 0.073917
0.569799 0.489163 0.077370
0.573745 0.493966 0.072920
0.568196 0.498088 0.069603
0.613932 0.403006 0.181260
0.618056 0.407495 0.174609
0.612858 0.411590 0.170301
0.619057 0.398620 0.185645
0.624144 0.394145 0.190067
0.628350 0.399068 0.183294
0.623221 0.403317 0.178937
0.646419 0.436432 0.129431
0.650449 0.440567 0.123290
0.645002 0.444183 0.119480
0.651853 0.432844 0.133335
0.657267 0.429253 0.137207
0.661349 0.433387 0.130912
0.655902 0.436974 0.127113
0.602875 0.465834 0.098822
0.606839 0.470226 0.093655
0.601356 0.474069 0.090109
0.608340 0.462079 0.102518
0.613795 0.458351 0.106253
0.617770 0.462647 0.100857
0.612310 0.466421 0.097237
0.668431 0.543858 0.036173
0.672694 0.549079 0.033619
0.667260 0.553649 0.031807
0.673878 0.539387 0.038145
0.679329 0.534976 0.040172
0.683580 0.540125 0.037430
0.678135 0.544571 0.035496
0.514374 0.532009 0.046532
0.518408 0.537524 0.043464
0.512891 0.542192 0.041047
0.519901 0.527471 0.049193
0.525430 0.522993 0.051958
0.529449 0.528365 0.048615
0.523927 0.532915 0.045988
0.426567 0.612260 0.017376
0.430834 0.618792 0.016235
0.425461 0.624396 0.015330
0.431979 0.606760 0.018474
0.437402 0.601344 0.019670
0.441630 0.607767 0.018288
0.436225 0.613241 0.017212
0.500270 0.707244 0.009156
0.505147 0.712608 0.009106
0.500185 0.717811 0.009075
0.505238 0.701996 0.009194
0.510208 0.696760 0.009234
0.515076 0.702153 0.009174
0.510111 0.707381 0.009139
0.362034 0.511606 0.052056
0.365984 0.517344 0.049148
0.360398 0.521581 0.046575
0.367621 0.507491 0.054830
0.373206 0.503424 0.057716
0.377149 0.509013 0.054614
0.371568 0.513154 0.051826
0.537877 0.399911 0.192219
0.542319 0.404547 0.186711
0.537086 0.408500 0.181660
0.543020 0.395532 0.197262
0.548131 0.390910 0.202281
0.552681 0.396011 0.196702
0.547518 0.400394 0.191725
0.451322 0.452470 0.110926
0.455319 0.456863 0.106416
0.449757 0.460167 0.101976
0.456866 0.449319 0.115562
0.462402 0.446223 0.120298
0.466419 0.450447 0.115595
0.460873 0.453625 0.110957
0.582180 0.623065 0.014478
0.586652 0.628803 0.013635
0.581373 0.634086 0.013044
0.587496 0.617796 0.015235
0.592824 0.612556 0.016079
0.597264 0.618262 0.015012
0.591952 0.623520 0.014280
0.670724 0.462094 0.095243
0.669328 0.470420 0.087080
0.665253 0.465881 0.092025
0.674802 0.466593 0.090192
0.673417 0.475027 0.082321
0.703755 0.499838 0.060107
0.702466 0.508821 0.054237
0.698264 0.503875 0.057709
0.707955 0.504761 0.056551
0.706684 0.513792 0.050924
0.538952 0.565655 0.030353
0.537686 0.576367 0.026448
0.533481 0.570614 0.028542
0.543141 0.571357 0.028145
0.541922 0.582134 0.024492
0.495445 0.606693 0.018387
0.494409 0.618127 0.016166
0.490057 0.612039 0.017317
0.499777 0.612743 0.017114
0.498797 0.624189 0.015153
0.531155 0.653950 0.011351
0.530663 0.664898 0.010477
0.525995 0.659249 0.010925
0.535793 0.659620 0.010846
0.535365 0.670496 0.010096
0.410136 0.411501 0.156644
0.408957 0.417986 0.146894
0.404755 0.413945 0.151356
0.414379 0.415505 0.152188
0.413131 0.422035 0.142389
0.366476 0.432585 0.116541
0.365041 0.440135 0.108108
0.360959 0.435554 0.112028
0.370568 0.437091 0.112541
0.369112 0.444757 0.104210
0.398813 0.470079 0.085224
0.397189 0.478728 0.077670
0.393228 0.473672 0.081376
0.402777 0.475058 0.081417
0.401136 0.483856 0.074003
0.528580 0.298005 0.254646
0.528636 0.308384 0.253381
0.523677 0.303115 0.254196
0.533535 0.303108 0.254193
0.533605 0.313835 0.252205
0.568416 0.343749 0.239781
0.568381 0.356564 0.231834
0.563465 0.350068 0.236262
0.573343 0.350194 0.235745
0.573237 0.363109 0.226835
0.489869 0.344487 0.239482
0.490043 0.356638 0.231662
0.485153 0.350924 0.235464
0.494773 0.350280 0.236017
0.494964 0.362440 0.227488
0.451593 0.388015 0.198959
0.451143 0.395855 0.189275
0.446584 0.391697 0.193628
0.456203 0.392276 0.194613
0.455665 0.399969 0.184830
0.487080 0.420541 0.161247
0.485831 0.427319 0.150673
0.481687 0.423521 0.155902
0.491263 0.424354 0.156009
0.489928 0.431170 0.145379
0.322136 0.458363 0.084117
0.320609 0.466953 0.077380
0.316578 0.461843 0.080667
0.326178 0.463412 0.080765
0.324628 0.472111 0.074114
0.452912 0.650190 0.012012
0.452305 0.661679 0.010961
0.447711 0.655668 0.011483
0.457474 0.656219 0.011422
0.456942 0.667614 0.010514
0.385736 0.547324 0.035899
0.384174 0.558349 0.031523
0.380194 0.551967 0.033801
0.389707 0.553585 0.033525
0.388171 0.564823 0.029350
0.475008 0.480089 0.084393
0.473299 0.488842 0.076331
0.469402 0.483866 0.080471
0.478902 0.484979 0.080125
0.477200 0.493889 0.072278
0.430277 0.511969 0.056298
0.428633 0.521873 0.050208
0.424700 0.516216 0.053344
0.434205 0.517540 0.053042
0.432574 0.527598 0.047181
0.462061 0.558232 0.033456
0.460606 0.569184 0.029224
0.456534 0.563111 0.031447
0.466119 0.564230 0.031121
0.464710 0.575285 0.027125
0.626857 0.493442 0.070261
0.625404 0.502454 0.063199
0.621349 0.497558 0.067260
0.630906 0.498290 0.066085
0.629485 0.507400 0.059318
0.582838 0.527797 0.047860
0.581466 0.537659 0.042295
0.577343 0.532342 0.045374
0.586951 0.533059 0.044652
0.585613 0.543018 0.039385
0.616407 0.570855 0.026724
0.615302 0.581322 0.023294
0.610987 0.575783 0.025179
0.620709 0.576351 0.024731
0.619642 0.586876 0.021542
0.563435 0.425641 0.157490
0.561982 0.432886 0.146467
0.557992 0.429008 0.152574
0.567451 0.429552 0.151358
0.565940 0.436788 0.140352
0.519491 0.451994 0.118618
0.517910 0.459587 0.109010
0.513972 0.455341 0.114072
0.523434 0.456166 0.113436
0.521832 0.463910 0.104010
0.550825 0.487619 0.079319
0.549185 0.496510 0.071402
0.545257 0.491622 0.075730
0.554747 0.492434 0.074854
0.553135 0.501462 0.067218
0.605520 0.393325 0.194555
0.604622 0.402789 0.183487
0.600393 0.398028 0.190013
0.609766 0.398305 0.187929
0.608773 0.407289 0.176902
0.638361 0.428273 0.142014
0.636975 0.435940 0.131672
0.632976 0.431898 0.137952
0.642393 0.432339 0.135682
0.640981 0.440031 0.125495
0.594991 0.457332 0.109638
0.593455 0.465266 0.100380
0.589520 0.461005 0.105741
0.598926 0.461535 0.104150
0.597398 0.469619 0.095165
0.659948 0.533488 0.041700
0.658734 0.543157 0.036854
0.654494 0.537947 0.039589
0.664182 0.538661 0.038864
0.662991 0.548392 0.034262
0.506375 0.521132 0.053106
0.504828 0.531065 0.047054
0.500830 0.525574 0.050275
0.510363 0.526544 0.049748
0.508848 0.536605 0.043977
0.418149 0.599131 0.020070
0.416919 0.611243 0.017533
0.412711 0.604602 0.018828
0.422339 0.605704 0.018655
0.421166 0.617855 0.016374
0.490541 0.696381 0.009280
0.490430 0.707097 0.009172
0.485566 0.701657 0.009232
0.495401 0.701833 0.009213
0.495303 0.712484 0.009120
0.354122 0.500382 0.058090
0.352487 0.510041 0.052278
0.348527 0.504396 0.055240
0.358080 0.505952 0.055039
0.356443 0.515768 0.049387
0.528772 0.390141 0.202921
0.528232 0.399490 0.192521
0.523696 0.394757 0.197798
0.533361 0.395114 0.197621
0.532695 0.404065 0.187145
0.443266 0.443906 0.120027
0.441765 0.451273 0.110840
0.437737 0.446937 0.115310
0.447305 0.448153 0.115465
0.445771 0.455681 0.106393
0.573310 0.611566 0.016559
0.572413 0.622597 0.014671
0.567973 0.616826 0.015664
0.577732 0.617318 0.015452
0.576878 0.628359 0.013809
0.721250 0.552660 0.030445
0.715806 0.557090 0.028755
0.726705 0.548292 0.032183
0.710372 0.561581 0.027122
0.704951 0.566134 0.025556
0.743119 0.535541 0.037611
0.737640 0.539735 0.035772
0.748604 0.531398 0.039470
0.732168 0.543985 0.033961
0.554363 0.713109 0.009032
0.549416 0.718216 0.009015
0.559310 0.708000 0.009049
0.544469 0.723307 0.008998
0.539524 0.728370 0.008982
0.574157 0.692720 0.009126
0.569199 0.697808 0.009081
0.579138 0.687622 0.009215
0.564255 0.702897 0.009065
0.320428 0.525175 0.042347
0.460720 0.727851 0.009036
0.385705 0.633484 0.013892
0.635600 0.630855 0.012717
0.630334 0.636092 0.012241
0.640885 0.625613 0.013232
0.625094 0.641309 0.011790
0.619882 0.646509 0.011365
0.656788 0.610059 0.015242
0.651480 0.615209 0.014494
0.662104 0.604952 0.016068
0.646179 0.620396 0.013824
0.678093 0.589935 0.019013
0.672756 0.594886 0.017953
0.683439 0.585044 0.020154
0.667426 0.599893 0.016971
0.699549 0.570759 0.024076
0.694165 0.575453 0.022684
0.688796 0.580216 0.021377
0.422088 0.683175 0.009706
0.514825 0.753090 0.008933
0.509894 0.757956 0.008932
0.519759 0.748215 0.008938
0.504964 0.762832 0.008934
0.500038 0.767734 0.008940
0.534579 0.733395 0.008968
0.529637 0.738377 0.008956
0.524697 0.743315 0.008945
0.352555 0.576945 0.024544
0.594225 0.672282 0.009734
0.589171 0.677403 0.009520
0.599305 0.667152 0.009988
0.584143 0.682516 0.009347
0.614697 0.651691 0.010970
0.609540 0.656858 0.010608
0.604409 0.662011 0.010280
0.300585 0.496373 0.056161
0.296622 0.490839 0.059097
0.304549 0.501974 0.053274
0.292656 0.485367 0.062077
0.288687 0.479950 0.065093
0.316450 0.519253 0.044973
0.312480 0.513407 0.047674
0.308514 0.507650 0.050443
0.436438 0.700528 0.009307
0.431622 0.694810 0.009387
0.441269 0.706161 0.009237
0.426836 0.689028 0.009514
0.455841 0.722543 0.009076
0.450971 0.717161 0.009122
0.446113 0.711702 0.009176
0.364742 0.598339 0.019613
0.360663 0.591153 0.021133
0.368844 0.605544 0.018224
0.356602 0.584013 0.022779
0.381397 0.626769 0.014810
0.377155 0.619855 0.015836
0.372977 0.612741 0.016970
0.398982 0.652823 0.011717
0.394502 0.646493 0.012352
0.403513 0.659055 0.011165
0.390075 0.640051 0.013075
0.417381 0.677254 0.009965
0.412714 0.671263 0.010292
0.408091 0.665199 0.010691
0.475414 0.743341 0.008959
0.470508 0.738252 0.008978
0.480327 0.748353 0.008945
0.465610 0.733089 0.009004
0.495103 0.762967 0.008934
0.490173 0.758158 0.008933
0.485246 0.753291 0.008936
0.332428 0.543503 0.034971
0.328419 0.537274 0.037342
0.336444 0.549880 0.032690
0.324419 0.531173 0.039802
0.348518 0.569974 0.026424
0.344488 0.563125 0.028412
0.340464 0.556421 0.030503
