0.578874 0.610627 0.008898
0.578874 0.620486 0.008898
0.573944 0.615557 0.008898
0.420707 0.453345 0.008911
0.420864 0.463031 0.008906
0.415874 0.458173 0.008908
0.496143 0.377082 0.009137
0.496720 0.386520 0.009087
0.491508 0.381821 0.009111
0.342253 0.531753 0.008898
0.342253 0.541612 0.008898
0.337323 0.536683 0.008898
0.500000 0.689501 0.008898
0.500000 0.699360 0.008898
0.495071 0.694430 0.008898
0.421126 0.610627 0.008898
0.421126 0.620486 0.008898
0.416197 0.615557 0.008898
0.500000 0.531753 0.008898
0.500000 0.541612 0.008898
0.495071 0.536683 0.008898
0.657748 0.531753 0.008898
0.657747 0.541612 0.008898
0.652818 0.536683 0.008898
0.578464 0.453052 0.008909
0.578617 0.462846 0.008905
0.573603 0.457965 0.008907
0.617335 0.413682 0.008927
0.617608 0.423453 0.008914
0.612486 0.418595 0.008921
0.575336 0.375903 0.009095
0.575957 0.385377 0.009047
0.570678 0.380744 0.009075
0.539424 0.492326 0.008898
0.539437 0.502176 0.008898
0.534506 0.497247 0.008898
0.499457 0.453345 0.008918
0.499660 0.463030 0.008911
0.494634 0.458190 0.008914
0.537709 0.414652 0.008969
0.538091 0.424240 0.008947
0.532956 0.419491 0.008959
0.618311 0.571190 0.008898
0.618311 0.581049 0.008898
0.613381 0.576120 0.008898
0.578874 0.531753 0.008898
0.578874 0.541612 0.008898
0.573944 0.536683 0.008898
0.618304 0.492317 0.008898
0.618311 0.502175 0.008898
0.613380 0.497246 0.008898
0.460563 0.571190 0.008898
0.460563 0.581049 0.008898
0.455634 0.576120 0.008898
0.421126 0.531753 0.008898
0.421126 0.541612 0.008898
0.416197 0.536683 0.008898
0.460550 0.492330 0.008898
0.460563 0.502175 0.008898
0.455632 0.497248 0.008898
0.381689 0.571190 0.008898
0.381690 0.581049 0.008898
0.376760 0.576120 0.008898
0.460563 0.650064 0.008898
0.460563 0.659923 0.008898
0.455634 0.654993 0.008898
0.302816 0.492316 0.008898
0.302816 0.502175 0.008898
0.297886 0.497246 0.008898
0.458822 0.415093 0.008973
0.459202 0.424623 0.008951
0.454112 0.419854 0.008960
0.417642 0.377038 0.009114
0.418244 0.386486 0.009063
0.413085 0.381714 0.009084
0.454672 0.339124 0.009327
0.455075 0.348722 0.009290
0.449943 0.343928 0.009309
0.533518 0.338838 0.009321
0.533930 0.348393 0.009283
0.528781 0.343689 0.009305
0.493436 0.300120 0.009391
0.493458 0.309963 0.009388
0.488509 0.305048 0.009390
0.381683 0.492324 0.008898
0.381690 0.502175 0.008898
0.376759 0.497247 0.008898
0.342179 0.452969 0.008900
0.342207 0.462794 0.008899
0.337277 0.457865 0.008899
0.380719 0.414521 0.008935
0.380981 0.424135 0.008920
0.375999 0.419246 0.008924
0.539437 0.650064 0.008898
0.539437 0.659923 0.008898
0.534508 0.654993 0.008898
0.500000 0.610627 0.008898
0.500000 0.620486 0.008898
0.495071 0.615556 0.008898
0.539437 0.571190 0.008898
0.539437 0.581049 0.008898
0.534507 0.576120 0.008898
0.697184 0.492316 0.008898
0.697184 0.502176 0.008898
0.692255 0.497246 0.008898
0.657676 0.452891 0.008899
0.657703 0.462746 0.008899
0.652746 0.457821 0.008899
0.583804 0.615557 0.008898
0.425707 0.458191 0.008909
0.501369 0.381771 0.009110
0.347182 0.536683 0.008898
0.504930 0.694430 0.008898
0.426056 0.615557 0.008898
0.504930 0.536683 0.008898
0.662677 0.536683 0.008898
0.583488 0.457931 0.008906
0.622480 0.418534 0.008917
0.580639 0.380525 0.009065
0.544365 0.497247 0.008898
0.504495 0.458174 0.008914
0.542859 0.419387 0.008955
0.623240 0.576120 0.008898
0.583803 0.536683 0.008898
0.623240 0.497246 0.008898
0.465493 0.576120 0.008898
0.426056 0.536683 0.008898
0.465491 0.497248 0.008898
0.386619 0.576120 0.008898
0.465493 0.654993 0.008898
0.307746 0.497246 0.008898
0.463928 0.419854 0.008962
0.422824 0.381795 0.009091
0.459782 0.343932 0.009310
0.538644 0.343550 0.009300
0.498368 0.305048 0.009390
0.386619 0.497247 0.008898
0.347109 0.457898 0.008900
0.385722 0.419395 0.008929
0.544367 0.654993 0.008898
0.504930 0.615556 0.008898
0.544367 0.576120 0.008898
0.702114 0.497246 0.008898
0.662632 0.457816 0.008899
0.657745 0.492317 0.008898
0.662677 0.497246 0.008898
0.657747 0.502175 0.008898
0.662673 0.487387 0.008898
0.677459 0.472599 0.008898
0.682392 0.477528 0.008898
0.677463 0.482458 0.008898
0.697184 0.531753 0.008898
0.702114 0.536683 0.008898
0.697184 0.541612 0.008898
0.702114 0.526824 0.008898
0.716902 0.512035 0.008898
0.721832 0.516964 0.008898
0.716902 0.521894 0.008898
0.539437 0.610627 0.008898
0.544367 0.615556 0.008898
0.539437 0.620486 0.008898
0.544367 0.605697 0.008898
0.559155 0.590909 0.008898
0.564085 0.595838 0.008898
0.559156 0.600768 0.008898
0.500000 0.650064 0.008898
0.504930 0.654993 0.008898
0.500000 0.659923 0.008898
0.504930 0.645134 0.008898
0.519719 0.630345 0.008898
0.524649 0.635275 0.008898
0.519719 0.640204 0.008898
0.539437 0.689500 0.008898
0.544367 0.694430 0.008898
0.539437 0.699360 0.008898
0.544367 0.684571 0.008898
0.559156 0.669782 0.008898
0.564085 0.674711 0.008898
0.559156 0.679641 0.008898
0.381430 0.453193 0.008905
0.386392 0.458081 0.008904
0.381527 0.462935 0.008902
0.386274 0.448364 0.008908
0.400713 0.433973 0.008918
0.405707 0.438819 0.008917
0.400902 0.443612 0.008913
0.342251 0.492318 0.008898
0.347182 0.497246 0.008898
0.342253 0.502175 0.008898
0.347176 0.487394 0.008898
0.361918 0.472663 0.008899
0.366859 0.477578 0.008899
0.361949 0.482484 0.008898
0.381690 0.531753 0.008898
0.386619 0.536683 0.008898
0.381690 0.541612 0.008898
0.386619 0.526823 0.008898
0.401408 0.512035 0.008898
0.406338 0.516964 0.008898
0.401408 0.521894 0.008898
0.494075 0.339111 0.009330
0.499189 0.343903 0.009312
0.494466 0.348695 0.009293
0.498844 0.334289 0.009345
0.513285 0.319700 0.009376
0.518304 0.324529 0.009367
0.513495 0.329405 0.009356
0.535663 0.376700 0.009126
0.540915 0.381333 0.009097
0.536251 0.386129 0.009076
0.540298 0.371921 0.009151
0.554200 0.357523 0.009223
0.559446 0.362133 0.009193
0.554818 0.366948 0.009169
0.456791 0.377168 0.009132
0.461997 0.381892 0.009107
0.457375 0.386621 0.009082
0.461391 0.372449 0.009161
0.475245 0.358251 0.009247
0.480445 0.362986 0.009221
0.475822 0.367720 0.009192
0.419664 0.414976 0.008956
0.424731 0.419775 0.008948
0.420009 0.424523 0.008937
0.424349 0.410245 0.008972
0.438315 0.396060 0.009031
0.443455 0.400817 0.009014
0.438795 0.405553 0.008995
0.460048 0.453384 0.008917
0.465074 0.458214 0.008913
0.460241 0.463055 0.008910
0.464856 0.448564 0.008922
0.479205 0.434153 0.008939
0.484281 0.438933 0.008933
0.479497 0.443742 0.008928
0.302816 0.531753 0.008898
0.307746 0.536683 0.008898
0.302816 0.541612 0.008898
0.307746 0.526823 0.008898
0.322534 0.512035 0.008898
0.327464 0.516964 0.008898
0.322534 0.521894 0.008898
0.460563 0.689500 0.008898
0.465493 0.694430 0.008898
0.460563 0.699360 0.008898
0.465493 0.684571 0.008898
0.480282 0.669782 0.008898
0.485212 0.674712 0.008898
0.480282 0.679641 0.008898
0.381690 0.610627 0.008898
0.386619 0.615556 0.008898
0.381690 0.620486 0.008898
0.386619 0.605697 0.008898
0.401408 0.590909 0.008898
0.406338 0.595838 0.008898
0.401408 0.600768 0.008898
0.460563 0.531753 0.008898
0.465493 0.536683 0.008898
0.460563 0.541612 0.008898
0.465493 0.526823 0.008898
0.480282 0.512035 0.008898
0.485212 0.516964 0.008898
0.480282 0.521894 0.008898
0.421126 0.571190 0.008898
0.426056 0.576120 0.008898
0.421126 0.581049 0.008898
0.426056 0.566260 0.008898
0.440845 0.551472 0.008898
0.445775 0.556401 0.008898
0.440845 0.561331 0.008898
0.460563 0.610627 0.008898
0.465493 0.615556 0.008898
0.460563 0.620486 0.008898
0.465493 0.605697 0.008898
0.480282 0.590908 0.008898
0.485212 0.595838 0.008898
0.480282 0.600767 0.008898
0.618311 0.531753 0.008898
0.623240 0.536683 0.008898
0.618311 0.541612 0.008898
0.623240 0.526823 0.008898
0.638029 0.512035 0.008898
0.642959 0.516964 0.008898
0.638029 0.521894 0.008898
0.578874 0.571190 0.008898
0.583803 0.576120 0.008898
0.578874 0.581049 0.008898
0.583803 0.566260 0.008898
0.598592 0.551472 0.008898
0.603522 0.556401 0.008898
0.598592 0.561331 0.008898
0.618311 0.610627 0.008898
0.623240 0.615556 0.008898
0.618311 0.620486 0.008898
0.623240 0.605697 0.008898
0.638029 0.590909 0.008898
0.642958 0.595838 0.008898
0.638029 0.600768 0.008898
0.538930 0.453231 0.008915
0.543967 0.458076 0.008911
0.539119 0.462959 0.008909
0.543759 0.448355 0.008918
0.558218 0.433700 0.008927
0.563302 0.438512 0.008921
0.558474 0.443412 0.008919
0.499986 0.492329 0.008898
0.504928 0.497248 0.008898
0.500000 0.502176 0.008898
0.504891 0.487420 0.008899
0.519538 0.472740 0.008904
0.524528 0.477620 0.008902
0.519644 0.482516 0.008901
0.539437 0.531753 0.008898
0.544367 0.536683 0.008898
0.539437 0.541612 0.008898
0.544367 0.526824 0.008898
0.559155 0.512035 0.008898
0.564085 0.516964 0.008898
0.559155 0.521894 0.008898
0.577419 0.414103 0.008948
0.582577 0.418875 0.008935
0.577768 0.423781 0.008930
0.582198 0.409211 0.008956
0.596484 0.394555 0.008990
0.601733 0.399291 0.008970
0.596955 0.404183 0.008960
0.618057 0.452929 0.008903
0.623056 0.457842 0.008901
0.618152 0.462770 0.008901
0.622960 0.448001 0.008903
0.637720 0.433212 0.008903
0.642734 0.438128 0.008902
0.637804 0.443058 0.008902
0.578863 0.492321 0.008898
0.583802 0.497246 0.008898
0.578874 0.502176 0.008898
0.583775 0.487398 0.008899
0.598478 0.472631 0.008900
0.603449 0.477546 0.008899
0.598545 0.482471 0.008899
0.657747 0.571190 0.008898
0.662677 0.576120 0.008898
0.657747 0.581049 0.008898
0.662677 0.566260 0.008898
0.677466 0.551472 0.008898
0.682395 0.556401 0.008898
0.677466 0.561331 0.008898
0.500000 0.571190 0.008898
0.504930 0.576119 0.008898
0.500000 0.581049 0.008898
0.504930 0.566260 0.008898
0.519719 0.551472 0.008898
0.524648 0.556401 0.008898
0.519719 0.561331 0.008898
0.421126 0.650064 0.008898
0.426056 0.654993 0.008898
0.421126 0.659923 0.008898
0.426056 0.645134 0.008898
0.440845 0.630345 0.008898
0.445775 0.635275 0.008898
0.440845 0.640204 0.008898
0.500000 0.728937 0.008898
0.504930 0.733867 0.008898
0.500000 0.738796 0.008898
0.504930 0.724008 0.008898
0.519719 0.709219 0.008898
0.524648 0.714148 0.008898
0.519719 0.719078 0.008898
0.342253 0.571190 0.008898
0.347182 0.576119 0.008898
0.342253 0.581049 0.008898
0.347182 0.566260 0.008898
0.361971 0.551472 0.008898
0.366901 0.556401 0.008898
0.361971 0.561331 0.008898
0.498174 0.414985 0.008977
0.503308 0.419725 0.008965
0.498566 0.424526 0.008955
0.502893 0.410194 0.008991
0.516998 0.395830 0.009040
0.522190 0.400522 0.009020
0.517483 0.405322 0.009004
0.421115 0.492329 0.008898
0.426055 0.497248 0.008898
0.421126 0.502176 0.008898
0.426025 0.487421 0.008899
0.440683 0.472766 0.008904
0.445663 0.477642 0.008902
0.440779 0.482526 0.008900
0.578874 0.650064 0.008898
0.583804 0.654993 0.008898
0.578874 0.659923 0.008898
0.583804 0.645134 0.008898
0.598592 0.630345 0.008898
0.603522 0.635275 0.008898
0.598592 0.640204 0.008898
0.637977 0.472606 0.008899
0.638008 0.482460 0.008898
0.633059 0.477534 0.008899
0.642929 0.477532 0.008898
0.652817 0.497246 0.008898
0.677466 0.512035 0.008898
0.677466 0.521894 0.008898
0.672536 0.516964 0.008898
0.682395 0.516964 0.008898
0.692255 0.536683 0.008898
0.519719 0.590908 0.008898
0.519719 0.600767 0.008898
0.514789 0.595838 0.008898
0.524648 0.595838 0.008898
0.534508 0.615556 0.008898
0.480282 0.630345 0.008898
0.480282 0.640204 0.008898
0.475352 0.635275 0.008898
0.485212 0.635275 0.008898
0.495071 0.654993 0.008898
0.519719 0.669782 0.008898
0.519719 0.679641 0.008898
0.514789 0.674712 0.008898
0.524648 0.674712 0.008898
0.534508 0.694430 0.008898
0.361655 0.433547 0.008906
0.361741 0.443301 0.008904
0.356811 0.438372 0.008904
0.366585 0.438477 0.008906
0.376571 0.458038 0.008903
0.322527 0.472606 0.008898
0.322531 0.482460 0.008898
0.317602 0.477531 0.008898
0.327457 0.477536 0.008898
0.337323 0.497246 0.008898
0.361971 0.512035 0.008898
0.361971 0.521894 0.008898
0.357042 0.516964 0.008898
0.366901 0.516964 0.008898
0.376760 0.536683 0.008898
0.473856 0.319747 0.009377
0.474064 0.329468 0.009358
0.469021 0.324615 0.009368
0.478876 0.324615 0.009369
0.489330 0.343918 0.009312
0.514682 0.358112 0.009245
0.515261 0.367545 0.009190
0.510024 0.362876 0.009220
0.519898 0.362790 0.009217
0.531014 0.381480 0.009102
0.435927 0.358233 0.009239
0.436535 0.367703 0.009183
0.431315 0.362964 0.009211
0.441124 0.362986 0.009214
0.452185 0.381889 0.009104
0.399336 0.395742 0.009005
0.399785 0.405253 0.008972
0.394718 0.400424 0.008984
0.404426 0.400557 0.008991
0.414961 0.419713 0.008943
0.439894 0.434155 0.008931
0.440152 0.443744 0.008922
0.435120 0.438935 0.008925
0.444937 0.438951 0.008928
0.455227 0.458214 0.008913
0.283098 0.512035 0.008898
0.283098 0.521894 0.008898
0.278168 0.516964 0.008898
0.288027 0.516964 0.008898
0.297887 0.536683 0.008898
0.440845 0.669782 0.008898
0.440845 0.679641 0.008898
0.435915 0.674711 0.008898
0.445775 0.674711 0.008898
0.455634 0.694430 0.008898
0.361971 0.590908 0.008898
0.361971 0.600767 0.008898
0.357042 0.595838 0.008898
0.366901 0.595838 0.008898
0.376760 0.615556 0.008898
0.440845 0.512035 0.008898
0.440845 0.521894 0.008898
0.435915 0.516964 0.008898
0.445775 0.516964 0.008898
0.455634 0.536683 0.008898
0.401408 0.551472 0.008898
0.401408 0.561331 0.008898
0.396478 0.556401 0.008898
0.406338 0.556401 0.008898
0.416197 0.576120 0.008898
0.440845 0.590909 0.008898
0.440845 0.600768 0.008898
0.435915 0.595838 0.008898
0.445775 0.595838 0.008898
0.455634 0.615556 0.008898
0.598592 0.512035 0.008898
0.598592 0.521894 0.008898
0.593662 0.516964 0.008898
0.603522 0.516964 0.008898
0.613381 0.536683 0.008898
0.559155 0.551472 0.008898
0.559155 0.561331 0.008898
0.554226 0.556401 0.008898
0.564085 0.556401 0.008898
0.573944 0.576120 0.008898
0.598592 0.590909 0.008898
0.598592 0.600768 0.008898
0.593663 0.595838 0.008898
0.603522 0.595838 0.008898
0.613381 0.615556 0.008898
0.518650 0.434000 0.008937
0.518941 0.443630 0.008926
0.513864 0.438834 0.008932
0.523739 0.438785 0.008931
0.534094 0.458106 0.008912
0.480099 0.472766 0.008905
0.480207 0.482526 0.008901
0.475230 0.477642 0.008902
0.485088 0.477639 0.008903
0.495069 0.497248 0.008898
0.519719 0.512035 0.008898
0.519719 0.521894 0.008898
0.514789 0.516964 0.008898
0.524648 0.516964 0.008898
0.534507 0.536683 0.008898
0.556625 0.395281 0.009022
0.557113 0.404816 0.008987
0.551913 0.400126 0.009006
0.561843 0.399955 0.009000
0.572631 0.419000 0.008941
0.597909 0.433361 0.008913
0.598096 0.443165 0.008909
0.593044 0.438290 0.008912
0.602971 0.438237 0.008909
0.613160 0.457857 0.008902
0.558998 0.472688 0.008903
0.559091 0.482494 0.008900
0.554117 0.477594 0.008901
0.563982 0.477583 0.008901
0.573943 0.497247 0.008898
0.638029 0.551472 0.008898
0.638029 0.561331 0.008898
0.633099 0.556401 0.008898
0.642959 0.556401 0.008898
0.652818 0.576120 0.008898
0.480282 0.551472 0.008898
0.480282 0.561331 0.008898
0.475352 0.556401 0.008898
0.485212 0.556401 0.008898
0.495071 0.576119 0.008898
0.401408 0.630345 0.008898
0.401408 0.640204 0.008898
0.396479 0.635275 0.008898
0.406338 0.635275 0.008898
0.416197 0.654993 0.008898
0.480282 0.709219 0.008898
0.480282 0.719078 0.008898
0.475352 0.714148 0.008898
0.485212 0.714148 0.008898
0.495071 0.733867 0.008898
0.322535 0.551472 0.008898
0.322535 0.561331 0.008898
0.317605 0.556401 0.008898
0.327464 0.556401 0.008898
0.337323 0.576119 0.008898
0.477553 0.396066 0.009042
0.478037 0.405555 0.009006
0.472885 0.400820 0.009023
0.482720 0.400792 0.009024
0.493446 0.419776 0.008965
0.401290 0.472735 0.008901
0.401360 0.482513 0.008899
0.396404 0.477615 0.008900
0.406254 0.477624 0.008900
0.416196 0.497247 0.008898
0.559156 0.630345 0.008898
0.559156 0.640204 0.008898
0.554226 0.635275 0.008898
0.564085 0.635275 0.008898
0.573944 0.654993 0.008898
0.569015 0.659923 0.008898
0.569015 0.669782 0.008898
0.564085 0.664852 0.008898
0.573944 0.664852 0.008898
0.578874 0.669782 0.008898
0.578874 0.679641 0.008898
0.573944 0.674711 0.008898
0.559156 0.650064 0.008898
0.564085 0.654993 0.008898
0.559156 0.659923 0.008898
0.564085 0.645134 0.008898
0.569015 0.640204 0.008898
0.573944 0.645134 0.008898
0.569015 0.650064 0.008898
0.549297 0.640204 0.008898
0.549297 0.650064 0.008898
0.544367 0.645134 0.008898
0.554226 0.645134 0.008898
0.554226 0.654993 0.008898
0.411267 0.502175 0.008898
0.411267 0.512035 0.008898
0.406338 0.507105 0.008898
0.416197 0.507105 0.008898
0.421126 0.512035 0.008898
0.421126 0.521894 0.008898
0.416197 0.516964 0.008898
0.401399 0.492327 0.008898
0.406336 0.497247 0.008898
0.401408 0.502175 0.008898
0.406311 0.487417 0.008899
0.411214 0.482518 0.008899
0.416168 0.487419 0.008899
0.411257 0.492328 0.008898
0.391507 0.482508 0.008899
0.391541 0.492326 0.008898
0.386599 0.487411 0.008898
0.396455 0.487414 0.008899
0.396478 0.497247 0.008898
0.488709 0.424569 0.008955
0.489054 0.434129 0.008939
0.483962 0.429361 0.008946
0.493815 0.429328 0.008946
0.498911 0.434095 0.008939
0.499207 0.443700 0.008928
0.494135 0.438908 0.008933
0.478474 0.415066 0.008977
0.483595 0.419815 0.008965
0.478863 0.424599 0.008954
0.483181 0.410292 0.008991
0.487880 0.405520 0.009007
0.493031 0.410250 0.008991
0.488318 0.415032 0.008977
0.468207 0.405576 0.009004
0.468642 0.415086 0.008975
0.463520 0.410334 0.008988
0.473344 0.410320 0.008990
0.473756 0.419841 0.008964
0.332394 0.581049 0.008898
0.332394 0.590908 0.008898
0.327464 0.585979 0.008898
0.337323 0.585979 0.008898
0.342253 0.590908 0.008898
0.342253 0.600767 0.008898
0.337323 0.595838 0.008898
0.322535 0.571190 0.008898
0.327464 0.576119 0.008898
0.322535 0.581049 0.008898
0.327464 0.566260 0.008898
0.332394 0.561331 0.008898
0.337323 0.566260 0.008898
0.332394 0.571190 0.008898
0.312675 0.561331 0.008898
0.312675 0.571190 0.008898
0.307746 0.566260 0.008898
0.317605 0.566260 0.008898
0.317605 0.576120 0.008898
0.490141 0.738796 0.008898
0.490141 0.748655 0.008898
0.485212 0.743726 0.008898
0.495071 0.743726 0.008898
0.500000 0.748655 0.008898
0.500000 0.758515 0.008898
0.495071 0.753585 0.008898
0.480282 0.728937 0.008898
0.485212 0.733867 0.008898
0.480282 0.738796 0.008898
0.485212 0.724008 0.008898
0.490141 0.719078 0.008898
0.495071 0.724008 0.008898
0.490141 0.728937 0.008898
0.470423 0.719078 0.008898
0.470423 0.728937 0.008898
0.465493 0.724008 0.008898
0.475352 0.724008 0.008898
0.475352 0.733867 0.008898
0.411267 0.659923 0.008898
0.411267 0.669782 0.008898
0.406338 0.664852 0.008898
0.416197 0.664852 0.008898
0.421126 0.669782 0.008898
0.421126 0.679641 0.008898
0.416197 0.674711 0.008898
0.401408 0.650064 0.008898
0.406338 0.654993 0.008898
0.401408 0.659923 0.008898
0.406338 0.645134 0.008898
0.411267 0.640204 0.008898
0.416197 0.645134 0.008898
0.411267 0.650064 0.008898
0.391549 0.640204 0.008898
0.391549 0.650064 0.008898
0.386620 0.645134 0.008898
0.396479 0.645134 0.008898
0.396479 0.654993 0.008898
0.490141 0.581049 0.008898
0.490141 0.590908 0.008898
0.485212 0.585979 0.008898
0.495071 0.585979 0.008898
0.500000 0.590908 0.008898
0.500000 0.600767 0.008898
0.495071 0.595838 0.008898
0.480282 0.571190 0.008898
0.485212 0.576119 0.008898
0.480282 0.581049 0.008898
0.485212 0.566260 0.008898
0.490141 0.561331 0.008898
0.495071 0.566260 0.008898
0.490141 0.571190 0.008898
0.470423 0.561331 0.008898
0.470423 0.571190 0.008898
0.465493 0.566260 0.008898
0.475352 0.566260 0.008898
0.475352 0.576120 0.008898
0.647888 0.581049 0.008898
0.647888 0.590909 0.008898
0.642958 0.585979 0.008898
0.652818 0.585979 0.008898
0.657747 0.590909 0.008898
0.657747 0.600768 0.008898
0.652818 0.595838 0.008898
0.638029 0.571190 0.008898
0.642959 0.576120 0.008898
0.638029 0.581049 0.008898
0.642959 0.566260 0.008898
0.647888 0.561331 0.008898
0.652818 0.566260 0.008898
0.647888 0.571190 0.008898
0.628170 0.561331 0.008898
0.628170 0.571190 0.008898
0.623240 0.566260 0.008898
0.633099 0.566260 0.008898
0.633099 0.576120 0.008898
0.569015 0.502176 0.008898
0.569015 0.512035 0.008898
0.564085 0.507105 0.008898
0.573944 0.507105 0.008898
0.578874 0.512035 0.008898
0.578874 0.521894 0.008898
0.573944 0.516964 0.008898
0.559143 0.492324 0.008898
0.564083 0.497247 0.008898
0.559155 0.502176 0.008898
0.564052 0.487404 0.008899
0.568954 0.482487 0.008900
0.573914 0.487401 0.008899
0.569003 0.492322 0.008898
0.549228 0.482501 0.008900
0.549283 0.492325 0.008898
0.544331 0.487411 0.008899
0.554191 0.487408 0.008899
0.554224 0.497247 0.008898
0.608265 0.462783 0.008902
0.608351 0.472622 0.008900
0.603372 0.467708 0.008901
0.613251 0.467696 0.008900
0.618225 0.472615 0.008899
0.618276 0.482464 0.008899
0.613318 0.477541 0.008899
0.598253 0.452978 0.008905
0.603266 0.457877 0.008903
0.598380 0.462800 0.008903
0.603132 0.448053 0.008906
0.608015 0.443125 0.008907
0.613044 0.448023 0.008904
0.608153 0.452951 0.008904
0.588182 0.443215 0.008911
0.588356 0.453012 0.008907
0.583323 0.448135 0.008910
0.593225 0.448090 0.008908
0.593375 0.457901 0.008904
0.567834 0.423900 0.008935
0.568129 0.433602 0.008923
0.563030 0.428802 0.008930
0.572952 0.428690 0.008926
0.578048 0.433510 0.008920
0.578274 0.443273 0.008914
0.573209 0.438428 0.008918
0.557541 0.414397 0.008960
0.562696 0.419138 0.008946
0.557910 0.424025 0.008940
0.562300 0.409522 0.008969
0.567048 0.404645 0.008980
0.572241 0.409360 0.008963
0.567474 0.414248 0.008954
0.547188 0.404969 0.008993
0.547620 0.414532 0.008965
0.542454 0.409811 0.008980
0.552372 0.409675 0.008975
0.552773 0.419269 0.008951
0.529578 0.541612 0.008898
0.529578 0.551472 0.008898
0.524648 0.546542 0.008898
0.534507 0.546542 0.008898
0.539437 0.551472 0.008898
0.539437 0.561331 0.008898
0.534507 0.556401 0.008898
0.519719 0.531753 0.008898
0.524648 0.536683 0.008898
0.519719 0.541612 0.008898
0.524648 0.526824 0.008898
0.529578 0.521894 0.008898
0.534507 0.526824 0.008898
0.529578 0.531753 0.008898
0.509860 0.521894 0.008898
0.509860 0.531753 0.008898
0.504930 0.526824 0.008898
0.514789 0.526824 0.008898
0.514789 0.536683 0.008898
0.490141 0.502176 0.008898
0.490141 0.512035 0.008898
0.485211 0.507105 0.008898
0.495071 0.507105 0.008898
0.500000 0.512035 0.008898
0.500000 0.521894 0.008898
0.495071 0.516964 0.008898
0.480267 0.492330 0.008898
0.485210 0.497248 0.008898
0.480282 0.502176 0.008898
0.485172 0.487422 0.008899
0.490065 0.482524 0.008901
0.495031 0.487421 0.008899
0.490126 0.492329 0.008898
0.470349 0.482527 0.008901
0.470408 0.492330 0.008898
0.465455 0.487423 0.008899
0.475314 0.487423 0.008899
0.475350 0.497248 0.008898
0.529251 0.462981 0.008910
0.529401 0.472729 0.008904
0.524399 0.467858 0.008907
0.534264 0.467843 0.008906
0.539265 0.472717 0.008904
0.539366 0.482506 0.008900
0.534390 0.477612 0.008902
0.519186 0.453297 0.008917
0.524225 0.458132 0.008913
0.519385 0.463000 0.008910
0.524004 0.448441 0.008921
0.528815 0.443586 0.008925
0.533879 0.448401 0.008920
0.529056 0.453266 0.008917
0.509071 0.443668 0.008927
0.509319 0.453323 0.008918
0.504269 0.448505 0.008923
0.514134 0.448476 0.008922
0.514358 0.458155 0.008914
0.608451 0.620486 0.008898
0.608451 0.630345 0.008898
0.603522 0.625416 0.008898
0.613381 0.625416 0.008898
0.618311 0.630345 0.008898
0.618311 0.640204 0.008898
0.613381 0.635275 0.008898
0.598592 0.610627 0.008898
0.603522 0.615556 0.008898
0.598592 0.620486 0.008898
0.603522 0.605697 0.008898
0.608451 0.600768 0.008898
0.613381 0.605697 0.008898
0.608451 0.610627 0.008898
0.588733 0.600768 0.008898
0.588733 0.610627 0.008898
0.583804 0.605697 0.008898
0.593663 0.605697 0.008898
0.593663 0.615556 0.008898
0.569015 0.581049 0.008898
0.569015 0.590909 0.008898
0.564085 0.585979 0.008898
0.573944 0.585979 0.008898
0.578874 0.590909 0.008898
0.578874 0.600768 0.008898
0.573944 0.595838 0.008898
0.559155 0.571190 0.008898
0.564085 0.576120 0.008898
0.559155 0.581049 0.008898
0.564085 0.566260 0.008898
0.569015 0.561331 0.008898
0.573944 0.566260 0.008898
0.569015 0.571190 0.008898
0.549296 0.561331 0.008898
0.549296 0.571190 0.008898
0.544367 0.566260 0.008898
0.554226 0.566260 0.008898
0.554226 0.576120 0.008898
0.608451 0.541612 0.008898
0.608451 0.551472 0.008898
0.603522 0.546542 0.008898
0.613381 0.546542 0.008898
0.618311 0.551472 0.008898
0.618311 0.561331 0.008898
0.613381 0.556401 0.008898
0.598592 0.531753 0.008898
0.603522 0.536683 0.008898
0.598592 0.541612 0.008898
0.603522 0.526823 0.008898
0.608451 0.521894 0.008898
0.613381 0.526823 0.008898
0.608451 0.531753 0.008898
0.588733 0.521894 0.008898
0.588733 0.531753 0.008898
0.583803 0.526823 0.008898
0.593662 0.526823 0.008898
0.593662 0.536683 0.008898
0.450704 0.620486 0.008898
0.450704 0.630345 0.008898
0.445775 0.625416 0.008898
0.455634 0.625416 0.008898
0.460563 0.630345 0.008898
0.460563 0.640204 0.008898
0.455634 0.635275 0.008898
0.440845 0.610627 0.008898
0.445775 0.615556 0.008898
0.440845 0.620486 0.008898
0.445775 0.605697 0.008898
0.450704 0.600768 0.008898
0.455634 0.605697 0.008898
0.450704 0.610627 0.008898
0.430986 0.600768 0.008898
0.430986 0.610627 0.008898
0.426056 0.605697 0.008898
0.435915 0.605697 0.008898
0.435915 0.615556 0.008898
0.411267 0.581049 0.008898
0.411267 0.590909 0.008898
0.406338 0.585979 0.008898
0.416197 0.585979 0.008898
0.421126 0.590909 0.008898
0.421126 0.600768 0.008898
0.416197 0.595838 0.008898
0.401408 0.571190 0.008898
0.406338 0.576120 0.008898
0.401408 0.581049 0.008898
0.406338 0.566260 0.008898
0.411267 0.561331 0.008898
0.416197 0.566260 0.008898
0.411267 0.571190 0.008898
0.391549 0.561331 0.008898
0.391549 0.571190 0.008898
0.386619 0.566260 0.008898
0.396478 0.566260 0.008898
0.396478 0.576120 0.008898
0.450704 0.541612 0.008898
0.450704 0.551472 0.008898
0.445775 0.546542 0.008898
0.455634 0.546542 0.008898
0.460563 0.551472 0.008898
0.460563 0.561331 0.008898
0.455634 0.556401 0.008898
0.440845 0.531753 0.008898
0.445775 0.536683 0.008898
0.440845 0.541612 0.008898
0.445775 0.526823 0.008898
0.450704 0.521894 0.008898
0.455634 0.526823 0.008898
0.450704 0.531753 0.008898
0.430986 0.521894 0.008898
0.430986 0.531753 0.008898
0.426056 0.526823 0.008898
0.435915 0.526823 0.008898
0.435915 0.536683 0.008898
0.371831 0.620486 0.008898
0.371831 0.630345 0.008898
0.366901 0.625416 0.008898
0.376760 0.625416 0.008898
0.381690 0.630345 0.008898
0.381690 0.640204 0.008898
0.376760 0.635275 0.008898
0.361971 0.610627 0.008898
0.366901 0.615556 0.008898
0.361971 0.620486 0.008898
0.366901 0.605697 0.008898
0.371830 0.600768 0.008898
0.376760 0.605697 0.008898
0.371831 0.610627 0.008898
0.352112 0.600767 0.008898
0.352112 0.610627 0.008898
0.347182 0.605697 0.008898
0.357042 0.605697 0.008898
0.357042 0.615556 0.008898
0.450704 0.699359 0.008898
0.450704 0.709219 0.008898
0.445775 0.704289 0.008898
0.455634 0.704289 0.008898
0.460563 0.709219 0.008898
0.460563 0.719078 0.008898
0.455634 0.714148 0.008898
0.440845 0.689500 0.008898
0.445775 0.694430 0.008898
0.440845 0.699359 0.008898
0.445775 0.684571 0.008898
0.450704 0.679641 0.008898
0.455634 0.684571 0.008898
0.450704 0.689500 0.008898
0.430986 0.679641 0.008898
0.430986 0.689500 0.008898
0.426056 0.684571 0.008898
0.435915 0.684571 0.008898
0.435915 0.694430 0.008898
0.292957 0.541612 0.008898
0.292957 0.551472 0.008898
0.288027 0.546542 0.008898
0.297887 0.546542 0.008898
0.302816 0.551472 0.008898
0.302816 0.561331 0.008898
0.297887 0.556401 0.008898
0.283098 0.531753 0.008898
0.288027 0.536683 0.008898
0.283098 0.541612 0.008898
0.288027 0.526823 0.008898
0.292957 0.521894 0.008898
0.297886 0.526823 0.008898
0.292957 0.531753 0.008898
0.273238 0.521894 0.008898
0.273239 0.531753 0.008898
0.268309 0.526823 0.008898
0.278168 0.526823 0.008898
0.278168 0.536683 0.008898
0.450392 0.463054 0.008909
0.450535 0.472769 0.008904
0.445544 0.467904 0.008906
0.455394 0.467906 0.008907
0.460388 0.472769 0.008904
0.460492 0.482528 0.008901
0.455518 0.477643 0.008902
0.440370 0.453376 0.008915
0.445384 0.458210 0.008912
0.440547 0.463050 0.008908
0.445181 0.448559 0.008919
0.449979 0.443754 0.008924
0.455016 0.448565 0.008921
0.450207 0.453382 0.008916
0.430331 0.443727 0.008920
0.430537 0.453364 0.008913
0.425527 0.448530 0.008915
0.435351 0.448548 0.008917
0.435544 0.458203 0.008911
0.410236 0.424456 0.008933
0.410497 0.434041 0.008922
0.405487 0.429208 0.008924
0.415265 0.429277 0.008928
0.420288 0.434094 0.008925
0.420515 0.443700 0.008917
0.415505 0.438871 0.008920
0.400164 0.414795 0.008946
0.405202 0.419628 0.008939
0.400474 0.424369 0.008928
0.404848 0.410078 0.008961
0.409511 0.405367 0.008978
0.414591 0.410174 0.008967
0.409907 0.414898 0.008951
0.390077 0.405113 0.008965
0.390435 0.414670 0.008941
0.385411 0.409811 0.008949
0.395122 0.409957 0.008955
0.395456 0.419522 0.008934
0.447570 0.386611 0.009078
0.448105 0.396083 0.009035
0.442947 0.391335 0.009054
0.452744 0.391351 0.009058
0.457908 0.396092 0.009038
0.458390 0.405583 0.009002
0.453252 0.400833 0.009018
0.437184 0.377137 0.009125
0.442384 0.381873 0.009101
0.437778 0.386588 0.009074
0.441765 0.372430 0.009155
0.446342 0.367723 0.009187
0.451573 0.372445 0.009159
0.446982 0.377159 0.009129
0.426738 0.367673 0.009179
0.427398 0.377102 0.009121
0.422191 0.372359 0.009146
0.431968 0.372404 0.009151
0.432595 0.381844 0.009097
0.526353 0.386261 0.009080
0.526888 0.395724 0.009037
0.521680 0.391045 0.009060
0.531575 0.390926 0.009056
0.536789 0.395597 0.009033
0.537275 0.405104 0.008997
0.532086 0.400409 0.009016
0.515885 0.376944 0.009134
0.521123 0.381602 0.009106
0.516465 0.386371 0.009084
0.520517 0.372191 0.009160
0.525140 0.367441 0.009187
0.530404 0.372070 0.009156
0.525769 0.376835 0.009130
0.505388 0.367621 0.009193
0.506009 0.377026 0.009136
0.500769 0.372350 0.009164
0.510639 0.372285 0.009163
0.511241 0.381699 0.009109
0.484610 0.348710 0.009293
0.485094 0.358237 0.009247
0.479915 0.353488 0.009271
0.489768 0.353473 0.009271
0.494949 0.358214 0.009247
0.495523 0.367667 0.009193
0.490296 0.362963 0.009221
0.474365 0.339125 0.009329
0.479476 0.343927 0.009312
0.474759 0.348720 0.009292
0.479129 0.334303 0.009345
0.483918 0.329466 0.009358
0.488985 0.334298 0.009345
0.484218 0.339120 0.009330
0.464212 0.329467 0.009357
0.464517 0.339127 0.009328
0.459429 0.334304 0.009343
0.469277 0.334305 0.009344
0.469627 0.343932 0.009311
0.371830 0.541612 0.008898
0.371830 0.551472 0.008898
0.366901 0.546542 0.008898
0.376760 0.546542 0.008898
0.381690 0.551472 0.008898
0.381690 0.561331 0.008898
0.376760 0.556401 0.008898
0.361971 0.531753 0.008898
0.366901 0.536683 0.008898
0.361971 0.541612 0.008898
0.366901 0.526823 0.008898
0.371831 0.521894 0.008898
0.376760 0.526823 0.008898
0.371831 0.531753 0.008898
0.352112 0.521894 0.008898
0.352112 0.531753 0.008898
0.347183 0.526823 0.008898
0.357042 0.526823 0.008898
0.357042 0.536683 0.008898
0.332394 0.502175 0.008898
0.332394 0.512035 0.008898
0.327464 0.507105 0.008898
0.337323 0.507105 0.008898
0.342253 0.512035 0.008898
0.342253 0.521894 0.008898
0.337323 0.516964 0.008898
0.322534 0.492317 0.008898
0.327464 0.497246 0.008898
0.322534 0.502175 0.008898
0.327462 0.487389 0.008898
0.332388 0.482464 0.008898
0.337319 0.487391 0.008898
0.332392 0.492317 0.008898
0.312674 0.482458 0.008898
0.312675 0.492316 0.008898
0.307745 0.487387 0.008898
0.317604 0.487387 0.008898
0.317605 0.497246 0.008898
0.371699 0.462899 0.008901
0.371759 0.472685 0.008900
0.366814 0.467774 0.008900
0.376649 0.467803 0.008901
0.381602 0.472704 0.008900
0.381654 0.482501 0.008899
0.376706 0.477593 0.008899
0.361814 0.453072 0.008902
0.366754 0.457989 0.008902
0.361872 0.462859 0.008901
0.366677 0.448223 0.008904
0.371524 0.443394 0.008906
0.376473 0.448298 0.008906
0.371621 0.453135 0.008904
0.351949 0.443219 0.008902
0.352000 0.453016 0.008901
0.347071 0.448086 0.008901
0.356879 0.448149 0.008902
0.356934 0.457940 0.008901
0.529578 0.699360 0.008898
0.529578 0.709219 0.008898
0.524648 0.704289 0.008898
0.534508 0.704289 0.008898
0.539437 0.709219 0.008898
0.539437 0.719078 0.008898
0.534507 0.714148 0.008898
0.519719 0.689500 0.008898
0.524648 0.694430 0.008898
0.519719 0.699360 0.008898
0.524648 0.684571 0.008898
0.529578 0.679641 0.008898
0.534508 0.684571 0.008898
0.529578 0.689500 0.008898
0.509860 0.679641 0.008898
0.509860 0.689501 0.008898
0.504930 0.684571 0.008898
0.514789 0.684571 0.008898
0.514789 0.694430 0.008898
0.490141 0.659923 0.008898
0.490141 0.669782 0.008898
0.485212 0.664852 0.008898
0.495071 0.664852 0.008898
0.500000 0.669782 0.008898
0.500000 0.679641 0.008898
0.495071 0.674712 0.008898
0.480282 0.650064 0.008898
0.485212 0.654993 0.008898
0.480282 0.659923 0.008898
0.485212 0.645134 0.008898
0.490141 0.640204 0.008898
0.495071 0.645134 0.008898
0.490141 0.650064 0.008898
0.470423 0.640204 0.008898
0.470423 0.650064 0.008898
0.465493 0.645134 0.008898
0.475352 0.645134 0.008898
0.475352 0.654993 0.008898
0.529578 0.620486 0.008898
0.529578 0.630345 0.008898
0.524648 0.625416 0.008898
0.534508 0.625416 0.008898
0.539437 0.630345 0.008898
0.539437 0.640204 0.008898
0.534508 0.635275 0.008898
0.519719 0.610627 0.008898
0.524648 0.615556 0.008898
0.519719 0.620486 0.008898
0.524648 0.605697 0.008898
0.529578 0.600768 0.008898
0.534508 0.605697 0.008898
0.529578 0.610627 0.008898
0.509860 0.600767 0.008898
0.509860 0.610627 0.008898
0.504930 0.605697 0.008898
0.514789 0.605697 0.008898
0.514789 0.615556 0.008898
0.687325 0.541612 0.008898
0.687325 0.551472 0.008898
0.682395 0.546542 0.008898
0.692255 0.546542 0.008898
0.697184 0.551472 0.008898
0.697184 0.561331 0.008898
0.692255 0.556401 0.008898
0.677466 0.531753 0.008898
0.682395 0.536683 0.008898
0.677466 0.541612 0.008898
0.682395 0.526824 0.008898
0.687325 0.521894 0.008898
0.692255 0.526824 0.008898
0.687325 0.531753 0.008898
0.667607 0.521894 0.008898
0.667607 0.531753 0.008898
0.662677 0.526823 0.008898
0.672536 0.526824 0.008898
0.672536 0.536683 0.008898
0.647888 0.502175 0.008898
0.647888 0.512035 0.008898
0.642959 0.507105 0.008898
0.652818 0.507105 0.008898
0.657747 0.512035 0.008898
0.657747 0.521894 0.008898
0.652818 0.516964 0.008898
0.638025 0.492317 0.008898
0.642958 0.497246 0.008898
0.638029 0.502175 0.008898
0.642949 0.487388 0.008898
0.647873 0.482460 0.008898
0.652811 0.487388 0.008898
0.647885 0.492317 0.008898
0.628141 0.482462 0.008898
0.628164 0.492317 0.008898
0.623224 0.487389 0.008898
0.633087 0.487389 0.008898
0.633099 0.497246 0.008898
0.598592 0.650064 0.008898
0.603522 0.654993 0.008898
0.598592 0.659923 0.008898
0.603522 0.645134 0.008898
0.608451 0.640204 0.008898
0.613381 0.645134 0.008898
0.608451 0.650064 0.008898
0.588733 0.659923 0.008898
0.593663 0.654993 0.008898
0.593663 0.664852 0.008898
0.588733 0.650064 0.008898
0.588733 0.640204 0.008898
0.593663 0.635275 0.008898
0.593663 0.645134 0.008898
0.583804 0.674711 0.008898
0.583804 0.664852 0.008898
0.588733 0.669782 0.008898
0.440832 0.492330 0.008898
0.445773 0.497248 0.008898
0.440845 0.502175 0.008898
0.445739 0.487423 0.008899
0.450635 0.482527 0.008900
0.455597 0.487423 0.008899
0.450691 0.492330 0.008898
0.430986 0.502176 0.008898
0.435914 0.497248 0.008898
0.435915 0.507105 0.008898
0.430974 0.492329 0.008898
0.430923 0.482525 0.008900
0.435809 0.477640 0.008901
0.435882 0.487422 0.008899
0.426056 0.516964 0.008898
0.426056 0.507105 0.008898
0.430986 0.512035 0.008898
0.517920 0.414847 0.008975
0.523063 0.419582 0.008961
0.518309 0.424407 0.008952
0.522651 0.410035 0.008987
0.527374 0.405222 0.009001
0.532547 0.409931 0.008984
0.527810 0.414757 0.008972
0.508433 0.424473 0.008954
0.513181 0.419660 0.008963
0.513547 0.429230 0.008945
0.508042 0.414923 0.008976
0.507603 0.405405 0.009006
0.512305 0.400617 0.009022
0.512767 0.410122 0.008989
0.503996 0.438875 0.008933
0.503676 0.429284 0.008946
0.508777 0.434052 0.008938
0.361971 0.571190 0.008898
0.366901 0.576120 0.008898
0.361971 0.581049 0.008898
0.366901 0.566260 0.008898
0.371830 0.561331 0.008898
0.376760 0.566260 0.008898
0.371830 0.571190 0.008898
0.352112 0.581049 0.008898
0.357042 0.576119 0.008898
0.357042 0.585979 0.008898
0.352112 0.571190 0.008898
0.352112 0.561331 0.008898
0.357042 0.556401 0.008898
0.357042 0.566260 0.008898
0.347182 0.595838 0.008898
0.347182 0.585979 0.008898
0.352112 0.590908 0.008898
0.519719 0.728937 0.008898
0.524648 0.733867 0.008898
0.519719 0.738796 0.008898
0.524648 0.724008 0.008898
0.529578 0.719078 0.008898
0.534507 0.724008 0.008898
0.529578 0.728937 0.008898
0.509860 0.738796 0.008898
0.514789 0.733867 0.008898
0.514789 0.743726 0.008898
0.509860 0.728937 0.008898
0.509860 0.719078 0.008898
0.514789 0.714148 0.008898
0.514789 0.724008 0.008898
0.504930 0.753585 0.008898
0.504930 0.743726 0.008898
0.509860 0.748655 0.008898
0.440845 0.650064 0.008898
0.445775 0.654993 0.008898
0.440845 0.659923 0.008898
0.445775 0.645134 0.008898
0.450704 0.640204 0.008898
0.455634 0.645134 0.008898
0.450704 0.650064 0.008898
0.430986 0.659923 0.008898
0.435915 0.654993 0.008898
0.435915 0.664852 0.008898
0.430986 0.650064 0.008898
0.430986 0.640204 0.008898
0.435915 0.635275 0.008898
0.435915 0.645134 0.008898
0.426056 0.674711 0.008898
0.426056 0.664852 0.008898
0.430986 0.669782 0.008898
0.519719 0.571190 0.008898
0.524648 0.576120 0.008898
0.519719 0.581049 0.008898
0.524648 0.566260 0.008898
0.529578 0.561331 0.008898
0.534507 0.566260 0.008898
0.529578 0.571190 0.008898
0.509860 0.581049 0.008898
0.514789 0.576119 0.008898
0.514789 0.585979 0.008898
0.509860 0.571190 0.008898
0.509860 0.561331 0.008898
0.514789 0.556401 0.008898
0.514789 0.566260 0.008898
0.504930 0.595838 0.008898
0.504930 0.585979 0.008898
0.509860 0.590908 0.008898
0.677466 0.571190 0.008898
0.682395 0.576120 0.008898
0.677466 0.581049 0.008898
0.682395 0.566260 0.008898
0.687325 0.561331 0.008898
0.692255 0.566260 0.008898
0.687325 0.571190 0.008898
0.667606 0.581049 0.008898
0.672536 0.576120 0.008898
0.672536 0.585979 0.008898
0.667606 0.571190 0.008898
0.667607 0.561331 0.008898
0.672536 0.556401 0.008898
0.672536 0.566260 0.008898
0.662677 0.595838 0.008898
0.662677 0.585979 0.008898
0.667606 0.590909 0.008898
0.598583 0.492319 0.008898
0.603521 0.497246 0.008898
0.598592 0.502175 0.008898
0.603499 0.487393 0.008898
0.608410 0.482467 0.008899
0.613361 0.487391 0.008898
0.608443 0.492318 0.008898
0.588733 0.502175 0.008898
0.593661 0.497246 0.008898
0.593663 0.507105 0.008898
0.588723 0.492320 0.008898
0.588681 0.482475 0.008899
0.593581 0.477553 0.008900
0.593637 0.487395 0.008898
0.583803 0.516964 0.008898
0.583803 0.507105 0.008898
0.588733 0.512035 0.008898
0.637876 0.452905 0.008901
0.642854 0.457826 0.008900
0.637933 0.462754 0.008900
0.642800 0.447976 0.008901
0.647729 0.443047 0.008901
0.652709 0.447968 0.008900
0.647779 0.452897 0.008900
0.628042 0.462760 0.008900
0.632956 0.457833 0.008900
0.633015 0.467682 0.008899
0.627965 0.452914 0.008902
0.627871 0.443071 0.008903
0.632790 0.438142 0.008903
0.632881 0.447986 0.008902
0.623188 0.477537 0.008899
0.623132 0.467688 0.008900
0.628101 0.472609 0.008899
0.597349 0.413860 0.008937
0.602504 0.418673 0.008926
0.597668 0.423587 0.008921
0.602157 0.408958 0.008944
0.606959 0.404059 0.008953
0.612161 0.408856 0.008938
0.607335 0.413763 0.008931
0.587713 0.423676 0.008925
0.592535 0.418766 0.008930
0.592825 0.428505 0.008918
0.587377 0.413974 0.008942
0.586968 0.404323 0.008966
0.591730 0.399438 0.008978
0.592170 0.409077 0.008950
0.583123 0.438354 0.008915
0.582884 0.428591 0.008922
0.587975 0.433429 0.008916
0.559155 0.531753 0.008898
0.564085 0.536683 0.008898
0.559155 0.541612 0.008898
0.564085 0.526824 0.008898
0.569014 0.521894 0.008898
0.573944 0.526823 0.008898
0.569014 0.531753 0.008898
0.549296 0.541612 0.008898
0.554226 0.536683 0.008898
0.554226 0.546542 0.008898
0.549296 0.531753 0.008898
0.549296 0.521894 0.008898
0.554226 0.516964 0.008898
0.554226 0.526824 0.008898
0.544367 0.556401 0.008898
0.544367 0.546542 0.008898
0.549296 0.551472 0.008898
0.519704 0.492328 0.008898
0.524646 0.497248 0.008898
0.519719 0.502176 0.008898
0.524610 0.487416 0.008899
0.529505 0.482511 0.008900
0.534470 0.487414 0.008899
0.529564 0.492327 0.008898
0.509859 0.502176 0.008898
0.514787 0.497248 0.008898
0.514789 0.507105 0.008898
0.509845 0.492328 0.008898
0.509784 0.482519 0.008901
0.514666 0.477626 0.008902
0.514750 0.487418 0.008899
0.504930 0.516964 0.008898
0.504930 0.507105 0.008898
0.509860 0.512035 0.008898
0.558689 0.453147 0.008912
0.563721 0.458004 0.008909
0.558864 0.462906 0.008907
0.563531 0.448247 0.008914
0.568371 0.443340 0.008916
0.573425 0.448188 0.008912
0.568574 0.453098 0.008910
0.548990 0.462934 0.008908
0.553842 0.458042 0.008910
0.554000 0.467805 0.008905
0.548807 0.453191 0.008914
0.548582 0.443476 0.008922
0.553401 0.438592 0.008924
0.553643 0.448304 0.008917
0.544253 0.477603 0.008902
0.544132 0.467825 0.008906
0.549131 0.472704 0.008903
0.638029 0.610627 0.008898
0.642958 0.615556 0.008898
0.638029 0.620486 0.008898
0.642958 0.605697 0.008898
0.647888 0.600768 0.008898
0.652818 0.605697 0.008898
0.647888 0.610627 0.008898
0.628170 0.620486 0.008898
0.633099 0.615556 0.008898
0.633099 0.625416 0.008898
0.628170 0.610627 0.008898
0.628170 0.600768 0.008898
0.633099 0.595838 0.008898
0.633099 0.605697 0.008898
0.623240 0.635275 0.008898
0.623240 0.625416 0.008898
0.628170 0.630345 0.008898
0.598592 0.571190 0.008898
0.603522 0.576120 0.008898
0.598592 0.581049 0.008898
0.603522 0.566260 0.008898
0.608451 0.561331 0.008898
0.613381 0.566260 0.008898
0.608451 0.571190 0.008898
0.588733 0.581049 0.008898
0.593663 0.576120 0.008898
0.593663 0.585979 0.008898
0.588733 0.571190 0.008898
0.588733 0.561331 0.008898
0.593663 0.556401 0.008898
0.593663 0.566260 0.008898
0.583803 0.595838 0.008898
0.583803 0.585979 0.008898
0.588733 0.590909 0.008898
0.638029 0.531753 0.008898
0.642959 0.536683 0.008898
0.638029 0.541612 0.008898
0.642959 0.526823 0.008898
0.647888 0.521894 0.008898
0.652818 0.526823 0.008898
0.647888 0.531753 0.008898
0.628170 0.541612 0.008898
0.633099 0.536683 0.008898
0.633099 0.546542 0.008898
0.628170 0.531753 0.008898
0.628170 0.521894 0.008898
0.633099 0.516964 0.008898
0.633099 0.526823 0.008898
0.623240 0.556401 0.008898
0.623240 0.546542 0.008898
0.628170 0.551472 0.008898
0.480282 0.610627 0.008898
0.485212 0.615556 0.008898
0.480282 0.620486 0.008898
0.485212 0.605697 0.008898
0.490141 0.600767 0.008898
0.495071 0.605697 0.008898
0.490141 0.610627 0.008898
0.470423 0.620486 0.008898
0.475352 0.615556 0.008898
0.475352 0.625416 0.008898
0.470423 0.610627 0.008898
0.470423 0.600768 0.008898
0.475352 0.595838 0.008898
0.475352 0.605697 0.008898
0.465493 0.635275 0.008898
0.465493 0.625416 0.008898
0.470423 0.630345 0.008898
0.440845 0.571190 0.008898
0.445775 0.576120 0.008898
0.440845 0.581049 0.008898
0.445775 0.566260 0.008898
0.450704 0.561331 0.008898
0.455634 0.566260 0.008898
0.450704 0.571190 0.008898
0.430986 0.581049 0.008898
0.435915 0.576120 0.008898
0.435915 0.585979 0.008898
0.430986 0.571190 0.008898
0.430986 0.561331 0.008898
0.435915 0.556401 0.008898
0.435915 0.566260 0.008898
0.426056 0.595838 0.008898
0.426056 0.585979 0.008898
0.430986 0.590909 0.008898
0.480282 0.531753 0.008898
0.485212 0.536683 0.008898
0.480282 0.541612 0.008898
0.485212 0.526824 0.008898
0.490141 0.521894 0.008898
0.495071 0.526824 0.008898
0.490141 0.531753 0.008898
0.470423 0.541612 0.008898
0.475352 0.536683 0.008898
0.475352 0.546542 0.008898
0.470423 0.531753 0.008898
0.470423 0.521894 0.008898
0.475352 0.516964 0.008898
0.475352 0.526824 0.008898
0.465493 0.556401 0.008898
0.465493 0.546542 0.008898
0.470423 0.551472 0.008898
0.401408 0.610627 0.008898
0.406338 0.615556 0.008898
0.401408 0.620486 0.008898
0.406338 0.605697 0.008898
0.411267 0.600768 0.008898
0.416197 0.605697 0.008898
0.411267 0.610627 0.008898
0.391549 0.620486 0.008898
0.396479 0.615556 0.008898
0.396479 0.625416 0.008898
0.391549 0.610627 0.008898
0.391549 0.600768 0.008898
0.396478 0.595838 0.008898
0.396478 0.605697 0.008898
0.386619 0.635275 0.008898
0.386619 0.625416 0.008898
0.391549 0.630345 0.008898
0.480282 0.689500 0.008898
0.485212 0.694430 0.008898
0.480282 0.699360 0.008898
0.485212 0.684571 0.008898
0.490141 0.679641 0.008898
0.495071 0.684571 0.008898
0.490141 0.689501 0.008898
0.470423 0.699360 0.008898
0.475352 0.694430 0.008898
0.475352 0.704289 0.008898
0.470423 0.689500 0.008898
0.470423 0.679641 0.008898
0.475352 0.674712 0.008898
0.475352 0.684571 0.008898
0.465493 0.714148 0.008898
0.465493 0.704289 0.008898
0.470423 0.709219 0.008898
0.322535 0.531753 0.008898
0.327464 0.536683 0.008898
0.322535 0.541612 0.008898
0.327464 0.526823 0.008898
0.332394 0.521894 0.008898
0.337323 0.526823 0.008898
0.332394 0.531753 0.008898
0.312675 0.541612 0.008898
0.317605 0.536683 0.008898
0.317605 0.546542 0.008898
0.312675 0.531753 0.008898
0.312675 0.521894 0.008898
0.317605 0.516964 0.008898
0.317605 0.526823 0.008898
0.307746 0.556401 0.008898
0.307746 0.546542 0.008898
0.312675 0.551472 0.008898
0.479744 0.453374 0.008918
0.484777 0.458202 0.008914
0.479945 0.463049 0.008911
0.484552 0.448546 0.008923
0.489349 0.443725 0.008928
0.494408 0.448529 0.008923
0.489598 0.453362 0.008918
0.470091 0.463053 0.008910
0.474924 0.458210 0.008914
0.475100 0.467904 0.008907
0.469894 0.453382 0.008918
0.469652 0.443753 0.008927
0.474434 0.438950 0.008932
0.474702 0.448558 0.008922
0.465373 0.477643 0.008902
0.465246 0.467906 0.008907
0.470243 0.472768 0.008905
0.439218 0.415066 0.008966
0.444307 0.419841 0.008956
0.439585 0.424600 0.008945
0.443909 0.410319 0.008981
0.448586 0.405575 0.008999
0.453708 0.410334 0.008985
0.449014 0.415086 0.008970
0.429791 0.424570 0.008941
0.434513 0.419816 0.008952
0.434845 0.429363 0.008935
0.429435 0.415032 0.008961
0.429017 0.405515 0.008990
0.433672 0.400787 0.009009
0.434122 0.410291 0.008977
0.425309 0.438910 0.008922
0.425051 0.429329 0.008932
0.430087 0.434132 0.008928
0.476444 0.377150 0.009136
0.481659 0.381858 0.009110
0.477022 0.386598 0.009086
0.481059 0.372422 0.009164
0.485668 0.367699 0.009193
0.490909 0.372392 0.009164
0.486288 0.377122 0.009137
0.467192 0.386616 0.009084
0.471822 0.381881 0.009109
0.472377 0.391341 0.009063
0.466612 0.377165 0.009134
0.465986 0.367731 0.009191
0.470602 0.362999 0.009220
0.471220 0.372441 0.009163
0.463062 0.400834 0.009021
0.462554 0.391353 0.009060
0.467724 0.396086 0.009041
0.555475 0.376349 0.009113
0.560745 0.380964 0.009084
0.556079 0.385793 0.009064
0.560108 0.371538 0.009136
0.564724 0.366724 0.009161
0.570029 0.371305 0.009127
0.565395 0.376134 0.009105
0.546160 0.385972 0.009070
0.550825 0.381161 0.009091
0.551397 0.390621 0.009045
0.545565 0.376538 0.009120
0.544919 0.367142 0.009176
0.549552 0.362344 0.009201
0.550199 0.371744 0.009144
0.541994 0.400277 0.009012
0.541481 0.390784 0.009051
0.546701 0.395449 0.009028
0.513799 0.339041 0.009328
0.518917 0.343794 0.009309
0.514194 0.348610 0.009290
0.518564 0.334195 0.009342
0.523348 0.329328 0.009354
0.528419 0.334098 0.009339
0.523659 0.338957 0.009325
0.504329 0.348669 0.009292
0.509053 0.343866 0.009311
0.509493 0.353405 0.009270
0.503937 0.339092 0.009329
0.503637 0.329448 0.009358
0.508451 0.324585 0.009368
0.508706 0.334259 0.009344
0.500156 0.362932 0.009221
0.499627 0.353451 0.009271
0.504813 0.358178 0.009247
0.401408 0.531753 0.008898
0.406338 0.536683 0.008898
0.401408 0.541612 0.008898
0.406338 0.526823 0.008898
0.411267 0.521894 0.008898
0.416197 0.526823 0.008898
0.411267 0.531753 0.008898
0.391549 0.541612 0.008898
0.396478 0.536683 0.008898
0.396478 0.546542 0.008898
0.391549 0.531753 0.008898
0.391549 0.521894 0.008898
0.396479 0.516964 0.008898
0.396479 0.526823 0.008898
0.386619 0.556401 0.008898
0.386619 0.546542 0.008898
0.391549 0.551472 0.008898
0.361967 0.492321 0.008898
0.366900 0.497246 0.008898
0.361971 0.502175 0.008898
0.366888 0.487403 0.008898
0.371801 0.482492 0.008899
0.376743 0.487407 0.008898
0.371825 0.492323 0.008898
0.352112 0.502175 0.008898
0.357041 0.497246 0.008898
0.357042 0.507105 0.008898
0.352109 0.492320 0.008898
0.352097 0.482476 0.008898
0.357011 0.477564 0.008899
0.357032 0.487398 0.008898
0.347183 0.516964 0.008898
0.347183 0.507105 0.008898
0.352112 0.512035 0.008898
0.401061 0.453285 0.008908
0.406044 0.458149 0.008907
0.401191 0.462993 0.008904
0.405891 0.448466 0.008911
0.410706 0.443662 0.008915
0.415706 0.448503 0.008913
0.410882 0.453319 0.008910
0.391358 0.462966 0.008903
0.396216 0.458118 0.008905
0.396324 0.467850 0.008902
0.391244 0.453243 0.008907
0.391104 0.443551 0.008911
0.395917 0.438754 0.008914
0.396080 0.448420 0.008909
0.386555 0.477605 0.008900
0.386486 0.467828 0.008902
0.391445 0.472721 0.008901
0.559156 0.689500 0.008898
0.564085 0.694430 0.008898
0.559156 0.699359 0.008898
0.564085 0.684571 0.008898
0.569015 0.679641 0.008898
0.573944 0.684571 0.008898
0.569015 0.689500 0.008898
0.549296 0.699359 0.008898
0.554226 0.694430 0.008898
0.554226 0.704289 0.008898
0.549296 0.689500 0.008898
0.549296 0.679641 0.008898
0.554226 0.674711 0.008898
0.554226 0.684571 0.008898
0.544367 0.714148 0.008898
0.544367 0.704289 0.008898
0.549296 0.709219 0.008898
0.519719 0.650064 0.008898
0.524649 0.654993 0.008898
0.519719 0.659923 0.008898
0.524649 0.645134 0.008898
0.529578 0.640204 0.008898
0.534508 0.645134 0.008898
0.529578 0.650064 0.008898
0.509860 0.659923 0.008898
0.514789 0.654993 0.008898
0.514789 0.664852 0.008898
0.509860 0.650064 0.008898
0.509860 0.640204 0.008898
0.514789 0.635275 0.008898
0.514789 0.645134 0.008898
0.504930 0.674712 0.008898
0.504930 0.664852 0.008898
0.509860 0.669782 0.008898
0.559156 0.610627 0.008898
0.564085 0.615556 0.008898
0.559156 0.620486 0.008898
0.564085 0.605697 0.008898
0.569015 0.600768 0.008898
0.573944 0.605697 0.008898
0.569015 0.610627 0.008898
0.549296 0.620486 0.008898
0.554226 0.615556 0.008898
0.554226 0.625416 0.008898
0.549296 0.610627 0.008898
0.549296 0.600768 0.008898
0.554226 0.595838 0.008898
0.554226 0.605697 0.008898
0.544367 0.635275 0.008898
0.544367 0.625416 0.008898
0.549296 0.630345 0.008898
0.716902 0.531753 0.008898
0.721832 0.536683 0.008898
0.716902 0.541612 0.008898
0.721832 0.526824 0.008898
0.726762 0.521894 0.008898
0.731691 0.526823 0.008898
0.726762 0.531753 0.008898
0.707043 0.541612 0.008898
0.711973 0.536683 0.008898
0.711973 0.546542 0.008898
0.707043 0.531753 0.008898
0.707043 0.521894 0.008898
0.711973 0.516964 0.008898
0.711973 0.526824 0.008898
0.702114 0.556401 0.008898
0.702114 0.546542 0.008898
0.707043 0.551472 0.008898
0.677465 0.492316 0.008898
0.682395 0.497246 0.008898
0.677466 0.502176 0.008898
0.682394 0.487387 0.008898
0.687324 0.482457 0.008898
0.692254 0.487387 0.008898
0.687325 0.492316 0.008898
0.667607 0.502176 0.008898
0.672536 0.497246 0.008898
0.672536 0.507105 0.008898
0.667605 0.492316 0.008898
0.667601 0.482458 0.008898
0.672529 0.477529 0.008898
0.672534 0.487387 0.008898
0.662677 0.516964 0.008898
0.662677 0.507105 0.008898
0.667607 0.512035 0.008898
0.657723 0.472602 0.008898
0.662664 0.477530 0.008898
0.657737 0.482459 0.008898
0.662651 0.467673 0.008898
0.667580 0.462743 0.008898
0.672522 0.467671 0.008898
0.667592 0.472600 0.008898
0.697184 0.512035 0.008898
0.702114 0.516964 0.008898
0.697184 0.521894 0.008898
0.702114 0.507105 0.008898
0.707043 0.502176 0.008898
0.711973 0.507105 0.008898
0.707043 0.512035 0.008898
0.539437 0.590908 0.008898
0.544367 0.595838 0.008898
0.539437 0.600768 0.008898
0.544367 0.585979 0.008898
0.549296 0.581049 0.008898
0.554226 0.585979 0.008898
0.549296 0.590908 0.008898
0.500000 0.630345 0.008898
0.504930 0.635275 0.008898
0.500000 0.640204 0.008898
0.504930 0.625415 0.008898
0.509860 0.620486 0.008898
0.514789 0.625415 0.008898
0.509860 0.630345 0.008898
0.539437 0.669782 0.008898
0.544367 0.674712 0.008898
0.539437 0.679641 0.008898
0.544367 0.664852 0.008898
0.549297 0.659923 0.008898
0.554226 0.664852 0.008898
0.549296 0.669782 0.008898
0.381170 0.433789 0.008912
0.386133 0.438675 0.008912
0.381311 0.443478 0.008908
0.385960 0.429016 0.008917
0.390722 0.424262 0.008924
0.395719 0.429121 0.008921
0.390938 0.433889 0.008915
0.342228 0.472628 0.008899
0.347162 0.477553 0.008898
0.342243 0.482469 0.008898
0.347139 0.467721 0.008899
0.352042 0.462824 0.008900
0.356979 0.467745 0.008900
0.352074 0.472644 0.008899
0.381690 0.512035 0.008898
0.386619 0.516964 0.008898
0.381690 0.521894 0.008898
0.386619 0.507105 0.008898
0.391549 0.502175 0.008898
0.396479 0.507105 0.008898
0.391549 0.512035 0.008898
0.493570 0.319745 0.009378
0.498591 0.324609 0.009369
0.493776 0.329461 0.009358
0.498432 0.314862 0.009384
0.503318 0.309958 0.009388
0.508290 0.314843 0.009384
0.503430 0.319737 0.009377
0.534433 0.357882 0.009237
0.539662 0.362524 0.009208
0.535026 0.367306 0.009182
0.539108 0.353069 0.009258
0.543800 0.348233 0.009277
0.548985 0.352890 0.009252
0.544315 0.357719 0.009231
0.455571 0.358258 0.009244
0.460768 0.363004 0.009219
0.456159 0.367732 0.009189
0.460229 0.353499 0.009269
0.464914 0.348724 0.009291
0.470069 0.353497 0.009270
0.465404 0.358258 0.009245
0.418782 0.395958 0.009020
0.423903 0.400738 0.009004
0.419255 0.405455 0.008984
0.423395 0.391255 0.009044
0.427999 0.386551 0.009069
0.433163 0.391305 0.009049
0.428538 0.396022 0.009026
0.459532 0.434173 0.008936
0.464595 0.438958 0.008931
0.459812 0.443757 0.008926
0.464287 0.429394 0.008944
0.469027 0.424617 0.008953
0.474120 0.429383 0.008945
0.469364 0.434168 0.008938
0.302816 0.512035 0.008898
0.307746 0.516964 0.008898
0.302816 0.521894 0.008898
0.307746 0.507105 0.008898
0.312675 0.502175 0.008898
0.317605 0.507105 0.008898
0.312675 0.512035 0.008898
0.460563 0.669782 0.008898
0.465493 0.674712 0.008898
0.460563 0.679641 0.008898
0.465493 0.664852 0.008898
0.470423 0.659923 0.008898
0.475352 0.664852 0.008898
0.470423 0.669782 0.008898
0.381690 0.590908 0.008898
0.386619 0.595838 0.008898
0.381690 0.600768 0.008898
0.386619 0.585979 0.008898
0.391549 0.581049 0.008898
0.396478 0.585979 0.008898
0.391549 0.590908 0.008898
0.460563 0.512035 0.008898
0.465493 0.516964 0.008898
0.460563 0.521894 0.008898
0.465493 0.507105 0.008898
0.470423 0.502175 0.008898
0.475352 0.507105 0.008898
0.470423 0.512035 0.008898
0.421126 0.551472 0.008898
0.426056 0.556401 0.008898
0.421126 0.561331 0.008898
0.426056 0.546542 0.008898
0.430986 0.541612 0.008898
0.435915 0.546542 0.008898
0.430986 0.551472 0.008898
0.460563 0.590908 0.008898
0.465493 0.595838 0.008898
0.460563 0.600768 0.008898
0.465493 0.585979 0.008898
0.470423 0.581049 0.008898
0.475352 0.585979 0.008898
0.470423 0.590908 0.008898
0.618311 0.512035 0.008898
0.623240 0.516964 0.008898
0.618311 0.521894 0.008898
0.623240 0.507105 0.008898
0.628170 0.502175 0.008898
0.633099 0.507105 0.008898
0.628170 0.512035 0.008898
0.578874 0.551472 0.008898
0.583803 0.556401 0.008898
0.578874 0.561331 0.008898
0.583803 0.546542 0.008898
0.588733 0.541612 0.008898
0.593662 0.546542 0.008898
0.588733 0.551472 0.008898
0.618311 0.590908 0.008898
0.623240 0.595838 0.008898
0.618311 0.600768 0.008898
0.623240 0.585979 0.008898
0.628170 0.581049 0.008898
0.633099 0.585979 0.008898
0.628170 0.590908 0.008898
0.538418 0.433869 0.008933
0.543507 0.438664 0.008927
0.538696 0.443534 0.008924
0.543210 0.429005 0.008938
0.547995 0.424139 0.008944
0.553116 0.428909 0.008934
0.548314 0.433789 0.008930
0.499816 0.472756 0.008905
0.504806 0.477632 0.008902
0.499924 0.482522 0.008901
0.504674 0.467883 0.008907
0.509521 0.463017 0.008910
0.514535 0.467872 0.008907
0.509676 0.472749 0.008905
0.539437 0.512035 0.008898
0.544367 0.516964 0.008898
0.539437 0.521894 0.008898
0.544367 0.507105 0.008898
0.549296 0.502176 0.008898
0.554226 0.507105 0.008898
0.549296 0.512035 0.008898
0.576512 0.394902 0.009006
0.581748 0.399598 0.008985
0.576999 0.404477 0.008973
0.581228 0.390036 0.009021
0.585934 0.385173 0.009037
0.591217 0.389849 0.009012
0.586487 0.394722 0.008998
0.617800 0.433262 0.008907
0.622844 0.438163 0.008905
0.617940 0.443094 0.008905
0.622699 0.428333 0.008908
0.627594 0.423409 0.008911
0.632675 0.428303 0.008906
0.627757 0.433231 0.008905
0.578735 0.472656 0.008901
0.583714 0.477562 0.008900
0.578817 0.482481 0.008899
0.583618 0.467740 0.008902
0.588498 0.462821 0.008903
0.593494 0.467722 0.008902
0.588606 0.472643 0.008901
0.657747 0.551472 0.008898
0.662677 0.556401 0.008898
0.657747 0.561331 0.008898
0.662677 0.546542 0.008898
0.667607 0.541612 0.008898
0.672536 0.546542 0.008898
0.667607 0.551472 0.008898
0.500000 0.551471 0.008898
0.504930 0.556401 0.008898
0.500000 0.561331 0.008898
0.504930 0.546542 0.008898
0.509860 0.541612 0.008898
0.514789 0.546542 0.008898
0.509860 0.551471 0.008898
0.421126 0.630345 0.008898
0.426056 0.635275 0.008898
0.421126 0.640204 0.008898
0.426056 0.625416 0.008898
0.430986 0.620486 0.008898
0.435915 0.625416 0.008898
0.430986 0.630345 0.008898
0.500000 0.709219 0.008898
0.504930 0.714148 0.008898
0.500000 0.719078 0.008898
0.504930 0.704289 0.008898
0.509860 0.699360 0.008898
0.514789 0.704289 0.008898
0.509860 0.709219 0.008898
0.342253 0.551471 0.008898
0.347182 0.556401 0.008898
0.342253 0.561331 0.008898
0.347182 0.546542 0.008898
0.352112 0.541612 0.008898
0.357042 0.546542 0.008898
0.352112 0.551471 0.008898
0.497251 0.395982 0.009043
0.502431 0.400692 0.009024
0.497735 0.405470 0.009007
0.501923 0.391218 0.009064
0.506587 0.386457 0.009086
0.511796 0.391142 0.009062
0.507118 0.395916 0.009042
0.420984 0.472756 0.008902
0.425957 0.477636 0.008901
0.421068 0.482522 0.008900
0.425851 0.467893 0.008905
0.430704 0.463042 0.008907
0.435697 0.467900 0.008905
0.430833 0.472762 0.008903
0.578874 0.630345 0.008898
0.583804 0.635275 0.008898
0.578874 0.640204 0.008898
0.583804 0.625416 0.008898
0.588733 0.620486 0.008898
0.593663 0.625416 0.008898
0.588733 0.630345 0.008898
0.647820 0.462750 0.008899
0.647851 0.472604 0.008898
0.642897 0.467678 0.008899
0.652776 0.467675 0.008899
0.652797 0.477531 0.008898
0.687325 0.502176 0.008898
0.687325 0.512035 0.008898
0.682395 0.507105 0.008898
0.692255 0.507105 0.008898
0.692255 0.516964 0.008898
0.529578 0.581049 0.008898
0.529578 0.590908 0.008898
0.524648 0.585979 0.008898
0.534507 0.585979 0.008898
0.534508 0.595838 0.008898
0.490141 0.620486 0.008898
0.490141 0.630345 0.008898
0.485212 0.625415 0.008898
0.495071 0.625415 0.008898
0.495071 0.635275 0.008898
0.529578 0.659923 0.008898
0.529578 0.669782 0.008898
0.524649 0.664852 0.008898
0.534508 0.664852 0.008898
0.534508 0.674712 0.008898
0.371250 0.423988 0.008916
0.371410 0.433674 0.008909
0.366470 0.428753 0.008910
0.376210 0.428894 0.008914
0.376355 0.438583 0.008909
0.332367 0.462771 0.008899
0.332379 0.472615 0.008898
0.327449 0.467686 0.008898
0.337296 0.467701 0.008899
0.337310 0.477543 0.008898
0.371831 0.502175 0.008898
0.371831 0.512035 0.008898
0.366901 0.507105 0.008898
0.376760 0.507105 0.008898
0.376760 0.516964 0.008898
0.483600 0.309964 0.009388
0.483712 0.319747 0.009378
0.478716 0.314863 0.009384
0.488573 0.314863 0.009384
0.488732 0.324613 0.009369
0.524062 0.348518 0.009287
0.524555 0.358013 0.009241
0.519362 0.353326 0.009267
0.529233 0.353214 0.009263
0.529777 0.362672 0.009213
0.445241 0.348714 0.009288
0.445745 0.358249 0.009242
0.440569 0.353483 0.009265
0.450396 0.353494 0.009267
0.450942 0.362999 0.009216
0.408517 0.386389 0.009055
0.409048 0.395865 0.009013
0.403935 0.391065 0.009029
0.413653 0.391175 0.009037
0.414155 0.400661 0.008998
0.449388 0.424618 0.008948
0.449709 0.434169 0.008934
0.444650 0.429384 0.008939
0.454463 0.429395 0.008941
0.454762 0.438959 0.008930
0.292957 0.502175 0.008898
0.292957 0.512035 0.008898
0.288027 0.507105 0.008898
0.297886 0.507105 0.008898
0.297886 0.516964 0.008898
0.450704 0.659923 0.008898
0.450704 0.669782 0.008898
0.445775 0.664852 0.008898
0.455634 0.664852 0.008898
0.455634 0.674712 0.008898
0.371830 0.581049 0.008898
0.371830 0.590908 0.008898
0.366901 0.585979 0.008898
0.376760 0.585979 0.008898
0.376760 0.595838 0.008898
0.450704 0.502175 0.008898
0.450704 0.512035 0.008898
0.445775 0.507105 0.008898
0.455634 0.507105 0.008898
0.455634 0.516964 0.008898
0.411267 0.541612 0.008898
0.411267 0.551472 0.008898
0.406338 0.546542 0.008898
0.416197 0.546542 0.008898
0.416197 0.556401 0.008898
0.450704 0.581049 0.008898
0.450704 0.590908 0.008898
0.445775 0.585979 0.008898
0.455634 0.585979 0.008898
0.455634 0.595838 0.008898
0.608451 0.502175 0.008898
0.608451 0.512035 0.008898
0.603522 0.507105 0.008898
0.613381 0.507105 0.008898
0.613381 0.516964 0.008898
0.569014 0.541612 0.008898
0.569015 0.551472 0.008898
0.564085 0.546542 0.008898
0.573944 0.546542 0.008898
0.573944 0.556401 0.008898
0.608451 0.581049 0.008898
0.608451 0.590908 0.008898
0.603522 0.585979 0.008898
0.613381 0.585979 0.008898
0.613381 0.595838 0.008898
0.528195 0.424329 0.008950
0.528530 0.433939 0.008935
0.523426 0.429166 0.008943
0.533314 0.429091 0.008941
0.533620 0.438729 0.008929
0.489801 0.463041 0.008911
0.489957 0.472762 0.008905
0.484956 0.467899 0.008908
0.494814 0.467892 0.008908
0.494946 0.477636 0.008903
0.529578 0.502176 0.008898
0.529578 0.512035 0.008898
0.524648 0.507105 0.008898
0.534507 0.507105 0.008898
0.534507 0.516964 0.008898
0.566008 0.385589 0.009056
0.566559 0.395092 0.009014
0.561324 0.390436 0.009038
0.571264 0.390233 0.009030
0.571786 0.399771 0.008993
0.607633 0.423512 0.008917
0.607851 0.433305 0.008910
0.602774 0.428434 0.008914
0.612732 0.428376 0.008911
0.612904 0.438194 0.008907
0.568739 0.462875 0.008906
0.568866 0.472672 0.008902
0.563871 0.467783 0.008904
0.573744 0.467760 0.008903
0.573847 0.477572 0.008900
0.647888 0.541612 0.008898
0.647888 0.551472 0.008898
0.642959 0.546542 0.008898
0.652818 0.546542 0.008898
0.652818 0.556401 0.008898
0.490141 0.541612 0.008898
0.490141 0.551471 0.008898
0.485212 0.546542 0.008898
0.495071 0.546542 0.008898
0.495071 0.556401 0.008898
0.411267 0.620486 0.008898
0.411267 0.630345 0.008898
0.406338 0.625416 0.008898
0.416197 0.625416 0.008898
0.416197 0.635275 0.008898
0.490141 0.699360 0.008898
0.490141 0.709219 0.008898
0.485212 0.704289 0.008898
0.495071 0.704289 0.008898
0.495071 0.714148 0.008898
0.332394 0.541612 0.008898
0.332394 0.551471 0.008898
0.327464 0.546542 0.008898
0.337323 0.546542 0.008898
0.337323 0.556401 0.008898
0.486865 0.386566 0.009087
0.487395 0.396031 0.009043
0.482213 0.391314 0.009064
0.492062 0.391273 0.009064
0.492569 0.400750 0.009024
0.411026 0.463014 0.008905
0.411136 0.472747 0.008902
0.406165 0.467868 0.008903
0.416007 0.467883 0.008904
0.416105 0.477631 0.008901
0.569015 0.620486 0.008898
0.569015 0.630345 0.008898
0.564085 0.625416 0.008898
0.573944 0.625416 0.008898
0.573944 0.635275 0.008898
0.711973 0.556401 0.008898
0.707043 0.561331 0.008898
0.716902 0.551472 0.008898
0.702114 0.566260 0.008898
0.697184 0.571190 0.008898
0.731691 0.536683 0.008898
0.726762 0.541612 0.008898
0.736621 0.531753 0.008898
0.721832 0.546542 0.008898
0.554226 0.714148 0.008898
0.549296 0.719078 0.008898
0.559155 0.709219 0.008898
0.544367 0.724007 0.008898
0.539437 0.728937 0.008898
0.573944 0.694430 0.008898
0.569015 0.699359 0.008898
0.578874 0.689500 0.008898
0.564085 0.704289 0.008898
0.302816 0.571190 0.008898
0.460563 0.728937 0.008898
0.381690 0.650064 0.008898
0.633099 0.635275 0.008898
0.628170 0.640204 0.008898
0.638029 0.630345 0.008898
0.623240 0.645134 0.008898
0.618311 0.650064 0.008898
0.652818 0.615557 0.008898
0.647888 0.620486 0.008898
0.657747 0.610627 0.008898
0.642958 0.625416 0.008898
0.672536 0.595838 0.008898
0.667606 0.600768 0.008898
0.677466 0.590909 0.008898
0.662677 0.605697 0.008898
0.692254 0.576120 0.008898
0.687325 0.581049 0.008898
0.682395 0.585979 0.008898
0.421126 0.689500 0.008898
0.514789 0.753585 0.008898
0.509860 0.758515 0.008898
0.519719 0.748655 0.008898
0.504930 0.763444 0.008898
0.500000 0.768374 0.008898
0.534507 0.733867 0.008898
0.529578 0.738796 0.008898
0.524648 0.743726 0.008898
0.342253 0.610627 0.008898
0.593663 0.674711 0.008898
0.588733 0.679641 0.008898
0.598592 0.669782 0.008898
0.583804 0.684571 0.008898
0.613381 0.654993 0.008898
0.608451 0.659923 0.008898
0.603522 0.664852 0.008898
0.278168 0.546542 0.008898
0.273239 0.541612 0.008898
0.283098 0.551472 0.008898
0.268309 0.536683 0.008898
0.263379 0.531753 0.008898
0.297887 0.566260 0.008898
0.292957 0.561331 0.008898
0.288027 0.556401 0.008898
0.435915 0.704289 0.008898
0.430986 0.699359 0.008898
0.440845 0.709219 0.008898
0.426056 0.694430 0.008898
0.455634 0.724007 0.008898
0.450704 0.719078 0.008898
0.445775 0.714148 0.008898
0.357042 0.625415 0.008898
0.352112 0.620486 0.008898
0.361971 0.630345 0.008898
0.347183 0.615556 0.008898
0.376760 0.645134 0.008898
0.371831 0.640204 0.008898
0.366901 0.635275 0.008898
0.396479 0.664852 0.008898
0.391549 0.659923 0.008898
0.401408 0.669782 0.008898
0.386620 0.654993 0.008898
0.416197 0.684571 0.008898
0.411267 0.679641 0.008898
0.406338 0.674711 0.008898
0.475352 0.743726 0.008898
0.470423 0.738796 0.008898
0.480282 0.748655 0.008898
0.465493 0.733867 0.008898
0.495071 0.763444 0.008898
0.490141 0.758515 0.008898
0.485212 0.753585 0.008898
0.317605 0.585979 0.008898
0.312675 0.581049 0.008898
0.322535 0.590908 0.008898
0.307746 0.576120 0.008898
0.337323 0.605697 0.008898
0.332394 0.600767 0.008898
0.327464 0.595838 0.008898
