0.582118 0.605067 0.014796
0.581480 0.615770 0.013241
0.576896 0.610269 0.014067
0.444879 0.442305 0.103366
0.443717 0.450225 0.095300
0.439439 0.445829 0.099073
0.530163 0.378684 0.171756
0.529705 0.388853 0.164019
0.525021 0.383743 0.168007
0.357820 0.505106 0.047280
0.356593 0.514899 0.042413
0.352375 0.509423 0.044765
0.500176 0.688372 0.009011
0.500100 0.698579 0.008917
0.495202 0.693458 0.008947
0.425907 0.598006 0.017259
0.425009 0.609456 0.015216
0.420581 0.603378 0.016226
0.511929 0.518609 0.045928
0.510756 0.528523 0.040643
0.506526 0.523248 0.043430
0.666632 0.526867 0.034665
0.665718 0.536536 0.030723
0.661301 0.531421 0.033014
0.598869 0.450418 0.093806
0.597537 0.458800 0.085856
0.593456 0.454438 0.090620
0.642124 0.418547 0.119287
0.640846 0.426813 0.110842
0.636737 0.422520 0.116220
0.608539 0.380814 0.162912
0.607684 0.390944 0.154317
0.603373 0.385841 0.159675
0.555406 0.483165 0.068697
0.554094 0.492274 0.061835
0.549955 0.487430 0.065650
0.522380 0.447385 0.103331
0.521063 0.455461 0.094891
0.516911 0.451147 0.099327
0.566242 0.417154 0.135783
0.564991 0.425280 0.126877
0.560815 0.421099 0.132009
0.624162 0.564607 0.022870
0.623373 0.574850 0.020087
0.618881 0.569526 0.021653
0.589034 0.522791 0.040964
0.588001 0.532633 0.036221
0.583676 0.527453 0.038896
0.632082 0.487064 0.059157
0.630935 0.496274 0.053252
0.626692 0.491384 0.056779
0.468795 0.556935 0.028663
0.467724 0.567590 0.025123
0.463412 0.561905 0.026938
0.434951 0.512944 0.047706
0.433710 0.522877 0.042441
0.429514 0.517458 0.045046
0.478660 0.478531 0.073027
0.477328 0.487549 0.065978
0.473183 0.482651 0.069532
0.391514 0.550115 0.029639
0.390328 0.560831 0.026074
0.386091 0.554899 0.027846
0.462047 0.645208 0.011134
0.461584 0.656151 0.010343
0.456892 0.650591 0.010729
0.323757 0.463555 0.068068
0.322637 0.472561 0.062351
0.318344 0.467461 0.064963
0.488201 0.414139 0.139508
0.487231 0.421990 0.130887
0.482845 0.417853 0.135106
0.451311 0.378492 0.168569
0.450938 0.387485 0.161048
0.446207 0.383010 0.164322
0.491243 0.333821 0.195468
0.491184 0.345127 0.190937
0.486319 0.339685 0.193225
0.570449 0.333317 0.194895
0.570443 0.344960 0.190187
0.565470 0.339114 0.192959
0.530538 0.291293 0.202448
0.530569 0.301202 0.202240
0.525617 0.296232 0.202400
0.401366 0.471956 0.071752
0.400148 0.480947 0.065215
0.395921 0.475939 0.068269
0.366943 0.434177 0.097509
0.365895 0.442291 0.090183
0.361558 0.437630 0.093396
0.409782 0.408499 0.133464
0.408956 0.415920 0.125385
0.404483 0.411653 0.128892
0.540626 0.647028 0.010735
0.540237 0.657633 0.010080
0.535507 0.652242 0.010413
0.503897 0.602282 0.016273
0.503147 0.613242 0.014413
0.498626 0.607560 0.015364
0.546308 0.561316 0.026322
0.545395 0.571780 0.023063
0.540987 0.566309 0.024816
0.709536 0.491826 0.048827
0.708528 0.501051 0.044102
0.704156 0.496098 0.046987
0.675284 0.453698 0.078811
0.674085 0.462398 0.072003
0.669873 0.457782 0.076278
0.586690 0.610552 0.013876
0.449162 0.446635 0.099503
0.534894 0.383988 0.167792
0.362038 0.510525 0.044845
0.505054 0.693537 0.008942
0.430319 0.604033 0.016148
0.516148 0.523831 0.043011
0.671041 0.531957 0.032292
0.602946 0.454748 0.088937
0.646253 0.422866 0.113873
0.612874 0.386144 0.157534
0.559541 0.487940 0.064766
0.526533 0.451655 0.098773
0.570440 0.421394 0.130652
0.628643 0.569901 0.021214
0.593348 0.527933 0.038177
0.636325 0.491918 0.055531
0.473096 0.562571 0.026746
0.439141 0.518298 0.044989
0.482810 0.483347 0.069366
0.395744 0.555974 0.027778
0.466714 0.650807 0.010701
0.328053 0.468607 0.065380
0.492621 0.418334 0.135327
0.456072 0.383076 0.165307
0.496127 0.339271 0.193434
0.575437 0.339092 0.192377
0.535477 0.296227 0.202401
0.405599 0.476889 0.068607
0.371288 0.438777 0.094225
0.414287 0.412750 0.129983
0.545334 0.652448 0.010365
0.508402 0.607944 0.015220
0.550705 0.566753 0.024469
0.713908 0.496765 0.045861
0.679489 0.458285 0.074448
0.670689 0.489307 0.053831
0.674996 0.494204 0.050521
0.669617 0.498531 0.048523
0.676073 0.485035 0.055941
0.692236 0.472379 0.062418
0.696530 0.477180 0.058759
0.691144 0.481399 0.056664
0.705642 0.529165 0.031691
0.710064 0.534218 0.029533
0.704729 0.538709 0.028109
0.710993 0.524736 0.033208
0.727086 0.511654 0.037880
0.731494 0.516633 0.035482
0.726127 0.520979 0.033966
0.542988 0.603783 0.015584
0.547529 0.609347 0.014592
0.542300 0.614595 0.013862
0.548239 0.598578 0.016487
0.564035 0.583134 0.019620
0.568523 0.588611 0.018240
0.563264 0.593755 0.017224
0.501330 0.646147 0.010957
0.506021 0.651634 0.010550
0.500908 0.656888 0.010228
0.506486 0.640847 0.011352
0.522065 0.624867 0.012745
0.526664 0.630479 0.012145
0.521475 0.635793 0.011702
0.539570 0.688759 0.008986
0.544453 0.693880 0.008926
0.539506 0.698871 0.008904
0.544553 0.683707 0.009076
0.559605 0.668456 0.009525
0.564407 0.673709 0.009329
0.559394 0.678776 0.009184
0.405916 0.438638 0.100912
0.410244 0.443091 0.097366
0.404826 0.446593 0.093192
0.411327 0.435259 0.105271
0.427568 0.425334 0.118895
0.431923 0.429533 0.115026
0.426500 0.432877 0.110468
0.362579 0.467948 0.069945
0.366851 0.472938 0.067049
0.361421 0.476944 0.063814
0.368003 0.464055 0.073389
0.384261 0.452748 0.084484
0.388562 0.457480 0.081279
0.383136 0.461246 0.077531
0.396421 0.509290 0.047665
0.400618 0.514700 0.045082
0.395180 0.519178 0.042569
0.401864 0.504914 0.050399
0.418210 0.492027 0.059328
0.422397 0.497179 0.056324
0.416948 0.501497 0.053332
0.530667 0.333313 0.195708
0.535606 0.339019 0.193628
0.530650 0.344730 0.191314
0.535601 0.327720 0.197474
0.550407 0.311425 0.201136
0.555415 0.316718 0.200118
0.550467 0.322183 0.198923
0.569696 0.379750 0.169336
0.574313 0.385141 0.164686
0.569088 0.390086 0.161226
0.574856 0.374379 0.172772
0.590139 0.357098 0.182276
0.594902 0.363238 0.178011
0.589807 0.368982 0.174851
0.490679 0.378257 0.171346
0.495419 0.383309 0.167743
0.490274 0.388103 0.163738
0.495751 0.373038 0.175247
0.510808 0.356178 0.185799
0.515692 0.361910 0.182698
0.510668 0.367552 0.179228
0.449043 0.411957 0.137323
0.453511 0.416110 0.133543
0.448148 0.419539 0.128955
0.454348 0.408383 0.141818
0.470091 0.396722 0.154930
0.474676 0.401175 0.151253
0.469427 0.405139 0.146937
0.483737 0.445187 0.104411
0.487964 0.449471 0.100187
0.482504 0.453169 0.096097
0.489195 0.441564 0.108683
0.505583 0.430669 0.121918
0.509816 0.434802 0.117244
0.504347 0.438475 0.112870
0.319099 0.500576 0.046814
0.323332 0.505998 0.044499
0.317861 0.510294 0.042154
0.324555 0.496374 0.049317
0.340876 0.483979 0.057449
0.345126 0.489184 0.054853
0.339687 0.493334 0.052106
0.460777 0.688038 0.009027
0.465648 0.693240 0.008955
0.460690 0.698325 0.008925
0.465777 0.682870 0.009138
0.480897 0.667220 0.009703
0.485680 0.672581 0.009465
0.480642 0.677782 0.009281
0.387042 0.594723 0.017526
0.391399 0.601069 0.016404
0.386054 0.606607 0.015423
0.392405 0.589378 0.018692
0.408532 0.573837 0.022708
0.412837 0.579867 0.021200
0.407467 0.585053 0.019871
0.473453 0.516032 0.047243
0.477652 0.521320 0.044396
0.472233 0.525963 0.041898
0.478888 0.511497 0.049971
0.495227 0.498166 0.058744
0.499380 0.503208 0.055378
0.493940 0.507669 0.052489
0.430130 0.553931 0.029274
0.434390 0.559680 0.027385
0.428992 0.564654 0.025707
0.435536 0.549049 0.031136
0.451765 0.534631 0.037380
0.455998 0.540159 0.035038
0.450593 0.544979 0.032968
0.464861 0.600418 0.016840
0.469321 0.606237 0.015749
0.464039 0.611584 0.014873
0.470168 0.595146 0.017905
0.486139 0.579573 0.021607
0.490539 0.585255 0.020107
0.485222 0.590444 0.018893
0.627754 0.524771 0.037838
0.632122 0.529888 0.035244
0.626791 0.534544 0.033492
0.633100 0.520192 0.039735
0.649177 0.506721 0.045624
0.653510 0.511720 0.042651
0.648153 0.516195 0.040747
0.585189 0.563011 0.024680
0.589630 0.568374 0.022921
0.584343 0.573376 0.021661
0.590492 0.558080 0.026089
0.606430 0.543536 0.030744
0.610833 0.548783 0.028566
0.605525 0.553619 0.027053
0.621302 0.606164 0.013858
0.625904 0.611560 0.013014
0.620708 0.616739 0.012490
0.626516 0.601030 0.014534
0.642202 0.585837 0.016922
0.646754 0.591163 0.015716
0.641535 0.596205 0.014950
0.560813 0.449184 0.099869
0.564902 0.453447 0.095047
0.559434 0.457356 0.091520
0.566291 0.445336 0.103554
0.582715 0.433749 0.114694
0.586748 0.437856 0.109304
0.581294 0.441772 0.105728
0.517078 0.481022 0.071629
0.521198 0.485802 0.067778
0.515737 0.490084 0.064571
0.522535 0.476876 0.075002
0.538920 0.464770 0.085421
0.543038 0.469264 0.081107
0.537577 0.473317 0.077706
0.550436 0.520820 0.043811
0.554700 0.525995 0.040911
0.549329 0.530703 0.038727
0.555826 0.516204 0.046192
0.572035 0.502610 0.053695
0.576247 0.507592 0.050282
0.570851 0.512130 0.047857
0.604335 0.417722 0.128431
0.608392 0.421893 0.122984
0.603018 0.425935 0.119701
0.609667 0.413564 0.131651
0.625564 0.400818 0.141177
0.629722 0.405378 0.135692
0.624412 0.409552 0.132543
0.636916 0.451835 0.086521
0.641072 0.456333 0.081855
0.635664 0.460407 0.079116
0.642334 0.447815 0.089378
0.658651 0.435879 0.098025
0.662786 0.440264 0.092960
0.657347 0.444256 0.090153
0.593700 0.485064 0.064268
0.597873 0.489864 0.060410
0.592464 0.494233 0.057823
0.599107 0.480789 0.066979
0.615307 0.468194 0.075246
0.619471 0.472818 0.070989
0.614075 0.477022 0.068314
0.663197 0.566195 0.020959
0.667687 0.571429 0.019400
0.662443 0.576293 0.018385
0.668468 0.561406 0.022123
0.684338 0.547312 0.025951
0.688787 0.552454 0.024072
0.683495 0.557128 0.022820
0.507517 0.559341 0.027666
0.511864 0.564865 0.025757
0.506526 0.569905 0.024230
0.512868 0.554375 0.029369
0.528937 0.539728 0.035034
0.533246 0.545092 0.032646
0.527896 0.549975 0.030792
0.422799 0.644163 0.011242
0.427437 0.649916 0.010790
0.422284 0.655402 0.010401
0.428002 0.638614 0.011726
0.443727 0.621981 0.013449
0.448253 0.627908 0.012766
0.443018 0.633424 0.012210
0.500031 0.728735 0.008901
0.504952 0.733736 0.008899
0.500017 0.738711 0.008898
0.504969 0.723748 0.008902
0.519782 0.708773 0.008905
0.524698 0.713809 0.008902
0.519761 0.718793 0.008901
0.352889 0.545524 0.029809
0.357120 0.551403 0.027982
0.351674 0.556152 0.026253
0.358340 0.540879 0.031693
0.374667 0.527143 0.037888
0.378872 0.532806 0.035705
0.373438 0.537407 0.033634
0.527333 0.415682 0.139242
0.531678 0.419955 0.134629
0.526230 0.423738 0.130410
0.532724 0.411715 0.143330
0.548753 0.399053 0.155006
0.553235 0.403778 0.150418
0.547888 0.408015 0.146633
0.440059 0.475501 0.072878
0.444249 0.480368 0.069479
0.438778 0.484499 0.066022
0.445522 0.471516 0.076526
0.461908 0.459943 0.088026
0.466121 0.464494 0.084236
0.460656 0.468369 0.080424
0.579917 0.647887 0.010492
0.584641 0.653243 0.010162
0.579555 0.658394 0.009920
0.585042 0.642687 0.010786
0.600522 0.626965 0.011780
0.605168 0.632411 0.011299
0.600008 0.637651 0.010995
0.653657 0.470158 0.068816
0.652493 0.479083 0.062457
0.648259 0.474335 0.066377
0.657887 0.474871 0.064808
0.665307 0.493609 0.051746
0.688034 0.509073 0.041585
0.687061 0.518483 0.037213
0.682673 0.513463 0.039817
0.692417 0.514074 0.038909
0.700301 0.533635 0.030202
0.525054 0.581512 0.020707
0.524216 0.592246 0.018128
0.519755 0.586653 0.019482
0.529501 0.587079 0.019253
0.537745 0.609015 0.014756
0.482867 0.623583 0.013141
0.482225 0.634711 0.011994
0.477634 0.628993 0.012570
0.487435 0.629317 0.012494
0.496192 0.651433 0.010593
0.520257 0.667808 0.009619
0.520026 0.678246 0.009233
0.515210 0.672973 0.009416
0.525052 0.673113 0.009399
0.534605 0.693789 0.008929
0.388457 0.421017 0.115068
0.387451 0.428650 0.107041
0.383082 0.424214 0.110527
0.392838 0.425403 0.111535
0.400505 0.442070 0.096651
0.345380 0.448388 0.081783
0.344289 0.456996 0.075243
0.339980 0.452100 0.078161
0.349696 0.453228 0.078790
0.357156 0.471894 0.066632
0.379585 0.488198 0.058518
0.378363 0.497617 0.052830
0.374143 0.492369 0.055521
0.383806 0.493389 0.055740
0.390980 0.513704 0.045049
0.510891 0.311510 0.201157
0.510914 0.322222 0.198971
0.505982 0.316878 0.200201
0.515833 0.316784 0.200201
0.525723 0.338974 0.193661
0.550436 0.356557 0.185449
0.550277 0.368169 0.178674
0.545398 0.362297 0.182385
0.555345 0.362479 0.181979
0.564507 0.384885 0.165858
0.471458 0.357332 0.184421
0.471282 0.368136 0.177673
0.466453 0.363037 0.180808
0.476287 0.362576 0.181477
0.485576 0.383229 0.167361
0.430738 0.394979 0.151346
0.430137 0.402821 0.143547
0.425534 0.398555 0.146940
0.435373 0.399274 0.147983
0.443710 0.415415 0.132775
0.466641 0.428416 0.121425
0.465498 0.436060 0.112641
0.461204 0.431873 0.116801
0.470944 0.432554 0.117181
0.478281 0.448827 0.100210
0.302100 0.479357 0.056386
0.300922 0.488677 0.051368
0.296674 0.483384 0.053748
0.306360 0.484601 0.053954
0.313631 0.504817 0.044402
0.441550 0.666661 0.009749
0.441267 0.677370 0.009300
0.436478 0.671981 0.009504
0.446316 0.672097 0.009500
0.455797 0.693173 0.008956
0.369855 0.569538 0.022973
0.368731 0.580915 0.020106
0.364451 0.574585 0.021514
0.374122 0.575765 0.021472
0.381684 0.600176 0.016446
0.456752 0.495345 0.059536
0.455464 0.504835 0.053337
0.451291 0.499673 0.056406
0.460918 0.500443 0.056341
0.468025 0.520613 0.044618
0.413219 0.531246 0.037769
0.412007 0.541593 0.033414
0.407791 0.535917 0.035573
0.417431 0.536858 0.035499
0.424723 0.558843 0.027501
0.447295 0.577074 0.022269
0.446301 0.588110 0.019473
0.441936 0.582227 0.020885
0.451646 0.582908 0.020757
0.459563 0.605735 0.015861
0.610520 0.504590 0.049769
0.609421 0.514105 0.044383
0.605140 0.509075 0.047498
0.614790 0.509585 0.046547
0.622414 0.529394 0.035986
0.567632 0.541714 0.033073
0.566662 0.551888 0.029072
0.562294 0.546555 0.031267
0.571989 0.547008 0.030753
0.579891 0.567981 0.023327
0.603082 0.584542 0.018351
0.602367 0.595053 0.016170
0.597830 0.589625 0.017370
0.607607 0.589947 0.017059
0.616095 0.611327 0.013244
0.544360 0.432453 0.119905
0.542994 0.440365 0.110730
0.538851 0.436187 0.115696
0.548497 0.436608 0.114812
0.555335 0.453043 0.096209
0.500528 0.462621 0.087681
0.499221 0.471096 0.079937
0.495067 0.466522 0.083921
0.504682 0.467120 0.083586
0.511617 0.485230 0.068311
0.533608 0.500523 0.056770
0.532362 0.510036 0.050634
0.528176 0.504975 0.053939
0.537782 0.505531 0.053333
0.545052 0.525480 0.041499
0.587641 0.400144 0.149822
0.586597 0.409112 0.141260
0.582336 0.404609 0.146441
0.591921 0.404763 0.144609
0.598982 0.421827 0.125159
0.620521 0.434433 0.106764
0.619169 0.442689 0.098308
0.615103 0.438416 0.103500
0.624582 0.438696 0.101471
0.631506 0.455882 0.083679
0.577181 0.466582 0.081156
0.575859 0.475242 0.073721
0.571742 0.470668 0.078013
0.581289 0.471093 0.076738
0.588288 0.489383 0.061582
0.645350 0.545363 0.028328
0.644499 0.555322 0.024937
0.640046 0.550105 0.026872
0.649794 0.550554 0.026300
0.657936 0.571033 0.019856
0.490338 0.537432 0.036500
0.489223 0.547739 0.032118
0.484948 0.542246 0.034386
0.494602 0.542872 0.034101
0.502167 0.564344 0.026036
0.404646 0.619971 0.013654
0.403846 0.631931 0.012341
0.399344 0.625706 0.012973
0.409123 0.626188 0.012945
0.417616 0.649713 0.010802
0.480363 0.708573 0.008915
0.480337 0.718655 0.008908
0.475422 0.713600 0.008912
0.485277 0.713639 0.008911
0.495094 0.733720 0.008900
0.336005 0.522590 0.037832
0.334750 0.532754 0.033670
0.330530 0.527053 0.035702
0.340224 0.528235 0.035722
0.347433 0.550202 0.027997
0.509394 0.397804 0.156285
0.508658 0.406614 0.148128
0.504131 0.402136 0.152214
0.513959 0.402414 0.152226
0.521922 0.419550 0.135056
0.423127 0.456668 0.086766
0.421942 0.465091 0.079440
0.417690 0.460393 0.082857
0.427387 0.461288 0.083259
0.434595 0.479549 0.069331
0.561280 0.625999 0.012298
0.560732 0.636792 0.011374
0.556092 0.631278 0.011857
0.565902 0.631533 0.011756
0.574812 0.653063 0.010216
0.569725 0.658215 0.009962
0.569439 0.668626 0.009501
0.564656 0.663344 0.009731
0.574488 0.663522 0.009699
0.579275 0.668781 0.009477
0.579074 0.679046 0.009160
0.574245 0.673860 0.009312
0.560271 0.647467 0.010617
0.564985 0.652862 0.010267
0.559897 0.658020 0.010002
0.565400 0.642261 0.010941
0.570547 0.637032 0.011287
0.575219 0.642483 0.010866
0.570093 0.647685 0.010556
0.550918 0.636549 0.011458
0.550449 0.647248 0.010677
0.545763 0.641798 0.011084
0.555581 0.642030 0.011013
0.555160 0.652654 0.010317
0.429129 0.483659 0.065887
0.427852 0.492906 0.059437
0.423668 0.487820 0.062549
0.433312 0.488678 0.062671
0.437488 0.493750 0.059508
0.436211 0.503234 0.053398
0.432032 0.498043 0.056384
0.420725 0.473795 0.072417
0.424936 0.478695 0.069138
0.419475 0.482787 0.065708
0.426177 0.469847 0.076044
0.431628 0.465963 0.079773
0.435852 0.470700 0.076310
0.430395 0.474665 0.072672
0.412250 0.464182 0.079050
0.411049 0.472892 0.072111
0.406809 0.468036 0.075347
0.416497 0.468959 0.075723
0.415271 0.477808 0.068897
0.516491 0.423327 0.130769
0.515291 0.431124 0.121670
0.511041 0.427026 0.126381
0.520765 0.427453 0.126082
0.524991 0.431569 0.121265
0.523691 0.439444 0.112124
0.519503 0.435267 0.116894
0.507775 0.414947 0.139697
0.512161 0.419164 0.135306
0.506745 0.422918 0.130963
0.513135 0.411001 0.143911
0.518473 0.406924 0.148036
0.522931 0.411342 0.143711
0.517557 0.415309 0.139555
0.498843 0.406295 0.148061
0.497989 0.414563 0.139680
0.493534 0.410292 0.143826
0.503335 0.410661 0.143947
0.502394 0.418768 0.135394
0.341974 0.554933 0.026257
0.340782 0.565885 0.023021
0.336514 0.559735 0.024590
0.346228 0.560972 0.024599
0.350491 0.567121 0.023024
0.349342 0.578551 0.020142
0.345057 0.572161 0.021538
0.333493 0.543122 0.029811
0.337729 0.548989 0.027996
0.332256 0.553700 0.026243
0.338972 0.538514 0.031709
0.344443 0.533940 0.033678
0.348664 0.539703 0.031707
0.343199 0.544329 0.029818
0.325043 0.531555 0.033651
0.323769 0.541901 0.029790
0.319541 0.536095 0.031672
0.329265 0.537311 0.031697
0.328008 0.547762 0.027978
0.490159 0.738698 0.008899
0.490148 0.748641 0.008897
0.485224 0.743670 0.008898
0.495082 0.743679 0.008897
0.500007 0.748647 0.008896
0.500002 0.758546 0.008895
0.495074 0.753599 0.008896
0.480316 0.728692 0.008903
0.485237 0.733702 0.008901
0.480300 0.738685 0.008900
0.485255 0.723692 0.008905
0.490193 0.718688 0.008907
0.495111 0.723720 0.008904
0.490174 0.728714 0.008902
0.470482 0.718622 0.008909
0.470459 0.728670 0.008904
0.465542 0.723638 0.008907
0.475398 0.723665 0.008906
0.475379 0.733685 0.008902
0.412452 0.655260 0.010407
0.412035 0.666353 0.009757
0.407308 0.660802 0.010058
0.417149 0.660883 0.010056
0.421879 0.666418 0.009756
0.421579 0.677213 0.009299
0.416792 0.671819 0.009504
0.403167 0.643686 0.011269
0.407790 0.649534 0.010811
0.402615 0.655151 0.010410
0.408394 0.637997 0.011770
0.413639 0.632316 0.012318
0.418199 0.638303 0.011751
0.412985 0.643917 0.011258
0.394052 0.631535 0.012357
0.393346 0.643470 0.011274
0.388777 0.637395 0.011791
0.398586 0.637695 0.011783
0.397960 0.649381 0.010815
0.496820 0.569383 0.024482
0.495862 0.580104 0.021403
0.491477 0.574459 0.023005
0.501191 0.574986 0.022778
0.505589 0.580595 0.021183
0.504712 0.591394 0.018530
0.500274 0.585749 0.019911
0.488150 0.558212 0.028214
0.492473 0.563791 0.026295
0.487117 0.568823 0.024716
0.493518 0.553258 0.029975
0.498886 0.548340 0.031828
0.503192 0.553832 0.029685
0.497833 0.558795 0.027952
0.479562 0.547102 0.032376
0.478471 0.557592 0.028451
0.474177 0.552000 0.030472
0.483846 0.552647 0.030237
0.482783 0.563200 0.026532
0.652686 0.575921 0.018816
0.651978 0.586161 0.016544
0.647441 0.580856 0.017838
0.657207 0.581204 0.017433
0.661742 0.586495 0.016161
0.661092 0.596786 0.014290
0.656528 0.591472 0.015361
0.643685 0.565386 0.021919
0.648178 0.570647 0.020311
0.642919 0.575558 0.019245
0.648965 0.560550 0.023130
0.654250 0.555758 0.024401
0.658719 0.560973 0.022625
0.653444 0.565786 0.021439
0.634745 0.554895 0.025475
0.633921 0.564996 0.022399
0.629451 0.559730 0.024141
0.639207 0.560136 0.023638
0.638412 0.570270 0.020766
0.582870 0.493751 0.058924
0.581646 0.503096 0.052750
0.577450 0.498161 0.056293
0.587053 0.498643 0.055265
0.591263 0.503586 0.051769
0.590121 0.513106 0.046148
0.585870 0.508079 0.049367
0.574560 0.484137 0.066661
0.578708 0.488912 0.062729
0.573279 0.493271 0.059980
0.579988 0.479886 0.069545
0.585409 0.475674 0.072438
0.589545 0.480332 0.068277
0.584130 0.484599 0.065492
0.566300 0.474790 0.074884
0.564985 0.483659 0.067727
0.560854 0.478954 0.071777
0.570424 0.479428 0.070715
0.569126 0.488434 0.063793
0.626103 0.459957 0.080851
0.624866 0.468649 0.073682
0.620704 0.464061 0.078040
0.630263 0.464512 0.076392
0.634443 0.469131 0.072089
0.633250 0.478015 0.065436
0.629048 0.473302 0.069480
0.617851 0.451047 0.090237
0.621966 0.455468 0.085466
0.616564 0.459541 0.082553
0.623258 0.447023 0.093274
0.628670 0.443017 0.096328
0.632781 0.447396 0.091346
0.627370 0.451420 0.088398
0.609692 0.442409 0.100247
0.608353 0.450714 0.092040
0.604281 0.446409 0.097015
0.613760 0.446694 0.095164
0.612447 0.455091 0.087219
0.593600 0.425875 0.121805
0.592195 0.433909 0.112866
0.588175 0.429847 0.118321
0.597621 0.429940 0.116336
0.601627 0.434032 0.110877
0.600232 0.442177 0.102146
0.596204 0.438011 0.107436
0.585417 0.417603 0.132570
0.589534 0.421777 0.127224
0.584118 0.425764 0.123724
0.590788 0.413465 0.135977
0.596126 0.409208 0.139291
0.600256 0.413509 0.133880
0.594916 0.417691 0.130604
0.577002 0.408925 0.142985
0.575856 0.417415 0.134297
0.571638 0.413102 0.139437
0.581242 0.413326 0.137828
0.580014 0.421629 0.129055
0.539675 0.530184 0.039263
0.538601 0.540251 0.034590
0.534304 0.534933 0.037106
0.543962 0.535455 0.036618
0.548272 0.540757 0.034114
0.547266 0.550968 0.029980
0.542922 0.545597 0.032213
0.531169 0.519748 0.044962
0.535411 0.524947 0.042045
0.530029 0.529648 0.039761
0.536570 0.515143 0.047456
0.541977 0.510585 0.050025
0.546195 0.515682 0.046850
0.540799 0.520292 0.044410
0.522752 0.509473 0.051186
0.521546 0.519186 0.045469
0.517337 0.514017 0.048514
0.526950 0.514588 0.048011
0.525776 0.524397 0.042549
0.506150 0.489497 0.065051
0.504826 0.498790 0.058358
0.500686 0.493811 0.061856
0.510278 0.494415 0.061425
0.514418 0.499384 0.057899
0.513149 0.508893 0.051681
0.508980 0.503817 0.054964
0.497897 0.479844 0.072523
0.502028 0.484636 0.068755
0.496555 0.488882 0.065447
0.503362 0.475737 0.076002
0.508823 0.471684 0.079541
0.512954 0.476316 0.075553
0.507493 0.480447 0.072124
0.489602 0.470470 0.080224
0.488285 0.479205 0.072824
0.484133 0.474472 0.076592
0.493756 0.475123 0.076349
0.492425 0.484009 0.069107
0.549860 0.456921 0.092579
0.548502 0.465257 0.084546
0.544388 0.460828 0.088981
0.553968 0.461291 0.088018
0.558074 0.465722 0.083544
0.556732 0.474318 0.075935
0.552615 0.469753 0.080194
0.541630 0.448344 0.101926
0.545749 0.452608 0.097217
0.540271 0.456459 0.093493
0.547120 0.444558 0.105822
0.552615 0.440778 0.109758
0.556719 0.444966 0.104775
0.551232 0.448780 0.100979
0.533350 0.439918 0.111518
0.532011 0.447878 0.102709
0.527860 0.443646 0.107395
0.537498 0.444118 0.106695
0.536147 0.452145 0.098072
0.610896 0.616517 0.012691
0.610340 0.627168 0.011632
0.605705 0.621731 0.012203
0.615520 0.621943 0.012029
0.620162 0.627354 0.011476
0.619667 0.637974 0.010773
0.614993 0.632590 0.011168
0.601702 0.605638 0.014347
0.606290 0.611081 0.013464
0.601087 0.616282 0.012884
0.606924 0.600481 0.015083
0.612153 0.595354 0.015880
0.616718 0.600761 0.014814
0.611500 0.605907 0.014108
0.592586 0.594742 0.016449
0.591908 0.605358 0.014577
0.587348 0.599891 0.015591
0.597134 0.600191 0.015342
0.596488 0.610823 0.013675
0.574599 0.572994 0.022033
0.573790 0.583497 0.019319
0.569314 0.578047 0.020797
0.579064 0.578418 0.020460
0.583549 0.583853 0.019007
0.582808 0.594422 0.016718
0.578288 0.588957 0.017960
0.565737 0.562191 0.025537
0.570157 0.567585 0.023725
0.564859 0.572606 0.022392
0.571050 0.557238 0.027025
0.576368 0.552324 0.028581
0.580768 0.557660 0.026560
0.575460 0.562603 0.025114
0.556961 0.551437 0.029538
0.556019 0.561763 0.025939
0.551632 0.556358 0.027891
0.561338 0.556807 0.027469
0.560428 0.567178 0.024106
0.617080 0.534063 0.034182
0.616147 0.543991 0.030148
0.611752 0.538777 0.032433
0.621467 0.539245 0.031791
0.625873 0.544447 0.029546
0.624997 0.554472 0.026007
0.620563 0.549224 0.028007
0.608375 0.523771 0.039414
0.612716 0.528904 0.036722
0.607379 0.533583 0.034867
0.613728 0.519171 0.041428
0.619087 0.514615 0.043487
0.623408 0.519679 0.040585
0.618059 0.524269 0.038629
0.599766 0.513603 0.045270
0.598701 0.523279 0.040193
0.594398 0.518174 0.043090
0.604058 0.518670 0.042263
0.603028 0.528417 0.037452
0.454275 0.611099 0.014969
0.453505 0.622416 0.013381
0.448995 0.616513 0.014165
0.458767 0.616975 0.014083
0.463288 0.622827 0.013307
0.462614 0.634097 0.012112
0.458043 0.628289 0.012706
0.445373 0.599286 0.017068
0.449810 0.605201 0.015965
0.444514 0.610585 0.015059
0.450694 0.593993 0.018163
0.456023 0.588748 0.019346
0.460429 0.594587 0.018040
0.455115 0.599869 0.016959
0.436585 0.587434 0.019588
0.435638 0.598670 0.017168
0.431242 0.592692 0.018380
0.440965 0.593363 0.018277
0.440062 0.604635 0.016061
0.419319 0.563793 0.025816
0.418214 0.574743 0.022615
0.413922 0.568787 0.024219
0.423599 0.569673 0.024118
0.427903 0.575582 0.022511
0.426873 0.586706 0.019694
0.422531 0.580720 0.021106
0.410816 0.552137 0.029481
0.415060 0.557947 0.027605
0.409652 0.562868 0.025914
0.416233 0.547310 0.031352
0.421651 0.542513 0.033324
0.425884 0.548207 0.031251
0.420472 0.553062 0.029384
0.402364 0.540621 0.033490
0.401164 0.551154 0.029566
0.396938 0.545356 0.031515
0.406585 0.546360 0.031440
0.405401 0.556990 0.027698
0.462601 0.525239 0.042098
0.461406 0.535382 0.037217
0.457181 0.529913 0.039685
0.466817 0.530650 0.039505
0.471049 0.536099 0.037016
0.469902 0.546430 0.032604
0.465646 0.540889 0.034855
0.454203 0.514550 0.047573
0.458396 0.519872 0.044790
0.452969 0.524485 0.042252
0.459642 0.510047 0.050344
0.465089 0.505591 0.053222
0.469266 0.510788 0.050187
0.463828 0.515307 0.047436
0.445838 0.504049 0.053387
0.444576 0.513763 0.047656
0.440391 0.508474 0.050486
0.450017 0.509275 0.050441
0.448768 0.519101 0.044911
0.376329 0.605753 0.015454
0.375367 0.618094 0.013727
0.370974 0.611480 0.014550
0.380710 0.612274 0.014530
0.385122 0.618760 0.013710
0.384259 0.631125 0.012368
0.379792 0.624661 0.013007
0.367649 0.592685 0.017603
0.371976 0.599216 0.016479
0.366609 0.604842 0.015476
0.373026 0.587308 0.018790
0.378406 0.582053 0.020062
0.382712 0.588379 0.018745
0.377343 0.593737 0.017569
0.359045 0.579746 0.020135
0.357945 0.591596 0.017622
0.353637 0.585037 0.018836
0.363339 0.586187 0.018823
0.362268 0.598206 0.016501
0.450838 0.698268 0.008925
0.450801 0.708439 0.008916
0.445893 0.703335 0.008920
0.455745 0.703385 0.008920
0.460655 0.708482 0.008917
0.460626 0.718590 0.008910
0.455712 0.713523 0.008913
0.441081 0.687891 0.009027
0.445947 0.693109 0.008955
0.440987 0.698213 0.008923
0.446085 0.682696 0.009142
0.451110 0.677468 0.009298
0.455931 0.682781 0.009141
0.450928 0.687963 0.009028
0.431426 0.677275 0.009300
0.431233 0.687823 0.009025
0.426394 0.682546 0.009140
0.436240 0.682613 0.009142
0.436098 0.693048 0.008953
0.308154 0.509093 0.042077
0.306881 0.518998 0.037706
0.302665 0.513412 0.039833
0.312376 0.514628 0.039891
0.316599 0.520214 0.037755
0.315319 0.530340 0.033621
0.311099 0.524642 0.035633
0.299704 0.498179 0.046577
0.303930 0.503611 0.044308
0.298450 0.507878 0.042007
0.305163 0.494011 0.049015
0.310613 0.489883 0.051545
0.314858 0.495207 0.049164
0.309399 0.499390 0.046691
0.291241 0.487447 0.051209
0.290017 0.496953 0.046476
0.285796 0.491553 0.048760
0.295475 0.492792 0.048879
0.294234 0.502394 0.044223
0.472824 0.452493 0.096079
0.471584 0.460672 0.088120
0.467366 0.456196 0.092017
0.477045 0.456899 0.092075
0.481248 0.461362 0.088094
0.479967 0.469807 0.080401
0.475784 0.465208 0.084246
0.464327 0.443831 0.104135
0.468584 0.448138 0.100100
0.463131 0.451775 0.095931
0.469776 0.440278 0.108486
0.475227 0.436735 0.112912
0.479491 0.440944 0.108654
0.474037 0.444531 0.104341
0.455762 0.435338 0.112231
0.454607 0.443086 0.103796
0.450320 0.438811 0.107753
0.460053 0.439566 0.108178
0.458878 0.447406 0.099857
0.438352 0.418779 0.128181
0.437348 0.426207 0.119655
0.432970 0.422073 0.123546
0.442758 0.422894 0.124315
0.447124 0.426999 0.120340
0.446015 0.434576 0.111723
0.441692 0.430373 0.115701
0.429409 0.410448 0.135548
0.433902 0.414632 0.131922
0.428553 0.417924 0.127330
0.434702 0.407056 0.140061
0.439971 0.403540 0.144532
0.444528 0.407769 0.140982
0.439227 0.411255 0.136473
0.420306 0.401980 0.142491
0.419593 0.409530 0.134545
0.415056 0.405284 0.137998
0.424877 0.406229 0.139067
0.424093 0.413744 0.130993
0.480442 0.387957 0.163295
0.479901 0.397024 0.155493
0.475280 0.392450 0.159152
0.485100 0.392672 0.159655
0.489722 0.397302 0.155908
0.489031 0.405947 0.147838
0.484486 0.401524 0.151725
0.471023 0.378309 0.170289
0.475750 0.383165 0.166839
0.470625 0.387808 0.162708
0.476080 0.373231 0.174330
0.481102 0.367864 0.178267
0.485905 0.373107 0.174855
0.480844 0.378267 0.170888
0.461426 0.368517 0.176881
0.461176 0.378394 0.169507
0.456384 0.373668 0.172762
0.466249 0.373418 0.173639
0.465926 0.383114 0.166158
0.559287 0.389801 0.162318
0.558550 0.399388 0.154106
0.554036 0.394518 0.158705
0.563835 0.394830 0.157704
0.568302 0.399688 0.152936
0.567349 0.408669 0.144460
0.562988 0.404102 0.149354
0.549957 0.379221 0.171041
0.554661 0.384599 0.166767
0.549446 0.389487 0.163141
0.555097 0.373927 0.174603
0.560203 0.368383 0.178079
0.564991 0.374166 0.173812
0.559842 0.379498 0.170321
0.540343 0.367947 0.179021
0.540051 0.378934 0.171495
0.535268 0.373426 0.175431
0.545180 0.373671 0.175132
0.544782 0.384291 0.167406
0.520764 0.344683 0.191329
0.520694 0.356203 0.185850
0.515793 0.350423 0.188711
0.525680 0.350467 0.188722
0.530584 0.356288 0.185815
0.530443 0.367759 0.179210
0.525583 0.361992 0.182698
0.510915 0.333317 0.195683
0.515842 0.338956 0.193648
0.510884 0.344690 0.191286
0.515851 0.327698 0.197479
0.520778 0.322187 0.198982
0.525724 0.327701 0.197489
0.520788 0.333291 0.195712
0.501071 0.322391 0.198944
0.501062 0.333481 0.195601
0.496159 0.328045 0.197372
0.505991 0.327792 0.197443
0.505972 0.339035 0.193579
0.385541 0.518152 0.042549
0.384307 0.528234 0.037883
0.380104 0.522632 0.040163
0.389743 0.523690 0.040170
0.393945 0.529283 0.037862
0.392721 0.539599 0.033552
0.388512 0.533890 0.035676
0.377133 0.507246 0.047493
0.381339 0.512670 0.044992
0.375900 0.517089 0.042510
0.382574 0.502922 0.050186
0.388017 0.498634 0.053001
0.392222 0.503935 0.050307
0.386779 0.508285 0.047590
0.368702 0.496579 0.052653
0.367480 0.506185 0.047388
0.363262 0.500824 0.049907
0.372921 0.501883 0.050048
0.371692 0.511606 0.044921
0.351731 0.475886 0.063448
0.350560 0.485070 0.057717
0.346305 0.479916 0.060388
0.355991 0.480989 0.060703
0.360239 0.486136 0.057985
0.359037 0.495520 0.052472
0.354803 0.490270 0.055077
0.343174 0.465803 0.069007
0.347458 0.470824 0.066215
0.342037 0.474803 0.063083
0.348589 0.461924 0.072348
0.354001 0.458098 0.075817
0.358296 0.463003 0.072868
0.352878 0.466889 0.069476
0.334576 0.455868 0.074668
0.333468 0.464691 0.068538
0.329168 0.459688 0.071303
0.338880 0.460819 0.071826
0.337758 0.469728 0.065798
0.395092 0.445562 0.092488
0.393986 0.453784 0.085145
0.389677 0.449119 0.088428
0.399407 0.450156 0.089117
0.403706 0.454786 0.085752
0.402552 0.463237 0.078601
0.398278 0.458488 0.081868
0.386418 0.436465 0.099249
0.390760 0.440999 0.095861
0.385355 0.444491 0.091726
0.391813 0.433103 0.103568
0.397211 0.429802 0.108001
0.401571 0.434212 0.104459
0.396166 0.437576 0.100110
0.377704 0.427472 0.106079
0.376677 0.435333 0.098383
0.372325 0.430792 0.101738
0.382065 0.431958 0.102656
0.381021 0.439897 0.095045
0.529657 0.698794 0.008907
0.529635 0.708826 0.008903
0.524719 0.703783 0.008906
0.534570 0.703847 0.008903
0.539487 0.708881 0.008901
0.539471 0.718865 0.008899
0.534552 0.713853 0.008900
0.519876 0.688558 0.008998
0.524756 0.693702 0.008933
0.519806 0.698721 0.008909
0.524863 0.683475 0.009093
0.529869 0.678373 0.009221
0.534709 0.683589 0.009084
0.529724 0.688657 0.008992
0.510180 0.678124 0.009246
0.510026 0.688463 0.009004
0.505168 0.683259 0.009111
0.515017 0.683365 0.009101
0.514905 0.693618 0.008937
0.491074 0.656707 0.010262
0.490736 0.667363 0.009685
0.485976 0.661969 0.009965
0.495813 0.662132 0.009940
0.500577 0.667508 0.009664
0.500334 0.678007 0.009259
0.495523 0.672708 0.009450
0.481683 0.645691 0.011054
0.486364 0.651228 0.010633
0.481243 0.656523 0.010293
0.486849 0.640351 0.011474
0.492034 0.634997 0.011927
0.496666 0.640604 0.011415
0.491505 0.645922 0.011008
0.472418 0.634411 0.012055
0.471864 0.645453 0.011096
0.467222 0.639815 0.011577
0.477034 0.640089 0.011527
0.476538 0.651020 0.010669
0.532510 0.614274 0.014006
0.531868 0.625161 0.012637
0.527283 0.619557 0.013335
0.537080 0.619866 0.013210
0.541671 0.625448 0.012527
0.541104 0.636301 0.011541
0.536473 0.630751 0.012051
0.523437 0.603061 0.015940
0.527962 0.608671 0.014916
0.522721 0.613941 0.014145
0.528702 0.597839 0.016889
0.533973 0.592647 0.017914
0.538469 0.598216 0.016692
0.533211 0.603429 0.015765
0.514462 0.591828 0.018333
0.513666 0.602679 0.016109
0.509176 0.597039 0.017263
0.518937 0.597446 0.017079
0.518181 0.608314 0.015070
0.694969 0.538149 0.028746
0.694090 0.547827 0.025375
0.689649 0.542708 0.027327
0.699404 0.543245 0.026722
0.703842 0.548350 0.024807
0.702979 0.558091 0.021785
0.698534 0.552954 0.023530
0.686121 0.527990 0.033150
0.690541 0.533063 0.030887
0.685214 0.537599 0.029395
0.691463 0.523520 0.034747
0.696815 0.519091 0.036372
0.701224 0.524122 0.033969
0.695877 0.528571 0.032413
0.677318 0.517890 0.038071
0.676372 0.527423 0.033900
0.671970 0.522358 0.036352
0.681712 0.522932 0.035542
0.680787 0.532504 0.031583
0.659927 0.497944 0.049685
0.658873 0.507286 0.044585
0.654549 0.502314 0.047642
0.664242 0.502891 0.046544
0.668581 0.507866 0.043565
0.667586 0.517311 0.038946
0.663219 0.512286 0.041688
0.651359 0.488157 0.056475
0.655633 0.493030 0.052993
0.650250 0.497373 0.050867
0.656746 0.483880 0.058712
0.662135 0.479636 0.060974
0.666402 0.484449 0.057315
0.661017 0.488724 0.055141
0.642864 0.478542 0.063957
0.641713 0.487603 0.057824
0.637472 0.482784 0.061550
0.647103 0.483326 0.060132
0.645972 0.492468 0.054262
0.599576 0.648231 0.010352
0.604310 0.653542 0.010046
0.599227 0.658689 0.009830
0.604697 0.643036 0.010614
0.609836 0.637822 0.010887
0.614530 0.643183 0.010521
0.609411 0.648373 0.010277
0.589389 0.658553 0.009876
0.594474 0.653403 0.010106
0.594162 0.663814 0.009631
0.589745 0.648069 0.010424
0.590185 0.637463 0.011098
0.595346 0.632217 0.011423
0.594868 0.642871 0.010702
0.584085 0.673991 0.009294
0.584323 0.663679 0.009665
0.589115 0.668915 0.009451
0.459375 0.477079 0.073131
0.463545 0.481922 0.069604
0.458064 0.486085 0.066158
0.464847 0.473062 0.076762
0.470317 0.469106 0.080468
0.474496 0.473785 0.076729
0.469022 0.477822 0.073129
0.448422 0.485305 0.066117
0.453900 0.481160 0.069581
0.452588 0.490299 0.062799
0.449719 0.476303 0.073035
0.450985 0.467598 0.080271
0.456447 0.463742 0.084109
0.455188 0.472305 0.076688
0.441662 0.498875 0.056411
0.442951 0.489503 0.062755
0.447121 0.494562 0.059545
0.546860 0.416483 0.138007
0.551140 0.420756 0.133124
0.545678 0.424579 0.129103
0.552266 0.412485 0.141898
0.557643 0.408363 0.145678
0.561978 0.412817 0.140796
0.556575 0.416841 0.137020
0.535965 0.424169 0.129867
0.541425 0.420372 0.133998
0.540189 0.428326 0.124951
0.537107 0.416088 0.138742
0.538095 0.407635 0.147322
0.543439 0.403421 0.151214
0.542512 0.412114 0.142742
0.529182 0.435732 0.116385
0.530482 0.427889 0.125614
0.534685 0.432024 0.120686
0.372219 0.547873 0.029748
0.376442 0.553765 0.027904
0.371020 0.558549 0.026191
0.377649 0.543188 0.031627
0.383080 0.538527 0.033599
0.387293 0.544299 0.031577
0.381866 0.549020 0.029699
0.361356 0.557358 0.026231
0.366789 0.552590 0.027950
0.365601 0.563400 0.024560
0.362562 0.546705 0.029786
0.363787 0.536266 0.033660
0.369228 0.531687 0.035723
0.368001 0.542041 0.031666
0.354763 0.573383 0.021536
0.355923 0.562194 0.024589
0.360182 0.568338 0.023009
0.519745 0.728780 0.008898
0.524667 0.733770 0.008897
0.519733 0.738734 0.008896
0.524681 0.723804 0.008899
0.529616 0.718829 0.008900
0.534536 0.723833 0.008898
0.529602 0.728802 0.008897
0.509875 0.738723 0.008897
0.514810 0.733753 0.008898
0.514799 0.743696 0.008896
0.509888 0.728758 0.008900
0.509906 0.718757 0.008903
0.514844 0.713765 0.008904
0.514825 0.723776 0.008900
0.504933 0.753603 0.008896
0.504940 0.743688 0.008897
0.509866 0.748652 0.008896
0.442420 0.644695 0.011197
0.447073 0.650369 0.010753
0.441933 0.655770 0.010379
0.447607 0.639236 0.011661
0.452814 0.633768 0.012164
0.457413 0.639531 0.011621
0.452232 0.644955 0.011168
0.432110 0.655577 0.010392
0.437254 0.650142 0.010774
0.436814 0.661157 0.010045
0.432610 0.644426 0.011222
0.433224 0.633064 0.012252
0.438468 0.627509 0.012820
0.437803 0.638930 0.011696
0.426638 0.671878 0.009505
0.426984 0.661002 0.010052
0.431716 0.666526 0.009754
0.526901 0.560366 0.027032
0.531273 0.565846 0.025147
0.525950 0.570880 0.023676
0.532238 0.555404 0.028673
0.537578 0.550480 0.030398
0.541932 0.555890 0.028293
0.536601 0.560850 0.026686
0.516235 0.570402 0.023960
0.521566 0.565365 0.025460
0.520632 0.575953 0.022276
0.517206 0.559863 0.027358
0.518220 0.549449 0.031162
0.523577 0.544567 0.033052
0.522549 0.554899 0.029032
0.510013 0.586211 0.019701
0.510909 0.575480 0.022534
0.515319 0.581063 0.020951
0.682683 0.567042 0.020002
0.687164 0.572248 0.018486
0.681928 0.577066 0.017516
0.687954 0.562301 0.021124
0.693238 0.557604 0.022301
0.697690 0.562763 0.020628
0.692417 0.567480 0.019524
0.672190 0.576674 0.017952
0.677429 0.571834 0.018944
0.676706 0.581929 0.016613
0.672943 0.566614 0.020481
0.673749 0.556661 0.023343
0.679039 0.551964 0.024621
0.678213 0.561848 0.021623
0.666290 0.591792 0.015001
0.666962 0.581562 0.017025
0.671494 0.586839 0.015775
0.612867 0.486034 0.061755
0.617073 0.490863 0.058009
0.611675 0.495229 0.055571
0.618261 0.481752 0.064312
0.623655 0.477508 0.066888
0.627859 0.482259 0.062943
0.622467 0.486541 0.060467
0.602065 0.494725 0.056706
0.607468 0.490357 0.059219
0.606279 0.499635 0.053155
0.603279 0.485542 0.063022
0.604510 0.476555 0.069714
0.609909 0.472357 0.072470
0.608678 0.481262 0.065658
0.595501 0.508573 0.048438
0.596661 0.499134 0.054217
0.600887 0.504084 0.050775
0.656082 0.452752 0.082661
0.660264 0.457291 0.078127
0.654852 0.461382 0.075550
0.661506 0.448714 0.085352
0.666934 0.444692 0.088067
0.671100 0.449168 0.083351
0.665680 0.453221 0.080727
0.645249 0.460887 0.077346
0.650661 0.456809 0.079994
0.649444 0.465497 0.072997
0.646488 0.452285 0.084605
0.647763 0.443818 0.092247
0.653201 0.439841 0.095129
0.651914 0.448262 0.087369
0.638644 0.473809 0.067943
0.639843 0.464993 0.074711
0.644042 0.469637 0.070464
0.623177 0.417983 0.123942
0.627260 0.422237 0.118516
0.621875 0.426237 0.115355
0.628526 0.413915 0.127083
0.633863 0.409831 0.130208
0.637995 0.414211 0.124736
0.632633 0.418228 0.121638
0.612437 0.426052 0.117549
0.617815 0.422029 0.120770
0.616478 0.430225 0.112137
0.613748 0.417814 0.126206
0.614981 0.409358 0.134837
0.620280 0.405107 0.138007
0.619087 0.413699 0.129386
0.605647 0.438189 0.105488
0.607043 0.430053 0.114257
0.611065 0.434204 0.108841
0.569725 0.521824 0.042472
0.574012 0.526976 0.039607
0.568653 0.531689 0.037542
0.575101 0.517199 0.044719
0.580483 0.512617 0.047016
0.584746 0.517684 0.043910
0.579377 0.522307 0.041729
0.558988 0.531205 0.038153
0.564353 0.526493 0.040281
0.563298 0.536446 0.035540
0.560078 0.521331 0.043164
0.561222 0.511631 0.048637
0.566625 0.507100 0.051140
0.565461 0.516709 0.045482
0.552605 0.546086 0.031754
0.553627 0.535959 0.036096
0.557949 0.541245 0.033609
0.536241 0.482126 0.070352
0.540368 0.486903 0.066447
0.534910 0.491210 0.063364
0.541698 0.477949 0.073594
0.547157 0.473826 0.076876
0.551278 0.478460 0.072736
0.545824 0.482654 0.069572
0.525321 0.490655 0.064008
0.530783 0.486360 0.067156
0.529456 0.495563 0.060332
0.526658 0.481581 0.071038
0.527995 0.472788 0.078427
0.533456 0.468755 0.081902
0.532117 0.477421 0.074349
0.518575 0.504404 0.054483
0.519865 0.494996 0.060916
0.524011 0.499961 0.057368
0.579897 0.449883 0.097152
0.583965 0.454149 0.092250
0.578526 0.458138 0.088965
0.585344 0.445944 0.100578
0.590781 0.441987 0.104005
0.594815 0.446166 0.098829
0.589395 0.450158 0.095536
0.568990 0.457763 0.090317
0.574445 0.453818 0.093730
0.573081 0.462140 0.085684
0.570369 0.449554 0.098594
0.571768 0.441488 0.107259
0.577243 0.437627 0.110980
0.575833 0.445666 0.102156
0.562184 0.470221 0.079163
0.563533 0.461728 0.086920
0.567634 0.466164 0.082415
0.640915 0.606647 0.013330
0.645524 0.612002 0.012526
0.640342 0.617145 0.012061
0.646115 0.601550 0.013946
0.651320 0.596491 0.014623
0.655900 0.601820 0.013640
0.650711 0.606893 0.013053
0.630524 0.616947 0.012280
0.635717 0.611781 0.012775
0.635162 0.622321 0.011657
0.631108 0.606409 0.013599
0.631738 0.595928 0.015271
0.636968 0.590862 0.016067
0.636319 0.601289 0.014245
0.624821 0.632750 0.011032
0.625339 0.622139 0.011847
0.629988 0.627525 0.011314
0.604663 0.563816 0.023789
0.609125 0.569147 0.022084
0.603848 0.574124 0.020892
0.609957 0.558911 0.025128
0.615257 0.554046 0.026532
0.619700 0.559322 0.024638
0.614408 0.564213 0.023333
0.594093 0.573753 0.021281
0.599375 0.568763 0.022506
0.598577 0.579143 0.019758
0.594923 0.563416 0.024238
0.595799 0.553189 0.027568
0.601112 0.548340 0.029121
0.600221 0.558497 0.025611
0.588057 0.589295 0.017670
0.588818 0.578784 0.020114
0.593314 0.584201 0.018684
0.647175 0.525795 0.036237
0.651567 0.530898 0.033748
0.646242 0.535518 0.032097
0.652517 0.521248 0.038019
0.657865 0.516746 0.039838
0.662239 0.521796 0.037178
0.656900 0.526325 0.035444
0.636513 0.535027 0.032797
0.641841 0.530387 0.034495
0.640922 0.540186 0.030493
0.637460 0.525278 0.037041
0.638452 0.515657 0.041668
0.643812 0.511168 0.043632
0.642803 0.520713 0.038876
0.630300 0.549665 0.027443
0.631190 0.539714 0.031145
0.635608 0.544901 0.028940
0.484369 0.601415 0.016575
0.488853 0.607149 0.015501
0.483584 0.612468 0.014658
0.489663 0.596158 0.017605
0.494965 0.590937 0.018718
0.499418 0.596613 0.017439
0.494131 0.601865 0.016429
0.473809 0.612040 0.014769
0.479084 0.606708 0.015629
0.478325 0.617822 0.013899
0.474612 0.600933 0.016712
0.475484 0.589915 0.019056
0.480808 0.584725 0.020290
0.479913 0.595669 0.017761
0.467837 0.628650 0.012641
0.468544 0.617411 0.013994
0.473076 0.623216 0.013227
0.449454 0.555510 0.029013
0.453734 0.561201 0.027108
0.448348 0.566203 0.025451
0.454849 0.550596 0.030858
0.460246 0.545722 0.032802
0.464512 0.551316 0.030679
0.459122 0.556240 0.028851
0.438668 0.565453 0.025586
0.444059 0.560460 0.027256
0.442969 0.571252 0.023880
0.439790 0.554743 0.029151
0.440943 0.544202 0.033103
0.446353 0.539395 0.035186
0.445191 0.549841 0.031009
0.432231 0.581505 0.021001
0.433282 0.570493 0.024005
0.437596 0.576353 0.022396
0.492698 0.517385 0.046693
0.496904 0.522639 0.043802
0.491497 0.527308 0.041361
0.498120 0.512818 0.049359
0.503547 0.508296 0.052116
0.507730 0.513430 0.048964
0.502315 0.518012 0.046337
0.481865 0.526652 0.041653
0.487279 0.521996 0.044124
0.486093 0.532024 0.039018
0.483077 0.516724 0.046996
0.484328 0.507008 0.052799
0.489774 0.502565 0.055724
0.488506 0.512174 0.049694
0.475296 0.541584 0.034638
0.476455 0.531353 0.039282
0.480693 0.536783 0.036776
0.406462 0.596492 0.017412
0.410848 0.602668 0.016295
0.405521 0.608138 0.015337
0.411811 0.591168 0.018556
0.417167 0.585913 0.019788
0.421524 0.591962 0.018473
0.416182 0.597280 0.017341
0.395785 0.607401 0.015384
0.401121 0.601899 0.016354
0.400200 0.613704 0.014467
0.396749 0.595641 0.017473
0.397773 0.584123 0.019945
0.403149 0.578946 0.021283
0.402105 0.590307 0.018629
0.389567 0.625198 0.012993
0.390452 0.613014 0.014502
0.394882 0.619385 0.013686
0.480475 0.688198 0.009022
0.485350 0.693382 0.008951
0.480394 0.698448 0.008923
0.485472 0.683057 0.009128
0.490488 0.677893 0.009271
0.495320 0.683156 0.009120
0.490325 0.688283 0.009017
0.470542 0.698385 0.008925
0.475499 0.693310 0.008954
0.475451 0.703489 0.008919
0.470626 0.688116 0.009025
0.470797 0.677675 0.009289
0.475837 0.672456 0.009477
0.475624 0.682962 0.009134
0.465567 0.713561 0.008913
0.465598 0.703436 0.008920
0.470509 0.708527 0.008916
0.338477 0.502882 0.047054
0.342703 0.508301 0.044681
0.337248 0.512634 0.042294
0.343923 0.498643 0.049617
0.349365 0.494439 0.052289
0.353596 0.499745 0.049763
0.348152 0.504005 0.047168
0.327560 0.511473 0.042227
0.333023 0.507159 0.044592
0.331783 0.517003 0.040002
0.328792 0.501740 0.046935
0.330002 0.492207 0.051920
0.335442 0.488076 0.054628
0.334243 0.497519 0.049469
0.320821 0.525856 0.035672
0.322086 0.515824 0.039950
0.326309 0.521410 0.037797
0.503091 0.446362 0.104142
0.507278 0.450627 0.099744
0.501818 0.454391 0.095748
0.508555 0.442664 0.108321
0.514024 0.438968 0.112571
0.518212 0.443159 0.107932
0.512742 0.446884 0.103805
0.492170 0.453801 0.095987
0.497630 0.450071 0.100032
0.496358 0.458183 0.091816
0.493423 0.445798 0.104345
0.494654 0.437943 0.113027
0.500117 0.434310 0.117447
0.498884 0.442137 0.108571
0.485433 0.465884 0.084142
0.486710 0.457562 0.092008
0.490897 0.462012 0.087947
0.468631 0.413153 0.138704
0.473070 0.417324 0.134732
0.467701 0.420869 0.130202
0.473940 0.409432 0.143123
0.479225 0.405563 0.147463
0.483734 0.409883 0.143550
0.478414 0.413669 0.139182
0.457933 0.420231 0.129635
0.463297 0.416744 0.134206
0.462306 0.424325 0.125592
0.458846 0.412584 0.138073
0.459625 0.404669 0.146254
0.464874 0.400788 0.150628
0.464151 0.408934 0.142541
0.451454 0.431145 0.116297
0.452539 0.423636 0.125003
0.456890 0.427731 0.120936
0.510405 0.378362 0.171840
0.515148 0.383554 0.168068
0.509979 0.388418 0.164185
0.515498 0.373101 0.175611
0.520555 0.367626 0.179277
0.525384 0.373235 0.175588
0.520284 0.378495 0.171868
0.500120 0.388254 0.164037
0.505279 0.383414 0.167981
0.504780 0.393086 0.160220
0.500535 0.378286 0.171666
0.500791 0.367566 0.179043
0.505809 0.361911 0.182586
0.505618 0.373035 0.175502
0.494305 0.401843 0.152046
0.494935 0.392882 0.160012
0.499555 0.397560 0.156173
0.589266 0.380217 0.166628
0.593762 0.385606 0.161599
0.588536 0.390558 0.158274
0.594437 0.374867 0.169978
0.599567 0.369329 0.173295
0.604117 0.375217 0.168201
0.598957 0.380487 0.164904
0.578840 0.390336 0.159874
0.584067 0.385375 0.163266
0.583283 0.395337 0.154915
0.579509 0.379980 0.168103
0.579985 0.368752 0.176158
0.585080 0.362945 0.179347
0.584675 0.374595 0.171496
0.572690 0.404383 0.148025
0.573586 0.395104 0.156437
0.578001 0.399943 0.151504
0.550506 0.333368 0.195578
0.555497 0.339107 0.193353
0.550502 0.344879 0.191084
0.555474 0.327716 0.197312
0.560428 0.322131 0.198751
0.565442 0.327665 0.197015
0.560477 0.333362 0.195330
0.540549 0.344804 0.191239
0.545528 0.339069 0.193549
0.545496 0.350655 0.188525
0.540558 0.333347 0.195668
0.540532 0.322202 0.198966
0.545468 0.316768 0.200187
0.545512 0.327731 0.197434
0.535473 0.362125 0.182595
0.535570 0.350550 0.188660
0.540487 0.356413 0.185690
0.415693 0.511191 0.047736
0.419885 0.516578 0.045081
0.414449 0.521109 0.042546
0.421136 0.506766 0.050498
0.426582 0.502383 0.053380
0.430765 0.507639 0.050505
0.425324 0.512087 0.047734
0.404816 0.520164 0.042567
0.410253 0.515659 0.045093
0.409015 0.525680 0.040127
0.406059 0.510260 0.047713
0.407309 0.500576 0.053254
0.412758 0.496280 0.056230
0.411502 0.505857 0.050463
0.398151 0.534927 0.035633
0.399380 0.524706 0.040158
0.403582 0.530287 0.037824
0.381979 0.469993 0.070881
0.386235 0.474959 0.067880
0.380793 0.478987 0.064544
0.387414 0.466091 0.074425
0.392847 0.462257 0.078092
0.397115 0.467080 0.074915
0.391676 0.470988 0.071340
0.371108 0.477976 0.064180
0.376544 0.473957 0.067466
0.375353 0.483063 0.061334
0.372280 0.468981 0.070414
0.373424 0.460220 0.076962
0.378844 0.456449 0.080661
0.377709 0.465081 0.073909
0.364475 0.491331 0.055299
0.365674 0.482038 0.061019
0.369914 0.487178 0.058252
0.425404 0.440591 0.102286
0.429711 0.444971 0.098575
0.424280 0.448509 0.094384
0.430829 0.437163 0.106661
0.436259 0.433761 0.111132
0.440578 0.438016 0.107243
0.435143 0.441477 0.102861
0.414556 0.447576 0.093823
0.419979 0.444058 0.098006
0.418850 0.452099 0.090288
0.415661 0.439644 0.101637
0.416739 0.431922 0.109726
0.422154 0.428615 0.114275
0.421079 0.436243 0.106004
0.407987 0.459460 0.082394
0.409132 0.451150 0.089737
0.413419 0.455748 0.086291
0.559260 0.688972 0.008977
0.564147 0.694068 0.008921
0.559204 0.699030 0.008901
0.564239 0.683954 0.009060
0.569233 0.678917 0.009172
0.574081 0.684076 0.009053
0.569104 0.689083 0.008972
0.549356 0.698949 0.008902
0.554301 0.693972 0.008923
0.554272 0.703980 0.008900
0.549416 0.688864 0.008981
0.549553 0.678638 0.009196
0.554570 0.673554 0.009347
0.554396 0.683829 0.009068
0.544405 0.713899 0.008899
0.544422 0.703912 0.008901
0.549339 0.708937 0.008899
0.520979 0.646588 0.010849
0.525679 0.652038 0.010460
0.520574 0.657255 0.010156
0.526124 0.641327 0.011221
0.531289 0.636048 0.011623
0.535944 0.641563 0.011154
0.530802 0.646808 0.010793
0.510741 0.657070 0.010193
0.515851 0.651835 0.010505
0.515487 0.662461 0.009883
0.511154 0.646368 0.010903
0.511661 0.635533 0.011779
0.516855 0.630201 0.012236
0.516305 0.641088 0.011288
0.505367 0.672839 0.009433
0.505650 0.662295 0.009912
0.510418 0.667656 0.009641
0.562547 0.604451 0.015205
0.567105 0.609974 0.014249
0.561887 0.615205 0.013563
0.567787 0.599259 0.016057
0.573034 0.594094 0.016977
0.577566 0.599580 0.015829
0.572331 0.604765 0.015006
0.552093 0.614905 0.013714
0.557316 0.609666 0.014423
0.556676 0.620456 0.012950
0.552766 0.604124 0.015397
0.553497 0.593401 0.017463
0.558762 0.588252 0.018508
0.558011 0.598926 0.016276
0.546283 0.631017 0.011955
0.546878 0.620166 0.013082
0.551475 0.625728 0.012414
0.725182 0.530374 0.030302
0.729599 0.535397 0.028249
0.724252 0.539851 0.026887
0.730540 0.525979 0.031743
0.735904 0.521617 0.033203
0.740316 0.526605 0.031038
0.734954 0.530983 0.029633
0.714490 0.539279 0.027490
0.719831 0.534807 0.028883
0.718916 0.544346 0.025553
0.715411 0.529768 0.030988
0.716352 0.520345 0.034748
0.721717 0.515985 0.036307
0.720765 0.525356 0.032467
0.708278 0.553465 0.022995
0.709159 0.543793 0.026129
0.713590 0.548883 0.024254
0.690080 0.490528 0.051280
0.694419 0.495448 0.048141
0.689042 0.499756 0.046266
0.695462 0.486265 0.053266
0.700846 0.482026 0.055276
0.705182 0.486910 0.051965
0.699800 0.491167 0.050041
0.679322 0.499135 0.047384
0.684699 0.494817 0.049319
0.683668 0.504093 0.044408
0.680376 0.489908 0.052544
0.681458 0.480792 0.058077
0.686846 0.476574 0.060236
0.685759 0.485640 0.054591
0.672940 0.512867 0.040743
0.673948 0.503483 0.045465
0.678301 0.508462 0.042565
0.672920 0.471234 0.065571
0.677179 0.475988 0.061736
0.671789 0.480205 0.059514
0.678317 0.467070 0.067905
0.683716 0.462928 0.070261
0.687965 0.467627 0.066251
0.682570 0.471797 0.063983
0.707542 0.510344 0.039686
0.711943 0.515340 0.037152
0.706579 0.519713 0.035549
0.712914 0.506019 0.041368
0.718291 0.501718 0.043061
0.722685 0.506682 0.040405
0.717312 0.510998 0.038772
0.544536 0.582358 0.020186
0.549005 0.587878 0.018766
0.543733 0.593032 0.017693
0.549828 0.577263 0.021427
0.555125 0.572202 0.022735
0.559569 0.577663 0.021118
0.554283 0.582754 0.019909
0.502462 0.624253 0.012952
0.507047 0.629917 0.012326
0.501847 0.635269 0.011854
0.507692 0.618910 0.013574
0.512933 0.613598 0.014281
0.517488 0.619239 0.013456
0.512263 0.624564 0.012849
0.539934 0.668125 0.009572
0.544733 0.673403 0.009364
0.539712 0.678503 0.009208
0.544992 0.662981 0.009793
0.550067 0.657825 0.010042
0.554824 0.663161 0.009762
0.549770 0.668289 0.009549
0.408007 0.423335 0.117132
0.412383 0.427620 0.113444
0.406976 0.430896 0.108905
0.413391 0.420157 0.121771
0.418754 0.416971 0.126398
0.423180 0.421161 0.122699
0.417788 0.424377 0.118054
0.364818 0.450620 0.083140
0.369127 0.455401 0.080040
0.363713 0.459172 0.076390
0.370222 0.446977 0.086989
0.375623 0.443402 0.090958
0.379948 0.448057 0.087710
0.374539 0.451694 0.083814
0.398910 0.490174 0.058998
0.403113 0.495348 0.056102
0.397666 0.499622 0.053144
0.404361 0.486006 0.062182
0.409815 0.481882 0.065484
0.414017 0.486929 0.062386
0.408563 0.491117 0.059182
0.530613 0.311473 0.201152
0.535568 0.316781 0.200200
0.530650 0.322193 0.198983
0.535523 0.306278 0.201828
0.540436 0.301191 0.202243
0.545411 0.306252 0.201832
0.540487 0.311467 0.201148
0.570341 0.356793 0.184295
0.575201 0.362777 0.180447
0.570110 0.368572 0.177234
0.575380 0.350893 0.187002
0.580392 0.344989 0.189446
0.585298 0.350998 0.186085
0.580265 0.356898 0.183391
0.491087 0.356487 0.185348
0.495944 0.362021 0.182340
0.490935 0.367672 0.178720
0.496058 0.350661 0.188411
0.501019 0.344827 0.191156
0.505915 0.350473 0.188615
0.500935 0.356266 0.185633
0.450435 0.396013 0.153346
0.455052 0.400358 0.149854
0.449804 0.404144 0.145445
0.455627 0.391949 0.157677
0.460791 0.387657 0.161949
0.465466 0.392211 0.158493
0.460273 0.396389 0.154205
0.486129 0.429639 0.121969
0.490404 0.433773 0.117504
0.484946 0.437363 0.113041
0.491567 0.426089 0.126517
0.496992 0.422477 0.131001
0.501309 0.426579 0.126524
0.495861 0.430178 0.122018
0.321492 0.481724 0.056911
0.325752 0.486943 0.054402
0.320310 0.491058 0.051732
0.326919 0.477693 0.059757
0.332339 0.473694 0.062717
0.336614 0.478817 0.060073
0.331187 0.482863 0.057181
0.461221 0.666938 0.009731
0.465996 0.672334 0.009487
0.460953 0.677570 0.009294
0.466307 0.661645 0.010007
0.471412 0.656338 0.010320
0.476141 0.661807 0.009988
0.471058 0.667078 0.009719
0.389183 0.571822 0.022861
0.393467 0.577956 0.021356
0.388086 0.583123 0.020008
0.394582 0.566821 0.024388
0.399988 0.561881 0.026000
0.404249 0.567837 0.024309
0.398854 0.572864 0.022790
0.476002 0.496820 0.059292
0.480161 0.501889 0.056000
0.474710 0.506315 0.053043
0.481471 0.492503 0.062478
0.486947 0.488232 0.065756
0.491083 0.493173 0.062208
0.485618 0.497509 0.059056
0.432491 0.533027 0.037610
0.436711 0.538596 0.035305
0.431297 0.543383 0.033221
0.437914 0.528341 0.039926
0.443339 0.523698 0.042360
0.447546 0.529143 0.039823
0.442127 0.533848 0.037506
0.466707 0.578400 0.021969
0.471082 0.584157 0.020459
0.465751 0.589350 0.019207
0.472060 0.573292 0.023408
0.477418 0.568226 0.024929
0.481766 0.573895 0.023215
0.476421 0.579006 0.021796
0.629823 0.505633 0.047720
0.634125 0.510630 0.044615
0.628763 0.515133 0.042582
0.635200 0.501205 0.049883
0.640585 0.496817 0.052066
0.644868 0.501752 0.048762
0.639494 0.506170 0.046677
0.587017 0.542626 0.031923
0.591398 0.547897 0.029670
0.586080 0.552758 0.028077
0.592349 0.537844 0.033702
0.597686 0.533107 0.035547
0.602047 0.538310 0.033070
0.596720 0.543081 0.031336
0.622633 0.585202 0.017657
0.627176 0.590565 0.016408
0.621943 0.595646 0.015581
0.627885 0.580183 0.018635
0.633144 0.575205 0.019671
0.637665 0.580516 0.018241
0.632417 0.585521 0.017295
0.563617 0.433198 0.117718
0.567697 0.437333 0.112455
0.562208 0.441154 0.108602
0.569112 0.429405 0.121637
0.574579 0.425557 0.125416
0.578667 0.429666 0.120089
0.573187 0.433504 0.116312
0.519740 0.463733 0.086794
0.523870 0.468227 0.082579
0.518412 0.472243 0.079039
0.525202 0.459831 0.090503
0.530671 0.455972 0.094263
0.534799 0.460341 0.089810
0.529332 0.464261 0.086171
0.552817 0.501599 0.055369
0.557008 0.506593 0.051934
0.551598 0.511116 0.049359
0.558249 0.497169 0.058134
0.563687 0.492781 0.060948
0.567849 0.497673 0.057252
0.562425 0.502113 0.054566
0.606686 0.400373 0.145716
0.610852 0.404926 0.140284
0.605563 0.409249 0.137094
0.611928 0.395835 0.148906
0.617149 0.391235 0.152110
0.621375 0.396116 0.146654
0.616123 0.400546 0.143465
0.639522 0.435069 0.102480
0.643630 0.439420 0.097287
0.638200 0.443397 0.094309
0.644958 0.431125 0.105518
0.650385 0.427186 0.108511
0.654519 0.431522 0.103219
0.649073 0.435465 0.100270
0.596233 0.467356 0.078285
0.600362 0.471918 0.073924
0.594955 0.476106 0.071089
0.601639 0.463243 0.081242
0.607044 0.459155 0.084221
0.611164 0.463638 0.079657
0.605764 0.467763 0.076780
0.664841 0.546316 0.027124
0.669291 0.551484 0.025174
0.664001 0.556205 0.023870
0.670148 0.541666 0.028565
0.675463 0.537062 0.030054
0.679897 0.542181 0.027942
0.674589 0.546809 0.026533
0.509631 0.538627 0.035834
0.513914 0.544024 0.033431
0.508551 0.548906 0.031508
0.515008 0.533837 0.037981
0.520388 0.529094 0.040221
0.524652 0.534394 0.037561
0.519280 0.539186 0.035449
0.424181 0.621038 0.013567
0.428685 0.627088 0.012869
0.423432 0.632693 0.012288
0.429466 0.615505 0.014310
0.434759 0.610041 0.015141
0.439229 0.616024 0.014241
0.433952 0.621524 0.013512
0.500073 0.708670 0.008910
0.504989 0.713722 0.008906
0.500050 0.718722 0.008905
0.505013 0.703659 0.008911
0.509953 0.698649 0.008913
0.514866 0.703720 0.008908
0.509927 0.708721 0.008907
0.355359 0.524900 0.037877
0.359573 0.530552 0.035732
0.354122 0.535110 0.033675
0.360807 0.520433 0.040119
0.366251 0.516003 0.042465
0.370460 0.521541 0.040144
0.365018 0.526030 0.037887
0.529077 0.398348 0.156026
0.533613 0.403044 0.151745
0.528284 0.407257 0.147773
0.534338 0.393834 0.159896
0.539574 0.389155 0.163689
0.544198 0.394180 0.159432
0.538919 0.398692 0.155633
0.442528 0.458379 0.087526
0.446765 0.462957 0.083885
0.441309 0.466798 0.080049
0.447978 0.454672 0.091547
0.453428 0.451016 0.095658
0.457677 0.455451 0.091834
0.452221 0.459176 0.087815
0.580895 0.626513 0.012054
0.585528 0.632005 0.011540
0.580364 0.637256 0.011195
0.586084 0.621263 0.012526
0.591282 0.616033 0.013067
0.595893 0.621505 0.012369
0.590707 0.626747 0.011921
0.664463 0.461884 0.073767
0.663282 0.470689 0.067182
0.659059 0.466008 0.071279
0.668682 0.466532 0.069581
0.667526 0.475422 0.063261
0.698777 0.500395 0.045172
0.697781 0.509701 0.040625
0.693403 0.504718 0.043372
0.703152 0.505362 0.042357
0.702175 0.514700 0.038020
0.535670 0.571340 0.023377
0.534793 0.581944 0.020452
0.530359 0.576408 0.022006
0.540091 0.576844 0.021723
0.539251 0.587487 0.019014
0.493363 0.612868 0.014539
0.492662 0.623928 0.013050
0.488110 0.618209 0.013797
0.497900 0.618570 0.013689
0.497240 0.629625 0.012413
0.530406 0.657443 0.010119
0.530096 0.667964 0.009596
0.525323 0.662631 0.009853
0.535158 0.662805 0.009823
0.534893 0.673255 0.009381
0.399161 0.414771 0.124288
0.398226 0.422210 0.116124
0.393817 0.417881 0.119668
0.403602 0.419063 0.120759
0.402610 0.426548 0.112530
0.356169 0.441150 0.089402
0.355099 0.449518 0.082463
0.350777 0.444737 0.085530
0.360498 0.445872 0.086262
0.359411 0.454328 0.079416
0.390474 0.479981 0.064900
0.389251 0.489200 0.058776
0.385029 0.484069 0.061646
0.394698 0.485053 0.061935
0.393462 0.494384 0.055938
0.520708 0.301204 0.202239
0.520748 0.311474 0.201149
0.515800 0.306289 0.201832
0.525660 0.306282 0.201828
0.525699 0.316778 0.200205
0.560474 0.344936 0.190740
0.560393 0.356690 0.184987
0.555462 0.350760 0.188236
0.565426 0.350839 0.187724
0.565282 0.362641 0.181329
0.481385 0.345593 0.190637
0.481267 0.356840 0.184952
0.476434 0.351494 0.187702
0.486232 0.351003 0.188108
0.486103 0.362246 0.181970
0.441076 0.387241 0.160035
0.440587 0.395557 0.152379
0.435919 0.391219 0.155710
0.445775 0.391638 0.156735
0.445216 0.399868 0.148961
0.477466 0.421454 0.130620
0.476387 0.429052 0.121771
0.472062 0.424963 0.126050
0.481817 0.425551 0.126358
0.480679 0.433187 0.117416
0.312931 0.471399 0.061986
0.311792 0.480557 0.056642
0.307518 0.475364 0.059130
0.317217 0.476544 0.059440
0.316055 0.485788 0.054175
0.451758 0.655962 0.010363
0.451385 0.666799 0.009742
0.446644 0.661320 0.010036
0.456475 0.661483 0.010023
0.456155 0.672214 0.009495
0.380673 0.559719 0.026138
0.379517 0.570712 0.022922
0.375261 0.564592 0.024513
0.384919 0.565739 0.024456
0.383791 0.576896 0.021419
0.467700 0.486833 0.066112
0.466380 0.496098 0.059452
0.462222 0.491065 0.062774
0.471850 0.491800 0.062667
0.470542 0.501182 0.056206
0.424081 0.522015 0.042503
0.422855 0.532160 0.037698
0.418649 0.526611 0.040078
0.428282 0.527498 0.040011
0.427071 0.537752 0.035410
0.458034 0.566915 0.025297
0.456998 0.577756 0.022127
0.452661 0.571971 0.023740
0.462358 0.572650 0.023583
0.461362 0.583551 0.020615
0.621298 0.495745 0.054420
0.620165 0.505107 0.048751
0.615907 0.500147 0.052079
0.625547 0.500670 0.050988
0.624451 0.510103 0.045586
0.578324 0.532161 0.036890
0.577322 0.542171 0.032506
0.572975 0.536916 0.034950
0.582659 0.537379 0.034329
0.581690 0.547453 0.030215
0.613607 0.574490 0.020494
0.612855 0.584876 0.018009
0.608341 0.579496 0.019393
0.618111 0.579843 0.019019
0.617390 0.590260 0.016739
0.555356 0.424952 0.128106
0.554006 0.432846 0.118916
0.549867 0.428728 0.124067
0.559511 0.429089 0.122963
0.558114 0.436991 0.113732
0.511447 0.454938 0.095383
0.510141 0.463191 0.087296
0.505987 0.458762 0.091501
0.515600 0.459305 0.091065
0.514281 0.467683 0.083140
0.544501 0.491750 0.062640
0.543211 0.501069 0.056104
0.539051 0.496115 0.059673
0.548649 0.496650 0.058941
0.547393 0.506070 0.052665
0.598164 0.390753 0.156426
0.597215 0.400278 0.147892
0.592917 0.395525 0.153145
0.602470 0.395664 0.151119
0.601425 0.404837 0.142526
0.631342 0.426490 0.113120
0.630004 0.434721 0.104644
0.625937 0.430461 0.109975
0.635429 0.430762 0.107770
0.634089 0.439032 0.099401
0.588039 0.458473 0.087458
0.586711 0.466970 0.079760
0.582614 0.462520 0.084306
0.592126 0.462873 0.082796
0.590823 0.471498 0.075349
0.655977 0.536021 0.031404
0.655095 0.545834 0.027722
0.650661 0.540668 0.029841
0.660402 0.541162 0.029198
0.659542 0.551014 0.025734
0.501127 0.527932 0.041024
0.499984 0.538046 0.036185
0.495731 0.532660 0.038713
0.505369 0.533262 0.038366
0.504258 0.543462 0.033782
0.415263 0.608822 0.015281
0.414412 0.620520 0.013614
0.409951 0.614347 0.014423
0.419707 0.614947 0.014371
0.418904 0.626648 0.012911
0.490247 0.698512 0.008920
0.490218 0.708621 0.008913
0.485305 0.703544 0.008917
0.495159 0.703600 0.008915
0.495133 0.713680 0.008909
0.346925 0.513775 0.042357
0.345688 0.523753 0.037858
0.341469 0.518164 0.040048
0.351143 0.519308 0.040087
0.349905 0.529401 0.035732
0.519843 0.388612 0.164180
0.519236 0.398059 0.156239
0.514633 0.393298 0.160273
0.524486 0.393540 0.160170
0.523787 0.402709 0.152075
0.434001 0.449393 0.094875
0.432830 0.457546 0.087177
0.428564 0.453003 0.090772
0.438273 0.453860 0.091191
0.437078 0.462142 0.083601
0.571682 0.615494 0.013406
0.571086 0.626263 0.012180
0.566477 0.620738 0.012815
0.576279 0.621008 0.012675
0.575714 0.631777 0.011652
0.718019 0.553978 0.022481
0.712712 0.558584 0.021284
0.723339 0.549416 0.023720
0.707418 0.563235 0.020136
0.702143 0.567929 0.019046
0.739366 0.535991 0.027631
0.734014 0.540425 0.026301
0.744726 0.531596 0.028982
0.728671 0.544899 0.024996
0.554258 0.713946 0.008898
0.549325 0.718902 0.008898
0.559191 0.708994 0.008898
0.544392 0.723862 0.008897
0.539458 0.728824 0.008897
0.573993 0.694161 0.008919
0.569051 0.699112 0.008899
0.578950 0.689183 0.008968
0.564122 0.704049 0.008899
0.314028 0.540668 0.029753
0.460602 0.728648 0.008904
0.383522 0.643268 0.011275
0.634653 0.632893 0.010889
0.629501 0.638107 0.010655
0.639815 0.627683 0.011143
0.624366 0.643309 0.010424
0.619249 0.648494 0.010199
0.655320 0.612231 0.012271
0.650149 0.617350 0.011834
0.660493 0.607146 0.012770
0.644981 0.622501 0.011458
0.676039 0.592119 0.014636
0.670852 0.597089 0.013951
0.681234 0.587191 0.015384
0.665670 0.602099 0.013329
0.696890 0.572673 0.018027
0.691656 0.577466 0.017078
0.686439 0.582307 0.016198
0.421382 0.687788 0.009022
0.514792 0.753605 0.008895
0.509861 0.758547 0.008895
0.519724 0.748657 0.008895
0.504930 0.763481 0.008895
0.500000 0.768407 0.008896
0.534524 0.733786 0.008896
0.529591 0.738746 0.008896
0.524657 0.743703 0.008896
0.348226 0.590473 0.017620
0.593928 0.674103 0.009275
0.588917 0.679154 0.009148
0.598957 0.669028 0.009425
0.583925 0.684181 0.009045
0.614149 0.653660 0.009984
0.609067 0.658806 0.009781
0.604003 0.663929 0.009594
0.292956 0.512202 0.039780
0.288750 0.506665 0.041945
0.297163 0.517785 0.037661
0.284545 0.501169 0.044151
0.280337 0.495712 0.046391
0.309801 0.534864 0.031634
0.305585 0.529110 0.033582
0.301372 0.523418 0.035593
0.436041 0.703288 0.008918
0.431136 0.698162 0.008921
0.440948 0.708397 0.008915
0.426247 0.693000 0.008950
0.455685 0.723612 0.008907
0.450770 0.718558 0.008910
0.445858 0.713486 0.008913
0.361237 0.610642 0.014560
0.356882 0.603891 0.015484
0.365615 0.617384 0.013737
0.352546 0.597160 0.016504
0.378967 0.637095 0.011794
0.374467 0.630701 0.012373
0.370021 0.624092 0.013014
0.397460 0.660759 0.010057
0.392773 0.655073 0.010410
0.402184 0.666330 0.009755
0.388125 0.649251 0.010815
0.416541 0.682522 0.009137
0.411726 0.677198 0.009297
0.406940 0.671804 0.009502
0.475365 0.743661 0.008898
0.470442 0.738672 0.008900
0.480289 0.748634 0.008897
0.465521 0.733668 0.008902
0.495070 0.763480 0.008896
0.490143 0.758543 0.008896
0.485215 0.753595 0.008896
0.326782 0.558483 0.024562
0.322519 0.552453 0.026212
0.331054 0.564631 0.022997
0.318268 0.546523 0.027944
0.343919 0.583855 0.018829
0.339622 0.577329 0.020130
0.335334 0.570915 0.021519
