0.587666 0.593914 0.023970
0.586234 0.605085 0.020707
0.582102 0.599074 0.022422
0.463862 0.437148 0.159624
0.462420 0.442745 0.148502
0.458453 0.439181 0.154084
0.541847 0.389057 0.261025
0.542488 0.399093 0.246876
0.537549 0.394150 0.253969
0.374799 0.479016 0.083945
0.372897 0.487679 0.076132
0.369141 0.482396 0.080200
0.501678 0.681309 0.010153
0.501225 0.693071 0.009699
0.496557 0.687009 0.009909
0.434673 0.575334 0.029636
0.432957 0.587446 0.025561
0.429093 0.580551 0.027702
0.525116 0.504394 0.075101
0.523242 0.513366 0.067139
0.519468 0.508197 0.071411
0.677185 0.520395 0.062354
0.675672 0.529488 0.055623
0.671627 0.524439 0.059299
0.613035 0.451120 0.146784
0.611835 0.457916 0.135343
0.607802 0.454278 0.141741
0.653370 0.425137 0.189735
0.652961 0.432107 0.176861
0.648504 0.428497 0.184253
0.615625 0.391062 0.253234
0.616149 0.400900 0.238467
0.611395 0.396039 0.246700
0.569989 0.476445 0.108471
0.568263 0.484057 0.098623
0.564439 0.479730 0.103986
0.538654 0.446214 0.156109
0.537281 0.452334 0.144487
0.533324 0.448789 0.150622
0.579499 0.424251 0.203305
0.578926 0.430753 0.190206
0.574640 0.427374 0.197322
0.632499 0.554861 0.040132
0.630917 0.565050 0.035030
0.626883 0.559500 0.037761
0.600819 0.512991 0.068742
0.599116 0.522096 0.061276
0.595212 0.517025 0.065337
0.645212 0.482810 0.099138
0.643681 0.490888 0.089996
0.639730 0.486409 0.095094
0.479806 0.537122 0.048883
0.477910 0.547631 0.042950
0.474134 0.541586 0.046117
0.449929 0.492844 0.080237
0.447983 0.501691 0.072154
0.444268 0.496394 0.076408
0.495051 0.467527 0.115160
0.493218 0.474781 0.105193
0.489455 0.470414 0.110443
0.404627 0.523709 0.053054
0.402697 0.534142 0.046896
0.398978 0.527927 0.050170
0.466529 0.629907 0.015913
0.465378 0.642236 0.013971
0.461142 0.635563 0.014962
0.344250 0.440830 0.118779
0.342505 0.448084 0.109995
0.338637 0.443480 0.114362
0.505365 0.420050 0.207695
0.504730 0.425812 0.195173
0.500429 0.422606 0.201473
0.467592 0.389562 0.256803
0.468206 0.397606 0.243914
0.463347 0.393664 0.249732
0.499471 0.337420 0.309315
0.500434 0.350942 0.300261
0.495154 0.344481 0.304872
0.577340 0.336599 0.309335
0.577591 0.350312 0.300266
0.572680 0.343338 0.305347
0.537499 0.291465 0.321934
0.537533 0.301437 0.321631
0.532579 0.296416 0.321859
0.419883 0.455208 0.118307
0.418083 0.462321 0.108752
0.414283 0.457856 0.113599
0.388527 0.423329 0.158664
0.387040 0.428993 0.148212
0.383079 0.425138 0.153270
0.430541 0.411134 0.205089
0.429764 0.415988 0.193586
0.425495 0.412704 0.199089
0.543689 0.636603 0.014586
0.542696 0.648222 0.012936
0.538324 0.642086 0.013795
0.510652 0.586276 0.026687
0.509083 0.597868 0.023038
0.505066 0.591487 0.024962
0.555741 0.547311 0.044399
0.553989 0.557689 0.038855
0.550085 0.551925 0.041829
0.721358 0.490177 0.088449
0.719974 0.498503 0.080534
0.715870 0.493790 0.085072
0.688227 0.455270 0.133174
0.687091 0.462734 0.122579
0.682935 0.458638 0.128728
0.591780 0.599882 0.022121
0.467853 0.440618 0.153946
0.546861 0.394384 0.253780
0.378556 0.484198 0.079783
0.506312 0.687395 0.009864
0.438523 0.582126 0.027359
0.528892 0.509452 0.070688
0.681234 0.525388 0.058567
0.617105 0.454716 0.140255
0.657911 0.428802 0.182224
0.620422 0.396275 0.244834
0.573835 0.480665 0.102992
0.542641 0.449696 0.149838
0.583852 0.427727 0.196109
0.636530 0.560340 0.037284
0.604725 0.517979 0.064547
0.649186 0.487226 0.093914
0.483580 0.543064 0.045593
0.453647 0.498021 0.075860
0.498836 0.471777 0.109804
0.408342 0.529803 0.049672
0.470731 0.636560 0.014825
0.348123 0.445349 0.114323
0.509741 0.423355 0.201351
0.472542 0.393757 0.250865
0.504705 0.343834 0.305319
0.582164 0.343444 0.304924
0.542434 0.296411 0.321863
0.423699 0.459558 0.113366
0.392509 0.427085 0.153522
0.434872 0.414412 0.199576
0.548021 0.642735 0.013643
0.514649 0.592585 0.024625
0.559643 0.552992 0.041304
0.725480 0.494867 0.083785
0.692412 0.459335 0.126885
0.683140 0.486207 0.093881
0.687185 0.490772 0.088895
0.681688 0.494446 0.085298
0.688599 0.482618 0.097644
0.704860 0.472060 0.109208
0.708988 0.476473 0.103715
0.703563 0.479996 0.099947
0.715681 0.524349 0.059277
0.719781 0.529314 0.055713
0.714224 0.533318 0.052947
0.721229 0.520459 0.062172
0.737845 0.509138 0.071013
0.741970 0.513953 0.067103
0.736430 0.517706 0.064222
0.549053 0.590423 0.025286
0.553117 0.596535 0.023336
0.547562 0.601781 0.021837
0.554642 0.585301 0.027034
0.571485 0.570314 0.032933
0.575488 0.576167 0.030456
0.569876 0.581166 0.028512
0.505001 0.633611 0.015259
0.509281 0.639967 0.014247
0.503935 0.645568 0.013472
0.510419 0.628057 0.016193
0.526858 0.611576 0.019440
0.531000 0.617906 0.018045
0.525521 0.623382 0.016990
0.540684 0.682889 0.009921
0.545372 0.688762 0.009662
0.540326 0.694295 0.009533
0.545796 0.677346 0.010191
0.561319 0.660834 0.011392
0.565853 0.666761 0.010826
0.560685 0.672236 0.010439
0.426217 0.430858 0.159602
0.430219 0.434433 0.154215
0.424774 0.436373 0.148832
0.431609 0.429088 0.165180
0.447579 0.423991 0.182605
0.451708 0.427187 0.176836
0.446384 0.428952 0.170993
0.382126 0.448183 0.118706
0.385974 0.452603 0.114018
0.380358 0.455342 0.109512
0.387715 0.445647 0.123424
0.404366 0.438692 0.138285
0.408281 0.442701 0.133261
0.402733 0.445011 0.128275
0.412404 0.486105 0.082275
0.416129 0.491307 0.077979
0.410467 0.494873 0.074277
0.418063 0.482741 0.086213
0.435014 0.473195 0.098749
0.438754 0.477946 0.093992
0.433104 0.481149 0.089808
0.538328 0.336592 0.309874
0.543457 0.343281 0.305817
0.538943 0.350106 0.301089
0.542992 0.330114 0.313280
0.557410 0.312071 0.319907
0.562451 0.317780 0.318221
0.557602 0.323826 0.316052
0.579126 0.390067 0.258840
0.583976 0.395489 0.250972
0.579569 0.400332 0.244296
0.583477 0.384433 0.265835
0.596432 0.365112 0.286522
0.601207 0.372287 0.278713
0.596956 0.378634 0.271803
0.504469 0.388909 0.260366
0.509569 0.393847 0.253605
0.505250 0.398390 0.246595
0.508598 0.383463 0.267702
0.520755 0.364045 0.289366
0.526155 0.370788 0.282736
0.522070 0.377302 0.275488
0.468037 0.416567 0.206972
0.472418 0.419780 0.201109
0.467352 0.421790 0.194953
0.472944 0.414289 0.213232
0.487069 0.405771 0.232618
0.491761 0.409526 0.226443
0.487071 0.412506 0.219979
0.501360 0.442272 0.158590
0.505343 0.445730 0.152571
0.499947 0.448103 0.147180
0.506691 0.439979 0.164218
0.522424 0.432929 0.181942
0.526530 0.436157 0.175390
0.521296 0.438591 0.169464
0.337036 0.471720 0.085442
0.340825 0.476888 0.081406
0.335146 0.480278 0.077829
0.342702 0.468497 0.089192
0.359650 0.459291 0.101103
0.363459 0.464085 0.096751
0.357811 0.467168 0.092746
0.462819 0.679201 0.010341
0.467369 0.685593 0.010025
0.462246 0.691406 0.009826
0.467994 0.673402 0.010700
0.483669 0.656167 0.012225
0.488090 0.662567 0.011564
0.482870 0.668288 0.011070
0.397115 0.568476 0.031072
0.400902 0.575545 0.028688
0.395331 0.580989 0.026751
0.402698 0.563347 0.033229
0.419528 0.548762 0.040262
0.423283 0.555291 0.037388
0.417668 0.560160 0.035070
0.487488 0.498985 0.077925
0.491227 0.504108 0.073496
0.485561 0.507891 0.069845
0.493149 0.495406 0.081830
0.510097 0.485152 0.094205
0.513843 0.489814 0.089226
0.508200 0.493272 0.085126
0.442140 0.530809 0.050985
0.445871 0.536853 0.047646
0.440209 0.541322 0.044931
0.447807 0.526528 0.053920
0.464816 0.514182 0.063472
0.468549 0.519775 0.059606
0.462878 0.523918 0.056437
0.472510 0.581280 0.028159
0.476430 0.587832 0.025987
0.470860 0.593133 0.024296
0.478113 0.576155 0.030100
0.495012 0.561298 0.036572
0.498872 0.567489 0.033862
0.493239 0.572450 0.031730
0.638901 0.516690 0.065521
0.642879 0.521676 0.061528
0.637298 0.525825 0.058398
0.644469 0.512675 0.068860
0.661116 0.501009 0.079270
0.665113 0.505758 0.074763
0.659569 0.509639 0.071358
0.594038 0.551283 0.042206
0.598006 0.556854 0.039239
0.592371 0.561575 0.036897
0.599672 0.546706 0.044755
0.616535 0.533411 0.053048
0.620503 0.538692 0.049568
0.614888 0.543126 0.046829
0.626409 0.597122 0.022679
0.630559 0.603040 0.020916
0.625019 0.608219 0.019587
0.631977 0.592031 0.024248
0.648739 0.577076 0.029593
0.652844 0.582759 0.027317
0.647260 0.587748 0.025559
0.575885 0.449250 0.152282
0.579901 0.452743 0.145810
0.574578 0.455642 0.140632
0.581132 0.446405 0.157702
0.596571 0.437638 0.174517
0.600725 0.440921 0.167367
0.595595 0.443943 0.161845
0.532502 0.472418 0.112171
0.536299 0.476634 0.106715
0.530709 0.479837 0.102196
0.538037 0.469388 0.116881
0.554465 0.460600 0.131523
0.558370 0.464412 0.125601
0.552896 0.467393 0.120757
0.562879 0.509025 0.072034
0.566720 0.514033 0.067699
0.561082 0.518065 0.064270
0.568508 0.505165 0.075711
0.585345 0.493946 0.087342
0.589194 0.498567 0.082429
0.583590 0.502343 0.078604
0.616244 0.424635 0.197186
0.620631 0.428066 0.189749
0.615756 0.431411 0.184142
0.620976 0.421081 0.202916
0.634744 0.409820 0.220542
0.639460 0.413830 0.212710
0.634858 0.417507 0.206877
0.650416 0.452890 0.140505
0.654571 0.456743 0.134061
0.649276 0.460063 0.129410
0.655646 0.449617 0.145364
0.671186 0.439841 0.160267
0.675501 0.443586 0.153208
0.670309 0.446869 0.148327
0.607543 0.479717 0.103955
0.611444 0.484002 0.098549
0.605916 0.487567 0.094406
0.613015 0.476279 0.108272
0.629230 0.466144 0.121652
0.633243 0.470161 0.115778
0.627841 0.473574 0.111367
0.671113 0.558193 0.038138
0.675192 0.563587 0.035373
0.669606 0.568249 0.033207
0.676701 0.553686 0.040514
0.693438 0.540643 0.048152
0.697520 0.545806 0.044968
0.691944 0.550129 0.042444
0.517669 0.542631 0.046637
0.521500 0.548441 0.043428
0.515836 0.553086 0.040883
0.523332 0.538151 0.049403
0.540303 0.525192 0.058407
0.544138 0.530613 0.054646
0.538483 0.534953 0.051670
0.428366 0.625324 0.016521
0.432490 0.632235 0.015356
0.427119 0.638032 0.014413
0.433799 0.619601 0.017650
0.450270 0.602690 0.021516
0.454258 0.609575 0.019908
0.448767 0.615204 0.018653
0.500370 0.727152 0.009141
0.505201 0.732555 0.009081
0.500207 0.737789 0.009038
0.505387 0.721756 0.009200
0.520472 0.705191 0.009411
0.525247 0.710942 0.009312
0.520227 0.716440 0.009247
0.367145 0.516061 0.055027
0.370889 0.522112 0.051629
0.365249 0.526326 0.048787
0.372799 0.512037 0.058052
0.389768 0.500425 0.067733
0.393487 0.506073 0.063896
0.387833 0.509964 0.060673
0.542530 0.422350 0.206688
0.546896 0.425830 0.199923
0.541909 0.428584 0.193749
0.547362 0.419274 0.212964
0.561374 0.408632 0.232120
0.566028 0.412854 0.224908
0.561371 0.416445 0.218601
0.457493 0.461717 0.117093
0.461286 0.466012 0.111936
0.455666 0.468872 0.107274
0.463072 0.459062 0.121948
0.479665 0.451572 0.137104
0.483550 0.455410 0.131554
0.478022 0.457949 0.126516
0.582501 0.639177 0.013906
0.586867 0.645170 0.013022
0.581559 0.650518 0.012375
0.587891 0.633840 0.014702
0.604280 0.617915 0.017505
0.608495 0.623967 0.016274
0.603028 0.629258 0.015363
0.666907 0.468832 0.115738
0.665565 0.476526 0.105903
0.661516 0.472276 0.111521
0.670980 0.473038 0.109991
0.677661 0.489837 0.090163
0.699340 0.504869 0.075116
0.697878 0.513507 0.067747
0.693814 0.508661 0.071856
0.703412 0.509674 0.070901
0.710128 0.528310 0.056420
0.533128 0.566199 0.034705
0.531438 0.577195 0.030070
0.527491 0.571105 0.032536
0.537060 0.572211 0.032108
0.543480 0.595611 0.023650
0.488411 0.607590 0.020475
0.486995 0.619738 0.017830
0.482896 0.613118 0.019211
0.492483 0.614180 0.018977
0.499616 0.639201 0.014396
0.522435 0.658718 0.011828
0.521727 0.670456 0.010776
0.517203 0.664324 0.011307
0.526922 0.664855 0.011216
0.535601 0.688445 0.009716
0.409957 0.417005 0.181309
0.408721 0.421956 0.170104
0.404661 0.418469 0.175494
0.414054 0.420415 0.175854
0.420796 0.432690 0.154126
0.366566 0.431212 0.137760
0.364913 0.437706 0.128105
0.361013 0.433459 0.132825
0.370478 0.435364 0.132955
0.376522 0.450823 0.114114
0.397400 0.466369 0.100141
0.395522 0.474273 0.091453
0.391756 0.469394 0.095903
0.401171 0.471147 0.095594
0.406745 0.489558 0.078459
0.517987 0.312188 0.319888
0.518309 0.323942 0.316008
0.513223 0.318014 0.318213
0.523033 0.317895 0.318239
0.533754 0.343272 0.305809
0.558953 0.364204 0.289272
0.559780 0.377714 0.275159
0.554603 0.371014 0.282598
0.564110 0.371183 0.282243
0.574749 0.395268 0.251989
0.483265 0.366361 0.286695
0.484772 0.378691 0.272977
0.479492 0.373212 0.279316
0.488605 0.372302 0.280555
0.500257 0.393827 0.253195
0.449896 0.403051 0.229779
0.449729 0.408823 0.217884
0.445195 0.405433 0.223457
0.454506 0.406526 0.224166
0.463040 0.418637 0.200788
0.485130 0.429163 0.183047
0.483954 0.434407 0.170974
0.479885 0.431166 0.177005
0.489242 0.432331 0.176899
0.495990 0.444562 0.153075
0.321767 0.451901 0.101910
0.319953 0.459778 0.093907
0.316130 0.454856 0.098000
0.325602 0.456743 0.097756
0.331360 0.475016 0.081791
0.445167 0.652764 0.012567
0.444258 0.665317 0.011310
0.439897 0.658578 0.011924
0.449499 0.659491 0.011859
0.457666 0.685028 0.010058
0.382104 0.541140 0.042074
0.380250 0.552618 0.036699
0.376501 0.545804 0.039544
0.385841 0.547798 0.039118
0.391539 0.573773 0.029006
0.472550 0.479525 0.096817
0.470631 0.487550 0.087738
0.466899 0.482723 0.092489
0.476287 0.484235 0.091936
0.481823 0.502651 0.074133
0.427274 0.507583 0.065672
0.425319 0.517254 0.058597
0.421608 0.511492 0.062339
0.430986 0.513230 0.061800
0.436476 0.535163 0.048156
0.457148 0.555489 0.038426
0.455318 0.566777 0.033403
0.451508 0.560305 0.036070
0.460947 0.561854 0.035633
0.466924 0.586494 0.026328
0.623141 0.497488 0.083306
0.621491 0.506031 0.074937
0.617578 0.501279 0.079529
0.627058 0.502170 0.078581
0.633323 0.520769 0.062264
0.578333 0.529563 0.055723
0.576595 0.539311 0.049225
0.572692 0.533890 0.052724
0.582236 0.534893 0.052080
0.588400 0.555930 0.039748
0.610036 0.573858 0.031235
0.608499 0.584597 0.027022
0.604430 0.578782 0.029262
0.614093 0.579614 0.028870
0.620855 0.602259 0.021218
0.559576 0.435796 0.179317
0.558500 0.441785 0.166575
0.554414 0.438442 0.173331
0.563696 0.439102 0.172401
0.570592 0.452080 0.146955
0.517126 0.456603 0.134839
0.515509 0.463170 0.124111
0.511657 0.459261 0.129787
0.521003 0.460408 0.129056
0.526938 0.475510 0.107545
0.547647 0.489921 0.090993
0.545810 0.498171 0.082022
0.542023 0.493436 0.086856
0.551438 0.494553 0.086021
0.557242 0.512954 0.068462
0.598183 0.409620 0.227600
0.598174 0.417531 0.213894
0.593623 0.413637 0.221429
0.602796 0.413705 0.219920
0.611444 0.428080 0.191510
0.633562 0.438343 0.167913
0.632687 0.445085 0.155533
0.628487 0.441563 0.162490
0.637809 0.441857 0.160814
0.645160 0.456177 0.135698
0.591838 0.463709 0.127096
0.590352 0.470781 0.116486
0.586432 0.466851 0.122343
0.595784 0.467550 0.121102
0.602037 0.483199 0.099703
0.654906 0.537017 0.050563
0.653350 0.546652 0.044607
0.649316 0.541364 0.047815
0.658942 0.542244 0.047234
0.665522 0.562782 0.035853
0.502489 0.520083 0.061048
0.500595 0.529841 0.054128
0.496820 0.524212 0.057830
0.506263 0.525598 0.057200
0.512001 0.547184 0.043971
0.412421 0.597009 0.022517
0.410801 0.610059 0.019407
0.406872 0.602824 0.020997
0.416327 0.604194 0.020801
0.422955 0.631125 0.015471
0.481308 0.704174 0.009514
0.480974 0.715725 0.009315
0.476237 0.709863 0.009418
0.486028 0.710122 0.009400
0.495362 0.732479 0.009089
0.352141 0.493006 0.069618
0.350223 0.502385 0.062591
0.346462 0.496691 0.066287
0.355899 0.498598 0.065828
0.361494 0.520154 0.052085
0.524256 0.407179 0.233465
0.524280 0.414634 0.220294
0.519665 0.410841 0.226861
0.528957 0.411205 0.226785
0.537618 0.425236 0.200453
0.442067 0.445582 0.138142
0.440430 0.451854 0.127814
0.436556 0.447854 0.133037
0.445963 0.449468 0.132828
0.451895 0.464459 0.112344
0.565502 0.614906 0.018459
0.564220 0.626426 0.016172
0.560003 0.620298 0.017373
0.569692 0.621024 0.017152
0.577150 0.644541 0.013177
0.571837 0.649938 0.012516
0.571054 0.661310 0.011277
0.566560 0.655373 0.011921
0.576289 0.655897 0.011793
0.580791 0.661819 0.011162
0.580190 0.673066 0.010258
0.575597 0.667209 0.010723
0.563083 0.637916 0.014247
0.567435 0.643948 0.013333
0.562117 0.649388 0.012658
0.568481 0.632499 0.015073
0.573917 0.627110 0.015969
0.578184 0.633158 0.014887
0.572790 0.638535 0.014076
0.554531 0.625717 0.016374
0.553383 0.637274 0.014417
0.549092 0.631148 0.015446
0.558782 0.631840 0.015260
0.557724 0.643355 0.013489
0.446278 0.467288 0.107700
0.444398 0.474835 0.098296
0.440650 0.470198 0.103166
0.450035 0.471811 0.102725
0.453780 0.476438 0.097820
0.451863 0.484427 0.088799
0.448134 0.479578 0.093504
0.438702 0.458542 0.117796
0.442503 0.462862 0.112728
0.436888 0.465664 0.108098
0.444277 0.455951 0.122619
0.449832 0.453449 0.127545
0.453675 0.457530 0.122298
0.448099 0.460152 0.117461
0.431021 0.450212 0.128030
0.429297 0.456894 0.118082
0.425463 0.452661 0.123119
0.434875 0.454327 0.122899
0.433105 0.461227 0.113074
0.532626 0.427947 0.194250
0.531718 0.433691 0.181453
0.527559 0.430499 0.188075
0.536847 0.431192 0.187588
0.541008 0.434422 0.180868
0.539902 0.440269 0.168222
0.535827 0.436948 0.174812
0.523966 0.421267 0.207393
0.528334 0.424645 0.200848
0.523338 0.427292 0.194641
0.528808 0.418283 0.213712
0.533566 0.415061 0.220106
0.538088 0.418769 0.213412
0.533252 0.421810 0.207103
0.514985 0.414193 0.220373
0.514671 0.420689 0.207587
0.510218 0.417255 0.213989
0.519517 0.417790 0.213897
0.519043 0.424028 0.201141
0.355844 0.524335 0.049221
0.353981 0.535105 0.043328
0.350198 0.528626 0.046430
0.359614 0.530649 0.046022
0.363381 0.537135 0.042930
0.361538 0.548624 0.037460
0.357761 0.541774 0.040335
0.348306 0.512154 0.055933
0.352075 0.518176 0.052526
0.346415 0.522322 0.049639
0.353980 0.508195 0.058989
0.359652 0.504304 0.062128
0.363400 0.510126 0.058526
0.357736 0.514117 0.055487
0.340777 0.500448 0.063044
0.338855 0.510168 0.056367
0.335083 0.504274 0.059880
0.344541 0.506244 0.059441
0.342634 0.516177 0.052952
0.490362 0.737742 0.009043
0.490245 0.748084 0.008973
0.485372 0.742948 0.009005
0.495221 0.742962 0.009002
0.500100 0.748052 0.008971
0.500045 0.758002 0.008939
0.495137 0.753098 0.008952
0.480712 0.726898 0.009161
0.485525 0.732388 0.009096
0.480519 0.737683 0.009048
0.485742 0.721448 0.009227
0.490781 0.715934 0.009300
0.495562 0.721611 0.009214
0.490539 0.727033 0.009152
0.471172 0.715498 0.009329
0.470888 0.726750 0.009169
0.466116 0.721075 0.009248
0.475927 0.721268 0.009238
0.475690 0.732285 0.009102
0.417559 0.637024 0.014500
0.416413 0.649925 0.012768
0.412173 0.643035 0.013613
0.421762 0.643927 0.013550
0.426013 0.650796 0.012713
0.425036 0.663587 0.011405
0.420702 0.656774 0.012034
0.409319 0.623087 0.016764
0.413410 0.630083 0.015570
0.407985 0.636100 0.014572
0.414792 0.617170 0.017960
0.420283 0.611332 0.019237
0.424296 0.618367 0.017813
0.418844 0.624179 0.016651
0.401326 0.608797 0.019562
0.399790 0.622042 0.016862
0.395790 0.614870 0.018209
0.405290 0.616006 0.018092
0.403856 0.629107 0.015653
0.506333 0.551811 0.041404
0.504518 0.562612 0.036098
0.500669 0.556514 0.038937
0.510174 0.557810 0.038439
0.514041 0.563859 0.035627
0.512307 0.574931 0.030888
0.508396 0.568753 0.033413
0.498713 0.539985 0.047775
0.502514 0.545867 0.044518
0.496844 0.550472 0.041926
0.504383 0.535554 0.050588
0.510050 0.531201 0.053514
0.513852 0.536882 0.049995
0.508185 0.541339 0.047206
0.491150 0.528429 0.054729
0.489253 0.538578 0.048335
0.485478 0.532734 0.051750
0.494925 0.534169 0.051176
0.493041 0.544492 0.045060
0.659930 0.567460 0.033666
0.658431 0.577840 0.029179
0.654335 0.572226 0.031579
0.664019 0.573001 0.031142
0.668123 0.578592 0.028761
0.666672 0.589213 0.024813
0.662544 0.583503 0.026923
0.651795 0.556534 0.039136
0.655855 0.561971 0.036332
0.650254 0.566665 0.034124
0.657395 0.551988 0.041552
0.662990 0.547519 0.044059
0.667047 0.552837 0.041032
0.661453 0.557364 0.038636
0.643716 0.545789 0.045157
0.642141 0.555703 0.039636
0.638110 0.550291 0.042595
0.647749 0.551140 0.042075
0.646189 0.561159 0.036811
0.596498 0.486733 0.095516
0.594784 0.494847 0.086336
0.590932 0.490315 0.091394
0.600360 0.491180 0.090331
0.604228 0.495732 0.085318
0.602525 0.504205 0.076757
0.598647 0.499478 0.081454
0.588765 0.478161 0.106327
0.592636 0.482392 0.100855
0.587084 0.485883 0.096606
0.594259 0.474812 0.110755
0.599715 0.471492 0.115236
0.603634 0.475547 0.109517
0.598152 0.478948 0.105155
0.580987 0.470015 0.117652
0.579376 0.477327 0.107428
0.575506 0.473210 0.113027
0.584882 0.474036 0.111927
0.583235 0.481551 0.101953
0.639879 0.459483 0.130947
0.638614 0.466771 0.120261
0.634569 0.462806 0.126262
0.643959 0.463405 0.124808
0.648022 0.467425 0.118828
0.646662 0.474999 0.108743
0.642645 0.470836 0.114422
0.631665 0.451934 0.143712
0.635781 0.455660 0.137247
0.630508 0.458941 0.132426
0.636866 0.448691 0.148755
0.642035 0.445448 0.153878
0.646236 0.449125 0.147110
0.641023 0.452387 0.142145
0.623378 0.444766 0.157155
0.622338 0.451513 0.145255
0.618227 0.447950 0.151921
0.627530 0.448303 0.150347
0.626431 0.455176 0.138757
0.606569 0.431407 0.185865
0.605803 0.437830 0.172964
0.601608 0.434590 0.180207
0.610815 0.434665 0.178556
0.615020 0.437952 0.171302
0.614102 0.444485 0.158760
0.609960 0.441115 0.165778
0.597899 0.424688 0.200551
0.602263 0.428100 0.193197
0.597363 0.431320 0.187463
0.602661 0.421208 0.206400
0.607343 0.417529 0.212293
0.611822 0.421145 0.204706
0.607086 0.424708 0.198941
0.588990 0.417404 0.215337
0.588701 0.424527 0.202010
0.584281 0.420935 0.209303
0.593475 0.421134 0.207931
0.593061 0.427977 0.194730
0.551601 0.516955 0.064998
0.549790 0.526352 0.057741
0.545954 0.521034 0.061646
0.555438 0.522170 0.060950
0.559291 0.527468 0.057071
0.557510 0.537225 0.050447
0.553641 0.531751 0.054007
0.543971 0.506797 0.073592
0.547779 0.511830 0.069213
0.542135 0.515803 0.065718
0.549608 0.503005 0.077341
0.555239 0.499282 0.081199
0.559052 0.504106 0.076535
0.553418 0.507933 0.072820
0.536394 0.497017 0.082826
0.534536 0.505617 0.074353
0.530758 0.500669 0.078906
0.540176 0.501858 0.078132
0.538329 0.510663 0.069955
0.521342 0.478665 0.103001
0.519477 0.486424 0.093440
0.515726 0.481878 0.098549
0.525100 0.483099 0.097766
0.528859 0.487635 0.092651
0.526990 0.495819 0.083611
0.523232 0.491071 0.088458
0.513791 0.470103 0.113758
0.517576 0.474331 0.108337
0.511973 0.477433 0.103776
0.519340 0.467179 0.118508
0.524856 0.464308 0.123348
0.528689 0.468310 0.117718
0.523148 0.471291 0.112984
0.506154 0.461960 0.124829
0.504425 0.468846 0.114491
0.500618 0.464712 0.119956
0.509984 0.465980 0.119258
0.508210 0.473086 0.109095
0.565255 0.454907 0.141721
0.563809 0.461466 0.130527
0.559878 0.457744 0.136577
0.569214 0.458547 0.135538
0.573154 0.462274 0.129462
0.571621 0.469195 0.118747
0.567723 0.465282 0.124582
0.557278 0.447862 0.154394
0.561277 0.451349 0.148007
0.555929 0.454109 0.142725
0.562555 0.445163 0.159928
0.567786 0.442444 0.165576
0.571847 0.445821 0.158870
0.566585 0.448590 0.153388
0.549203 0.441057 0.167457
0.547966 0.447068 0.155300
0.543948 0.443643 0.161719
0.553254 0.444436 0.160877
0.551959 0.450553 0.148968
0.615314 0.607438 0.019868
0.613986 0.618685 0.017266
0.609789 0.612658 0.018630
0.619494 0.613435 0.018370
0.623696 0.619465 0.017025
0.622453 0.630801 0.014955
0.618205 0.624740 0.016053
0.607023 0.595539 0.023323
0.611157 0.601473 0.021519
0.605614 0.606656 0.020148
0.612594 0.590448 0.024936
0.618176 0.585410 0.026655
0.622282 0.591246 0.024591
0.616713 0.596335 0.023001
0.598832 0.583766 0.027392
0.597341 0.594733 0.023646
0.593243 0.588812 0.025627
0.602914 0.589638 0.025281
0.601465 0.600682 0.021820
0.582759 0.560652 0.037381
0.581110 0.571234 0.032503
0.577120 0.565448 0.035109
0.586738 0.566369 0.034651
0.590742 0.572130 0.032076
0.589171 0.582919 0.027763
0.585126 0.577058 0.030055
0.574867 0.549370 0.043297
0.578803 0.554985 0.040264
0.573156 0.559707 0.037869
0.580513 0.544796 0.045903
0.586154 0.540294 0.048612
0.590088 0.545760 0.045324
0.584448 0.550338 0.042749
0.567045 0.538291 0.049836
0.565296 0.548365 0.043846
0.561395 0.542766 0.047063
0.570947 0.543803 0.046482
0.569217 0.554012 0.040782
0.627737 0.524914 0.059096
0.626110 0.534332 0.052412
0.622140 0.529127 0.056023
0.631709 0.530044 0.055357
0.635696 0.535237 0.051791
0.634095 0.544920 0.045703
0.630095 0.539599 0.048974
0.619839 0.514862 0.067105
0.623780 0.519852 0.063011
0.618186 0.523988 0.059808
0.625420 0.510867 0.070530
0.630990 0.506932 0.074044
0.634938 0.511774 0.069692
0.629364 0.515781 0.066307
0.612003 0.505123 0.075841
0.610325 0.513932 0.067917
0.606417 0.509025 0.072244
0.615914 0.509951 0.071381
0.614248 0.518921 0.063772
0.461355 0.591799 0.024610
0.459775 0.604003 0.021255
0.455804 0.597197 0.023006
0.465309 0.598522 0.022718
0.469299 0.605257 0.020996
0.467840 0.617587 0.018244
0.463784 0.610814 0.019676
0.453555 0.578425 0.028895
0.457438 0.585097 0.026670
0.451870 0.590407 0.024926
0.459155 0.573307 0.030886
0.464771 0.568280 0.032986
0.468625 0.574760 0.030493
0.463023 0.579881 0.028527
0.445881 0.565218 0.033819
0.444105 0.576913 0.029264
0.440269 0.570226 0.031674
0.449703 0.571797 0.031279
0.447971 0.583642 0.027013
0.430817 0.539600 0.045427
0.428913 0.550533 0.039804
0.425166 0.544130 0.042797
0.434555 0.545878 0.042318
0.438310 0.552249 0.039343
0.436461 0.563592 0.034239
0.432677 0.557024 0.036950
0.423370 0.527344 0.052028
0.427090 0.533422 0.048665
0.421434 0.537829 0.045920
0.429033 0.523126 0.054987
0.434699 0.518987 0.058059
0.438417 0.524851 0.054454
0.432752 0.529099 0.051509
0.415944 0.515485 0.059127
0.413995 0.525547 0.052543
0.410282 0.519560 0.056035
0.419655 0.521363 0.055514
0.417712 0.531635 0.049171
0.476156 0.506404 0.070460
0.474221 0.515723 0.062899
0.470486 0.510247 0.066905
0.479891 0.511762 0.066312
0.483635 0.517221 0.062304
0.481715 0.526971 0.055314
0.477963 0.521299 0.059033
0.468698 0.495999 0.079141
0.472425 0.501149 0.074738
0.466757 0.504875 0.071045
0.474360 0.492480 0.083090
0.480020 0.489048 0.087154
0.483753 0.493965 0.082481
0.478090 0.497514 0.078551
0.461244 0.486007 0.088278
0.459310 0.494441 0.079695
0.455587 0.489382 0.084193
0.464972 0.490951 0.083657
0.463033 0.499606 0.075311
0.385967 0.579257 0.027032
0.384179 0.592498 0.023164
0.380390 0.584964 0.025151
0.389760 0.586629 0.024909
0.393577 0.594032 0.022958
0.391860 0.607542 0.019705
0.387996 0.600048 0.021354
0.378430 0.564718 0.031767
0.382194 0.571943 0.029321
0.376620 0.577477 0.027309
0.384003 0.559567 0.033988
0.389586 0.554588 0.036293
0.393343 0.561486 0.033609
0.387765 0.566625 0.031420
0.370905 0.550630 0.037090
0.369087 0.562789 0.032099
0.365313 0.555636 0.034712
0.374666 0.557610 0.034360
0.372856 0.570075 0.029628
0.452532 0.690884 0.009851
0.452017 0.703123 0.009568
0.447404 0.696788 0.009705
0.457133 0.697259 0.009687
0.461771 0.703504 0.009552
0.461377 0.715251 0.009341
0.456676 0.709272 0.009447
0.443481 0.677846 0.010416
0.447978 0.684416 0.010087
0.442831 0.690318 0.009873
0.448673 0.671976 0.010796
0.453885 0.666143 0.011255
0.458325 0.672716 0.010750
0.453142 0.678550 0.010380
0.434649 0.664435 0.011361
0.433835 0.677091 0.010448
0.429414 0.670361 0.010877
0.439037 0.671182 0.010839
0.438305 0.683754 0.010114
0.325677 0.478381 0.078234
0.323763 0.487265 0.070940
0.319986 0.481820 0.074764
0.329458 0.483738 0.074342
0.333236 0.489197 0.070507
0.331312 0.498490 0.063486
0.327538 0.492822 0.067177
0.318097 0.467964 0.086152
0.321890 0.473126 0.082174
0.316206 0.476479 0.078638
0.323764 0.464773 0.089837
0.329424 0.461656 0.093622
0.333235 0.466646 0.089516
0.327566 0.469850 0.085796
0.310485 0.457886 0.094199
0.308630 0.466075 0.086511
0.304830 0.460995 0.090495
0.314296 0.462887 0.090163
0.312421 0.471234 0.082556
0.490583 0.446865 0.147659
0.489049 0.452930 0.136676
0.485140 0.449197 0.142337
0.494515 0.450498 0.141884
0.498421 0.454222 0.136150
0.496787 0.460683 0.125479
0.492931 0.456757 0.131055
0.482637 0.439855 0.159311
0.486623 0.443319 0.153469
0.481205 0.445556 0.148031
0.487993 0.437719 0.164975
0.493311 0.435575 0.170757
0.497350 0.438889 0.164654
0.492005 0.441102 0.159008
0.474585 0.433156 0.171075
0.473256 0.438532 0.159503
0.469241 0.435144 0.165286
0.478624 0.436468 0.165179
0.477243 0.442001 0.153753
0.457959 0.420537 0.194671
0.456988 0.425430 0.182797
0.452803 0.422304 0.188609
0.462205 0.423656 0.188845
0.466388 0.426760 0.182949
0.465197 0.431836 0.171099
0.461115 0.428600 0.176946
0.449281 0.414149 0.206096
0.453649 0.417370 0.200420
0.448559 0.419159 0.194352
0.454221 0.412156 0.212249
0.459073 0.409943 0.218494
0.463586 0.413291 0.212764
0.458660 0.415427 0.206552
0.440397 0.407540 0.217252
0.439906 0.412718 0.205610
0.435510 0.409425 0.211138
0.444860 0.410871 0.211706
0.444258 0.415964 0.200016
0.495957 0.398251 0.246185
0.496353 0.406203 0.233023
0.491563 0.402221 0.239328
0.500846 0.402501 0.239737
0.505651 0.406566 0.233284
0.505682 0.413706 0.220357
0.501060 0.410027 0.226700
0.485948 0.389181 0.259037
0.490990 0.393812 0.252622
0.486699 0.398081 0.245611
0.490011 0.383982 0.266406
0.493959 0.378129 0.273954
0.499263 0.383680 0.267155
0.495175 0.389026 0.259801
0.475657 0.379417 0.271667
0.476753 0.389372 0.258022
0.471698 0.384842 0.264113
0.480832 0.384375 0.265397
0.481761 0.393792 0.251849
0.570339 0.400072 0.245265
0.570606 0.408990 0.231278
0.565885 0.404517 0.238647
0.575116 0.404825 0.237736
0.579816 0.409279 0.230236
0.579796 0.417170 0.216610
0.575240 0.413198 0.223934
0.560534 0.389574 0.260369
0.565481 0.394998 0.252813
0.561079 0.399757 0.246029
0.564867 0.384007 0.267439
0.569202 0.377918 0.274621
0.574207 0.384230 0.266732
0.569852 0.389840 0.259705
0.550337 0.377505 0.275469
0.551186 0.389291 0.260794
0.546101 0.383530 0.268194
0.555487 0.383760 0.267926
0.556180 0.394691 0.253412
0.529287 0.350112 0.301052
0.530294 0.363972 0.289506
0.524949 0.357057 0.295576
0.534550 0.357028 0.295653
0.539832 0.363991 0.289535
0.540915 0.377350 0.275615
0.535635 0.370786 0.282811
0.518840 0.336684 0.309768
0.524050 0.343307 0.305749
0.519635 0.350197 0.300939
0.523432 0.330147 0.313233
0.528110 0.323879 0.316044
0.533211 0.330118 0.313270
0.528581 0.336605 0.309843
0.508534 0.324161 0.315930
0.509124 0.336932 0.309600
0.503942 0.330633 0.312983
0.513667 0.330293 0.313146
0.514358 0.343469 0.305601
0.401084 0.493097 0.074764
0.399145 0.502259 0.067236
0.395425 0.496720 0.071188
0.404805 0.498524 0.070696
0.408520 0.504065 0.066727
0.406571 0.513679 0.059650
0.402859 0.507912 0.063387
0.393618 0.482580 0.083144
0.397356 0.487783 0.078916
0.391698 0.491297 0.075232
0.399274 0.479259 0.087057
0.404928 0.476027 0.091095
0.408671 0.481012 0.086652
0.403014 0.484354 0.082723
0.386107 0.472512 0.091794
0.384214 0.480800 0.083551
0.380455 0.475721 0.087809
0.389869 0.477492 0.087440
0.387961 0.485992 0.079356
0.370907 0.453561 0.109650
0.369099 0.461086 0.100878
0.365283 0.456384 0.105313
0.374733 0.458171 0.105131
0.378540 0.462860 0.100645
0.376684 0.470746 0.092120
0.372899 0.465870 0.096478
0.363205 0.444554 0.118774
0.367065 0.449022 0.114197
0.361449 0.451757 0.109778
0.368799 0.442011 0.123412
0.374377 0.439572 0.128176
0.378260 0.443842 0.123426
0.372669 0.446382 0.118747
0.355441 0.435813 0.128014
0.353733 0.442704 0.118786
0.349852 0.438272 0.123331
0.359331 0.440154 0.123381
0.357599 0.447197 0.114268
0.415346 0.434599 0.148746
0.413804 0.440498 0.138355
0.409869 0.436594 0.143463
0.419303 0.438391 0.143546
0.423235 0.442252 0.138357
0.421602 0.448523 0.128179
0.417716 0.444471 0.133259
0.407368 0.427191 0.159195
0.411366 0.430865 0.153957
0.405912 0.432760 0.148593
0.412766 0.425485 0.164749
0.418134 0.423860 0.170419
0.422189 0.427338 0.165002
0.416793 0.429064 0.159429
0.399320 0.420003 0.169777
0.397946 0.425281 0.158941
0.393942 0.421620 0.164167
0.403351 0.423574 0.164468
0.401937 0.428991 0.153751
0.530546 0.694010 0.009577
0.530272 0.705404 0.009381
0.525508 0.699595 0.009489
0.535297 0.699844 0.009453
0.540075 0.705602 0.009350
0.539869 0.716693 0.009206
0.535059 0.711106 0.009287
0.521173 0.682133 0.010042
0.525834 0.688111 0.009767
0.520769 0.693712 0.009620
0.526301 0.676521 0.010335
0.531459 0.670931 0.010695
0.536046 0.676943 0.010264
0.530926 0.682519 0.009983
0.512000 0.669960 0.010853
0.511423 0.681730 0.010099
0.506825 0.675623 0.010469
0.516561 0.676083 0.010403
0.516071 0.687761 0.009817
0.494267 0.644825 0.013602
0.493340 0.656872 0.012130
0.488951 0.650479 0.012878
0.498621 0.651205 0.012767
0.503029 0.657519 0.012032
0.502278 0.669445 0.010929
0.497782 0.663195 0.011482
0.485725 0.631877 0.015592
0.489968 0.638380 0.014542
0.484618 0.644022 0.013728
0.491146 0.626289 0.016570
0.496602 0.620725 0.017620
0.500774 0.627200 0.016382
0.495353 0.632773 0.015427
0.477408 0.618692 0.018037
0.476117 0.630921 0.015754
0.471951 0.624286 0.016938
0.481539 0.625317 0.016755
0.480340 0.637501 0.014685
0.537923 0.600866 0.022129
0.536502 0.612466 0.019190
0.532382 0.606187 0.020725
0.542023 0.607091 0.020454
0.546158 0.613317 0.018944
0.544851 0.624973 0.016578
0.540657 0.618740 0.017819
0.529825 0.588439 0.025974
0.533857 0.594646 0.023969
0.528297 0.599908 0.022427
0.535418 0.583313 0.027767
0.541025 0.578255 0.029672
0.545023 0.584329 0.027398
0.539432 0.589453 0.025627
0.521865 0.576085 0.030476
0.520231 0.587380 0.026327
0.516252 0.581142 0.028525
0.525828 0.582250 0.028143
0.524246 0.593637 0.024294
0.704569 0.532345 0.053607
0.703093 0.541563 0.047566
0.699006 0.536456 0.050848
0.708661 0.537401 0.050229
0.712755 0.542489 0.046983
0.711275 0.551871 0.041385
0.707183 0.546702 0.044415
0.696406 0.522341 0.060801
0.700483 0.527323 0.057128
0.694926 0.531383 0.054271
0.701953 0.518400 0.063811
0.707493 0.514526 0.066863
0.711584 0.519419 0.062991
0.706036 0.523336 0.060038
0.688279 0.512510 0.068639
0.686789 0.521361 0.061573
0.682735 0.516420 0.065469
0.692337 0.517401 0.064636
0.690852 0.526350 0.057843
0.672162 0.493512 0.086489
0.670648 0.501934 0.078226
0.666645 0.497235 0.082855
0.676173 0.498166 0.081740
0.680196 0.502887 0.077184
0.678694 0.511532 0.069539
0.674665 0.506701 0.073789
0.664143 0.484446 0.096554
0.668154 0.488935 0.091427
0.662653 0.492610 0.087677
0.669603 0.480870 0.100469
0.675041 0.477335 0.104433
0.679092 0.481725 0.099062
0.673633 0.485308 0.095221
0.656104 0.475750 0.107353
0.654668 0.483615 0.097871
0.650669 0.479258 0.103226
0.660127 0.480050 0.101865
0.658662 0.488068 0.092685
0.601928 0.640554 0.013565
0.606308 0.646538 0.012712
0.601010 0.651794 0.012093
0.607313 0.635284 0.014329
0.612740 0.630017 0.015160
0.617027 0.636052 0.014142
0.611646 0.641294 0.013395
0.591284 0.651136 0.012234
0.596586 0.645836 0.012867
0.595751 0.657070 0.011539
0.592214 0.639849 0.013735
0.593321 0.628523 0.015565
0.598788 0.623212 0.016495
0.597600 0.634549 0.014516
0.585342 0.667701 0.010621
0.586019 0.656462 0.011666
0.590529 0.662371 0.011048
0.476280 0.464723 0.116264
0.480069 0.468997 0.111009
0.474444 0.471921 0.106350
0.481858 0.461999 0.121112
0.487409 0.459346 0.126042
0.491242 0.463384 0.120575
0.485668 0.466153 0.115751
0.465054 0.470416 0.106829
0.470678 0.467528 0.111502
0.468807 0.474920 0.101785
0.466887 0.463240 0.116700
0.468628 0.456492 0.126904
0.474160 0.453999 0.131959
0.472466 0.460556 0.121563
0.457515 0.481170 0.093002
0.459420 0.473384 0.102264
0.463163 0.478000 0.097332
0.561062 0.423430 0.205368
0.565417 0.426931 0.198366
0.560458 0.429807 0.192307
0.565870 0.420249 0.211519
0.570594 0.416846 0.217702
0.575082 0.420635 0.210502
0.570291 0.423882 0.204426
0.551191 0.429221 0.193109
0.556168 0.426414 0.199234
0.555413 0.432529 0.186237
0.551804 0.422909 0.206119
0.552115 0.415983 0.219289
0.556785 0.412446 0.225672
0.556631 0.419790 0.212341
0.545122 0.437715 0.174132
0.546132 0.431874 0.186983
0.550297 0.435138 0.180162
0.385904 0.519911 0.054062
0.389622 0.526006 0.050666
0.383991 0.530267 0.047865
0.391549 0.515840 0.057060
0.397201 0.511838 0.060165
0.400914 0.517720 0.056550
0.395263 0.521828 0.053560
0.374630 0.528300 0.048335
0.380264 0.524059 0.051156
0.378368 0.534639 0.045149
0.376533 0.517987 0.054553
0.378455 0.508085 0.061171
0.384111 0.504213 0.064396
0.382181 0.513939 0.057563
0.367144 0.543798 0.039950
0.369002 0.532652 0.045595
0.372753 0.539142 0.042512
0.520037 0.727337 0.009119
0.524882 0.732665 0.009063
0.519898 0.737849 0.009026
0.525039 0.721987 0.009170
0.530047 0.716573 0.009227
0.534868 0.722080 0.009154
0.529872 0.727407 0.009106
0.510053 0.737822 0.009032
0.515041 0.732616 0.009072
0.514923 0.742964 0.008994
0.510203 0.727253 0.009130
0.510410 0.716290 0.009266
0.515438 0.710763 0.009336
0.515212 0.721881 0.009186
0.504995 0.753025 0.008950
0.505072 0.742964 0.008998
0.509955 0.748017 0.008969
0.447413 0.627706 0.016224
0.451573 0.634506 0.015097
0.446216 0.640218 0.014201
0.452836 0.622052 0.017298
0.458294 0.616424 0.018449
0.462384 0.623197 0.017119
0.456961 0.628833 0.016069
0.436664 0.639122 0.014311
0.442023 0.633392 0.015228
0.440889 0.645971 0.013383
0.437883 0.626521 0.016377
0.439260 0.613930 0.018856
0.444753 0.608280 0.020139
0.443309 0.620851 0.017475
0.430309 0.657632 0.011985
0.431331 0.644914 0.013473
0.435589 0.651769 0.012645
0.536675 0.545064 0.045511
0.540542 0.550810 0.042358
0.534883 0.555482 0.039859
0.542334 0.540551 0.048229
0.547989 0.536112 0.051058
0.551857 0.541681 0.047645
0.546201 0.546211 0.044953
0.525351 0.554308 0.040368
0.531014 0.549649 0.042890
0.529227 0.560230 0.037459
0.527165 0.543871 0.046072
0.528992 0.533749 0.052283
0.534650 0.529429 0.055285
0.532825 0.539373 0.048815
0.517937 0.569954 0.032971
0.519693 0.559045 0.037946
0.523577 0.565053 0.035163
0.690443 0.559839 0.037144
0.694537 0.565182 0.034415
0.688961 0.569805 0.032285
0.696025 0.555379 0.039488
0.701607 0.550999 0.041914
0.705694 0.556220 0.038979
0.700113 0.560655 0.036649
0.679283 0.569030 0.032747
0.684863 0.564388 0.034894
0.683388 0.574523 0.030261
0.680776 0.559018 0.037641
0.682286 0.549258 0.042978
0.687865 0.544911 0.045526
0.686362 0.554533 0.040000
0.672243 0.584234 0.026525
0.673704 0.573767 0.030703
0.677816 0.579334 0.028341
0.626352 0.481256 0.101556
0.630289 0.485606 0.096246
0.624775 0.489228 0.092199
0.631812 0.477751 0.105779
0.637243 0.474278 0.110070
0.641231 0.478494 0.104523
0.635774 0.482029 0.100355
0.615341 0.488398 0.093301
0.620862 0.484804 0.097397
0.619237 0.492895 0.088215
0.616943 0.480486 0.102755
0.618454 0.472875 0.112660
0.623859 0.469499 0.117119
0.622408 0.477013 0.107027
0.608108 0.500381 0.080486
0.609794 0.492039 0.089270
0.613680 0.496613 0.084308
0.669294 0.454024 0.136934
0.673468 0.457978 0.130543
0.668154 0.461337 0.126077
0.674550 0.450710 0.141603
0.679776 0.447400 0.146337
0.684017 0.451293 0.139658
0.678756 0.454632 0.135070
0.658704 0.460686 0.127781
0.664010 0.457348 0.132329
0.662815 0.464715 0.121670
0.659841 0.453442 0.138761
0.660851 0.446356 0.150276
0.666032 0.443099 0.155242
0.665088 0.450152 0.143514
0.652070 0.471541 0.113008
0.653374 0.464043 0.123282
0.657454 0.468115 0.117317
0.634690 0.424712 0.193589
0.639156 0.428268 0.186156
0.634251 0.431606 0.180621
0.639449 0.421230 0.199258
0.644140 0.417689 0.204974
0.648779 0.421444 0.197318
0.643999 0.424881 0.191719
0.624979 0.431474 0.182392
0.629865 0.428128 0.187968
0.629289 0.434890 0.175114
0.625439 0.424631 0.195399
0.625639 0.417422 0.208715
0.630231 0.413665 0.214590
0.630182 0.421110 0.201104
0.619207 0.441317 0.164143
0.620031 0.434748 0.176845
0.624270 0.438121 0.169618
0.581834 0.511073 0.070419
0.585706 0.516059 0.066139
0.580081 0.520147 0.062790
0.587450 0.507147 0.074007
0.593054 0.503282 0.077683
0.596930 0.508091 0.073120
0.591323 0.512041 0.069581
0.570576 0.519129 0.063534
0.576209 0.515067 0.066926
0.574447 0.524307 0.059541
0.572352 0.510072 0.071234
0.574131 0.501368 0.079492
0.579744 0.497629 0.083371
0.577976 0.506176 0.074871
0.563159 0.532844 0.053366
0.564936 0.523261 0.060249
0.568806 0.528539 0.056399
0.551228 0.474528 0.110412
0.555050 0.478745 0.104936
0.549466 0.482040 0.100482
0.556757 0.471400 0.115058
0.562257 0.468320 0.119781
0.566129 0.472331 0.114069
0.560605 0.475511 0.109465
0.540082 0.480961 0.101356
0.545670 0.477713 0.105846
0.543863 0.485390 0.096109
0.541861 0.473497 0.111314
0.543544 0.466414 0.121676
0.549020 0.463487 0.126556
0.547393 0.470418 0.115995
0.532622 0.492275 0.087668
0.534476 0.484266 0.096952
0.538247 0.488800 0.091835
0.594471 0.450342 0.149745
0.598509 0.453846 0.143202
0.593215 0.456911 0.138174
0.599688 0.447317 0.155005
0.604852 0.444242 0.160347
0.608951 0.447629 0.153480
0.603755 0.450752 0.148300
0.583898 0.456311 0.139453
0.589206 0.453334 0.144562
0.587876 0.459964 0.133215
0.585179 0.449835 0.151071
0.586329 0.443531 0.163216
0.591477 0.440612 0.168827
0.590412 0.446908 0.156415
0.577078 0.466095 0.123499
0.578546 0.459287 0.134420
0.582497 0.463022 0.128322
0.645828 0.598655 0.022032
0.649992 0.604553 0.020309
0.644451 0.609765 0.019022
0.651394 0.593543 0.023557
0.656966 0.588489 0.025188
0.661106 0.594266 0.023206
0.655546 0.599383 0.021704
0.634730 0.609002 0.019305
0.640272 0.603813 0.020614
0.638922 0.615005 0.017846
0.636114 0.597900 0.022356
0.637555 0.586989 0.025926
0.643144 0.582000 0.027709
0.641682 0.592800 0.023905
0.627919 0.625532 0.015830
0.629205 0.614218 0.018108
0.633411 0.620259 0.016782
0.613247 0.553112 0.041150
0.617247 0.558639 0.038246
0.611624 0.563355 0.035951
0.618870 0.548538 0.043653
0.624486 0.544032 0.046260
0.628484 0.549424 0.043118
0.622867 0.553996 0.040636
0.601992 0.562475 0.036421
0.607621 0.557756 0.038738
0.606002 0.568145 0.033752
0.603639 0.552208 0.041673
0.605300 0.542200 0.047410
0.610922 0.537769 0.050176
0.609266 0.547631 0.044199
0.594774 0.577930 0.029657
0.596366 0.567267 0.034199
0.600385 0.573004 0.031654
0.658017 0.518512 0.063938
0.662033 0.523504 0.060039
0.656462 0.527636 0.057007
0.663575 0.514510 0.067160
0.669125 0.510575 0.070446
0.673149 0.515455 0.066311
0.667595 0.519445 0.063143
0.646873 0.526728 0.057707
0.652450 0.522584 0.060786
0.650883 0.531843 0.054053
0.648452 0.517596 0.064737
0.650027 0.508725 0.072270
0.655576 0.504838 0.075741
0.654015 0.513584 0.068015
0.639698 0.540487 0.048393
0.641289 0.530946 0.054705
0.645294 0.536126 0.051180
0.491542 0.583899 0.027423
0.495501 0.590330 0.025304
0.489931 0.595622 0.023667
0.497145 0.578770 0.029311
0.502764 0.573722 0.031308
0.506690 0.579986 0.028916
0.501087 0.585119 0.027054
0.480385 0.594407 0.023981
0.485955 0.589111 0.025646
0.484379 0.600996 0.022143
0.482016 0.582619 0.027791
0.483731 0.571118 0.032150
0.489365 0.566167 0.034308
0.487620 0.577492 0.029706
0.473330 0.611995 0.019444
0.474834 0.599788 0.022431
0.478845 0.606454 0.020736
0.460949 0.534063 0.049948
0.464700 0.540058 0.046633
0.459032 0.544582 0.043947
0.466620 0.529723 0.052858
0.472291 0.525467 0.055883
0.476044 0.531253 0.052310
0.470372 0.535616 0.049421
0.449614 0.542981 0.044438
0.455279 0.538480 0.047141
0.453371 0.549195 0.041363
0.451539 0.532462 0.050466
0.453475 0.522324 0.056976
0.459145 0.518208 0.060162
0.457208 0.528148 0.053393
0.442084 0.558700 0.036508
0.443957 0.547571 0.041838
0.447722 0.553901 0.038883
0.506296 0.501796 0.076561
0.510050 0.506889 0.072125
0.504390 0.510732 0.068531
0.511949 0.498149 0.080411
0.517595 0.494575 0.084377
0.521351 0.499436 0.079666
0.515704 0.503125 0.075837
0.494973 0.509333 0.069203
0.500636 0.505522 0.072825
0.498726 0.514660 0.065051
0.496890 0.500414 0.077261
0.498806 0.491910 0.085847
0.504456 0.488494 0.089971
0.502548 0.496803 0.081138
0.487387 0.522777 0.058441
0.489305 0.513232 0.065695
0.493057 0.518675 0.061687
0.415861 0.572011 0.030365
0.419679 0.578931 0.028037
0.414111 0.584302 0.026171
0.421452 0.566896 0.032462
0.427057 0.561903 0.034657
0.430852 0.568588 0.032071
0.425259 0.573698 0.030004
0.404712 0.582669 0.026464
0.410282 0.577263 0.028365
0.408550 0.589829 0.024406
0.406480 0.570272 0.030720
0.408293 0.558360 0.035479
0.413903 0.553503 0.037823
0.412067 0.565150 0.032847
0.397427 0.601443 0.021181
0.399146 0.588250 0.024661
0.402991 0.595533 0.022743
0.482219 0.680353 0.010254
0.486814 0.686582 0.009950
0.481712 0.692321 0.009768
0.487379 0.674613 0.010591
0.492566 0.668893 0.011001
0.497096 0.675142 0.010532
0.491942 0.680855 0.010205
0.471973 0.691884 0.009798
0.477085 0.686111 0.009989
0.476624 0.698085 0.009642
0.472512 0.679802 0.010299
0.473191 0.667629 0.011135
0.478416 0.661883 0.011643
0.477679 0.674034 0.010648
0.466453 0.709579 0.009433
0.466873 0.697690 0.009666
0.471535 0.703854 0.009534
0.355941 0.475404 0.084709
0.359715 0.480578 0.080609
0.354049 0.484014 0.076996
0.361599 0.472145 0.088515
0.367252 0.468966 0.092437
0.371032 0.473941 0.088166
0.365376 0.477220 0.084331
0.344605 0.482154 0.077417
0.350276 0.478742 0.081012
0.348376 0.487526 0.073484
0.346495 0.473571 0.085080
0.348359 0.465350 0.093047
0.354009 0.462280 0.097016
0.352156 0.470331 0.088858
0.337009 0.494766 0.066737
0.338925 0.485640 0.073918
0.342697 0.491110 0.070067
0.520026 0.444379 0.157480
0.524006 0.447838 0.151331
0.518634 0.450358 0.145953
0.525333 0.441926 0.163110
0.530601 0.439451 0.168885
0.534641 0.442802 0.162458
0.529342 0.445322 0.156830
0.509297 0.449268 0.146602
0.514680 0.446822 0.151982
0.513225 0.452891 0.140690
0.510700 0.443365 0.158070
0.511981 0.437665 0.169978
0.517227 0.435315 0.175892
0.516018 0.440990 0.163696
0.502300 0.458041 0.130462
0.503877 0.451730 0.141329
0.507780 0.455449 0.135529
0.486730 0.418513 0.207579
0.491105 0.421765 0.201477
0.486074 0.423997 0.195297
0.491599 0.415967 0.213868
0.496376 0.413151 0.220235
0.500911 0.416654 0.213988
0.496052 0.419329 0.207702
0.476726 0.422940 0.195170
0.481773 0.420824 0.201349
0.480960 0.426056 0.189147
0.477397 0.417591 0.207324
0.477756 0.411761 0.219581
0.482467 0.408936 0.226040
0.482282 0.415181 0.213611
0.470510 0.429919 0.177011
0.471594 0.424899 0.189033
0.475771 0.428002 0.183040
0.523157 0.388836 0.261008
0.528227 0.393991 0.253995
0.523880 0.398666 0.247016
0.527352 0.383313 0.268265
0.531495 0.377281 0.275622
0.536731 0.383379 0.268305
0.532507 0.388908 0.261092
0.514564 0.398520 0.246870
0.518898 0.393896 0.253873
0.519459 0.402958 0.240158
0.513807 0.388841 0.260765
0.512653 0.377444 0.275177
0.516682 0.370910 0.282508
0.517970 0.383341 0.268070
0.510364 0.410457 0.226832
0.510150 0.402737 0.240006
0.514956 0.406882 0.233428
0.597500 0.390496 0.256511
0.602302 0.395866 0.248342
0.597937 0.400698 0.241784
0.601788 0.384974 0.263387
0.606010 0.379112 0.270344
0.610826 0.385377 0.261766
0.606602 0.390753 0.255009
0.588768 0.400537 0.243135
0.593160 0.395683 0.249760
0.593507 0.405241 0.235339
0.588343 0.390275 0.257780
0.587807 0.378318 0.272965
0.592125 0.371798 0.279973
0.592670 0.384665 0.264733
0.584438 0.413462 0.222771
0.584323 0.405066 0.236630
0.589007 0.409492 0.229006
0.557889 0.336601 0.309823
0.562970 0.343322 0.305645
0.558314 0.350198 0.300962
0.562664 0.330073 0.313191
0.567479 0.323763 0.315924
0.572446 0.330036 0.312980
0.567703 0.336580 0.309636
0.548606 0.350145 0.301062
0.553193 0.343306 0.305784
0.553773 0.357140 0.295563
0.548082 0.336601 0.309868
0.547735 0.323860 0.316067
0.552547 0.317843 0.318267
0.552804 0.330107 0.313272
0.545108 0.370866 0.282764
0.544148 0.357063 0.295645
0.549375 0.364078 0.289462
0.431172 0.489530 0.081300
0.434891 0.494727 0.076951
0.429227 0.498341 0.073247
0.436831 0.486122 0.085245
0.442484 0.482805 0.089313
0.446209 0.487772 0.084724
0.440551 0.491204 0.080775
0.419848 0.496621 0.073771
0.425511 0.493031 0.077475
0.423562 0.502046 0.069665
0.421791 0.487831 0.081801
0.423718 0.479467 0.090272
0.429369 0.476284 0.094451
0.427449 0.484444 0.085744
0.412233 0.509718 0.062868
0.414184 0.500300 0.070188
0.417897 0.505840 0.066205
0.401022 0.451730 0.118573
0.404856 0.456120 0.113772
0.399238 0.458858 0.109191
0.406607 0.449204 0.123360
0.412173 0.446787 0.128259
0.416041 0.450954 0.123274
0.410458 0.453486 0.118469
0.389802 0.457105 0.109361
0.395419 0.454366 0.113905
0.393610 0.461692 0.104732
0.391577 0.449964 0.118649
0.393287 0.443219 0.128263
0.398838 0.440900 0.133218
0.397165 0.447432 0.123403
0.382331 0.467638 0.096197
0.384175 0.459938 0.104939
0.387974 0.464619 0.100401
0.445050 0.434172 0.159722
0.449047 0.437675 0.154180
0.443608 0.439700 0.148778
0.450437 0.432293 0.165330
0.455794 0.430440 0.171066
0.459843 0.433758 0.165331
0.454459 0.435700 0.159694
0.434195 0.438072 0.148841
0.439636 0.436093 0.154229
0.438144 0.441786 0.143481
0.435636 0.432559 0.159696
0.436970 0.427362 0.170870
0.442296 0.425669 0.176682
0.441025 0.430737 0.165284
0.427141 0.446189 0.133184
0.428728 0.440122 0.143551
0.432655 0.443946 0.138285
0.560212 0.683573 0.009790
0.564925 0.689351 0.009548
0.559896 0.694820 0.009438
0.565309 0.678095 0.010037
0.570437 0.672635 0.010348
0.575071 0.678464 0.009958
0.569982 0.683894 0.009721
0.550109 0.694564 0.009486
0.555147 0.689065 0.009606
0.554888 0.700303 0.009375
0.550446 0.683240 0.009856
0.550938 0.671821 0.010527
0.556112 0.666317 0.010927
0.555550 0.677730 0.010116
0.544873 0.711258 0.009260
0.545091 0.700080 0.009415
0.549880 0.705789 0.009317
0.524329 0.635168 0.014923
0.528636 0.641408 0.013947
0.523301 0.646948 0.013207
0.529738 0.629668 0.015818
0.535181 0.624194 0.016783
0.539410 0.630425 0.015632
0.534005 0.635901 0.014755
0.513615 0.646271 0.013340
0.518954 0.640702 0.014097
0.517999 0.652522 0.012535
0.514660 0.634405 0.015091
0.515871 0.622535 0.017198
0.521352 0.617036 0.018274
0.520074 0.628878 0.016005
0.507489 0.663772 0.011395
0.508306 0.651878 0.012652
0.512729 0.658130 0.011931
0.568338 0.592234 0.024619
0.572431 0.598255 0.022723
0.566878 0.603490 0.021265
0.573923 0.587112 0.026324
0.579519 0.582053 0.028137
0.583579 0.587970 0.025975
0.577998 0.593082 0.024294
0.557213 0.602656 0.021549
0.562768 0.597415 0.023027
0.561342 0.608781 0.019924
0.558688 0.591351 0.024950
0.560245 0.580241 0.028893
0.565859 0.575246 0.030860
0.564276 0.586227 0.026676
0.550325 0.619537 0.017595
0.551677 0.607957 0.020187
0.555824 0.614130 0.018700
0.734997 0.526421 0.057768
0.739107 0.531355 0.054318
0.733547 0.535305 0.051642
0.740548 0.522578 0.060550
0.746095 0.518793 0.063351
0.750218 0.523654 0.059747
0.744665 0.527473 0.057022
0.723883 0.534308 0.052291
0.729442 0.530330 0.055013
0.727984 0.539329 0.049001
0.725335 0.525380 0.058520
0.726774 0.516631 0.065098
0.732312 0.512860 0.068047
0.730885 0.521513 0.061359
0.716848 0.547608 0.043863
0.718320 0.538359 0.049611
0.722417 0.543428 0.046405
0.702204 0.488114 0.091184
0.706286 0.492747 0.086353
0.700789 0.496409 0.082918
0.707665 0.484524 0.094785
0.713112 0.480969 0.098421
0.717235 0.485540 0.093330
0.711768 0.489125 0.089824
0.691230 0.495412 0.084107
0.696726 0.491742 0.087624
0.695280 0.500114 0.079515
0.692662 0.487141 0.092534
0.694039 0.479069 0.101453
0.699460 0.475552 0.105307
0.698123 0.483551 0.096219
0.684232 0.507670 0.072819
0.685718 0.499125 0.080626
0.689761 0.503865 0.076147
0.685853 0.470367 0.112508
0.689950 0.474674 0.106883
0.684531 0.478182 0.102949
0.691227 0.466919 0.116624
0.696577 0.463489 0.120793
0.700724 0.467732 0.114900
0.695348 0.471192 0.110866
0.718558 0.506958 0.073060
0.722664 0.511778 0.068995
0.717126 0.515568 0.065978
0.724082 0.503254 0.076193
0.729600 0.499592 0.079341
0.733721 0.504350 0.075089
0.728196 0.508042 0.072034
0.552276 0.568351 0.033808
0.556245 0.574280 0.031271
0.550627 0.579272 0.029280
0.557917 0.563501 0.036034
0.563565 0.558721 0.038360
0.567512 0.564497 0.035569
0.561873 0.569355 0.033368
0.507605 0.609681 0.019952
0.511716 0.616130 0.018506
0.506230 0.621652 0.017408
0.513135 0.604257 0.021282
0.518683 0.598910 0.022729
0.522753 0.605242 0.021001
0.517226 0.610649 0.019694
0.541866 0.659821 0.011615
0.546377 0.665851 0.011026
0.541196 0.671386 0.010612
0.547117 0.654307 0.012173
0.552402 0.648818 0.012798
0.556835 0.654852 0.012049
0.551589 0.660339 0.011505
0.428755 0.420751 0.182072
0.432880 0.424039 0.176475
0.427552 0.425668 0.170682
0.433990 0.419225 0.188011
0.439159 0.417643 0.193993
0.443396 0.420829 0.188334
0.438167 0.422433 0.182368
0.385475 0.435015 0.138067
0.389389 0.439082 0.133151
0.383835 0.441408 0.128229
0.390989 0.432899 0.143186
0.396477 0.430893 0.148414
0.400431 0.434759 0.143337
0.394922 0.436866 0.138188
0.416223 0.469834 0.099535
0.419977 0.474597 0.094873
0.414326 0.477759 0.090702
0.421861 0.466876 0.103935
0.427490 0.464007 0.108452
0.431260 0.468551 0.103574
0.425622 0.471528 0.099164
0.537664 0.312133 0.319900
0.542688 0.317867 0.318263
0.537918 0.323866 0.316065
0.542510 0.306654 0.321015
0.547394 0.301424 0.321637
0.552386 0.306625 0.321024
0.547515 0.312120 0.319906
0.577987 0.364454 0.288310
0.582913 0.371513 0.280939
0.578554 0.378102 0.273892
0.582455 0.357455 0.294340
0.586937 0.350530 0.299680
0.591683 0.357788 0.293552
0.587294 0.364679 0.287543
0.501765 0.364703 0.288536
0.507232 0.371183 0.282088
0.503266 0.377717 0.274673
0.505803 0.357566 0.294995
0.510005 0.350453 0.300687
0.515360 0.357217 0.295374
0.511235 0.364276 0.289053
0.468482 0.404655 0.231357
0.473154 0.408251 0.225498
0.468420 0.410913 0.219075
0.473023 0.401475 0.238015
0.477449 0.397873 0.244841
0.482297 0.401882 0.238755
0.477782 0.405258 0.232051
0.503806 0.431213 0.182696
0.507914 0.434401 0.176324
0.502653 0.436661 0.170419
0.508958 0.428966 0.188796
0.514040 0.426588 0.194946
0.518264 0.429766 0.188473
0.513121 0.432109 0.182357
0.340723 0.455640 0.101522
0.344548 0.460455 0.097271
0.338896 0.463513 0.093339
0.346357 0.452746 0.105646
0.351982 0.449931 0.109893
0.355825 0.454576 0.105486
0.350192 0.457475 0.101318
0.464381 0.654581 0.012403
0.468759 0.661142 0.011719
0.463530 0.666914 0.011196
0.469669 0.648852 0.013090
0.474988 0.643159 0.013851
0.479301 0.649695 0.012986
0.474015 0.655403 0.012316
0.400795 0.545059 0.041169
0.404537 0.551658 0.038255
0.398933 0.556503 0.035887
0.406421 0.540480 0.043743
0.412061 0.536010 0.046409
0.415788 0.542331 0.043271
0.410156 0.546938 0.040716
0.491326 0.482435 0.095621
0.495066 0.487121 0.090677
0.489412 0.490501 0.086524
0.496968 0.479248 0.100017
0.502598 0.476134 0.104513
0.506349 0.480592 0.099306
0.500712 0.483819 0.094939
0.446033 0.510971 0.064574
0.449751 0.516598 0.060705
0.444083 0.520682 0.057515
0.451700 0.507093 0.068024
0.457366 0.503304 0.071603
0.461089 0.508691 0.067473
0.455420 0.512599 0.064025
0.476048 0.558504 0.037506
0.479876 0.564785 0.034752
0.474243 0.569728 0.032569
0.481705 0.553748 0.039923
0.487370 0.549078 0.042441
0.491179 0.555159 0.039433
0.485522 0.559929 0.037041
0.642097 0.499229 0.081321
0.646054 0.503939 0.076704
0.640501 0.507827 0.073161
0.647634 0.495457 0.085064
0.653158 0.491738 0.088857
0.657131 0.496334 0.083970
0.651599 0.500109 0.080310
0.597416 0.531521 0.054361
0.601351 0.536828 0.050797
0.595722 0.541256 0.048004
0.603035 0.527248 0.057397
0.608646 0.523049 0.060535
0.612583 0.528194 0.056702
0.606971 0.532474 0.053697
0.629367 0.575507 0.030411
0.633450 0.581225 0.028094
0.627861 0.586207 0.026290
0.634971 0.570651 0.032444
0.640579 0.565866 0.034579
0.644650 0.571444 0.032015
0.639047 0.576301 0.030004
0.578088 0.436894 0.177203
0.582222 0.440194 0.170153
0.577061 0.443027 0.164457
0.583154 0.434053 0.183076
0.588146 0.431093 0.188913
0.592384 0.434382 0.181715
0.587331 0.437317 0.175933
0.535793 0.458705 0.133306
0.539678 0.462511 0.127448
0.534199 0.465384 0.122539
0.541214 0.455963 0.138427
0.546604 0.453250 0.143647
0.550544 0.456882 0.137540
0.545126 0.459680 0.132448
0.566480 0.492026 0.089228
0.570300 0.496650 0.084280
0.564680 0.500348 0.080356
0.572084 0.488484 0.093389
0.577672 0.484994 0.097637
0.581507 0.489421 0.092414
0.575910 0.493009 0.088301
0.616447 0.409607 0.224254
0.621061 0.413605 0.216428
0.616477 0.417437 0.210527
0.620875 0.405418 0.230370
0.625218 0.401101 0.236586
0.629995 0.405597 0.228492
0.625569 0.409654 0.222416
0.652287 0.438979 0.164312
0.656583 0.442632 0.157212
0.651423 0.445874 0.152134
0.657366 0.435735 0.169553
0.662395 0.432463 0.174798
0.666820 0.436139 0.167472
0.661718 0.439394 0.162338
0.610513 0.464925 0.124406
0.614490 0.468844 0.118453
0.609080 0.472182 0.113949
0.615856 0.461668 0.129107
0.621162 0.458420 0.133890
0.625202 0.462230 0.127689
0.619864 0.465529 0.123032
0.674155 0.538818 0.049344
0.678217 0.544018 0.046089
0.672635 0.548388 0.043516
0.679728 0.534586 0.052107
0.685293 0.530431 0.054943
0.689362 0.535517 0.051474
0.683793 0.539728 0.048744
0.521374 0.522737 0.059733
0.525175 0.528202 0.055924
0.519515 0.532500 0.052898
0.527030 0.518630 0.063023
0.532681 0.514606 0.066431
0.536485 0.519854 0.062336
0.530832 0.523986 0.059071
0.431318 0.599900 0.022035
0.435267 0.606930 0.020370
0.429769 0.612622 0.019053
0.436854 0.594372 0.023584
0.442404 0.588958 0.025243
0.446319 0.595814 0.023294
0.440785 0.601321 0.021776
0.500879 0.704726 0.009466
0.505631 0.710570 0.009359
0.500593 0.716122 0.009284
0.505936 0.699058 0.009557
0.510995 0.693399 0.009660
0.515720 0.699334 0.009524
0.510674 0.704966 0.009439
0.370982 0.496740 0.068695
0.374722 0.502353 0.064884
0.369062 0.506202 0.061655
0.376643 0.493073 0.072136
0.382303 0.489490 0.075688
0.386039 0.494898 0.071668
0.380381 0.498584 0.068220
0.542830 0.407827 0.233142
0.547514 0.411997 0.226218
0.542842 0.415503 0.219780
0.547339 0.403777 0.239800
0.551785 0.399409 0.246556
0.556625 0.404157 0.239338
0.552107 0.408226 0.232735
0.460875 0.448680 0.137710
0.464764 0.452535 0.132287
0.459231 0.454993 0.127240
0.466360 0.446399 0.142952
0.471817 0.444177 0.148299
0.475754 0.447828 0.142686
0.470273 0.450149 0.137436
0.584881 0.616402 0.017983
0.589085 0.622471 0.016714
0.583617 0.627808 0.015767
0.590393 0.611113 0.019148
0.595921 0.605872 0.020427
0.600088 0.611884 0.018889
0.594578 0.617155 0.017744
0.677616 0.462018 0.124340
0.676373 0.469581 0.114132
0.672274 0.465414 0.120010
0.681743 0.466148 0.118328
0.680458 0.473837 0.108445
0.710370 0.497439 0.081729
0.708938 0.505900 0.074089
0.704859 0.501129 0.078410
0.714459 0.502177 0.077302
0.713029 0.510713 0.069948
0.544428 0.556609 0.039354
0.542694 0.567298 0.034253
0.538774 0.561367 0.036979
0.548338 0.562458 0.036504
0.546644 0.573269 0.031686
0.499496 0.596776 0.023352
0.497998 0.608666 0.020214
0.493945 0.602143 0.021856
0.503531 0.603229 0.021567
0.502091 0.615183 0.018741
0.532994 0.647598 0.013072
0.532148 0.659281 0.011723
0.527699 0.653142 0.012417
0.537405 0.653737 0.012296
0.536646 0.665364 0.011122
0.420379 0.414176 0.193123
0.419348 0.418934 0.181709
0.415197 0.415592 0.187192
0.424588 0.417480 0.187630
0.423465 0.422288 0.176198
0.377601 0.427053 0.147986
0.376022 0.433131 0.137925
0.372096 0.429077 0.142815
0.381544 0.431008 0.143012
0.379936 0.437239 0.133063
0.408665 0.460603 0.108998
0.406816 0.468113 0.099860
0.403037 0.463440 0.104507
0.412454 0.465172 0.104247
0.410578 0.472885 0.095254
0.527679 0.301441 0.321627
0.527821 0.312142 0.319890
0.522811 0.306673 0.321009
0.532659 0.306662 0.321010
0.532859 0.317874 0.318255
0.568024 0.350240 0.300690
0.568522 0.364325 0.288879
0.563429 0.357226 0.295334
0.573027 0.357308 0.294921
0.573569 0.371338 0.281683
0.491025 0.351753 0.299615
0.492421 0.365376 0.287774
0.487073 0.359106 0.293538
0.496335 0.358166 0.294404
0.497847 0.371638 0.281450
0.458977 0.397229 0.242889
0.459183 0.403930 0.230579
0.454491 0.400335 0.236246
0.463751 0.400977 0.237154
0.463829 0.407460 0.224856
0.495408 0.424952 0.195299
0.494475 0.430233 0.182934
0.490305 0.427119 0.189154
0.499639 0.428088 0.189034
0.498586 0.433408 0.176670
0.333019 0.446213 0.110083
0.331244 0.453783 0.101715
0.327396 0.449021 0.105935
0.336878 0.450896 0.105794
0.335077 0.458612 0.097515
0.455787 0.641256 0.014087
0.454765 0.653701 0.012487
0.450463 0.646990 0.013289
0.460057 0.647951 0.013191
0.459120 0.660345 0.011791
0.393341 0.532226 0.047381
0.391445 0.543125 0.041622
0.387716 0.536623 0.044684
0.397064 0.538577 0.044214
0.395183 0.549757 0.038686
0.483832 0.473377 0.105805
0.481938 0.481004 0.096247
0.478196 0.476411 0.101258
0.487583 0.477854 0.100668
0.485676 0.485701 0.091332
0.438605 0.500033 0.072705
0.436652 0.509295 0.065127
0.432940 0.503763 0.069127
0.442319 0.505449 0.068577
0.440366 0.514936 0.061253
0.468464 0.546132 0.043452
0.466590 0.557023 0.037968
0.462801 0.550765 0.040888
0.472246 0.552283 0.040408
0.470403 0.563347 0.035194
0.634221 0.490057 0.091100
0.632612 0.498360 0.082311
0.628690 0.493748 0.087166
0.638154 0.494599 0.086121
0.636549 0.503054 0.077643
0.589595 0.521130 0.062032
0.587870 0.530551 0.055040
0.583968 0.525310 0.058828
0.593498 0.526286 0.058106
0.591789 0.535869 0.051432
0.621265 0.564214 0.035487
0.619696 0.574693 0.030821
0.615648 0.569001 0.033311
0.625305 0.569837 0.032875
0.623768 0.580429 0.028481
0.569701 0.430321 0.191338
0.568839 0.436385 0.178330
0.564677 0.433116 0.185337
0.573921 0.433627 0.184282
0.572964 0.439688 0.171342
0.527959 0.451374 0.145251
0.526462 0.457684 0.134099
0.522560 0.453977 0.139991
0.531888 0.454994 0.139242
0.530340 0.461484 0.128280
0.558859 0.483072 0.099571
0.557058 0.490996 0.090125
0.553260 0.486468 0.095234
0.562668 0.487499 0.094328
0.560863 0.495624 0.085163
0.607073 0.400812 0.240239
0.607338 0.409649 0.226022
0.602668 0.405345 0.233867
0.611793 0.405372 0.232203
0.611940 0.413654 0.218237
0.643578 0.431815 0.178797
0.642900 0.438624 0.166164
0.638596 0.435096 0.173355
0.647955 0.435378 0.171515
0.647174 0.442211 0.159070
0.602526 0.457431 0.136788
0.601176 0.464330 0.125774
0.597203 0.460574 0.131911
0.606526 0.461119 0.130518
0.605133 0.468197 0.119783
0.666062 0.528556 0.056312
0.664527 0.537914 0.049950
0.660489 0.532748 0.053397
0.670103 0.533663 0.052748
0.668576 0.543129 0.046659
0.513813 0.512079 0.067838
0.511927 0.521439 0.060393
0.508153 0.516040 0.064384
0.517587 0.517362 0.063706
0.515715 0.526927 0.056563
0.423526 0.585893 0.025870
0.421864 0.598462 0.022282
0.417970 0.591372 0.024142
0.427405 0.592886 0.023868
0.425793 0.605561 0.020592
0.491463 0.692717 0.009735
0.491089 0.704465 0.009491
0.486385 0.698444 0.009616
0.496156 0.698766 0.009588
0.495827 0.710358 0.009380
0.363479 0.485856 0.076568
0.361569 0.494882 0.069161
0.357812 0.489393 0.073043
0.367235 0.491242 0.072593
0.365318 0.500484 0.065361
0.533190 0.398850 0.247022
0.533548 0.407484 0.233377
0.528761 0.403187 0.240187
0.538055 0.403453 0.240076
0.538240 0.411581 0.226580
0.453016 0.441256 0.148660
0.451472 0.447160 0.137946
0.447554 0.443387 0.143348
0.456959 0.444922 0.143169
0.455365 0.451027 0.132575
0.576553 0.604292 0.020985
0.575189 0.615654 0.018221
0.571019 0.609568 0.019664
0.580703 0.610342 0.019406
0.579386 0.621743 0.016933
0.726511 0.548519 0.043322
0.720938 0.552751 0.040862
0.732082 0.544371 0.045838
0.715361 0.557066 0.038468
0.709785 0.561468 0.036152
0.748779 0.532389 0.053631
0.743216 0.536310 0.051001
0.754338 0.528535 0.056282
0.737650 0.540302 0.048401
0.554689 0.711399 0.009233
0.549692 0.716802 0.009183
0.559687 0.705966 0.009283
0.544698 0.722163 0.009137
0.539708 0.727468 0.009093
0.574706 0.689641 0.009488
0.569686 0.695063 0.009388
0.579754 0.684243 0.009652
0.564686 0.700514 0.009333
0.329383 0.508163 0.056787
0.461067 0.726592 0.009176
0.390261 0.621041 0.016945
0.637637 0.626341 0.015607
0.632170 0.631612 0.014749
0.643134 0.621043 0.016539
0.626745 0.636850 0.013954
0.621366 0.642069 0.013223
0.659715 0.605260 0.020002
0.654176 0.610489 0.018737
0.665264 0.600081 0.021374
0.648648 0.615754 0.017582
0.681942 0.584945 0.026125
0.676379 0.589915 0.024436
0.687507 0.580060 0.027919
0.670818 0.594963 0.022852
0.704212 0.565968 0.033935
0.698642 0.570568 0.031823
0.693074 0.575267 0.029818
0.424183 0.676377 0.010474
0.514853 0.752970 0.008948
0.509905 0.757905 0.008938
0.519809 0.747995 0.008965
0.504966 0.762823 0.008935
0.500038 0.767734 0.008940
0.534724 0.732706 0.009053
0.529745 0.737873 0.009018
0.524773 0.742967 0.008989
0.359720 0.560844 0.032406
0.595089 0.668241 0.010520
0.589944 0.673542 0.010168
0.600269 0.662969 0.010935
0.584833 0.678877 0.009879
0.616031 0.647280 0.012556
0.610738 0.652496 0.011953
0.605484 0.657722 0.011412
0.310510 0.479915 0.075178
0.306732 0.474587 0.079039
0.314285 0.485340 0.071367
0.302950 0.469348 0.082942
0.299159 0.464194 0.086876
0.325604 0.502283 0.060309
0.321831 0.496515 0.063922
0.318058 0.490870 0.067612
0.437687 0.696278 0.009720
0.433143 0.689709 0.009892
0.442272 0.702710 0.009582
0.428640 0.683072 0.010137
0.456309 0.720867 0.009257
0.451587 0.714988 0.009351
0.446906 0.708942 0.009459
0.371032 0.583264 0.025382
0.367271 0.575672 0.027568
0.374797 0.590929 0.023362
0.363503 0.568189 0.029913
0.386296 0.613757 0.018312
0.382404 0.606287 0.019834
0.378580 0.598633 0.021516
0.402565 0.642236 0.013661
0.398398 0.635253 0.014629
0.406792 0.649157 0.012811
0.394296 0.628194 0.015720
0.419768 0.669635 0.010907
0.415397 0.662851 0.011438
0.411070 0.656026 0.012071
0.475524 0.742921 0.009008
0.470678 0.737613 0.009052
0.480392 0.748101 0.008975
0.465858 0.732172 0.009107
0.495105 0.762959 0.008936
0.490186 0.758106 0.008939
0.485280 0.753160 0.008952
0.340758 0.526579 0.046822
0.336963 0.520286 0.050041
0.344555 0.533053 0.043708
0.333170 0.514155 0.053364
0.355931 0.553642 0.035041
0.352141 0.546595 0.037808
0.348350 0.539726 0.040701
