0.593245 0.581948 0.034211
0.591369 0.593452 0.029544
0.587532 0.587157 0.031876
0.473774 0.432534 0.195213
0.472033 0.437131 0.182128
0.468319 0.433997 0.188758
0.554491 0.391422 0.322871
0.553434 0.401338 0.303730
0.549823 0.396341 0.313221
0.384793 0.465990 0.105965
0.382878 0.473920 0.096432
0.379178 0.468994 0.101377
0.504352 0.674743 0.011572
0.503304 0.687927 0.010685
0.499013 0.681061 0.011072
0.443055 0.559898 0.038584
0.441067 0.572273 0.033107
0.437448 0.565146 0.035920
0.533432 0.492898 0.096861
0.531547 0.501101 0.087296
0.527837 0.496219 0.092324
0.683625 0.511570 0.088623
0.682121 0.520113 0.079956
0.678143 0.515252 0.084390
0.618569 0.448588 0.185327
0.617842 0.454380 0.171739
0.613700 0.451238 0.178875
0.654536 0.426255 0.242207
0.655048 0.432250 0.226382
0.650364 0.429182 0.234741
0.618523 0.395295 0.317194
0.618439 0.404644 0.298076
0.614467 0.399933 0.308211
0.577538 0.469424 0.137479
0.575961 0.476006 0.125944
0.572127 0.472118 0.132012
0.546313 0.442951 0.191223
0.545024 0.448032 0.177717
0.541147 0.444941 0.184698
0.584989 0.425537 0.249382
0.584595 0.431044 0.233429
0.580498 0.428129 0.241689
0.638981 0.543652 0.057625
0.637126 0.553676 0.050819
0.633293 0.548093 0.054266
0.608279 0.502892 0.092077
0.606541 0.511330 0.082870
0.602720 0.506490 0.087661
0.651566 0.476576 0.131674
0.650293 0.483772 0.120495
0.646304 0.479685 0.126354
0.488318 0.522585 0.064044
0.486265 0.532830 0.056551
0.482641 0.526817 0.060477
0.459069 0.480237 0.101840
0.457128 0.488297 0.092119
0.453464 0.483335 0.097209
0.503655 0.459342 0.143107
0.501844 0.465541 0.131516
0.498134 0.461621 0.137595
0.414140 0.508383 0.068131
0.412163 0.518489 0.060350
0.408534 0.512407 0.064435
0.472438 0.617521 0.020094
0.470753 0.630805 0.017207
0.466919 0.623489 0.018623
0.354939 0.431304 0.147938
0.353061 0.437630 0.137338
0.349291 0.433488 0.142600
0.516121 0.420054 0.252394
0.514708 0.424905 0.236938
0.511042 0.422082 0.244733
0.487170 0.390709 0.318460
0.485853 0.398517 0.301077
0.482251 0.394623 0.309111
0.519588 0.337493 0.386881
0.520500 0.351730 0.375636
0.515469 0.344917 0.381462
0.594493 0.337451 0.387396
0.593056 0.352129 0.376202
0.589564 0.344458 0.382358
0.557348 0.290321 0.401557
0.557376 0.300314 0.401234
0.552430 0.295278 0.401464
0.429683 0.446013 0.147035
0.427772 0.452135 0.135698
0.424093 0.448119 0.141490
0.400081 0.417885 0.195641
0.398143 0.422552 0.183095
0.394453 0.419173 0.189225
0.444893 0.409855 0.251657
0.442906 0.413810 0.237171
0.439347 0.410939 0.244252
0.547914 0.626124 0.019353
0.546375 0.638680 0.016735
0.542361 0.631971 0.018019
0.517497 0.572495 0.036035
0.515525 0.584466 0.031018
0.511810 0.577756 0.033581
0.563199 0.534381 0.060224
0.561198 0.544568 0.053097
0.557491 0.538769 0.056795
0.726387 0.484547 0.124905
0.725337 0.492164 0.114756
0.721148 0.487751 0.120191
0.691661 0.452579 0.177603
0.691258 0.459231 0.164354
0.686870 0.455560 0.171479
0.597075 0.588167 0.031727
0.477480 0.435586 0.188458
0.558068 0.396783 0.313143
0.388491 0.470796 0.100924
0.508611 0.681614 0.011074
0.446672 0.566890 0.035616
0.537156 0.497641 0.091699
0.687623 0.516354 0.084070
0.622764 0.451702 0.178039
0.659318 0.429356 0.233675
0.622357 0.400334 0.306831
0.581404 0.473194 0.131300
0.550212 0.445994 0.184086
0.589132 0.428566 0.240959
0.642828 0.549133 0.054059
0.612116 0.507621 0.087152
0.655599 0.480593 0.125674
0.491951 0.528463 0.059991
0.462740 0.485057 0.096634
0.507383 0.463139 0.136921
0.417770 0.514319 0.063930
0.476251 0.624774 0.018550
0.358701 0.435353 0.142573
0.519799 0.423017 0.244462
0.490841 0.394833 0.310247
0.524645 0.344266 0.381937
0.598007 0.345008 0.382185
0.562277 0.295272 0.401471
0.433366 0.449909 0.141136
0.403751 0.421175 0.189387
0.448448 0.412752 0.244489
0.551892 0.632786 0.017956
0.521206 0.579093 0.033317
0.566917 0.540063 0.056402
0.730619 0.488935 0.119310
0.696110 0.456225 0.170300
0.688818 0.480261 0.128465
0.692943 0.484468 0.122621
0.687672 0.487712 0.117699
0.694002 0.477104 0.133615
0.709244 0.467777 0.149593
0.713565 0.471833 0.143096
0.708477 0.474951 0.137863
0.721604 0.516091 0.087298
0.725681 0.520861 0.082965
0.720199 0.524545 0.079002
0.727038 0.512554 0.091408
0.743206 0.502369 0.103923
0.747376 0.506930 0.099195
0.741985 0.510306 0.095099
0.555216 0.577577 0.035000
0.558989 0.583971 0.032408
0.553292 0.589311 0.030176
0.560929 0.572436 0.037522
0.578110 0.557610 0.045880
0.581868 0.563604 0.042703
0.576137 0.568550 0.039927
0.509982 0.622284 0.019701
0.513884 0.629234 0.018233
0.508362 0.635230 0.016964
0.515563 0.616413 0.021191
0.532468 0.599187 0.026299
0.536272 0.605958 0.024339
0.530631 0.611685 0.022658
0.542779 0.676856 0.011566
0.547166 0.683414 0.011086
0.541931 0.689575 0.010707
0.548080 0.670721 0.012152
0.564177 0.652574 0.014518
0.568397 0.659085 0.013613
0.563040 0.665107 0.012830
0.437068 0.425746 0.195942
0.440750 0.428880 0.189432
0.435229 0.430265 0.183158
0.442602 0.424518 0.202476
0.459201 0.421070 0.223068
0.462808 0.423837 0.215978
0.457299 0.425043 0.209083
0.392451 0.438711 0.147813
0.396165 0.442669 0.142175
0.390539 0.444915 0.136786
0.398073 0.436689 0.153433
0.414869 0.431363 0.170994
0.418583 0.434896 0.164955
0.412998 0.436652 0.159088
0.421975 0.473200 0.104089
0.425643 0.478033 0.098922
0.420031 0.481203 0.094401
0.427584 0.470282 0.108837
0.444382 0.462213 0.123770
0.448052 0.466536 0.118137
0.442458 0.469237 0.113160
0.557366 0.336770 0.387447
0.561922 0.343910 0.382451
0.557087 0.351131 0.376488
0.562223 0.329933 0.391588
0.577056 0.311145 0.399406
0.581818 0.317108 0.397543
0.576849 0.323375 0.394951
0.587134 0.393355 0.321420
0.590572 0.398785 0.311244
0.586124 0.403434 0.302030
0.591850 0.387934 0.331091
0.606534 0.368839 0.359431
0.609101 0.376478 0.349403
0.604385 0.382653 0.339974
0.521021 0.390569 0.322066
0.524759 0.395492 0.312750
0.519987 0.399895 0.303328
0.525615 0.385276 0.331998
0.538914 0.365652 0.361243
0.543149 0.372739 0.352244
0.538623 0.379325 0.342430
0.480935 0.415824 0.252605
0.484531 0.418689 0.245086
0.479174 0.420142 0.237605
0.486233 0.414019 0.260398
0.501674 0.406659 0.285170
0.505257 0.410261 0.276828
0.500190 0.412851 0.268565
0.510167 0.438358 0.193546
0.513942 0.441400 0.186525
0.508626 0.443169 0.180250
0.515440 0.436652 0.200123
0.530983 0.431372 0.221095
0.534765 0.434171 0.213430
0.529632 0.436017 0.206383
0.347426 0.458745 0.107575
0.351163 0.463534 0.102671
0.345535 0.466584 0.098252
0.353053 0.455900 0.112168
0.369933 0.447932 0.126651
0.373659 0.452289 0.121412
0.368035 0.454954 0.116549
0.466300 0.671693 0.011547
0.470384 0.678989 0.011039
0.465000 0.685470 0.010629
0.471699 0.665295 0.012189
0.487961 0.646467 0.014773
0.491967 0.653635 0.013784
0.486552 0.659892 0.012935
0.406278 0.552575 0.039862
0.409880 0.559761 0.036766
0.404314 0.565276 0.034079
0.411840 0.547443 0.042789
0.428619 0.533029 0.052153
0.432228 0.539560 0.048521
0.426619 0.544369 0.045431
0.496214 0.486868 0.099482
0.499906 0.491654 0.094262
0.494288 0.494981 0.089801
0.501814 0.483797 0.104186
0.518540 0.475189 0.118964
0.522261 0.479435 0.113228
0.516693 0.482345 0.108311
0.451165 0.515746 0.066050
0.454783 0.521676 0.061923
0.449132 0.525958 0.058412
0.456810 0.511714 0.069793
0.473731 0.500325 0.081787
0.477386 0.505688 0.077118
0.471740 0.509506 0.073135
0.480112 0.566584 0.037277
0.483762 0.573397 0.034432
0.478113 0.578778 0.032035
0.485777 0.561450 0.039960
0.502843 0.546779 0.048736
0.506484 0.553089 0.045299
0.500787 0.557987 0.042397
0.645862 0.507252 0.090203
0.649775 0.512008 0.085459
0.644238 0.515784 0.081226
0.651350 0.503651 0.094680
0.667624 0.493291 0.108667
0.671625 0.497724 0.103371
0.666209 0.501179 0.098757
0.600994 0.539241 0.058723
0.604772 0.544819 0.055037
0.599056 0.549362 0.051778
0.606683 0.534903 0.062213
0.623627 0.522486 0.073455
0.627464 0.527647 0.069243
0.621822 0.531793 0.065502
0.631498 0.585933 0.033646
0.635372 0.592069 0.031240
0.629657 0.597317 0.029089
0.637225 0.580833 0.036087
0.654414 0.566028 0.044239
0.658292 0.571812 0.041268
0.652561 0.576751 0.038553
0.582454 0.446498 0.188595
0.586504 0.449527 0.181337
0.581448 0.451850 0.174980
0.587396 0.444197 0.195282
0.601709 0.437011 0.216348
0.605926 0.439806 0.208322
0.601200 0.442322 0.201329
0.540557 0.464829 0.140309
0.544340 0.468586 0.134116
0.538858 0.471191 0.128721
0.545972 0.462409 0.145913
0.561950 0.455470 0.163408
0.565861 0.458797 0.156750
0.560548 0.461166 0.150924
0.570782 0.498224 0.094386
0.574561 0.502950 0.089319
0.568956 0.506538 0.084971
0.576354 0.494859 0.098995
0.592933 0.485209 0.113549
0.596769 0.489448 0.107928
0.591254 0.492711 0.103099
0.619420 0.426043 0.245892
0.623870 0.428950 0.237412
0.619537 0.431800 0.229994
0.623581 0.422961 0.253600
0.635488 0.412982 0.277670
0.640179 0.416546 0.268534
0.636258 0.419802 0.260549
0.654882 0.450355 0.182047
0.659231 0.453744 0.174739
0.654354 0.456599 0.168541
0.659627 0.447510 0.188549
0.673445 0.438878 0.208738
0.678064 0.442174 0.200676
0.673465 0.445098 0.194005
0.614543 0.473140 0.134478
0.618482 0.476989 0.128365
0.613118 0.480024 0.123091
0.619811 0.470237 0.139975
0.635239 0.461669 0.157215
0.639353 0.465223 0.150598
0.634228 0.468126 0.144856
0.677182 0.547723 0.056912
0.681099 0.553105 0.053431
0.675422 0.557612 0.050201
0.682826 0.543424 0.060377
0.699607 0.531129 0.071409
0.703596 0.536178 0.067491
0.698008 0.540256 0.063819
0.525650 0.528845 0.062018
0.529314 0.534631 0.058070
0.523609 0.539079 0.054706
0.531335 0.524629 0.065616
0.548323 0.512658 0.077180
0.552044 0.517918 0.072678
0.546379 0.521930 0.068837
0.435340 0.611823 0.020447
0.439093 0.619274 0.018824
0.433616 0.625364 0.017385
0.440860 0.605862 0.022134
0.457581 0.588366 0.027849
0.461246 0.595663 0.025654
0.455659 0.601499 0.023783
0.500966 0.725688 0.009408
0.505629 0.731481 0.009284
0.500522 0.737015 0.009179
0.506136 0.719874 0.009558
0.521771 0.701698 0.010154
0.526280 0.708106 0.009935
0.521087 0.714133 0.009736
0.377135 0.500710 0.070169
0.380819 0.506575 0.065926
0.375242 0.510648 0.062256
0.382729 0.496878 0.074034
0.399535 0.486036 0.086241
0.403199 0.491407 0.081529
0.397596 0.495033 0.077471
0.550728 0.423075 0.251490
0.554592 0.426183 0.243314
0.549764 0.428365 0.235645
0.555441 0.420484 0.259503
0.569107 0.411028 0.284785
0.572949 0.415080 0.275652
0.568491 0.418269 0.267284
0.466683 0.452949 0.145331
0.470376 0.456792 0.139276
0.464806 0.459080 0.133810
0.472221 0.450882 0.150998
0.488686 0.445220 0.168615
0.492432 0.448598 0.162134
0.486959 0.450519 0.156282
0.586141 0.629273 0.019089
0.590181 0.635713 0.017747
0.584680 0.641436 0.016562
0.591726 0.623650 0.020487
0.608677 0.607089 0.025310
0.612581 0.613475 0.023513
0.606924 0.618969 0.021918
0.672091 0.464476 0.153807
0.671214 0.471299 0.141673
0.667041 0.467467 0.148136
0.676313 0.468261 0.147186
0.683586 0.483452 0.123401
0.705244 0.497603 0.106327
0.703954 0.505571 0.096893
0.699887 0.500993 0.101798
0.709338 0.502126 0.101298
0.716144 0.519713 0.083233
0.540332 0.552568 0.047171
0.538309 0.563651 0.041028
0.534613 0.557385 0.044195
0.544025 0.558721 0.043863
0.549513 0.582821 0.032614
0.494822 0.594228 0.027041
0.492932 0.607063 0.023207
0.489187 0.599954 0.025136
0.498553 0.601269 0.024965
0.504431 0.628224 0.018313
0.525904 0.649936 0.014633
0.524637 0.662901 0.012877
0.520479 0.656056 0.013710
0.530025 0.656758 0.013687
0.537504 0.683023 0.011082
0.422579 0.413663 0.222690
0.420556 0.417632 0.209043
0.416957 0.414597 0.215716
0.426155 0.416626 0.215885
0.431533 0.427031 0.189541
0.377544 0.423676 0.170738
0.375633 0.429162 0.159151
0.371896 0.425408 0.164830
0.381272 0.427331 0.164951
0.386823 0.440853 0.142322
0.407261 0.455100 0.125513
0.405332 0.462112 0.115094
0.401643 0.457651 0.120438
0.410946 0.459449 0.120061
0.416365 0.476235 0.099456
0.537838 0.311219 0.399349
0.538085 0.323388 0.394852
0.533084 0.317218 0.397435
0.542820 0.317103 0.397461
0.552593 0.343831 0.382425
0.573997 0.366417 0.361358
0.572344 0.380505 0.342408
0.568884 0.373489 0.352288
0.577397 0.373887 0.352081
0.582524 0.398342 0.311950
0.504245 0.367777 0.358215
0.504656 0.380276 0.339724
0.500418 0.374758 0.348375
0.508768 0.373882 0.349854
0.516320 0.395315 0.312398
0.466687 0.403329 0.283000
0.464849 0.408517 0.267345
0.461316 0.405377 0.274846
0.470219 0.406598 0.275369
0.475575 0.417378 0.244995
0.495375 0.426880 0.222671
0.493682 0.431118 0.208308
0.490026 0.428289 0.215552
0.499023 0.429637 0.215248
0.504854 0.440054 0.187131
0.332393 0.440597 0.127481
0.330538 0.447635 0.117771
0.326770 0.443142 0.122712
0.336164 0.445002 0.122469
0.341796 0.461681 0.103083
0.450520 0.641816 0.014861
0.448966 0.655683 0.012929
0.445086 0.648083 0.013830
0.454394 0.649350 0.013831
0.460901 0.678154 0.011018
0.391799 0.525223 0.053918
0.389887 0.536598 0.046952
0.386249 0.529816 0.050580
0.395431 0.531824 0.050170
0.400726 0.557907 0.037030
0.481438 0.468984 0.121591
0.479541 0.476052 0.110904
0.475854 0.471633 0.116473
0.485131 0.473274 0.115892
0.490605 0.490052 0.094886
0.436618 0.493355 0.084034
0.434638 0.502468 0.075295
0.430996 0.496939 0.079879
0.440265 0.498742 0.079318
0.445519 0.519885 0.062420
0.465619 0.540233 0.050417
0.463572 0.551528 0.043888
0.459960 0.544955 0.047285
0.469232 0.546664 0.046885
0.474459 0.571841 0.034722
0.630223 0.489280 0.110963
0.628674 0.497001 0.100734
0.624784 0.492582 0.106059
0.634131 0.493610 0.105503
0.640346 0.510931 0.085836
0.585895 0.517846 0.075146
0.584006 0.527146 0.066992
0.580245 0.521827 0.071221
0.589671 0.523040 0.070773
0.595289 0.543678 0.055344
0.616147 0.562028 0.044903
0.614235 0.572840 0.039111
0.610419 0.566870 0.042031
0.619962 0.567907 0.041844
0.625779 0.591110 0.031347
0.566375 0.434838 0.219232
0.565429 0.439802 0.204232
0.561466 0.436902 0.211936
0.570360 0.437689 0.211332
0.577434 0.448764 0.182071
0.525353 0.450906 0.166101
0.523779 0.456372 0.153693
0.519993 0.452936 0.160187
0.529162 0.454233 0.159501
0.535103 0.467316 0.134811
0.555665 0.480563 0.116232
0.553894 0.487871 0.105650
0.550130 0.483518 0.111206
0.559442 0.484795 0.110544
0.565190 0.501681 0.089899
0.602134 0.412609 0.281860
0.602151 0.419816 0.264368
0.597945 0.416256 0.273440
0.606325 0.416397 0.272532
0.615158 0.428992 0.238344
0.637238 0.437680 0.212873
0.637066 0.443494 0.197950
0.632690 0.440445 0.205728
0.641677 0.440711 0.204922
0.650070 0.453187 0.175657
0.598613 0.459016 0.160427
0.597407 0.465035 0.147967
0.593438 0.461584 0.154525
0.602621 0.462369 0.153728
0.609216 0.476083 0.129092
0.661523 0.526840 0.072256
0.659823 0.536099 0.064482
0.655926 0.530895 0.068422
0.665439 0.531955 0.068189
0.671518 0.552130 0.053561
0.510962 0.506821 0.079462
0.508979 0.516048 0.070951
0.505313 0.510581 0.075424
0.514639 0.512142 0.074844
0.519953 0.533166 0.058531
0.420669 0.581905 0.028621
0.418677 0.595514 0.024263
0.415057 0.587917 0.026420
0.424285 0.589418 0.026305
0.429825 0.617908 0.018864
0.483021 0.700241 0.010122
0.482103 0.713142 0.009712
0.477692 0.706588 0.009898
0.487382 0.706964 0.009910
0.495820 0.731377 0.009282
0.362331 0.478648 0.088255
0.360428 0.487501 0.079496
0.356713 0.482067 0.084075
0.366040 0.483954 0.083585
0.371547 0.504639 0.066392
0.535728 0.408797 0.285559
0.534620 0.415735 0.268334
0.530932 0.412136 0.276849
0.539413 0.412688 0.276803
0.545924 0.425427 0.243659
0.451865 0.438662 0.170207
0.450049 0.443885 0.158054
0.446348 0.440351 0.164261
0.455575 0.442080 0.163899
0.461127 0.455116 0.139772
0.570445 0.603366 0.025724
0.568659 0.615515 0.022230
0.564773 0.608966 0.023966
0.574313 0.609873 0.023859
0.580594 0.634973 0.017793
0.575086 0.640759 0.016600
0.573790 0.653122 0.014495
0.569612 0.646632 0.015508
0.579217 0.647238 0.015478
0.583410 0.653699 0.014475
0.582333 0.666026 0.012816
0.578030 0.659588 0.013599
0.566997 0.627753 0.019210
0.571012 0.634266 0.017843
0.565497 0.640109 0.016641
0.572589 0.622023 0.020625
0.578213 0.616364 0.022143
0.582153 0.622827 0.020553
0.576565 0.628504 0.019147
0.559123 0.614631 0.022326
0.557447 0.626963 0.019279
0.553502 0.620347 0.020789
0.563035 0.621209 0.020704
0.561442 0.633551 0.017897
0.455553 0.457384 0.134322
0.453643 0.463946 0.123236
0.449971 0.459747 0.128985
0.459228 0.461463 0.128460
0.462904 0.465652 0.122692
0.460992 0.472697 0.112033
0.457316 0.468261 0.117583
0.448194 0.449543 0.146257
0.451878 0.453408 0.140259
0.446299 0.455658 0.134819
0.453747 0.447520 0.151899
0.459282 0.445597 0.157648
0.462984 0.449219 0.151456
0.457440 0.451263 0.145803
0.440811 0.442136 0.158419
0.438944 0.447795 0.146673
0.435256 0.444021 0.152679
0.444505 0.445788 0.152313
0.442625 0.451672 0.140719
0.541026 0.427566 0.235992
0.539841 0.432297 0.220690
0.536042 0.429533 0.228470
0.544843 0.430389 0.228104
0.548689 0.433184 0.220262
0.547530 0.438009 0.205376
0.543668 0.435121 0.212972
0.533479 0.421640 0.251977
0.537238 0.424666 0.243940
0.532274 0.426741 0.236303
0.538347 0.419137 0.259975
0.543138 0.416347 0.268213
0.546908 0.419803 0.259781
0.542116 0.422362 0.251760
0.526065 0.415106 0.268423
0.524814 0.420880 0.252182
0.521128 0.417737 0.260278
0.529753 0.418459 0.260130
0.528530 0.423872 0.244198
0.365964 0.508684 0.062693
0.364105 0.519231 0.055138
0.360384 0.512865 0.059068
0.369672 0.514858 0.058663
0.373369 0.521231 0.054753
0.371509 0.532603 0.047656
0.367815 0.525812 0.051331
0.358531 0.496848 0.071112
0.362249 0.502687 0.066843
0.356658 0.506695 0.063118
0.364138 0.493078 0.075016
0.369745 0.489399 0.079005
0.373443 0.494985 0.074530
0.367844 0.498790 0.070645
0.351093 0.485579 0.079981
0.349200 0.494875 0.071570
0.345472 0.489184 0.075966
0.354814 0.491144 0.075494
0.352929 0.500705 0.067286
0.490699 0.736948 0.009176
0.490383 0.747759 0.009028
0.485605 0.742410 0.009091
0.495440 0.742437 0.009094
0.500230 0.747734 0.009029
0.500073 0.757934 0.008951
0.495208 0.752928 0.008981
0.481395 0.725342 0.009399
0.486015 0.731253 0.009278
0.480879 0.736865 0.009173
0.486601 0.719451 0.009548
0.491833 0.713438 0.009721
0.496364 0.719676 0.009554
0.491177 0.725526 0.009405
0.472386 0.712817 0.009701
0.471621 0.725137 0.009391
0.467106 0.718926 0.009529
0.476849 0.719200 0.009540
0.476215 0.731112 0.009273
0.424288 0.624167 0.017388
0.422566 0.638123 0.014836
0.418704 0.630645 0.016024
0.428117 0.631630 0.016054
0.431960 0.639161 0.014866
0.430326 0.653252 0.012884
0.426443 0.645656 0.013791
0.416746 0.609272 0.020515
0.420493 0.616726 0.018872
0.414876 0.623193 0.017360
0.422346 0.603025 0.022292
0.427931 0.596931 0.024178
0.431617 0.604388 0.022228
0.426064 0.610474 0.020496
0.409418 0.594162 0.024322
0.407391 0.608204 0.020503
0.403742 0.600599 0.022333
0.413053 0.601766 0.022327
0.411103 0.615723 0.018850
0.514251 0.537592 0.055154
0.512189 0.548309 0.048319
0.508546 0.542129 0.051889
0.517899 0.543639 0.051455
0.521554 0.549777 0.047918
0.519510 0.560925 0.041679
0.515842 0.554577 0.044913
0.506960 0.525805 0.063022
0.510606 0.531646 0.059011
0.504908 0.536048 0.055618
0.512640 0.521643 0.066648
0.518312 0.517592 0.070396
0.521982 0.523163 0.066122
0.516298 0.527354 0.062511
0.499655 0.514460 0.071509
0.497633 0.524212 0.063535
0.493990 0.518464 0.067718
0.503310 0.520073 0.067184
0.501272 0.530074 0.059502
0.665834 0.556650 0.050330
0.664015 0.566969 0.044116
0.660131 0.561284 0.047221
0.669727 0.562234 0.047095
0.673624 0.567893 0.044010
0.671802 0.578558 0.038368
0.667906 0.572729 0.041164
0.658062 0.545710 0.057232
0.661946 0.551142 0.053710
0.656254 0.555675 0.050477
0.663720 0.541377 0.060699
0.669355 0.537145 0.064282
0.673269 0.542404 0.060527
0.667619 0.546721 0.057062
0.650300 0.535050 0.064702
0.648513 0.544691 0.057420
0.644651 0.539304 0.061102
0.654180 0.540345 0.060893
0.652381 0.550145 0.053877
0.603832 0.479076 0.123810
0.602253 0.486247 0.112866
0.598401 0.482117 0.118628
0.607705 0.483106 0.117921
0.611575 0.487265 0.112198
0.609957 0.494879 0.101856
0.606105 0.490502 0.107272
0.596048 0.471385 0.136015
0.599948 0.475169 0.129847
0.594544 0.478105 0.124540
0.601362 0.468598 0.141539
0.606614 0.465833 0.147161
0.610587 0.469421 0.140742
0.605298 0.472276 0.135242
0.588198 0.464167 0.148735
0.586795 0.470434 0.136755
0.582897 0.466777 0.143053
0.592131 0.467719 0.142311
0.590679 0.474209 0.130584
0.645192 0.456012 0.169382
0.644415 0.462334 0.156466
0.640249 0.458837 0.163232
0.649416 0.459461 0.162449
0.653614 0.463023 0.155666
0.652679 0.469672 0.143387
0.648558 0.465947 0.149850
0.636672 0.449419 0.183719
0.640944 0.452669 0.176470
0.636058 0.455455 0.170154
0.641423 0.446636 0.190356
0.646102 0.443834 0.197135
0.650504 0.447051 0.189512
0.645759 0.449868 0.182927
0.628066 0.443188 0.198749
0.627611 0.448995 0.184504
0.623359 0.445904 0.191950
0.632378 0.446258 0.191141
0.631845 0.452178 0.177241
0.610788 0.431813 0.230932
0.610563 0.437222 0.215472
0.606302 0.434483 0.223611
0.615102 0.434558 0.222694
0.619417 0.437340 0.214562
0.619095 0.442909 0.199588
0.614827 0.440014 0.207431
0.602169 0.426096 0.247757
0.606471 0.429017 0.239278
0.602041 0.431715 0.231827
0.606444 0.423094 0.255516
0.610627 0.419854 0.263445
0.615001 0.423040 0.254567
0.610792 0.426131 0.246853
0.593700 0.419618 0.265230
0.593565 0.425889 0.248605
0.589386 0.422707 0.257219
0.597902 0.422978 0.256399
0.597791 0.428871 0.240149
0.559584 0.505234 0.085535
0.557696 0.514016 0.076650
0.553961 0.508892 0.081294
0.563333 0.510224 0.080748
0.567082 0.515337 0.076132
0.565162 0.524624 0.067881
0.561429 0.519262 0.072177
0.552081 0.495638 0.095605
0.555833 0.500372 0.090488
0.550225 0.503894 0.086108
0.557659 0.492347 0.100244
0.563221 0.489149 0.105003
0.567001 0.493623 0.099616
0.561424 0.496950 0.094991
0.544580 0.486555 0.106302
0.542750 0.494286 0.096228
0.539014 0.489679 0.101520
0.548330 0.491032 0.100878
0.546489 0.499025 0.091088
0.529607 0.469872 0.129414
0.527813 0.476609 0.118268
0.524084 0.472494 0.124127
0.533346 0.473862 0.123434
0.537088 0.477971 0.117585
0.535278 0.485199 0.106962
0.531545 0.480843 0.112546
0.522114 0.462223 0.141704
0.525866 0.465991 0.135508
0.520356 0.468493 0.130116
0.527562 0.459911 0.147298
0.532966 0.457658 0.153003
0.536765 0.461188 0.146606
0.531336 0.463557 0.141003
0.514588 0.455011 0.154392
0.512887 0.460816 0.142413
0.509140 0.457142 0.148703
0.518354 0.458564 0.148000
0.516627 0.464599 0.136216
0.572339 0.451004 0.175705
0.571119 0.456464 0.162695
0.567175 0.453231 0.169487
0.576318 0.454155 0.168769
0.580290 0.457391 0.161964
0.578983 0.463232 0.149477
0.575056 0.459796 0.156025
0.564383 0.444877 0.189983
0.568358 0.447914 0.182775
0.563227 0.450080 0.176402
0.569417 0.442744 0.196692
0.574373 0.440583 0.203583
0.578408 0.443518 0.196007
0.573421 0.445730 0.189308
0.556480 0.438941 0.204829
0.555346 0.443949 0.190620
0.551426 0.440955 0.197928
0.560421 0.441887 0.197332
0.559282 0.446990 0.183446
0.620068 0.596363 0.029189
0.618260 0.608022 0.025225
0.614366 0.601690 0.027177
0.623952 0.602636 0.027083
0.627852 0.608960 0.025145
0.626105 0.620790 0.021790
0.622170 0.614398 0.023441
0.612346 0.583974 0.033904
0.616199 0.590142 0.031463
0.610489 0.595402 0.029298
0.618068 0.578871 0.036357
0.623794 0.573852 0.038948
0.627640 0.579861 0.036216
0.621915 0.584962 0.033769
0.604692 0.571804 0.039291
0.602789 0.582970 0.034051
0.598966 0.576831 0.036683
0.608510 0.577861 0.036513
0.606631 0.589162 0.031590
0.589571 0.548218 0.052076
0.587600 0.558757 0.045607
0.583843 0.552863 0.048921
0.593331 0.554008 0.048634
0.597102 0.559873 0.045352
0.595160 0.570745 0.039486
0.591371 0.564718 0.042461
0.582071 0.536892 0.059430
0.585818 0.542512 0.055676
0.580097 0.547048 0.052394
0.587767 0.532567 0.062943
0.593446 0.528341 0.066577
0.597220 0.533745 0.062564
0.591527 0.538080 0.059065
0.574577 0.525909 0.067425
0.572626 0.535661 0.059816
0.568894 0.530094 0.063763
0.578323 0.531354 0.063341
0.576360 0.541313 0.056027
0.634801 0.514693 0.081586
0.633081 0.523600 0.073113
0.629227 0.518543 0.077458
0.638674 0.519646 0.077108
0.642548 0.524695 0.072803
0.640794 0.533988 0.064938
0.636937 0.528750 0.068940
0.627056 0.505096 0.091073
0.630928 0.509841 0.086240
0.625372 0.513586 0.081980
0.632564 0.501535 0.095588
0.638040 0.498049 0.100224
0.641951 0.502597 0.095124
0.636454 0.506180 0.090623
0.619313 0.495945 0.101277
0.617665 0.504000 0.091558
0.613811 0.499379 0.096617
0.623184 0.500462 0.096085
0.621519 0.508738 0.086679
0.468820 0.577223 0.032298
0.466854 0.589910 0.027644
0.463193 0.582731 0.030006
0.472477 0.584281 0.029772
0.476151 0.591403 0.027441
0.474242 0.604395 0.023495
0.470533 0.597148 0.025481
0.461546 0.563332 0.037922
0.465177 0.570237 0.035016
0.459548 0.575620 0.032564
0.467191 0.558207 0.040655
0.472849 0.553206 0.043512
0.476475 0.559851 0.040306
0.470819 0.564980 0.037598
0.454311 0.549808 0.044267
0.452291 0.561641 0.038250
0.448675 0.554788 0.041367
0.457924 0.556520 0.041008
0.455915 0.568588 0.035313
0.439877 0.524138 0.058895
0.437851 0.534892 0.051713
0.434242 0.528516 0.055474
0.443487 0.530359 0.055011
0.447095 0.536720 0.051273
0.445066 0.548038 0.044655
0.441458 0.541402 0.048106
0.432640 0.512118 0.067090
0.436262 0.518058 0.062923
0.430630 0.522286 0.059380
0.438272 0.508139 0.070859
0.443906 0.504271 0.074744
0.447539 0.509942 0.070322
0.441900 0.513946 0.066569
0.425374 0.500642 0.075844
0.423387 0.510264 0.067611
0.419754 0.504460 0.071931
0.429011 0.506312 0.071395
0.427013 0.516203 0.063427
0.484987 0.493354 0.090404
0.483027 0.501996 0.081225
0.479362 0.496778 0.086036
0.488661 0.498427 0.085455
0.492331 0.503635 0.080650
0.490341 0.512839 0.072060
0.486686 0.507350 0.076564
0.477629 0.483615 0.100700
0.481310 0.488418 0.095489
0.475693 0.491698 0.090987
0.483230 0.480593 0.105446
0.488825 0.477682 0.110303
0.492520 0.482212 0.104831
0.486919 0.485258 0.100104
0.470263 0.474388 0.111472
0.468346 0.481939 0.101271
0.464669 0.477256 0.106594
0.473947 0.478940 0.106030
0.472021 0.486752 0.096068
0.395175 0.563464 0.034294
0.393121 0.577103 0.029011
0.389603 0.569300 0.031653
0.398736 0.571039 0.031494
0.402285 0.578710 0.028898
0.400159 0.592860 0.024356
0.396630 0.584986 0.026582
0.387984 0.548712 0.040468
0.391592 0.556015 0.037289
0.386053 0.561622 0.034500
0.393511 0.543554 0.043477
0.399053 0.538596 0.046571
0.402669 0.545517 0.043133
0.397125 0.550661 0.040166
0.380710 0.534601 0.047316
0.378836 0.546763 0.040749
0.375183 0.539593 0.044125
0.384356 0.541572 0.043813
0.382463 0.554106 0.037537
0.455493 0.684687 0.010601
0.454157 0.698662 0.010058
0.450058 0.691322 0.010283
0.459596 0.692036 0.010314
0.463756 0.699240 0.010084
0.462682 0.712460 0.009686
0.458361 0.705716 0.009862
0.447467 0.669708 0.011502
0.451449 0.677245 0.010990
0.446017 0.683834 0.010568
0.452890 0.663242 0.012163
0.458311 0.656853 0.012938
0.462278 0.664308 0.012179
0.456867 0.670740 0.011527
0.439655 0.654434 0.012913
0.438100 0.668598 0.011470
0.434208 0.660908 0.012111
0.443538 0.662096 0.012141
0.442030 0.676259 0.010957
0.336165 0.464706 0.098688
0.334271 0.472956 0.089680
0.330532 0.467825 0.094379
0.339903 0.469726 0.093923
0.343638 0.474873 0.089210
0.341741 0.483633 0.080459
0.338007 0.478225 0.085035
0.328672 0.455033 0.108326
0.332422 0.459812 0.103492
0.326791 0.462825 0.099120
0.334298 0.452216 0.112849
0.339925 0.449489 0.117477
0.343679 0.454067 0.112511
0.338050 0.456895 0.107951
0.321150 0.445775 0.118062
0.319291 0.453174 0.108697
0.315529 0.448500 0.113519
0.324915 0.450358 0.113185
0.323045 0.457945 0.103895
0.499501 0.441752 0.180850
0.497870 0.446745 0.168074
0.494111 0.443468 0.174681
0.503268 0.444944 0.174107
0.507042 0.448207 0.167449
0.505387 0.453575 0.155079
0.501629 0.450110 0.161539
0.492014 0.435574 0.194569
0.495747 0.438628 0.187672
0.490360 0.440267 0.181360
0.497374 0.434024 0.201163
0.502701 0.432472 0.207906
0.506417 0.435381 0.200673
0.501101 0.437003 0.194104
0.484634 0.429691 0.208593
0.482906 0.434078 0.194926
0.479213 0.431101 0.201821
0.488307 0.432593 0.201540
0.486623 0.437135 0.188108
0.470160 0.418731 0.237547
0.468301 0.422645 0.223045
0.464698 0.419941 0.230242
0.473759 0.421440 0.230258
0.477370 0.424128 0.222989
0.475551 0.428208 0.208801
0.471916 0.425392 0.215885
0.462989 0.413103 0.252189
0.466569 0.415960 0.244856
0.461106 0.417213 0.237457
0.468408 0.411568 0.259863
0.473775 0.409776 0.267747
0.477348 0.412853 0.260155
0.471985 0.414524 0.252413
0.455885 0.407112 0.266925
0.453956 0.411548 0.251939
0.450408 0.408590 0.259206
0.459425 0.410151 0.259545
0.457525 0.414421 0.244688
0.511523 0.399595 0.303032
0.510243 0.407271 0.285365
0.506643 0.403381 0.293955
0.515151 0.403831 0.294196
0.518774 0.407815 0.285464
0.517475 0.414432 0.268506
0.513849 0.410949 0.276872
0.504136 0.390571 0.320797
0.507868 0.395155 0.311915
0.503032 0.399272 0.302592
0.508704 0.385548 0.330692
0.513072 0.379791 0.340819
0.517146 0.385361 0.331455
0.512577 0.390545 0.321544
0.496298 0.380924 0.338213
0.495666 0.390636 0.319748
0.491871 0.386194 0.328173
0.500286 0.385833 0.329596
0.499385 0.394997 0.311206
0.578007 0.402967 0.302692
0.577351 0.411572 0.284226
0.573551 0.407200 0.293636
0.581731 0.407703 0.293020
0.585597 0.412024 0.283539
0.585276 0.419283 0.266016
0.581261 0.415584 0.275016
0.570939 0.392381 0.322484
0.574425 0.397844 0.312521
0.569863 0.402433 0.303213
0.575714 0.386976 0.332212
0.580641 0.380961 0.342060
0.583852 0.387456 0.331726
0.579079 0.392884 0.322026
0.563962 0.380072 0.342593
0.562734 0.391870 0.322755
0.559187 0.386042 0.332683
0.567475 0.386492 0.332534
0.566273 0.397310 0.312924
0.547922 0.351049 0.376438
0.547713 0.365697 0.361395
0.543366 0.358350 0.369405
0.552351 0.358425 0.369492
0.556489 0.365855 0.361457
0.555557 0.379715 0.342653
0.551758 0.372890 0.352353
0.538416 0.336780 0.387342
0.543258 0.343807 0.382365
0.538752 0.351063 0.376327
0.543036 0.329904 0.391534
0.547765 0.323339 0.394886
0.552629 0.329903 0.391569
0.547889 0.336738 0.387412
0.528432 0.323601 0.394773
0.528968 0.337007 0.387175
0.523921 0.330368 0.391284
0.533458 0.330032 0.391450
0.533932 0.343925 0.382222
0.410753 0.479386 0.094936
0.408806 0.487892 0.085704
0.405142 0.482653 0.090531
0.414418 0.484489 0.089995
0.418076 0.489732 0.085157
0.416113 0.498794 0.076390
0.412463 0.493271 0.080986
0.403403 0.469589 0.105073
0.407082 0.474421 0.099965
0.401472 0.477558 0.095451
0.409015 0.466694 0.109811
0.414627 0.463913 0.114669
0.418303 0.468495 0.109342
0.412692 0.471401 0.104595
0.396026 0.460317 0.115491
0.394104 0.467785 0.105529
0.390410 0.463097 0.110668
0.399718 0.464891 0.110251
0.397792 0.472603 0.100454
0.381192 0.443109 0.136964
0.379285 0.449727 0.126403
0.375562 0.445471 0.131739
0.384912 0.447268 0.131528
0.388624 0.451516 0.126133
0.386708 0.458531 0.115863
0.383000 0.454077 0.121109
0.373730 0.435034 0.147942
0.377466 0.439031 0.142436
0.371831 0.441298 0.137112
0.379369 0.432982 0.153507
0.385003 0.431050 0.159203
0.388730 0.434840 0.153490
0.383099 0.436877 0.147896
0.366243 0.427258 0.159057
0.364344 0.433178 0.147955
0.360591 0.429225 0.153425
0.369989 0.431112 0.153483
0.368091 0.437200 0.142517
0.425989 0.428389 0.183253
0.424149 0.433258 0.170926
0.420436 0.429826 0.177069
0.429697 0.431720 0.176992
0.433406 0.435112 0.170765
0.431561 0.440345 0.158727
0.427859 0.436760 0.164811
0.418611 0.421885 0.195914
0.422291 0.425108 0.189552
0.416727 0.426458 0.183254
0.424188 0.420714 0.202465
0.429767 0.419626 0.209162
0.433406 0.422664 0.202516
0.427850 0.423849 0.195972
0.411332 0.415605 0.208879
0.409355 0.419898 0.195804
0.405706 0.416698 0.202190
0.414955 0.418720 0.202353
0.413031 0.423150 0.189496
0.532254 0.689217 0.010701
0.531489 0.701978 0.010161
0.527014 0.695449 0.010406
0.536711 0.695771 0.010414
0.541219 0.702227 0.010168
0.540628 0.714456 0.009746
0.536029 0.708316 0.009941
0.523532 0.675883 0.011568
0.527858 0.682592 0.011079
0.522590 0.688824 0.010695
0.528859 0.669681 0.012164
0.534211 0.663521 0.012863
0.538461 0.670223 0.012157
0.533147 0.676390 0.011567
0.515082 0.662234 0.012892
0.513933 0.675335 0.011569
0.509706 0.668464 0.012179
0.519273 0.669096 0.012171
0.518227 0.682124 0.011076
0.498911 0.634235 0.017029
0.497405 0.647437 0.014739
0.493422 0.640316 0.015849
0.502869 0.641301 0.015799
0.506881 0.648327 0.014702
0.505544 0.661521 0.012908
0.501444 0.654509 0.013760
0.491150 0.620035 0.019901
0.495006 0.627144 0.018395
0.489493 0.633164 0.017092
0.496719 0.614143 0.021430
0.502319 0.608307 0.023061
0.506127 0.615311 0.021308
0.500551 0.621194 0.019801
0.483573 0.605758 0.023351
0.481779 0.618810 0.019998
0.477990 0.611612 0.021670
0.487340 0.612909 0.021551
0.485613 0.625994 0.018474
0.543820 0.588170 0.030367
0.541932 0.600304 0.026140
0.538138 0.593625 0.028261
0.547606 0.594755 0.028086
0.551417 0.601371 0.025992
0.549606 0.613697 0.022429
0.545752 0.607008 0.024206
0.536317 0.575129 0.035487
0.540057 0.581625 0.032834
0.534369 0.586981 0.030571
0.542022 0.569984 0.038041
0.547736 0.564945 0.040729
0.551465 0.571233 0.037774
0.545756 0.576376 0.035236
0.528900 0.562310 0.041345
0.526898 0.573835 0.035753
0.523195 0.567347 0.038624
0.532599 0.568689 0.038324
0.530622 0.580382 0.033068
0.710658 0.523425 0.079222
0.709157 0.532201 0.071255
0.705146 0.527229 0.075276
0.714691 0.528324 0.075095
0.718719 0.533275 0.071109
0.717161 0.542299 0.063611
0.713163 0.537225 0.067370
0.702582 0.513800 0.087938
0.706621 0.518581 0.083500
0.701132 0.522315 0.079446
0.708020 0.510220 0.092170
0.713430 0.506718 0.096457
0.717519 0.511375 0.091792
0.712083 0.514936 0.087620
0.694497 0.504446 0.097333
0.693096 0.512680 0.088269
0.689076 0.507970 0.092939
0.698540 0.509087 0.092546
0.697115 0.517463 0.083774
0.678305 0.486685 0.118415
0.677008 0.494332 0.108069
0.672983 0.489963 0.113502
0.682358 0.490997 0.112847
0.686406 0.495399 0.107478
0.685055 0.503338 0.097793
0.681032 0.498791 0.102834
0.670161 0.478360 0.130123
0.674242 0.482469 0.124175
0.668954 0.485689 0.119129
0.675361 0.475240 0.135393
0.680506 0.472153 0.140753
0.684673 0.476153 0.134512
0.679483 0.479293 0.129301
0.661936 0.470476 0.142564
0.660855 0.477459 0.130927
0.656777 0.473509 0.137078
0.666060 0.474363 0.136256
0.664913 0.481520 0.124940
0.605311 0.630895 0.018984
0.609373 0.637296 0.017664
0.603885 0.642903 0.016494
0.610890 0.625362 0.020366
0.616511 0.619869 0.021853
0.620482 0.626257 0.020310
0.614905 0.631751 0.018935
0.594280 0.642150 0.016527
0.599774 0.636488 0.017704
0.598440 0.648577 0.015425
0.595723 0.630070 0.019034
0.597346 0.618086 0.021988
0.603000 0.612563 0.023590
0.601303 0.624495 0.020425
0.587665 0.660136 0.013587
0.588826 0.647886 0.015451
0.593034 0.654321 0.014456
0.485173 0.456233 0.144331
0.488882 0.460055 0.138211
0.483323 0.462390 0.132754
0.490690 0.454113 0.149983
0.496177 0.452075 0.155719
0.499918 0.455655 0.149375
0.494415 0.457812 0.143752
0.474063 0.460749 0.133293
0.479629 0.458443 0.138766
0.477749 0.464812 0.127394
0.475927 0.454605 0.144846
0.477736 0.448911 0.156770
0.483226 0.447028 0.162645
0.481456 0.452518 0.150518
0.466582 0.469960 0.117027
0.468486 0.463150 0.127930
0.472169 0.467332 0.122148
0.567892 0.424472 0.250660
0.571878 0.427572 0.242334
0.567205 0.429879 0.234720
0.572430 0.421783 0.258595
0.576879 0.418829 0.266707
0.580898 0.422304 0.257955
0.576438 0.425061 0.250070
0.558492 0.429154 0.235227
0.563246 0.426918 0.242876
0.562420 0.432022 0.227204
0.559321 0.423799 0.251131
0.560071 0.417634 0.267719
0.564622 0.414494 0.276145
0.563953 0.421168 0.259114
0.552567 0.436036 0.212481
0.553634 0.431225 0.227690
0.557537 0.434046 0.219780
0.395656 0.504545 0.069172
0.399303 0.510466 0.064941
0.393723 0.514570 0.061327
0.401251 0.500683 0.072997
0.406854 0.496923 0.076932
0.410501 0.502585 0.072464
0.404896 0.506475 0.068652
0.384493 0.512605 0.061802
0.390071 0.508513 0.065443
0.388153 0.518817 0.057798
0.386405 0.502622 0.069680
0.388328 0.493151 0.077997
0.393930 0.489535 0.082065
0.391997 0.498775 0.073524
0.377049 0.527814 0.050967
0.378925 0.516837 0.058240
0.382595 0.523225 0.054347
0.520560 0.725937 0.009415
0.525260 0.731631 0.009289
0.520177 0.737106 0.009183
0.525698 0.720183 0.009566
0.530855 0.714306 0.009741
0.535487 0.720303 0.009570
0.530364 0.726030 0.009418
0.510349 0.737065 0.009181
0.515443 0.731564 0.009287
0.515116 0.742460 0.009097
0.510760 0.725825 0.009411
0.511328 0.713931 0.009731
0.516540 0.707868 0.009930
0.515913 0.720042 0.009562
0.505063 0.752857 0.008982
0.505277 0.742450 0.009095
0.510078 0.747704 0.009030
0.453841 0.614760 0.020278
0.457617 0.622140 0.018693
0.452136 0.628172 0.017308
0.459373 0.608842 0.021905
0.464938 0.602974 0.023639
0.468668 0.610256 0.021788
0.463126 0.616168 0.020187
0.442873 0.626760 0.017354
0.448342 0.620729 0.018761
0.446682 0.634278 0.016034
0.444583 0.613294 0.020368
0.446406 0.599975 0.023927
0.451982 0.594128 0.025828
0.450105 0.607375 0.022021
0.435803 0.646770 0.013821
0.437423 0.632882 0.016056
0.441242 0.640468 0.014871
0.544392 0.531695 0.061088
0.548082 0.537431 0.057203
0.542370 0.541909 0.053867
0.550084 0.527443 0.064657
0.555762 0.523297 0.068351
0.559481 0.528788 0.064203
0.553787 0.533059 0.060648
0.532980 0.540515 0.054278
0.538691 0.536052 0.057628
0.536652 0.546497 0.050644
0.535014 0.530291 0.061544
0.537010 0.520524 0.069339
0.542672 0.516534 0.073195
0.540702 0.526055 0.065128
0.525219 0.556004 0.044545
0.527267 0.545090 0.051040
0.530935 0.551195 0.047535
0.696338 0.549697 0.056673
0.700285 0.555019 0.053228
0.694621 0.559492 0.049997
0.701970 0.545437 0.060141
0.707580 0.541279 0.063710
0.711557 0.546429 0.060052
0.705930 0.550666 0.056584
0.685018 0.558559 0.050090
0.690687 0.554069 0.053320
0.688940 0.564086 0.046893
0.686755 0.548715 0.056783
0.688446 0.539224 0.063950
0.694040 0.535127 0.067630
0.692393 0.544434 0.060248
0.677528 0.573626 0.041076
0.679329 0.563169 0.046986
0.683242 0.568799 0.043919
0.633041 0.474857 0.133045
0.637022 0.478787 0.127006
0.631694 0.481903 0.121750
0.638272 0.471861 0.138534
0.643445 0.468892 0.144137
0.647515 0.472676 0.137829
0.642296 0.475713 0.132367
0.622404 0.480965 0.122405
0.627750 0.477890 0.127671
0.626316 0.485063 0.116600
0.623791 0.474000 0.133746
0.625019 0.467362 0.145592
0.630162 0.464509 0.151336
0.629040 0.471049 0.139240
0.615443 0.491546 0.106649
0.617010 0.484088 0.117244
0.620897 0.488276 0.111564
0.673236 0.451424 0.179946
0.677642 0.454930 0.172615
0.672772 0.457862 0.166556
0.677976 0.448502 0.186307
0.682639 0.445556 0.192795
0.687172 0.449025 0.185103
0.682443 0.451988 0.178797
0.663549 0.457220 0.167593
0.668426 0.454328 0.173711
0.667836 0.460797 0.160612
0.664043 0.450880 0.181046
0.664305 0.444651 0.195163
0.668913 0.441774 0.201891
0.668790 0.447999 0.187465
0.657788 0.466695 0.149036
0.658611 0.460116 0.161580
0.662841 0.463739 0.154776
0.636851 0.426039 0.244105
0.641474 0.429049 0.235680
0.637181 0.431917 0.228253
0.640951 0.423021 0.251802
0.644942 0.419909 0.259611
0.649739 0.423128 0.250846
0.645661 0.426125 0.243210
0.628331 0.431831 0.229099
0.632641 0.428970 0.236533
0.632790 0.434730 0.220930
0.628101 0.426007 0.244973
0.627643 0.419746 0.261472
0.631614 0.416413 0.269503
0.632230 0.422958 0.252686
0.623742 0.440214 0.206557
0.623923 0.434621 0.221787
0.628307 0.437490 0.213696
0.589521 0.500633 0.093210
0.593328 0.505346 0.088203
0.587734 0.509009 0.083889
0.595077 0.497181 0.097783
0.600605 0.493805 0.102468
0.604442 0.498285 0.097183
0.598899 0.501773 0.092633
0.578341 0.507798 0.084421
0.583942 0.504171 0.088755
0.582118 0.512764 0.079696
0.580149 0.499455 0.093791
0.581905 0.491574 0.103726
0.587432 0.488359 0.108579
0.585714 0.496043 0.098386
0.570830 0.520567 0.071690
0.572720 0.511517 0.080213
0.576483 0.516616 0.075629
0.559026 0.467226 0.138909
0.562854 0.470988 0.132719
0.557386 0.473690 0.127338
0.564418 0.464701 0.144504
0.569763 0.462228 0.150208
0.573657 0.465770 0.143783
0.568279 0.468351 0.138199
0.548115 0.472462 0.128030
0.553591 0.469810 0.133420
0.551890 0.476453 0.122063
0.549786 0.466052 0.139612
0.551344 0.460049 0.151627
0.556672 0.457739 0.157457
0.555188 0.463581 0.145214
0.540832 0.482201 0.111873
0.542612 0.475179 0.122747
0.546370 0.479288 0.116906
0.600516 0.447742 0.187044
0.604640 0.450768 0.179740
0.599653 0.453285 0.173432
0.605376 0.445230 0.193677
0.610149 0.442653 0.200469
0.614362 0.445570 0.192801
0.609544 0.448195 0.186192
0.590551 0.452612 0.174227
0.595572 0.450198 0.180563
0.594589 0.455767 0.167259
0.591485 0.447171 0.187844
0.592253 0.441854 0.202135
0.597025 0.439460 0.209163
0.596385 0.444772 0.194506
0.584250 0.460726 0.155286
0.585456 0.455001 0.168029
0.589453 0.458242 0.161212
0.650709 0.587818 0.033440
0.654603 0.593920 0.031066
0.648875 0.599194 0.028918
0.656444 0.582699 0.035877
0.662177 0.577666 0.038453
0.666071 0.583591 0.035795
0.660337 0.588715 0.033360
0.639257 0.598267 0.028997
0.644979 0.593013 0.031146
0.643157 0.604527 0.026918
0.641095 0.586889 0.033536
0.642954 0.575812 0.038668
0.648686 0.570873 0.041388
0.646826 0.581782 0.035975
0.631767 0.615335 0.023372
0.633549 0.603582 0.026997
0.637454 0.609906 0.025070
0.619962 0.541494 0.058121
0.623772 0.547027 0.054498
0.618064 0.551570 0.051253
0.625642 0.537150 0.061599
0.631301 0.532901 0.065205
0.635140 0.538239 0.061336
0.629465 0.542585 0.057860
0.608553 0.550479 0.051504
0.614266 0.545935 0.054756
0.612344 0.556217 0.048125
0.610473 0.540380 0.058408
0.612353 0.530663 0.065829
0.618002 0.526525 0.069577
0.616157 0.536037 0.061892
0.600889 0.565807 0.042237
0.602832 0.555125 0.048369
0.606618 0.560964 0.045118
0.664719 0.509388 0.089391
0.668676 0.514161 0.084730
0.663156 0.517937 0.080559
0.670188 0.505780 0.093785
0.675626 0.502249 0.098268
0.679626 0.506866 0.093354
0.674167 0.510472 0.088997
0.653690 0.516860 0.080889
0.659219 0.513080 0.085091
0.657607 0.521806 0.076489
0.655284 0.508317 0.089798
0.656805 0.500128 0.099255
0.662231 0.496678 0.103918
0.660762 0.504709 0.094232
0.646423 0.529832 0.068670
0.648133 0.520732 0.076790
0.652028 0.525770 0.072524
0.498760 0.569646 0.036645
0.502437 0.576359 0.033860
0.496770 0.581733 0.031518
0.504443 0.564509 0.039275
0.510138 0.559488 0.042031
0.513808 0.565957 0.038941
0.508116 0.571102 0.036334
0.487429 0.580281 0.031775
0.493088 0.574904 0.034145
0.491115 0.587228 0.029311
0.489425 0.568139 0.036960
0.491456 0.556438 0.042767
0.497145 0.551549 0.045694
0.495100 0.563003 0.039616
0.479847 0.598579 0.025308
0.481784 0.585781 0.029540
0.485474 0.592843 0.027240
0.469720 0.519230 0.065048
0.473344 0.525136 0.060959
0.467674 0.529466 0.057478
0.475380 0.515150 0.068765
0.481035 0.511188 0.072601
0.484680 0.516823 0.068245
0.479014 0.520923 0.064549
0.458397 0.527733 0.057940
0.464058 0.523423 0.061440
0.462008 0.533919 0.054104
0.460437 0.517506 0.065544
0.462454 0.507794 0.073661
0.468094 0.503997 0.077661
0.466090 0.513448 0.069279
0.450702 0.543206 0.047690
0.452742 0.532165 0.054551
0.456350 0.538500 0.050840
0.514818 0.489982 0.098167
0.518522 0.494748 0.092963
0.512908 0.498134 0.088543
0.520409 0.486844 0.102837
0.525986 0.483800 0.107630
0.529709 0.488286 0.102172
0.524123 0.491467 0.097506
0.503595 0.496575 0.089179
0.509213 0.493223 0.093615
0.507281 0.501632 0.084242
0.505514 0.488445 0.098832
0.507402 0.480833 0.108998
0.512978 0.477966 0.113922
0.511110 0.485345 0.103514
0.495995 0.508980 0.076000
0.497968 0.500045 0.084856
0.501642 0.505246 0.080061
0.424632 0.556300 0.039240
0.428240 0.563378 0.036213
0.422654 0.568814 0.033620
0.430226 0.551184 0.042090
0.435835 0.546221 0.045045
0.439443 0.553004 0.041731
0.433835 0.558113 0.038917
0.413475 0.567058 0.033855
0.419050 0.561584 0.036495
0.417068 0.574445 0.031139
0.415447 0.554455 0.039554
0.417417 0.542482 0.045812
0.423010 0.537681 0.048933
0.421025 0.549331 0.042442
0.405837 0.586443 0.026511
0.407892 0.572752 0.031323
0.411469 0.580307 0.028769
0.485264 0.673368 0.011570
0.489442 0.680441 0.011067
0.484099 0.686830 0.010667
0.490640 0.667032 0.012193
0.496032 0.660745 0.012924
0.500159 0.667785 0.012188
0.494793 0.674092 0.011574
0.474536 0.686183 0.010651
0.479898 0.679751 0.011056
0.478749 0.693280 0.010360
0.475766 0.672568 0.011562
0.477104 0.658958 0.012942
0.482524 0.652682 0.013803
0.481154 0.666203 0.012194
0.468018 0.706171 0.009882
0.469160 0.692688 0.010340
0.473378 0.699766 0.010105
0.366136 0.462395 0.106790
0.369853 0.467189 0.101817
0.364234 0.470284 0.097358
0.371756 0.459519 0.111443
0.377377 0.456745 0.116215
0.381089 0.461309 0.111064
0.375471 0.464196 0.106384
0.354892 0.468442 0.097810
0.360515 0.465370 0.102248
0.358614 0.473480 0.093000
0.356788 0.460578 0.107188
0.358679 0.453149 0.116872
0.364306 0.450492 0.121697
0.362412 0.457718 0.111811
0.347368 0.480157 0.084558
0.349267 0.471611 0.093466
0.352993 0.476771 0.088736
0.528255 0.440806 0.192369
0.532085 0.443836 0.185297
0.526838 0.445755 0.178969
0.533444 0.438933 0.199024
0.538583 0.437038 0.205885
0.542435 0.439966 0.198486
0.537285 0.441907 0.191798
0.517738 0.444505 0.179610
0.523019 0.442661 0.185905
0.521544 0.447669 0.172802
0.519217 0.439626 0.192955
0.520670 0.434924 0.206893
0.525854 0.433164 0.213887
0.524447 0.437834 0.199567
0.510816 0.451560 0.160876
0.512412 0.446347 0.173465
0.516203 0.449597 0.166778
0.498641 0.418131 0.252728
0.502255 0.421047 0.244967
0.497036 0.422706 0.237488
0.503783 0.416068 0.260539
0.508853 0.413688 0.268573
0.512472 0.416948 0.260426
0.507400 0.419143 0.252597
0.488135 0.421465 0.237595
0.493424 0.419913 0.245088
0.491746 0.424180 0.230124
0.489824 0.417022 0.252720
0.491461 0.411923 0.268406
0.496612 0.409487 0.276659
0.495045 0.415090 0.260538
0.480991 0.426869 0.215754
0.482779 0.422846 0.230230
0.486397 0.425538 0.222873
0.537851 0.390819 0.322716
0.541521 0.395986 0.313170
0.536814 0.400519 0.303706
0.542493 0.385440 0.332609
0.547111 0.379464 0.342599
0.550867 0.385690 0.332707
0.546199 0.391074 0.322853
0.528422 0.400194 0.303551
0.533164 0.395710 0.313011
0.532069 0.404644 0.294480
0.529455 0.390655 0.322452
0.530102 0.379327 0.342094
0.534515 0.372732 0.351994
0.534073 0.385302 0.332379
0.522408 0.411565 0.276868
0.523629 0.404242 0.294361
0.527272 0.408314 0.285527
0.602980 0.394272 0.319732
0.606537 0.399576 0.309394
0.602307 0.404166 0.300332
0.607436 0.389060 0.329213
0.611908 0.383506 0.338728
0.615045 0.389755 0.327873
0.610790 0.394766 0.318592
0.594221 0.403832 0.301243
0.598573 0.399192 0.310398
0.598088 0.408440 0.291437
0.595099 0.393808 0.320663
0.596676 0.381981 0.340892
0.601596 0.375536 0.350485
0.599709 0.388454 0.330273
0.589591 0.415980 0.274274
0.589908 0.408116 0.292283
0.593856 0.412372 0.282745
0.576344 0.336913 0.387479
0.580576 0.344173 0.382442
0.575424 0.351452 0.376481
0.581400 0.330037 0.391625
0.586369 0.323471 0.394968
0.590608 0.330258 0.391619
0.585670 0.337072 0.387458
0.566250 0.351272 0.376498
0.571274 0.344018 0.382460
0.570292 0.358799 0.369501
0.566849 0.336833 0.387462
0.567146 0.323361 0.394922
0.572106 0.317088 0.397509
0.571840 0.329967 0.391606
0.560328 0.373144 0.352364
0.561318 0.358582 0.369518
0.565245 0.366103 0.361444
0.440526 0.476754 0.102994
0.444191 0.481585 0.097792
0.438580 0.484786 0.093279
0.446128 0.473808 0.107738
0.451725 0.470978 0.112599
0.455397 0.475546 0.107164
0.449798 0.478506 0.102419
0.429307 0.483003 0.093848
0.434918 0.479818 0.098365
0.432965 0.488109 0.088882
0.431253 0.474985 0.103554
0.433188 0.467478 0.113699
0.438787 0.464790 0.118676
0.436858 0.472053 0.108299
0.421729 0.495115 0.080436
0.423692 0.486308 0.089445
0.427347 0.491553 0.084600
0.411104 0.442370 0.147531
0.414801 0.446305 0.141770
0.409188 0.448526 0.136333
0.416705 0.440380 0.153187
0.422291 0.438514 0.158950
0.425991 0.442217 0.152975
0.420403 0.444203 0.147321
0.399871 0.446718 0.136578
0.405492 0.444484 0.141993
0.403570 0.450860 0.131020
0.401786 0.440540 0.147693
0.403686 0.434790 0.159173
0.409285 0.433015 0.165028
0.407399 0.438533 0.153333
0.392328 0.455862 0.120785
0.394248 0.449063 0.131289
0.397949 0.453305 0.125838
0.455452 0.429282 0.195665
0.459143 0.432355 0.189025
0.453654 0.433815 0.182732
0.460946 0.427957 0.202225
0.466437 0.426664 0.208958
0.470091 0.429561 0.202042
0.464621 0.430940 0.195456
0.444448 0.432072 0.182976
0.449953 0.430650 0.189254
0.448155 0.435330 0.176567
0.446267 0.427553 0.195832
0.448140 0.423337 0.209169
0.453675 0.422193 0.216036
0.451784 0.426278 0.202375
0.437111 0.438580 0.164572
0.438934 0.433557 0.176816
0.442642 0.436913 0.170516
0.562090 0.677659 0.011568
0.566534 0.684081 0.011095
0.561327 0.690186 0.010721
0.567370 0.671583 0.012145
0.572684 0.665551 0.012822
0.577035 0.671983 0.012143
0.571768 0.678005 0.011570
0.551623 0.689898 0.010714
0.556843 0.683766 0.011090
0.556141 0.696321 0.010428
0.552426 0.677278 0.011566
0.553412 0.664625 0.012840
0.558777 0.658575 0.013629
0.557717 0.671174 0.012148
0.545786 0.708502 0.009947
0.546421 0.696061 0.010421
0.550958 0.702450 0.010174
0.528910 0.624299 0.019516
0.532850 0.631107 0.018086
0.527329 0.637052 0.016843
0.534494 0.618475 0.020977
0.540108 0.612714 0.022540
0.543988 0.619435 0.020880
0.538402 0.625236 0.019432
0.517836 0.636165 0.016901
0.523357 0.630194 0.018157
0.521841 0.643069 0.015703
0.519437 0.623315 0.019606
0.521174 0.610608 0.022784
0.526811 0.604860 0.024481
0.525019 0.617467 0.021081
0.510952 0.655308 0.013734
0.512345 0.642210 0.015749
0.516383 0.649155 0.014666
0.574196 0.579839 0.034572
0.578001 0.586129 0.032038
0.572296 0.591453 0.029832
0.579917 0.574701 0.037067
0.585642 0.569662 0.039698
0.589435 0.575777 0.036868
0.583714 0.580905 0.034384
0.562783 0.590406 0.029998
0.568485 0.585073 0.032215
0.566602 0.596873 0.027770
0.564695 0.578732 0.034778
0.566650 0.567395 0.040178
0.572378 0.562455 0.042965
0.570413 0.573592 0.037285
0.555252 0.608011 0.024081
0.557094 0.595838 0.027922
0.560921 0.602393 0.025853
0.740686 0.518448 0.086657
0.744787 0.523189 0.082446
0.739310 0.526821 0.078578
0.746121 0.514955 0.090640
0.751534 0.511533 0.094644
0.755680 0.516171 0.090262
0.750244 0.519642 0.086344
0.729750 0.525680 0.078785
0.735229 0.522022 0.082702
0.733809 0.530543 0.074749
0.731139 0.517264 0.086976
0.732450 0.509093 0.095555
0.737838 0.505701 0.099729
0.736573 0.513749 0.091023
0.722736 0.538277 0.067254
0.724247 0.529429 0.074917
0.728285 0.534359 0.070971
0.707538 0.482308 0.126762
0.711714 0.486611 0.121035
0.706450 0.489860 0.116267
0.712719 0.479132 0.131755
0.717861 0.475985 0.136810
0.722134 0.480226 0.130743
0.716942 0.483402 0.125861
0.697052 0.488770 0.116983
0.702317 0.485519 0.121837
0.701150 0.493151 0.111552
0.698168 0.481264 0.127621
0.699135 0.473976 0.138851
0.704215 0.470869 0.144179
0.703347 0.478094 0.132703
0.690452 0.499882 0.102309
0.691746 0.492061 0.112196
0.695818 0.496489 0.106897
0.690633 0.466045 0.151765
0.694898 0.469959 0.145206
0.689812 0.473045 0.139812
0.695609 0.463007 0.157426
0.700521 0.459970 0.163197
0.704897 0.463821 0.156295
0.699927 0.466887 0.150700
0.724176 0.499930 0.105151
0.728317 0.504485 0.100261
0.722930 0.507894 0.096009
0.729514 0.496628 0.109545
0.734828 0.493371 0.113964
0.739023 0.497849 0.108841
0.733681 0.501141 0.104540
0.559182 0.555181 0.046491
0.562908 0.561256 0.043248
0.557183 0.566194 0.040445
0.564912 0.550454 0.049556
0.570639 0.545832 0.052736
0.574369 0.551683 0.049227
0.568637 0.556419 0.046177
0.513600 0.596817 0.026650
0.517369 0.603717 0.024633
0.511735 0.609484 0.022919
0.519262 0.591225 0.028647
0.524937 0.585747 0.030787
0.528691 0.592448 0.028448
0.523024 0.598026 0.026468
0.545003 0.651353 0.014571
0.549174 0.658017 0.013647
0.543803 0.664096 0.012851
0.550446 0.645355 0.015578
0.555925 0.639419 0.016687
0.560020 0.646018 0.015542
0.554579 0.651988 0.014544
0.440921 0.417605 0.222993
0.444519 0.420452 0.216049
0.438961 0.421537 0.209201
0.446483 0.416618 0.230106
0.452020 0.415573 0.237335
0.455604 0.418336 0.230194
0.450073 0.419392 0.223055
0.396246 0.427552 0.170965
0.399967 0.431133 0.165050
0.394354 0.432925 0.159210
0.401850 0.425979 0.177024
0.407445 0.424514 0.183201
0.411154 0.427907 0.177074
0.405567 0.429462 0.171006
0.425844 0.458690 0.124742
0.429517 0.463025 0.119183
0.423911 0.465703 0.114204
0.431446 0.456246 0.129955
0.437041 0.453909 0.135284
0.440712 0.458008 0.129489
0.435117 0.460462 0.124277
0.557435 0.311171 0.399365
0.562329 0.317096 0.397491
0.557451 0.323345 0.394909
0.562324 0.305580 0.400599
0.567227 0.300301 0.401243
0.572171 0.305556 0.400616
0.567246 0.311164 0.399375
0.590971 0.367244 0.360812
0.593811 0.374847 0.351226
0.588761 0.381437 0.341566
0.596160 0.359992 0.368870
0.601153 0.352848 0.375855
0.603964 0.360851 0.368297
0.598938 0.367897 0.360271
0.521338 0.366146 0.360368
0.525872 0.372898 0.351548
0.521570 0.379480 0.341570
0.525410 0.358718 0.368810
0.529597 0.351269 0.376075
0.534377 0.358428 0.369199
0.530111 0.365788 0.360915
0.484311 0.405211 0.284273
0.487884 0.408628 0.276327
0.482651 0.410904 0.268119
0.489448 0.402313 0.292956
0.494477 0.398918 0.301930
0.498086 0.402876 0.293555
0.493033 0.405975 0.284798
0.513225 0.429307 0.221935
0.516930 0.432078 0.214358
0.511695 0.433744 0.207413
0.518396 0.427654 0.229198
0.523502 0.425862 0.236614
0.527228 0.428630 0.228827
0.522112 0.430381 0.221509
0.351188 0.444299 0.127095
0.354938 0.448679 0.121969
0.349309 0.451327 0.117181
0.356820 0.441840 0.132098
0.362454 0.439472 0.137237
0.366198 0.443663 0.131928
0.360568 0.446123 0.126882
0.469174 0.644293 0.014826
0.473113 0.651649 0.013818
0.467691 0.657946 0.012943
0.474629 0.638120 0.015935
0.480107 0.632021 0.017151
0.484009 0.639256 0.015894
0.478550 0.645419 0.014802
0.410190 0.529197 0.053031
0.413806 0.535767 0.049344
0.408229 0.540558 0.046192
0.415784 0.524729 0.056400
0.421392 0.520403 0.059864
0.425008 0.526640 0.055937
0.419399 0.531130 0.052592
0.499988 0.472174 0.120348
0.503695 0.476443 0.114611
0.498112 0.479275 0.109668
0.505553 0.469568 0.125532
0.511102 0.467046 0.130824
0.514820 0.471061 0.124832
0.509265 0.473707 0.119664
0.455164 0.496899 0.082893
0.458811 0.502279 0.078200
0.453177 0.506051 0.074195
0.460788 0.493394 0.087159
0.466406 0.490011 0.091551
0.470071 0.495100 0.086602
0.464444 0.498627 0.082337
0.484201 0.543586 0.049575
0.487824 0.549962 0.046090
0.482144 0.554844 0.043138
0.489888 0.538961 0.052776
0.495580 0.534458 0.056086
0.499210 0.540566 0.052332
0.493514 0.545203 0.049155
0.648896 0.491272 0.109837
0.652849 0.495650 0.104456
0.647416 0.499088 0.099738
0.654274 0.487971 0.114794
0.659615 0.484722 0.119833
0.663621 0.488956 0.114158
0.658252 0.492274 0.109265
0.604745 0.520203 0.074237
0.608550 0.525383 0.069944
0.602895 0.529512 0.066188
0.610361 0.516286 0.078260
0.615953 0.512466 0.082408
0.619790 0.517423 0.077842
0.614181 0.521353 0.073829
0.635247 0.564081 0.044532
0.639094 0.569911 0.041520
0.633366 0.574843 0.038800
0.640968 0.559335 0.047521
0.646680 0.554688 0.050639
0.650544 0.560319 0.047365
0.644821 0.565069 0.044377
0.584028 0.436153 0.217922
0.588131 0.438980 0.209945
0.583313 0.441271 0.202885
0.588720 0.433866 0.225265
0.593308 0.431450 0.232663
0.597503 0.434249 0.224469
0.592863 0.436646 0.217168
0.543641 0.453301 0.164774
0.547494 0.456624 0.158148
0.542152 0.458879 0.152320
0.548906 0.451185 0.170852
0.554121 0.449089 0.177072
0.558036 0.452240 0.170181
0.552790 0.454415 0.164100
0.574289 0.482986 0.114886
0.578098 0.487221 0.109228
0.572560 0.490385 0.104361
0.579788 0.480006 0.120008
0.585254 0.477084 0.125246
0.589096 0.481088 0.119324
0.583611 0.484124 0.114217
0.618726 0.412727 0.279811
0.623130 0.416354 0.270502
0.619107 0.419770 0.262445
0.622659 0.408909 0.288241
0.626515 0.404953 0.296792
0.630913 0.409142 0.287074
0.627066 0.412805 0.278723
0.655242 0.438204 0.211056
0.659787 0.441383 0.203031
0.655181 0.444222 0.196215
0.659702 0.435361 0.218122
0.664069 0.432480 0.225251
0.668780 0.435649 0.216938
0.664322 0.438532 0.209951
0.616918 0.460357 0.158768
0.620979 0.463797 0.152101
0.615815 0.466598 0.146359
0.621967 0.457635 0.164775
0.626945 0.454913 0.170929
0.631101 0.458232 0.163990
0.626076 0.461011 0.157975
0.680543 0.528983 0.071785
0.684497 0.534072 0.067793
0.678896 0.538187 0.064105
0.686097 0.525050 0.075690
0.691620 0.521212 0.079689
0.695615 0.526139 0.075471
0.690070 0.530057 0.071584
0.529621 0.509827 0.078288
0.533316 0.515113 0.073727
0.527655 0.519080 0.069859
0.535257 0.506115 0.082428
0.540879 0.502516 0.086695
0.544602 0.507522 0.081854
0.538965 0.511261 0.077726
0.439102 0.585140 0.028263
0.442742 0.592545 0.026004
0.437171 0.598424 0.024064
0.444694 0.579485 0.030484
0.450298 0.573972 0.032833
0.453933 0.581132 0.030243
0.448331 0.586774 0.028056
0.502365 0.701049 0.010141
0.506809 0.707602 0.009924
0.501576 0.713701 0.009726
0.507657 0.694710 0.010393
0.512940 0.688394 0.010690
0.517329 0.695096 0.010400
0.512063 0.701389 0.010148
0.380960 0.482346 0.087272
0.384649 0.487675 0.082584
0.379045 0.491277 0.078507
0.386570 0.478982 0.091558
0.392180 0.475734 0.095950
0.395862 0.480813 0.091053
0.390254 0.484186 0.086764
0.552500 0.409831 0.285419
0.556252 0.413858 0.276485
0.551619 0.416974 0.268020
0.557093 0.406047 0.294378
0.561670 0.401865 0.303553
0.565347 0.406635 0.294094
0.560822 0.410427 0.285179
0.470289 0.442019 0.169477
0.474014 0.445412 0.163090
0.468510 0.447271 0.157219
0.475759 0.440343 0.175565
0.481204 0.438719 0.181774
0.484941 0.441931 0.175161
0.479491 0.443638 0.169070
0.589540 0.605232 0.025501
0.593429 0.611660 0.023673
0.587775 0.617219 0.022062
0.595227 0.599789 0.027386
0.600923 0.594433 0.029416
0.604791 0.600742 0.027277
0.599104 0.606160 0.025402
0.682008 0.458530 0.165474
0.681355 0.465242 0.152801
0.677081 0.461499 0.159584
0.686337 0.462235 0.158522
0.685598 0.469091 0.146209
0.715876 0.490990 0.115529
0.714695 0.498750 0.105750
0.710574 0.494271 0.110907
0.720028 0.495432 0.110237
0.718815 0.503291 0.100787
0.551775 0.543261 0.053474
0.549748 0.553897 0.046823
0.546054 0.547860 0.050264
0.555473 0.549179 0.049902
0.553456 0.560012 0.043547
0.506134 0.583130 0.031264
0.504197 0.595554 0.026842
0.500472 0.588620 0.029083
0.509855 0.589953 0.028860
0.507948 0.602525 0.024795
0.536842 0.637890 0.016787
0.535444 0.650669 0.014601
0.531357 0.643880 0.015658
0.540892 0.644642 0.015617
0.539591 0.657410 0.013666
0.433777 0.411893 0.236966
0.431755 0.415683 0.222873
0.428186 0.412780 0.229778
0.437340 0.414768 0.229972
0.435345 0.418597 0.216007
0.388822 0.420565 0.182937
0.386904 0.425624 0.170876
0.383187 0.422064 0.176775
0.392528 0.424034 0.176924
0.390629 0.429240 0.165023
0.418488 0.450339 0.136048
0.416559 0.456901 0.125154
0.412877 0.452664 0.130718
0.422169 0.454465 0.130367
0.420237 0.461245 0.119646
0.547532 0.300319 0.401227
0.547632 0.311175 0.399352
0.542664 0.305597 0.400588
0.552492 0.305586 0.400591
0.552574 0.317092 0.397478
0.584451 0.351704 0.376391
0.582635 0.366781 0.361152
0.579226 0.359072 0.369411
0.587907 0.359436 0.369215
0.585739 0.374324 0.351734
0.511587 0.352557 0.374914
0.512678 0.366783 0.359521
0.507889 0.360250 0.367166
0.516528 0.359285 0.368180
0.517261 0.373268 0.350869
0.477175 0.398019 0.300109
0.475522 0.404339 0.283648
0.471979 0.400900 0.291413
0.480740 0.401671 0.292211
0.479081 0.407677 0.275874
0.505890 0.423856 0.237252
0.504315 0.428140 0.222345
0.500664 0.425432 0.229906
0.509544 0.426592 0.229573
0.507989 0.430904 0.214829
0.343650 0.435770 0.137416
0.341792 0.442456 0.127291
0.338019 0.438140 0.132379
0.347425 0.439999 0.132246
0.345555 0.446850 0.122223
0.461430 0.629522 0.017259
0.459831 0.643091 0.014846
0.455966 0.635628 0.016005
0.465281 0.636910 0.015972
0.463737 0.650538 0.013827
0.402940 0.516543 0.060837
0.400991 0.527226 0.053473
0.397362 0.520808 0.057334
0.406569 0.522786 0.056865
0.404613 0.533815 0.049755
0.492583 0.463987 0.132162
0.490712 0.470600 0.120991
0.487016 0.466439 0.126823
0.496285 0.468024 0.126202
0.494411 0.474878 0.115271
0.447853 0.486552 0.092699
0.445890 0.495138 0.083463
0.442238 0.489892 0.088308
0.451511 0.491656 0.087730
0.449537 0.500525 0.078755
0.476963 0.531166 0.057015
0.474902 0.541928 0.049996
0.471288 0.535636 0.053661
0.480582 0.537317 0.053219
0.478520 0.548334 0.046487
0.640988 0.482837 0.121122
0.639555 0.490278 0.110393
0.635626 0.486033 0.115987
0.644944 0.487000 0.115395
0.643484 0.494630 0.104976
0.597135 0.510179 0.083367
0.595317 0.519036 0.074679
0.591526 0.513965 0.079197
0.600941 0.515133 0.078712
0.599106 0.524221 0.070343
0.627588 0.552637 0.051025
0.625690 0.563067 0.044708
0.621871 0.557283 0.047902
0.631412 0.558323 0.047701
0.629521 0.568922 0.041673
0.575900 0.430516 0.234117
0.575203 0.435546 0.218610
0.571191 0.432738 0.226637
0.579951 0.433359 0.225987
0.579245 0.438387 0.210667
0.535931 0.446925 0.178343
0.534498 0.452136 0.165436
0.530666 0.448909 0.172148
0.539785 0.450075 0.171504
0.538327 0.455456 0.158827
0.566669 0.474871 0.126644
0.564972 0.481796 0.115559
0.561179 0.477683 0.121379
0.570481 0.478869 0.120694
0.568765 0.486031 0.109885
0.610385 0.404431 0.299290
0.610431 0.412719 0.280892
0.606277 0.408669 0.290486
0.614470 0.408792 0.289419
0.614719 0.416387 0.271544
0.646085 0.432056 0.227377
0.646214 0.437915 0.212023
0.641707 0.434888 0.220095
0.650677 0.435099 0.219176
0.650707 0.441023 0.204042
0.608749 0.453857 0.172588
0.607769 0.459706 0.159598
0.603718 0.456446 0.166445
0.612842 0.457044 0.165596
0.611800 0.463087 0.152900
0.672633 0.519022 0.080247
0.671028 0.527911 0.072009
0.667093 0.522883 0.076200
0.676588 0.523965 0.075933
0.674963 0.533014 0.067980
0.522225 0.499645 0.087910
0.520288 0.508351 0.078866
0.516599 0.503178 0.083623
0.525925 0.504671 0.083017
0.523973 0.513652 0.074277
0.431852 0.570550 0.033371
0.429882 0.583511 0.028453
0.426263 0.576126 0.030938
0.435472 0.577806 0.030720
0.433514 0.590959 0.026166
0.493688 0.687411 0.010679
0.492683 0.700669 0.010134
0.488363 0.693812 0.010375
0.497999 0.694286 0.010386
0.497089 0.707302 0.009918
0.373562 0.472108 0.096900
0.371653 0.480504 0.087767
0.367946 0.475328 0.092527
0.377265 0.477158 0.092048
0.375352 0.485819 0.083089
0.545152 0.400894 0.303772
0.544138 0.409294 0.285535
0.540462 0.405060 0.294543
0.548803 0.405522 0.294520
0.547853 0.413254 0.276695
0.462849 0.435500 0.182445
0.461080 0.440363 0.169855
0.457365 0.437051 0.176264
0.466567 0.438720 0.175928
0.464796 0.443766 0.163505
0.581827 0.592461 0.029682
0.579988 0.604302 0.025608
0.576131 0.597862 0.027630
0.585674 0.598830 0.027503
0.583866 0.610765 0.023762
0.732312 0.539329 0.067156
0.726742 0.543320 0.063525
0.737857 0.535443 0.070850
0.721147 0.547417 0.059971
0.715530 0.551622 0.056507
0.754355 0.524363 0.082200
0.748878 0.527966 0.078382
0.759812 0.520843 0.086038
0.743379 0.531657 0.074596
0.555551 0.708663 0.009954
0.550409 0.714585 0.009751
0.560707 0.702647 0.010182
0.545282 0.720403 0.009574
0.540172 0.726106 0.009421
0.576234 0.684386 0.011101
0.571044 0.690444 0.010728
0.581453 0.678379 0.011573
0.565874 0.696550 0.010436
0.339848 0.492874 0.072021
0.461854 0.724915 0.009381
0.398007 0.607258 0.020461
0.641372 0.616287 0.023308
0.635705 0.621734 0.021730
0.647070 0.610840 0.025006
0.630081 0.627178 0.020257
0.624505 0.632640 0.018889
0.664237 0.594791 0.031004
0.658506 0.600080 0.028856
0.669973 0.589578 0.033296
0.652782 0.605433 0.026855
0.687157 0.574497 0.041006
0.681437 0.579423 0.038299
0.692866 0.569683 0.043846
0.675707 0.584453 0.035728
0.709892 0.555952 0.053154
0.704235 0.560408 0.049923
0.698560 0.564986 0.046819
0.428702 0.667578 0.011426
0.514917 0.752802 0.008982
0.509931 0.757837 0.008952
0.519924 0.747685 0.009031
0.504972 0.762810 0.008938
0.500038 0.767734 0.008940
0.535080 0.731685 0.009292
0.530007 0.737139 0.009184
0.524956 0.742470 0.009098
0.369655 0.544820 0.041001
0.597305 0.660734 0.013576
0.591986 0.666549 0.012811
0.602662 0.654989 0.014440
0.586702 0.672432 0.012143
0.618976 0.638143 0.017625
0.613495 0.643699 0.016463
0.608058 0.649312 0.015402
0.321156 0.465939 0.094821
0.317412 0.460957 0.099542
0.324897 0.471045 0.090140
0.313662 0.456090 0.104294
0.309902 0.451328 0.109064
0.336110 0.487197 0.076431
0.332373 0.481664 0.080933
0.328636 0.476283 0.085507
0.440549 0.690541 0.010247
0.436571 0.682911 0.010529
0.444581 0.698030 0.010027
0.432629 0.675240 0.010915
0.457374 0.718629 0.009515
0.452992 0.712073 0.009667
0.448722 0.705218 0.009838
0.380484 0.567542 0.031796
0.376931 0.559776 0.034684
0.383980 0.575478 0.029109
0.373317 0.552201 0.037757
0.394423 0.599510 0.022310
0.390907 0.591596 0.024364
0.387441 0.583532 0.026633
0.409186 0.629918 0.015966
0.405387 0.622433 0.017302
0.413046 0.637383 0.014780
0.401661 0.614887 0.018796
0.424778 0.659957 0.012065
0.420856 0.652385 0.012834
0.416941 0.644864 0.013738
0.475772 0.742368 0.009088
0.471063 0.736768 0.009168
0.480538 0.747768 0.009025
0.466421 0.730956 0.009266
0.495110 0.762946 0.008938
0.490214 0.758038 0.008951
0.485354 0.752987 0.008980
0.351064 0.510846 0.059461
0.347327 0.504676 0.063532
0.354800 0.517217 0.055507
0.343588 0.498692 0.067720
0.365963 0.537623 0.044408
0.362252 0.530612 0.047970
0.358530 0.523806 0.051674
