0.597093 0.577984 0.038036
0.594691 0.589527 0.032775
0.591164 0.583040 0.035379
0.479182 0.433299 0.201855
0.477550 0.437449 0.189027
0.473802 0.434438 0.195636
0.554518 0.391221 0.323464
0.554654 0.401786 0.305708
0.550560 0.396441 0.314420
0.390343 0.461341 0.113385
0.388321 0.468875 0.103345
0.384695 0.464118 0.108601
0.505426 0.672142 0.011955
0.504094 0.685921 0.010926
0.499977 0.678726 0.011370
0.447745 0.553204 0.041674
0.445485 0.565711 0.035684
0.442024 0.558505 0.038732
0.539805 0.489620 0.104222
0.537850 0.497147 0.094314
0.534135 0.492510 0.099465
0.690315 0.513342 0.099381
0.688541 0.521400 0.089875
0.684751 0.516566 0.094595
0.625083 0.451906 0.196280
0.624649 0.457414 0.182625
0.620354 0.454373 0.189466
0.658415 0.428324 0.257242
0.659729 0.435047 0.241431
0.654718 0.431659 0.249225
0.617550 0.394536 0.322988
0.618941 0.404598 0.305626
0.614211 0.399524 0.314413
0.584378 0.469918 0.146374
0.582823 0.475771 0.134726
0.578927 0.472143 0.140718
0.552109 0.445299 0.198080
0.551045 0.449895 0.184926
0.547009 0.446987 0.191608
0.589010 0.428031 0.256334
0.589379 0.433936 0.240922
0.584902 0.430837 0.248601
0.644535 0.541962 0.064477
0.642197 0.551684 0.056938
0.638651 0.546031 0.060700
0.615199 0.501630 0.100822
0.613265 0.509454 0.091084
0.609538 0.504750 0.096047
0.658833 0.479038 0.143849
0.657577 0.485703 0.132078
0.653594 0.481741 0.138013
0.493942 0.516603 0.069413
0.491697 0.526543 0.061413
0.488152 0.520631 0.065566
0.464705 0.476059 0.108691
0.462743 0.483517 0.098640
0.459059 0.478821 0.103905
0.509563 0.458422 0.150455
0.507793 0.463877 0.138914
0.504016 0.460254 0.144956
0.419360 0.502319 0.073261
0.417287 0.512190 0.064933
0.413691 0.506240 0.069291
0.475437 0.612208 0.021477
0.473334 0.626027 0.018244
0.469759 0.618393 0.019812
0.361515 0.427820 0.158159
0.359431 0.433759 0.147029
0.355827 0.429739 0.152692
0.520226 0.422086 0.256605
0.519255 0.427103 0.241746
0.515400 0.424134 0.249284
0.489362 0.390627 0.320519
0.488845 0.398815 0.304224
0.484989 0.394678 0.312039
0.517342 0.338218 0.382982
0.518727 0.352045 0.372291
0.513522 0.345460 0.377847
0.591188 0.338237 0.383925
0.589805 0.352345 0.373502
0.586373 0.344969 0.379075
0.554556 0.291236 0.397438
0.554583 0.301237 0.397085
0.549644 0.296198 0.397329
0.435389 0.443824 0.155058
0.433423 0.449372 0.143580
0.429798 0.445568 0.149558
0.406607 0.416735 0.205482
0.404587 0.421057 0.192804
0.401044 0.417746 0.199253
0.450116 0.410272 0.258719
0.448348 0.414232 0.244506
0.444803 0.411250 0.251748
0.550167 0.621868 0.020977
0.548180 0.634869 0.017978
0.544438 0.627836 0.019433
0.521924 0.566451 0.039484
0.519510 0.578560 0.033925
0.516045 0.571690 0.036732
0.569054 0.529821 0.066233
0.566705 0.539700 0.058527
0.563183 0.533905 0.062473
0.732878 0.489482 0.141139
0.731893 0.496826 0.129841
0.727752 0.492369 0.135632
0.697536 0.456862 0.195243
0.697573 0.463562 0.181165
0.693063 0.459812 0.188284
0.600608 0.584380 0.035271
0.482938 0.436255 0.195143
0.558585 0.396844 0.314606
0.393968 0.465970 0.108043
0.509501 0.679348 0.011386
0.451215 0.560254 0.038466
0.543543 0.494106 0.098960
0.694141 0.518093 0.094545
0.629452 0.454965 0.189311
0.663542 0.431782 0.249355
0.622142 0.399832 0.314114
0.588311 0.473435 0.140298
0.556188 0.448194 0.191271
0.593569 0.431283 0.248556
0.648105 0.547499 0.060598
0.618955 0.506212 0.095736
0.662871 0.482942 0.137784
0.497505 0.522358 0.065139
0.468401 0.480604 0.103332
0.513364 0.461922 0.144342
0.422963 0.508105 0.068791
0.478993 0.619757 0.019768
0.365104 0.431745 0.152395
0.524116 0.425231 0.248978
0.493313 0.394941 0.312613
0.522527 0.344810 0.378223
0.594599 0.345560 0.379191
0.559479 0.296190 0.397338
0.439021 0.447507 0.148999
0.410143 0.419974 0.198927
0.453682 0.413304 0.251417
0.553868 0.628837 0.019394
0.525383 0.573190 0.036514
0.572599 0.535480 0.062169
0.737085 0.493936 0.135168
0.702130 0.460641 0.187954
0.695824 0.483870 0.142691
0.699928 0.488046 0.136652
0.694721 0.490924 0.131039
0.700893 0.481029 0.148569
0.715590 0.472449 0.166958
0.719981 0.476570 0.160251
0.715082 0.479445 0.154186
0.727845 0.519596 0.099240
0.731740 0.524381 0.094552
0.726184 0.527628 0.089959
0.733314 0.516495 0.104000
0.749451 0.507548 0.118591
0.753506 0.512155 0.113464
0.748131 0.515119 0.108669
0.559397 0.572398 0.038639
0.562884 0.578960 0.035782
0.556980 0.584227 0.033251
0.565320 0.567383 0.041481
0.583127 0.553137 0.050851
0.586617 0.559224 0.047391
0.580673 0.563964 0.044271
0.512619 0.617372 0.021210
0.516254 0.624632 0.019567
0.510559 0.630831 0.018108
0.518377 0.611347 0.022919
0.535843 0.593860 0.028772
0.539367 0.600871 0.026584
0.533538 0.606668 0.024654
0.543538 0.674594 0.012006
0.547768 0.681454 0.011448
0.542461 0.687831 0.010994
0.548935 0.668248 0.012698
0.565383 0.649569 0.015474
0.569384 0.656383 0.014433
0.563914 0.662565 0.013512
0.442840 0.425557 0.203845
0.446475 0.428624 0.197193
0.441029 0.429682 0.191156
0.448270 0.424618 0.210098
0.464466 0.421890 0.229738
0.468099 0.424691 0.222608
0.462721 0.425657 0.216023
0.398503 0.435863 0.156862
0.402100 0.439659 0.150940
0.396454 0.441594 0.145501
0.404138 0.434169 0.162473
0.420910 0.429877 0.179760
0.424524 0.433265 0.173509
0.418953 0.434661 0.167759
0.427456 0.468787 0.111113
0.431108 0.473382 0.105720
0.425458 0.476283 0.101022
0.433096 0.466165 0.115998
0.449970 0.459102 0.131190
0.453640 0.463167 0.125417
0.448019 0.465519 0.120353
0.554671 0.337464 0.383482
0.559234 0.344405 0.378716
0.554585 0.351388 0.373034
0.559445 0.330749 0.387514
0.574179 0.312104 0.395267
0.578862 0.318089 0.393453
0.573943 0.324279 0.390868
0.586357 0.392923 0.323800
0.590433 0.398620 0.314817
0.586738 0.403698 0.306011
0.590344 0.387277 0.332874
0.603273 0.368344 0.359165
0.606208 0.375710 0.350537
0.602089 0.381826 0.341810
0.522076 0.390489 0.322552
0.526202 0.395652 0.313812
0.522042 0.400366 0.305042
0.525999 0.385025 0.331697
0.537353 0.365491 0.358670
0.541911 0.372411 0.350331
0.538036 0.378963 0.341264
0.485429 0.417118 0.257759
0.489123 0.420141 0.250306
0.483968 0.421504 0.243207
0.490477 0.415325 0.265106
0.504932 0.407653 0.288306
0.508736 0.411555 0.280213
0.504008 0.414277 0.272452
0.515631 0.440019 0.199767
0.519535 0.442928 0.192961
0.514267 0.444337 0.186840
0.520819 0.438603 0.206160
0.535958 0.433905 0.226586
0.539957 0.436723 0.219262
0.534962 0.438388 0.212362
0.353265 0.453830 0.115541
0.356882 0.458497 0.110266
0.351216 0.461373 0.105607
0.358928 0.451184 0.120354
0.375896 0.443919 0.135370
0.379500 0.448128 0.129790
0.373848 0.450547 0.124763
0.467685 0.668878 0.011868
0.471560 0.676518 0.011295
0.466042 0.683311 0.010819
0.473226 0.662164 0.012605
0.489931 0.642460 0.015562
0.493693 0.649983 0.014454
0.488135 0.656518 0.013479
0.410999 0.546046 0.042803
0.414510 0.553233 0.039464
0.408848 0.558846 0.036499
0.416649 0.540864 0.046015
0.433687 0.526454 0.056235
0.437229 0.532909 0.052349
0.431527 0.537710 0.048975
0.502188 0.483040 0.106457
0.505918 0.487542 0.101126
0.500232 0.490495 0.096467
0.507846 0.480374 0.111319
0.524730 0.473064 0.126489
0.528511 0.477010 0.120745
0.522888 0.479476 0.115684
0.456575 0.509590 0.071234
0.460156 0.515368 0.066871
0.454413 0.519517 0.063085
0.462302 0.505743 0.075240
0.479450 0.495101 0.087970
0.483105 0.500239 0.083108
0.477377 0.503794 0.078876
0.484696 0.560057 0.040536
0.488142 0.566978 0.037447
0.482324 0.572409 0.034769
0.490522 0.554931 0.043512
0.508057 0.540496 0.053185
0.511539 0.546815 0.049504
0.505676 0.551621 0.046298
0.652793 0.507427 0.099871
0.656570 0.512097 0.094909
0.650919 0.515404 0.090218
0.658365 0.504308 0.104817
0.674783 0.495337 0.120361
0.678701 0.499685 0.114864
0.673244 0.502685 0.109701
0.606776 0.535962 0.065138
0.610324 0.541560 0.061178
0.604416 0.545781 0.057546
0.612641 0.531987 0.069004
0.630065 0.520799 0.081415
0.633718 0.525922 0.076952
0.627911 0.529650 0.072807
0.634922 0.583439 0.037645
0.638462 0.589743 0.034935
0.632535 0.594788 0.032456
0.640870 0.578584 0.040442
0.658752 0.564659 0.049786
0.662288 0.570557 0.046475
0.656323 0.575193 0.043351
0.588719 0.449362 0.197066
0.592957 0.452275 0.190165
0.587969 0.454306 0.183651
0.593535 0.447250 0.203909
0.607224 0.440216 0.225608
0.611740 0.443096 0.218064
0.607235 0.445580 0.210797
0.546905 0.464560 0.148182
0.550773 0.468024 0.142105
0.545250 0.470156 0.136606
0.552349 0.462607 0.153848
0.568389 0.457023 0.171491
0.572421 0.460082 0.165094
0.567083 0.462001 0.159185
0.577499 0.495805 0.102348
0.581250 0.500325 0.097161
0.575541 0.503462 0.092515
0.583157 0.492919 0.107235
0.599953 0.484735 0.122638
0.603794 0.488755 0.116979
0.598206 0.491527 0.111842
0.623497 0.428423 0.256277
0.628376 0.431597 0.248509
0.624431 0.434716 0.240728
0.627192 0.424981 0.264249
0.637453 0.413620 0.288916
0.642727 0.417548 0.280904
0.639358 0.421291 0.272656
0.661294 0.454113 0.196190
0.665792 0.457540 0.189068
0.661119 0.460244 0.182246
0.665775 0.451297 0.203343
0.678526 0.442293 0.225710
0.683378 0.445858 0.217915
0.679161 0.448923 0.210458
0.621719 0.474540 0.144837
0.625696 0.478200 0.138767
0.620304 0.480776 0.133131
0.626990 0.472065 0.150694
0.642298 0.464623 0.169174
0.646491 0.468048 0.162689
0.641422 0.470591 0.156481
0.682392 0.547803 0.064304
0.686005 0.553254 0.060473
0.680114 0.557384 0.056757
0.688226 0.543904 0.068272
0.705485 0.532878 0.080925
0.709225 0.537961 0.076659
0.703480 0.541615 0.072426
0.531445 0.523373 0.067670
0.534990 0.529082 0.063499
0.529136 0.533297 0.059829
0.537265 0.519441 0.071566
0.554627 0.508503 0.084008
0.558273 0.513615 0.079326
0.552478 0.517270 0.075182
0.438741 0.606266 0.021711
0.442245 0.613998 0.019930
0.436615 0.620362 0.018317
0.444400 0.600092 0.023601
0.461544 0.582118 0.030015
0.464981 0.589607 0.027608
0.459245 0.595600 0.025501
0.501182 0.725124 0.009466
0.505783 0.731070 0.009329
0.500636 0.736721 0.009209
0.506406 0.719146 0.009637
0.522226 0.700354 0.010325
0.526634 0.707026 0.010078
0.521387 0.713250 0.009846
0.382284 0.494804 0.075368
0.385920 0.500559 0.070810
0.380290 0.504590 0.066846
0.387926 0.491060 0.079516
0.404866 0.480654 0.092490
0.408497 0.485844 0.087496
0.402847 0.489314 0.083186
0.554694 0.425500 0.256305
0.558888 0.428800 0.248648
0.554340 0.431068 0.241094
0.559042 0.422716 0.264139
0.571209 0.412277 0.288759
0.575565 0.416699 0.280420
0.571626 0.420234 0.272226
0.472326 0.451398 0.152731
0.476045 0.454978 0.146654
0.470459 0.456857 0.141202
0.477870 0.449750 0.158322
0.494321 0.445385 0.175540
0.498132 0.448520 0.169170
0.492657 0.449996 0.163447
0.587978 0.625916 0.020810
0.591739 0.632629 0.019272
0.586077 0.638403 0.017887
0.593741 0.620289 0.022437
0.611264 0.603911 0.028045
0.614857 0.610518 0.025993
0.609011 0.615933 0.024135
0.678969 0.468237 0.168382
0.678285 0.474727 0.155565
0.674066 0.470957 0.162057
0.683253 0.471982 0.161745
0.690673 0.486712 0.136937
0.712032 0.501122 0.119580
0.710627 0.508654 0.109180
0.706686 0.504099 0.114381
0.716018 0.505635 0.114243
0.722328 0.522779 0.094543
0.545506 0.546986 0.051873
0.543076 0.557975 0.045150
0.539605 0.551633 0.048577
0.548983 0.553195 0.048306
0.553486 0.577551 0.035945
0.498499 0.588305 0.029358
0.496176 0.601490 0.025063
0.492685 0.594144 0.027199
0.501977 0.595564 0.027065
0.506894 0.623498 0.019618
0.527494 0.646353 0.015511
0.525863 0.659887 0.013494
0.521928 0.652698 0.014441
0.531382 0.653517 0.014437
0.538176 0.680981 0.011433
0.428623 0.413477 0.231381
0.426662 0.417242 0.217836
0.423155 0.414196 0.224752
0.432123 0.416476 0.224352
0.437397 0.426536 0.197706
0.384210 0.421372 0.181081
0.382113 0.426432 0.169152
0.378554 0.422801 0.175200
0.387766 0.424914 0.174935
0.392857 0.437691 0.151339
0.412924 0.451548 0.133486
0.410905 0.458063 0.122705
0.407282 0.453798 0.128312
0.416545 0.455697 0.127787
0.421811 0.471543 0.106319
0.535096 0.312156 0.395169
0.535426 0.324291 0.390693
0.530392 0.318151 0.393256
0.540092 0.318032 0.393281
0.550041 0.344343 0.378646
0.571493 0.366106 0.359237
0.570707 0.379952 0.341949
0.566874 0.373028 0.350803
0.575148 0.373373 0.350917
0.582497 0.398244 0.314845
0.503828 0.367678 0.356386
0.505276 0.380024 0.339369
0.500696 0.374547 0.347480
0.508703 0.373659 0.348558
0.518011 0.395475 0.313628
0.470756 0.403799 0.288018
0.469344 0.409245 0.272908
0.465720 0.405898 0.280435
0.474415 0.407300 0.280406
0.480292 0.418613 0.250562
0.500313 0.428650 0.228195
0.498875 0.432689 0.214256
0.495110 0.429862 0.221382
0.504092 0.431443 0.220916
0.510383 0.441384 0.193536
0.338792 0.436143 0.137018
0.336742 0.442868 0.126674
0.333120 0.438484 0.132021
0.342413 0.440435 0.131601
0.347595 0.456584 0.110814
0.452874 0.637561 0.015563
0.450896 0.652133 0.013399
0.447273 0.644165 0.014400
0.456488 0.645461 0.014420
0.462143 0.675664 0.011259
0.396763 0.518912 0.057917
0.394728 0.530232 0.050380
0.391145 0.523512 0.054284
0.400346 0.525433 0.053892
0.405356 0.551457 0.039688
0.487224 0.466331 0.128861
0.485332 0.472705 0.118019
0.481603 0.468575 0.123669
0.490963 0.470328 0.123107
0.496519 0.485839 0.101687
0.442074 0.487991 0.090154
0.440031 0.496679 0.080943
0.436397 0.491354 0.085773
0.445719 0.493158 0.085207
0.450845 0.513576 0.067335
0.470782 0.533633 0.054651
0.468497 0.544845 0.047590
0.465004 0.538284 0.051231
0.474286 0.540030 0.050877
0.478883 0.565341 0.037694
0.637449 0.489978 0.121248
0.635793 0.497059 0.110488
0.631952 0.492795 0.115936
0.641320 0.494158 0.115677
0.647174 0.510628 0.095054
0.592348 0.514766 0.082495
0.590179 0.523582 0.073785
0.586559 0.518340 0.078230
0.595994 0.519866 0.077916
0.600888 0.540059 0.061389
0.620879 0.558982 0.050152
0.618428 0.569650 0.043677
0.614931 0.563551 0.046905
0.624380 0.564976 0.046779
0.628987 0.588399 0.035006
0.571628 0.437810 0.226021
0.571134 0.442700 0.211432
0.566908 0.439818 0.218716
0.575905 0.440695 0.218574
0.583787 0.451380 0.190410
0.531306 0.451801 0.173216
0.529827 0.456527 0.161078
0.525947 0.453384 0.167380
0.535221 0.454847 0.166842
0.541416 0.466578 0.142613
0.562302 0.479146 0.124386
0.560507 0.485706 0.113586
0.556706 0.481622 0.119171
0.566123 0.483109 0.118693
0.571814 0.498797 0.097580
0.604034 0.413655 0.288721
0.605232 0.421650 0.272191
0.600468 0.417747 0.280380
0.608842 0.417822 0.280372
0.619659 0.431674 0.248449
0.642780 0.440989 0.225671
0.643161 0.447025 0.210633
0.638543 0.443875 0.218007
0.647485 0.444178 0.218151
0.656704 0.456844 0.189190
0.605485 0.461238 0.170153
0.604382 0.466629 0.157665
0.600326 0.463405 0.164025
0.609590 0.464377 0.163684
0.616372 0.477035 0.139111
0.667767 0.526803 0.080925
0.665671 0.535641 0.072372
0.662015 0.530424 0.076614
0.671454 0.531919 0.076561
0.676524 0.551822 0.060466
0.517003 0.501966 0.085888
0.514884 0.510684 0.076934
0.511257 0.505398 0.081596
0.520652 0.507088 0.081095
0.525609 0.527441 0.063883
0.424907 0.575573 0.030638
0.422611 0.589499 0.025837
0.419176 0.581744 0.028187
0.428344 0.583223 0.028116
0.433082 0.612597 0.019938
0.483667 0.698733 0.010254
0.482525 0.712155 0.009797
0.478236 0.705346 0.010000
0.487890 0.705743 0.010021
0.495987 0.730956 0.009323
0.367747 0.473228 0.094784
0.365725 0.481842 0.085412
0.362092 0.476516 0.090341
0.371376 0.478407 0.089772
0.376648 0.498674 0.071298
0.538331 0.410064 0.288237
0.537998 0.417606 0.271900
0.534004 0.413704 0.279944
0.542369 0.414304 0.280016
0.550203 0.427978 0.248645
0.457504 0.438019 0.177699
0.455692 0.442643 0.165657
0.452016 0.439320 0.171925
0.461202 0.441243 0.171352
0.466761 0.453155 0.147219
0.573455 0.598983 0.028338
0.571177 0.611370 0.024348
0.567585 0.604562 0.026309
0.577025 0.605733 0.026234
0.582259 0.631655 0.019300
0.576586 0.637515 0.017907
0.574901 0.650282 0.015469
0.570960 0.643493 0.016632
0.580465 0.644287 0.016620
0.584425 0.651037 0.015463
0.583034 0.663763 0.013525
0.578924 0.657040 0.014434
0.569045 0.623921 0.020885
0.572781 0.630726 0.019328
0.567100 0.636665 0.017928
0.574818 0.618146 0.022528
0.580628 0.612477 0.024289
0.584276 0.619202 0.022481
0.578509 0.624903 0.020846
0.561742 0.610241 0.024415
0.559598 0.622911 0.020929
0.555936 0.616005 0.022637
0.565367 0.617093 0.022580
0.563315 0.629800 0.019359
0.461175 0.455025 0.141787
0.459255 0.460944 0.130578
0.455577 0.457004 0.136441
0.464861 0.458843 0.135840
0.468558 0.462763 0.129984
0.466640 0.469153 0.119142
0.462943 0.464991 0.124810
0.453823 0.447676 0.153892
0.457497 0.451301 0.147808
0.451909 0.453166 0.142390
0.459375 0.446051 0.159450
0.464904 0.444536 0.165081
0.468612 0.447918 0.158874
0.463065 0.449554 0.153303
0.446498 0.440711 0.166235
0.444600 0.445768 0.154483
0.440955 0.442207 0.160616
0.450157 0.444148 0.160036
0.448252 0.449419 0.148407
0.545574 0.430177 0.241145
0.544863 0.434969 0.226385
0.540820 0.432138 0.233790
0.549661 0.433111 0.233672
0.553774 0.435975 0.226242
0.553020 0.440674 0.211824
0.548929 0.437812 0.219045
0.537488 0.423917 0.256292
0.541516 0.427128 0.248674
0.536807 0.429237 0.241249
0.542028 0.421273 0.264016
0.546435 0.418273 0.271964
0.550542 0.421998 0.264067
0.546097 0.424725 0.256275
0.529536 0.416901 0.271911
0.528865 0.423047 0.256396
0.524941 0.419685 0.264137
0.533494 0.420513 0.264029
0.532821 0.426221 0.248774
0.371015 0.502688 0.067300
0.369039 0.513172 0.059121
0.365381 0.506866 0.063369
0.374665 0.508785 0.062952
0.378305 0.515085 0.058736
0.376320 0.526438 0.051040
0.372687 0.519696 0.055008
0.363713 0.491017 0.076392
0.367363 0.496773 0.071781
0.361721 0.500758 0.067752
0.369362 0.487314 0.080587
0.375010 0.483727 0.084857
0.378647 0.489195 0.080053
0.373003 0.492924 0.075880
0.356432 0.479923 0.085971
0.354410 0.489068 0.076908
0.350766 0.483446 0.081668
0.360070 0.485398 0.081126
0.358063 0.494832 0.072266
0.490821 0.736648 0.009204
0.490433 0.747639 0.009039
0.485688 0.742211 0.009109
0.495518 0.742240 0.009113
0.500275 0.747616 0.009041
0.500083 0.757910 0.008954
0.495232 0.752866 0.008987
0.481647 0.724753 0.009449
0.486194 0.730823 0.009316
0.481010 0.736562 0.009198
0.486920 0.718684 0.009616
0.492225 0.712470 0.009812
0.496659 0.718926 0.009628
0.491411 0.724947 0.009459
0.472835 0.711818 0.009778
0.471889 0.724543 0.009437
0.467468 0.718143 0.009586
0.477190 0.718422 0.009603
0.476406 0.730677 0.009307
0.427389 0.619147 0.018287
0.425220 0.633811 0.015463
0.421639 0.625965 0.016762
0.430950 0.626947 0.016826
0.434514 0.634847 0.015523
0.432423 0.649695 0.013315
0.428814 0.641723 0.014316
0.420335 0.603692 0.021702
0.423848 0.611407 0.019910
0.418077 0.618184 0.018220
0.426074 0.597207 0.023687
0.431788 0.590913 0.025793
0.435255 0.598583 0.023662
0.429565 0.604891 0.021725
0.413410 0.588181 0.025849
0.411056 0.602658 0.021643
0.407604 0.594847 0.023632
0.416855 0.595966 0.023677
0.414547 0.610425 0.019844
0.519764 0.531647 0.060205
0.517404 0.542164 0.052828
0.513912 0.535997 0.056639
0.523272 0.537658 0.056270
0.526762 0.543794 0.052490
0.524352 0.554853 0.045689
0.520883 0.548452 0.049175
0.512682 0.520030 0.068520
0.516235 0.525770 0.064290
0.510401 0.529964 0.060603
0.518486 0.516127 0.072431
0.524275 0.512367 0.076459
0.527874 0.517799 0.071985
0.522060 0.521717 0.068084
0.505497 0.508980 0.077420
0.503309 0.518322 0.068966
0.499724 0.512717 0.073361
0.509103 0.514430 0.072894
0.506867 0.524072 0.064713
0.670626 0.555972 0.056766
0.668248 0.566039 0.049754
0.664700 0.560251 0.053204
0.674193 0.561647 0.053183
0.677750 0.567406 0.049744
0.675345 0.577858 0.043314
0.671794 0.571909 0.046455
0.663455 0.544891 0.064338
0.667048 0.550385 0.060486
0.661143 0.554552 0.056799
0.669305 0.540953 0.068273
0.675120 0.537130 0.072340
0.678765 0.542428 0.068258
0.672923 0.546348 0.064307
0.656222 0.534158 0.072432
0.653989 0.543433 0.064394
0.650394 0.538006 0.068385
0.659847 0.539480 0.068317
0.657573 0.548946 0.060531
0.610954 0.479563 0.133505
0.609343 0.486042 0.122234
0.605477 0.482127 0.128015
0.614849 0.483385 0.127618
0.618722 0.487345 0.121859
0.617017 0.494280 0.111084
0.613189 0.490093 0.116587
0.603080 0.472314 0.145591
0.607033 0.475874 0.139503
0.601590 0.478341 0.133909
0.608411 0.469971 0.151389
0.613666 0.467631 0.157300
0.617708 0.471017 0.151014
0.612407 0.473435 0.145198
0.595083 0.465563 0.158023
0.593737 0.471141 0.145977
0.589766 0.467729 0.152141
0.599096 0.468878 0.151765
0.597680 0.474677 0.139900
0.652008 0.459499 0.182348
0.651466 0.465485 0.169054
0.647206 0.462088 0.175673
0.656343 0.462888 0.175574
0.660630 0.466373 0.168901
0.659858 0.472611 0.156115
0.655682 0.468991 0.162535
0.643194 0.452952 0.196211
0.647625 0.456191 0.189226
0.642899 0.458787 0.182399
0.647726 0.450237 0.203381
0.652141 0.447429 0.210731
0.656743 0.450742 0.203412
0.652240 0.453511 0.196235
0.634181 0.446658 0.210545
0.634142 0.452421 0.196205
0.629694 0.449335 0.203304
0.638712 0.449774 0.203313
0.638544 0.455569 0.189239
0.615668 0.434738 0.240748
0.616113 0.440466 0.225517
0.611520 0.437586 0.233139
0.620345 0.437677 0.233071
0.624988 0.440615 0.225456
0.625203 0.446314 0.210548
0.620674 0.443359 0.217953
0.606222 0.428555 0.256269
0.610955 0.431721 0.248472
0.606897 0.434638 0.240796
0.610040 0.425237 0.264164
0.613712 0.421626 0.272200
0.618605 0.425129 0.264171
0.614859 0.428556 0.256263
0.596783 0.421501 0.272205
0.597603 0.428371 0.256298
0.592967 0.424925 0.264194
0.601489 0.425164 0.264170
0.602254 0.431586 0.248507
0.566107 0.501905 0.092934
0.564049 0.510098 0.083597
0.560378 0.505138 0.088409
0.569805 0.506715 0.087994
0.573479 0.511678 0.083206
0.571315 0.520467 0.074440
0.567695 0.515208 0.078940
0.558636 0.492748 0.103243
0.562383 0.497249 0.098019
0.556680 0.500334 0.093371
0.564294 0.489925 0.108122
0.569931 0.487204 0.113118
0.573725 0.491433 0.107669
0.568064 0.494286 0.102786
0.551091 0.484188 0.114073
0.549216 0.491192 0.103721
0.545457 0.486850 0.109090
0.554871 0.488396 0.108596
0.552960 0.495685 0.098478
0.535883 0.468666 0.137135
0.534114 0.474640 0.125918
0.530318 0.470825 0.131756
0.539694 0.472357 0.131206
0.543500 0.476171 0.125383
0.541685 0.482648 0.114583
0.537904 0.478579 0.120194
0.528230 0.461619 0.149245
0.532064 0.465086 0.143152
0.526519 0.467126 0.137700
0.533702 0.459769 0.154850
0.539125 0.457978 0.160552
0.543021 0.461214 0.154332
0.537565 0.463117 0.148694
0.520532 0.455001 0.161655
0.518896 0.460052 0.149839
0.515069 0.456675 0.156018
0.524385 0.458258 0.155414
0.522714 0.463535 0.143732
0.578749 0.453315 0.183936
0.577691 0.458181 0.171128
0.573613 0.455186 0.177634
0.582879 0.456266 0.177308
0.586978 0.459273 0.170788
0.585766 0.464434 0.158389
0.581742 0.461255 0.164717
0.570423 0.447497 0.197532
0.574595 0.450396 0.190676
0.569506 0.452246 0.184243
0.575361 0.445583 0.204294
0.580185 0.443580 0.211258
0.584459 0.446467 0.204093
0.579582 0.448474 0.197289
0.562070 0.441729 0.211619
0.561257 0.446438 0.197794
0.557133 0.443552 0.204745
0.566243 0.444611 0.204510
0.565385 0.449334 0.190962
0.623064 0.593465 0.032525
0.620731 0.605177 0.027984
0.617155 0.598636 0.030204
0.626624 0.599934 0.030138
0.630204 0.606461 0.027927
0.627957 0.618380 0.024039
0.624328 0.611769 0.025940
0.615992 0.580715 0.037818
0.619520 0.587057 0.035085
0.613598 0.592148 0.032600
0.621935 0.575827 0.040617
0.627884 0.571053 0.043568
0.631398 0.577208 0.040523
0.625453 0.582078 0.037726
0.608980 0.568240 0.043801
0.606539 0.579351 0.037921
0.603032 0.573051 0.040844
0.612479 0.574442 0.040723
0.610061 0.585719 0.035173
0.594981 0.544286 0.057757
0.592558 0.554613 0.050647
0.589059 0.548646 0.054243
0.598493 0.550132 0.054034
0.601993 0.556078 0.050462
0.599538 0.566823 0.043942
0.596049 0.560674 0.047212
0.587908 0.532932 0.065636
0.591455 0.538553 0.061626
0.585548 0.542785 0.057990
0.593773 0.528955 0.069502
0.599614 0.525103 0.073495
0.603208 0.530471 0.069238
0.597342 0.534451 0.065374
0.580745 0.522039 0.074099
0.578477 0.531391 0.065921
0.574909 0.525866 0.070103
0.584338 0.527424 0.069789
0.582023 0.537032 0.061883
0.641512 0.513918 0.090371
0.639489 0.522310 0.081236
0.635808 0.517305 0.085825
0.645224 0.518807 0.085659
0.648912 0.523815 0.081099
0.646781 0.532669 0.072517
0.643147 0.527434 0.076801
0.634010 0.504523 0.100260
0.637774 0.509156 0.095238
0.632100 0.512426 0.090569
0.639611 0.501453 0.105189
0.645167 0.498457 0.110257
0.648991 0.502881 0.104987
0.643405 0.505977 0.100044
0.626408 0.495666 0.110764
0.624608 0.503073 0.100520
0.620824 0.498606 0.105727
0.630221 0.500026 0.105436
0.628367 0.507681 0.095467
0.473085 0.570780 0.034991
0.470744 0.583723 0.029847
0.467304 0.576373 0.032430
0.476525 0.577990 0.032235
0.479968 0.585293 0.029682
0.477652 0.598637 0.025281
0.474188 0.591162 0.027470
0.466190 0.556682 0.041093
0.469643 0.563672 0.037946
0.463866 0.569120 0.035217
0.471974 0.551548 0.044114
0.477770 0.546571 0.047261
0.481240 0.553252 0.043810
0.475435 0.558383 0.040812
0.459237 0.543098 0.047925
0.456960 0.554959 0.041379
0.453483 0.548072 0.044739
0.462721 0.549822 0.044422
0.460421 0.561977 0.038203
0.445117 0.517709 0.063536
0.442946 0.528279 0.055825
0.439396 0.521998 0.059837
0.448675 0.523816 0.059405
0.452214 0.530090 0.055421
0.449990 0.541322 0.048272
0.446477 0.534723 0.051969
0.437948 0.505983 0.072230
0.441541 0.511767 0.067812
0.435830 0.515889 0.063996
0.443652 0.502159 0.076260
0.449354 0.498479 0.080399
0.452973 0.503959 0.075741
0.447258 0.507793 0.071727
0.430716 0.494867 0.081496
0.428648 0.504162 0.072742
0.425036 0.498526 0.077327
0.434339 0.500350 0.076790
0.432247 0.509945 0.068299
0.490839 0.488778 0.097013
0.488824 0.496839 0.087453
0.485150 0.491864 0.092439
0.494534 0.493592 0.091908
0.498211 0.498562 0.086934
0.496114 0.507264 0.077906
0.492480 0.501972 0.082605
0.483415 0.479596 0.107579
0.487131 0.484115 0.102240
0.481459 0.487043 0.097552
0.489064 0.476955 0.112469
0.494706 0.474442 0.117452
0.498449 0.478677 0.111901
0.492794 0.481330 0.107023
0.475977 0.470939 0.118573
0.474051 0.477836 0.108127
0.470344 0.473434 0.113580
0.479695 0.475207 0.113024
0.477758 0.482370 0.102785
0.399709 0.557120 0.036671
0.397439 0.570959 0.030887
0.394035 0.563092 0.033751
0.403167 0.564734 0.033639
0.406591 0.572479 0.030824
0.404194 0.586941 0.025830
0.400817 0.578937 0.028249
0.392682 0.542368 0.043338
0.396213 0.549659 0.039908
0.390580 0.555384 0.036834
0.398292 0.537140 0.046639
0.403913 0.532140 0.050024
0.407465 0.539014 0.046326
0.401836 0.544218 0.043071
0.385534 0.528331 0.050721
0.383517 0.540529 0.043585
0.379931 0.533387 0.047229
0.389119 0.535258 0.046945
0.387071 0.547859 0.040116
0.456591 0.682523 0.010778
0.454929 0.697123 0.010159
0.451012 0.689480 0.010409
0.460503 0.690189 0.010452
0.464488 0.697701 0.010196
0.463157 0.711456 0.009756
0.458972 0.704461 0.009947
0.448993 0.666869 0.011792
0.452754 0.674750 0.011217
0.447168 0.681678 0.010731
0.454577 0.660054 0.012545
0.460155 0.653329 0.013427
0.463885 0.661143 0.012577
0.458323 0.667906 0.011833
0.441671 0.650871 0.013365
0.439695 0.665768 0.011744
0.436049 0.657719 0.012459
0.445302 0.658901 0.012506
0.443395 0.673774 0.011169
0.341923 0.459443 0.106169
0.339868 0.467454 0.096513
0.336247 0.462414 0.101598
0.345543 0.464359 0.101024
0.349169 0.469406 0.095935
0.347128 0.477968 0.086533
0.343494 0.472639 0.091486
0.334690 0.449978 0.116587
0.338307 0.454653 0.111360
0.332631 0.457508 0.106729
0.340361 0.447340 0.121354
0.346030 0.444808 0.126212
0.349648 0.449270 0.120858
0.343978 0.451909 0.116065
0.327451 0.440928 0.127128
0.325401 0.448050 0.117102
0.321781 0.443477 0.122329
0.331072 0.445406 0.121845
0.329017 0.452724 0.111900
0.505079 0.442720 0.187436
0.503563 0.447105 0.174966
0.499724 0.444045 0.181442
0.508942 0.445721 0.180850
0.512810 0.448754 0.174361
0.511237 0.453399 0.162264
0.507402 0.450215 0.168577
0.497403 0.436802 0.200887
0.501230 0.439746 0.194116
0.495894 0.441022 0.188003
0.502679 0.435556 0.207244
0.507903 0.434272 0.213741
0.511750 0.437133 0.206693
0.506518 0.438456 0.200338
0.489844 0.431027 0.214711
0.488291 0.435076 0.201381
0.484531 0.432166 0.208209
0.493605 0.433894 0.207749
0.492080 0.438030 0.194648
0.475078 0.419866 0.243501
0.473444 0.423707 0.229349
0.469797 0.420937 0.236561
0.478736 0.422671 0.236219
0.482418 0.425429 0.228981
0.480804 0.429305 0.215141
0.477111 0.426489 0.222196
0.467804 0.413974 0.258188
0.471433 0.416974 0.250823
0.466172 0.418115 0.243816
0.472980 0.412485 0.265413
0.478078 0.410694 0.272812
0.481747 0.413969 0.265259
0.476628 0.415610 0.257963
0.460587 0.407638 0.273040
0.458964 0.412196 0.258441
0.455381 0.409081 0.265811
0.464188 0.410859 0.265594
0.462561 0.415207 0.251108
0.513801 0.400040 0.304951
0.513324 0.408360 0.288224
0.509450 0.404129 0.296502
0.517760 0.404639 0.296502
0.521688 0.408982 0.288154
0.521049 0.416125 0.272021
0.517183 0.412355 0.280052
0.505746 0.390508 0.321857
0.509810 0.395305 0.313417
0.505540 0.399679 0.304823
0.509675 0.385341 0.330882
0.513370 0.379518 0.340110
0.517818 0.385134 0.331349
0.513905 0.390476 0.322264
0.497257 0.380688 0.338324
0.497567 0.390576 0.321256
0.493470 0.386007 0.329285
0.501567 0.385644 0.330188
0.501588 0.395132 0.313090
0.578728 0.403288 0.306021
0.579373 0.412785 0.288784
0.574998 0.407999 0.297318
0.583082 0.408455 0.297322
0.587560 0.413192 0.288774
0.588368 0.421204 0.272227
0.583833 0.417172 0.280419
0.570503 0.392077 0.323762
0.574546 0.397806 0.314835
0.570724 0.402804 0.305988
0.574548 0.386456 0.332862
0.578784 0.380347 0.342023
0.582496 0.386870 0.332894
0.578454 0.392520 0.323805
0.562577 0.379575 0.341818
0.562523 0.391621 0.323638
0.558497 0.385635 0.332615
0.566535 0.386031 0.332772
0.566579 0.397324 0.314759
0.545590 0.351328 0.372943
0.545911 0.365505 0.358833
0.541354 0.358385 0.366308
0.550132 0.358432 0.366425
0.554450 0.365627 0.358972
0.554431 0.379268 0.341656
0.550258 0.372522 0.350503
0.535932 0.337496 0.383360
0.540843 0.344334 0.378573
0.536595 0.351360 0.372835
0.540411 0.330737 0.387432
0.545051 0.324236 0.390727
0.549926 0.330728 0.387473
0.545299 0.337443 0.383427
0.525831 0.324509 0.390625
0.526598 0.337729 0.383221
0.521463 0.331212 0.387219
0.530912 0.330871 0.387358
0.531662 0.344464 0.378451
0.416163 0.474438 0.101615
0.414150 0.482515 0.091907
0.410514 0.477474 0.097004
0.419805 0.479327 0.096416
0.423447 0.484359 0.091322
0.421414 0.493037 0.082055
0.417784 0.487701 0.086919
0.408890 0.465063 0.112275
0.412524 0.469687 0.106903
0.406878 0.472579 0.102199
0.414534 0.462440 0.117167
0.420175 0.459950 0.122156
0.423812 0.464311 0.116595
0.418169 0.466932 0.111703
0.401638 0.456180 0.123238
0.399615 0.463199 0.112835
0.395991 0.458695 0.118263
0.405261 0.460563 0.117722
0.403245 0.467824 0.107478
0.387205 0.439648 0.145912
0.385153 0.445829 0.134922
0.381551 0.441725 0.140588
0.390805 0.443651 0.140160
0.394410 0.447734 0.134460
0.392372 0.454305 0.123756
0.388759 0.450019 0.129310
0.380024 0.431863 0.157562
0.383612 0.435718 0.151713
0.377953 0.437698 0.146303
0.385684 0.430116 0.163163
0.391335 0.428501 0.168855
0.394914 0.432146 0.162833
0.389267 0.433866 0.157226
0.372883 0.424350 0.169417
0.370775 0.429849 0.157874
0.367202 0.426022 0.163737
0.376446 0.428076 0.163462
0.374361 0.433739 0.152064
0.431931 0.427573 0.191653
0.430061 0.431985 0.179327
0.426437 0.428679 0.185670
0.435561 0.430797 0.185207
0.439200 0.434052 0.178819
0.437320 0.438733 0.166800
0.433689 0.435331 0.173037
0.424734 0.421206 0.204750
0.428320 0.424373 0.198160
0.422825 0.425412 0.192078
0.430207 0.420313 0.211030
0.435662 0.419489 0.217421
0.439235 0.422514 0.210585
0.433789 0.423414 0.204327
0.417662 0.414969 0.218224
0.415674 0.418981 0.205135
0.412146 0.415812 0.211803
0.421179 0.418073 0.211435
0.419236 0.422180 0.198563
0.532847 0.687403 0.010977
0.531898 0.700683 0.010341
0.527537 0.693869 0.010623
0.537177 0.694250 0.010640
0.541581 0.700981 0.010356
0.540867 0.713635 0.009869
0.536344 0.707276 0.010091
0.524448 0.673442 0.011980
0.528601 0.680473 0.011417
0.523248 0.686943 0.010960
0.529881 0.667003 0.012679
0.535348 0.660617 0.013497
0.539400 0.667645 0.012688
0.533983 0.674037 0.011993
0.516397 0.659118 0.013491
0.514927 0.672812 0.011968
0.510898 0.665601 0.012662
0.520381 0.666322 0.012671
0.519044 0.679929 0.011401
0.501204 0.629725 0.018146
0.499280 0.643521 0.015552
0.495549 0.636049 0.016794
0.504900 0.637135 0.016769
0.508662 0.644511 0.015537
0.506950 0.658310 0.013489
0.503078 0.650945 0.014451
0.493964 0.614900 0.021346
0.497560 0.622310 0.019671
0.491879 0.628555 0.018182
0.499705 0.608829 0.023091
0.505483 0.602842 0.024953
0.509029 0.610111 0.023003
0.503277 0.616162 0.021278
0.486898 0.600089 0.025171
0.484684 0.613581 0.021413
0.481150 0.606107 0.023264
0.490411 0.607495 0.023178
0.488260 0.621063 0.019720
0.547590 0.582846 0.033400
0.545222 0.595181 0.028650
0.541709 0.588281 0.031009
0.551093 0.589633 0.030872
0.554616 0.596475 0.028537
0.552324 0.609078 0.024488
0.548756 0.602129 0.026485
0.540631 0.569468 0.039031
0.544104 0.576120 0.036121
0.538215 0.581439 0.033563
0.546540 0.564415 0.041898
0.552455 0.559505 0.044907
0.555923 0.565909 0.041682
0.550006 0.570944 0.038828
0.533708 0.556423 0.045411
0.531271 0.567970 0.039249
0.527814 0.561363 0.042378
0.537170 0.562900 0.042130
0.534736 0.574666 0.036310
0.716762 0.526051 0.089917
0.714925 0.534414 0.081002
0.711147 0.529416 0.085373
0.720578 0.530971 0.085439
0.724374 0.535954 0.081092
0.722418 0.544598 0.072628
0.718683 0.539477 0.076757
0.709066 0.516423 0.099291
0.712924 0.521198 0.094532
0.707349 0.524488 0.089878
0.714549 0.513287 0.104146
0.719982 0.510220 0.109078
0.723925 0.514876 0.104080
0.718449 0.517996 0.099269
0.701283 0.507120 0.109277
0.699689 0.514873 0.099322
0.695826 0.510197 0.104275
0.705185 0.511730 0.104203
0.703530 0.519638 0.094525
0.685444 0.489566 0.131302
0.684100 0.496732 0.120143
0.680145 0.492438 0.125775
0.689443 0.493816 0.125536
0.693413 0.498162 0.119941
0.691941 0.505614 0.109394
0.688033 0.501125 0.114683
0.677341 0.481384 0.143301
0.681413 0.485419 0.137225
0.676162 0.488247 0.131570
0.682458 0.478609 0.149210
0.687490 0.475834 0.155247
0.691678 0.479797 0.148893
0.686586 0.482605 0.142997
0.669072 0.473658 0.155867
0.668089 0.480199 0.143596
0.663993 0.476347 0.149800
0.673228 0.477464 0.149519
0.672144 0.484166 0.137515
0.606928 0.628060 0.020739
0.610712 0.634715 0.019215
0.605071 0.640328 0.017846
0.612681 0.622565 0.022353
0.618482 0.617141 0.024087
0.622156 0.623758 0.022310
0.616408 0.629195 0.020703
0.595572 0.639340 0.017867
0.601223 0.633649 0.019244
0.599485 0.646039 0.016594
0.597451 0.626968 0.020774
0.599545 0.614754 0.024183
0.605390 0.609292 0.026048
0.603208 0.621410 0.022395
0.588468 0.657756 0.014435
0.589973 0.645135 0.016608
0.593952 0.651848 0.015457
0.490911 0.454999 0.151636
0.494675 0.458539 0.145546
0.489090 0.460444 0.140090
0.496444 0.453318 0.157226
0.501943 0.451727 0.162872
0.505754 0.455025 0.156633
0.500231 0.456735 0.151061
0.479764 0.458663 0.140642
0.485350 0.456778 0.146107
0.483490 0.462446 0.134708
0.481609 0.453213 0.152182
0.483387 0.448210 0.163985
0.488874 0.446764 0.169723
0.487147 0.451556 0.157783
0.472263 0.466794 0.124227
0.474165 0.460655 0.135263
0.477880 0.464558 0.129416
0.571874 0.426959 0.256371
0.576246 0.430263 0.248639
0.571885 0.432702 0.241032
0.576008 0.424031 0.264228
0.579988 0.420777 0.272240
0.584476 0.424543 0.264218
0.580439 0.427555 0.256362
0.563114 0.431927 0.241064
0.567574 0.429580 0.248653
0.567362 0.434915 0.233526
0.563288 0.426264 0.256347
0.563245 0.419604 0.272159
0.567299 0.416135 0.280368
0.567537 0.423416 0.264202
0.557911 0.438848 0.218870
0.558506 0.434042 0.233593
0.562699 0.436936 0.226126
0.400821 0.498560 0.074322
0.404433 0.504348 0.069799
0.398793 0.508388 0.065901
0.406469 0.494808 0.078420
0.412125 0.491186 0.082618
0.415746 0.496679 0.077869
0.410085 0.500450 0.073788
0.389547 0.506485 0.066381
0.395181 0.502447 0.070311
0.393163 0.512597 0.062083
0.391557 0.496677 0.074851
0.393571 0.487448 0.083749
0.399218 0.483978 0.088074
0.397199 0.492928 0.078973
0.381930 0.521602 0.054656
0.383922 0.510690 0.062525
0.387542 0.516995 0.058336
0.520740 0.725407 0.009481
0.525386 0.731244 0.009339
0.520271 0.736827 0.009217
0.525920 0.719501 0.009655
0.531122 0.713454 0.009857
0.535687 0.719644 0.009664
0.530526 0.725516 0.009488
0.510452 0.736779 0.009213
0.515582 0.731165 0.009334
0.515183 0.742272 0.009119
0.510959 0.725277 0.009474
0.511658 0.713018 0.009835
0.516932 0.706750 0.010064
0.516160 0.719337 0.009646
0.505086 0.752795 0.008989
0.505350 0.742257 0.009116
0.510119 0.747588 0.009043
0.457037 0.609304 0.021602
0.460558 0.616975 0.019855
0.454922 0.623263 0.018293
0.462718 0.603184 0.023435
0.468435 0.597140 0.025391
0.471919 0.604669 0.023350
0.466222 0.610778 0.021541
0.445765 0.621798 0.018313
0.451387 0.615504 0.019895
0.449306 0.629660 0.016858
0.447881 0.607781 0.021663
0.450083 0.594021 0.025612
0.455800 0.588015 0.027747
0.453546 0.601655 0.023519
0.438084 0.642832 0.014370
0.440153 0.628222 0.016856
0.443697 0.636176 0.015551
0.550233 0.526627 0.066911
0.553776 0.532313 0.062796
0.547902 0.536532 0.059140
0.556071 0.522683 0.070794
0.561892 0.518876 0.074802
0.565486 0.524281 0.070439
0.559639 0.528232 0.066562
0.538513 0.534923 0.059474
0.544380 0.530705 0.063137
0.542017 0.540893 0.055597
0.540835 0.525008 0.067279
0.543070 0.515651 0.075585
0.548858 0.512006 0.079733
0.546664 0.521069 0.071170
0.530239 0.550052 0.048867
0.532640 0.539285 0.055923
0.536130 0.545399 0.052172
0.701343 0.550704 0.064380
0.704983 0.556098 0.060566
0.699103 0.560184 0.056815
0.707162 0.546851 0.068388
0.712945 0.543109 0.072517
0.716644 0.548313 0.068490
0.710830 0.552144 0.064462
0.689606 0.558789 0.056774
0.695491 0.554680 0.060506
0.693195 0.564406 0.053211
0.691865 0.549255 0.064328
0.694023 0.540117 0.072367
0.699777 0.536444 0.076587
0.697692 0.545378 0.068315
0.681307 0.573247 0.046457
0.683691 0.563032 0.053185
0.687260 0.568761 0.049757
0.640306 0.476775 0.144274
0.644310 0.480555 0.138228
0.638969 0.483227 0.132529
0.645517 0.474184 0.150217
0.650644 0.471592 0.156305
0.654757 0.475255 0.150024
0.649574 0.477901 0.144060
0.629641 0.481997 0.132806
0.635011 0.479375 0.138473
0.633558 0.485922 0.126961
0.631019 0.475654 0.144529
0.632183 0.469596 0.156695
0.637288 0.467120 0.162851
0.636263 0.473122 0.150429
0.622575 0.491439 0.116239
0.624209 0.484649 0.127266
0.628090 0.488657 0.121531
0.679433 0.455431 0.195810
0.683983 0.459023 0.188582
0.679361 0.461838 0.181787
0.683859 0.452502 0.202937
0.688162 0.449473 0.210232
0.692881 0.453141 0.202672
0.688492 0.456129 0.195543
0.670238 0.461028 0.182054
0.674890 0.458269 0.188851
0.674630 0.464591 0.175154
0.670360 0.454759 0.196042
0.670144 0.448391 0.210646
0.674396 0.445392 0.218101
0.674819 0.451888 0.203169
0.664873 0.469961 0.162331
0.665484 0.463724 0.175406
0.669800 0.467293 0.168674
0.640905 0.428274 0.256715
0.645918 0.431582 0.248996
0.642042 0.434776 0.241062
0.644525 0.424844 0.264815
0.647995 0.421267 0.272991
0.653232 0.424840 0.265116
0.649649 0.428276 0.257016
0.633222 0.434725 0.240835
0.637134 0.431564 0.248713
0.638027 0.437847 0.233231
0.632177 0.428323 0.256427
0.630747 0.421351 0.272360
0.634168 0.417554 0.280596
0.635839 0.424887 0.264483
0.629603 0.443605 0.217925
0.629174 0.437745 0.233089
0.633877 0.440786 0.225512
0.596361 0.498759 0.101543
0.600113 0.503294 0.096399
0.594410 0.506496 0.091752
0.602007 0.495791 0.106437
0.607617 0.492905 0.111448
0.611420 0.497195 0.106061
0.605785 0.500195 0.101167
0.584976 0.504994 0.092120
0.590684 0.501824 0.096769
0.588675 0.509808 0.087230
0.586933 0.497300 0.101932
0.588788 0.490121 0.112245
0.594387 0.487396 0.117380
0.592586 0.494370 0.106827
0.577126 0.516788 0.078573
0.579240 0.508275 0.087599
0.582913 0.513237 0.082836
0.565623 0.467321 0.147235
0.569535 0.470806 0.141160
0.564018 0.473030 0.135625
0.571054 0.465262 0.152951
0.576430 0.463244 0.158776
0.580417 0.466522 0.152534
0.575003 0.468641 0.146794
0.554626 0.471609 0.136104
0.560147 0.469433 0.141622
0.558469 0.475314 0.130192
0.556257 0.465960 0.147697
0.557748 0.460709 0.159615
0.563097 0.458854 0.165492
0.561693 0.463956 0.153389
0.547300 0.480113 0.119670
0.549075 0.473851 0.130687
0.552895 0.477672 0.124873
0.606936 0.450839 0.196652
0.611242 0.453775 0.189695
0.606347 0.456029 0.183122
0.611646 0.448481 0.203558
0.616228 0.445988 0.210654
0.620675 0.448913 0.203391
0.616020 0.451404 0.196447
0.597167 0.455212 0.183384
0.602107 0.453076 0.189931
0.601345 0.458191 0.176716
0.597835 0.450153 0.196858
0.598228 0.445030 0.210946
0.602793 0.442689 0.218184
0.602597 0.447926 0.203732
0.591045 0.462364 0.164364
0.592122 0.457267 0.177006
0.596241 0.460293 0.170468
0.653903 0.586128 0.037531
0.657459 0.592385 0.034844
0.651516 0.597430 0.032350
0.659864 0.581277 0.040346
0.665830 0.576535 0.043322
0.669380 0.582589 0.040329
0.663416 0.587435 0.037505
0.642016 0.596118 0.032394
0.647951 0.591080 0.034880
0.645588 0.602560 0.030025
0.644403 0.584794 0.037578
0.646826 0.573834 0.043400
0.652790 0.569189 0.046517
0.650358 0.579944 0.040384
0.633805 0.613044 0.025889
0.636101 0.601243 0.030078
0.639685 0.607763 0.027872
0.625649 0.538973 0.064750
0.629203 0.544548 0.060833
0.623296 0.548748 0.057194
0.631511 0.535010 0.068629
0.637345 0.531164 0.072643
0.640950 0.536515 0.068488
0.635089 0.540472 0.064598
0.613854 0.547268 0.057358
0.619762 0.543056 0.060993
0.617371 0.553077 0.053681
0.616212 0.537469 0.064930
0.618479 0.528135 0.073003
0.624288 0.524407 0.077140
0.622075 0.533500 0.068801
0.605487 0.562116 0.047050
0.607930 0.551608 0.053847
0.611434 0.557534 0.050298
0.671560 0.510345 0.099585
0.675361 0.515058 0.094675
0.669733 0.518374 0.089997
0.677103 0.507205 0.104503
0.682595 0.504135 0.109536
0.686466 0.508688 0.104376
0.680940 0.511832 0.099469
0.660326 0.516885 0.090100
0.665967 0.513569 0.094784
0.664058 0.521789 0.085438
0.662177 0.508880 0.099724
0.663889 0.501261 0.109884
0.669363 0.498275 0.115065
0.667736 0.505746 0.104655
0.652578 0.528934 0.076691
0.654640 0.520299 0.085535
0.658338 0.525307 0.081002
0.503275 0.563317 0.039998
0.506723 0.570154 0.036965
0.500872 0.575557 0.034338
0.509137 0.558210 0.042926
0.515006 0.553256 0.045986
0.518468 0.559803 0.042644
0.512590 0.564904 0.039734
0.491586 0.574002 0.034552
0.497422 0.568583 0.037205
0.495037 0.581113 0.031854
0.493976 0.561702 0.040265
0.496359 0.549962 0.046615
0.502206 0.545151 0.049842
0.499821 0.556583 0.043218
0.483422 0.592676 0.027333
0.485768 0.579571 0.032043
0.489220 0.586821 0.029519
0.475238 0.513123 0.070310
0.478810 0.518890 0.065996
0.473034 0.523060 0.062235
0.480992 0.509254 0.074295
0.486740 0.505536 0.078391
0.490353 0.510993 0.073827
0.484585 0.514869 0.069861
0.463718 0.521299 0.062652
0.469478 0.517136 0.066429
0.467260 0.527387 0.058578
0.465901 0.511365 0.070764
0.468025 0.502040 0.079363
0.473741 0.498493 0.083609
0.471641 0.507505 0.074763
0.455735 0.536520 0.051593
0.457962 0.525617 0.058982
0.461493 0.531874 0.055029
0.520995 0.486395 0.105303
0.524728 0.490886 0.099998
0.519039 0.493875 0.095360
0.526650 0.483685 0.110155
0.532287 0.481082 0.115118
0.536052 0.485283 0.109608
0.530400 0.488025 0.104747
0.509635 0.492193 0.095914
0.515323 0.489227 0.100558
0.513330 0.497001 0.090830
0.511590 0.484730 0.105879
0.513491 0.477829 0.116276
0.519120 0.475396 0.121330
0.517248 0.482046 0.110731
0.501866 0.503690 0.082103
0.503929 0.495303 0.091372
0.507605 0.500271 0.086411
0.429353 0.549650 0.042255
0.432844 0.556753 0.038988
0.427154 0.562271 0.036122
0.435045 0.544496 0.045386
0.440753 0.539522 0.048624
0.444258 0.546291 0.045064
0.438543 0.551431 0.041969
0.417998 0.560561 0.036317
0.423673 0.554997 0.039231
0.421461 0.568012 0.033373
0.420172 0.547857 0.042532
0.422312 0.535878 0.049324
0.427992 0.531078 0.052730
0.425842 0.542689 0.045702
0.409998 0.580319 0.028231
0.412310 0.566372 0.033514
0.415749 0.574013 0.030742
0.486498 0.670634 0.011922
0.490479 0.678048 0.011350
0.485020 0.684722 0.010883
0.492003 0.664011 0.012643
0.497528 0.657446 0.013486
0.501436 0.664838 0.012654
0.495948 0.671418 0.011941
0.475519 0.684043 0.010853
0.481006 0.677312 0.011326
0.479555 0.691461 0.010522
0.477077 0.669787 0.011898
0.478776 0.655522 0.013467
0.484342 0.648953 0.014453
0.482600 0.663121 0.012626
0.468597 0.704918 0.009976
0.470018 0.690849 0.010490
0.474068 0.698237 0.010227
0.371808 0.457617 0.114468
0.375424 0.462262 0.109156
0.369774 0.465164 0.104475
0.377458 0.454963 0.119317
0.383109 0.452429 0.124263
0.386723 0.456831 0.118793
0.381074 0.459484 0.113928
0.360500 0.463279 0.105043
0.366156 0.460390 0.109712
0.364121 0.468188 0.099878
0.362542 0.455732 0.115008
0.364587 0.448649 0.125259
0.370242 0.446227 0.130262
0.368196 0.453082 0.119838
0.352799 0.474593 0.090913
0.354837 0.466285 0.100452
0.358463 0.471331 0.095360
0.533857 0.442835 0.198779
0.537845 0.445720 0.191988
0.532645 0.447287 0.185756
0.538959 0.441236 0.205314
0.543987 0.439564 0.212063
0.548040 0.442423 0.205007
0.542978 0.444102 0.198400
0.523455 0.445860 0.186268
0.528688 0.444372 0.192438
0.527382 0.448813 0.179688
0.524743 0.441478 0.199237
0.525942 0.437122 0.212746
0.530992 0.435559 0.219557
0.529887 0.439969 0.205695
0.516674 0.451839 0.167966
0.518162 0.447312 0.180250
0.522058 0.450321 0.173765
0.502901 0.419824 0.257245
0.506670 0.422915 0.249655
0.501662 0.424513 0.242541
0.507778 0.417732 0.264630
0.512542 0.415258 0.272220
0.516369 0.418766 0.264348
0.511575 0.421017 0.256908
0.492832 0.423051 0.242897
0.497916 0.421577 0.250012
0.496559 0.425874 0.235527
0.494189 0.418519 0.257530
0.495424 0.413188 0.272631
0.500250 0.410651 0.280359
0.499155 0.416580 0.264904
0.486118 0.428206 0.221798
0.487660 0.424311 0.235886
0.491376 0.427075 0.228606
0.538377 0.390693 0.323047
0.542486 0.396116 0.314216
0.538437 0.401005 0.305333
0.542324 0.385123 0.332225
0.546252 0.379062 0.341473
0.550433 0.385331 0.332432
0.546472 0.390915 0.323263
0.530258 0.400680 0.305167
0.534365 0.395859 0.314010
0.534300 0.405525 0.296628
0.530242 0.390556 0.322808
0.529799 0.379000 0.340983
0.533548 0.372438 0.350101
0.534175 0.385021 0.331987
0.525606 0.413063 0.279952
0.526046 0.405095 0.296533
0.530027 0.409541 0.288157
0.602018 0.393686 0.323613
0.606281 0.399254 0.314620
0.602800 0.404289 0.305906
0.605755 0.388243 0.332534
0.609554 0.382595 0.341405
0.613347 0.388851 0.332125
0.609800 0.394095 0.323377
0.594759 0.404029 0.305972
0.598356 0.398952 0.314748
0.599323 0.409069 0.297261
0.594210 0.393302 0.323743
0.594485 0.381231 0.342001
0.598808 0.374844 0.350886
0.598092 0.387720 0.332772
0.592132 0.417524 0.280402
0.591188 0.408811 0.297300
0.595778 0.413485 0.288748
0.573421 0.337596 0.383641
0.577582 0.344656 0.378935
0.572575 0.351666 0.373250
0.578406 0.330882 0.387686
0.583307 0.324449 0.390986
0.587425 0.331180 0.387831
0.582573 0.337792 0.383774
0.563579 0.351505 0.373125
0.568447 0.344497 0.378804
0.567668 0.358744 0.366655
0.564051 0.337514 0.383539
0.564327 0.324247 0.390790
0.569263 0.318012 0.393359
0.568980 0.330778 0.387573
0.558572 0.372732 0.350656
0.558896 0.358559 0.366534
0.562973 0.365835 0.359102
0.446058 0.472448 0.109892
0.449731 0.477019 0.104504
0.444080 0.479922 0.099818
0.451694 0.469830 0.114767
0.457322 0.467345 0.119739
0.461011 0.471642 0.114161
0.455375 0.474261 0.109283
0.434764 0.478109 0.100422
0.440414 0.475206 0.105111
0.438421 0.482976 0.095229
0.436752 0.470624 0.110507
0.438729 0.463678 0.120971
0.444353 0.461324 0.126034
0.442389 0.468004 0.115383
0.427085 0.489537 0.086345
0.429107 0.481160 0.095824
0.432754 0.486183 0.090737
0.416959 0.439851 0.156045
0.420571 0.443601 0.150059
0.414945 0.445486 0.144610
0.422563 0.438214 0.161649
0.428142 0.436713 0.167315
0.431762 0.440228 0.161166
0.426178 0.441850 0.155583
0.405701 0.443538 0.145069
0.411338 0.441627 0.150515
0.409310 0.447499 0.139248
0.407734 0.437856 0.156469
0.409756 0.432611 0.168161
0.415349 0.431184 0.173924
0.413354 0.436190 0.162079
0.398020 0.451907 0.128818
0.400058 0.445574 0.139714
0.403667 0.449638 0.133983
0.460985 0.429575 0.202830
0.464679 0.432566 0.196146
0.459257 0.433687 0.190080
0.466382 0.428545 0.209123
0.471761 0.427520 0.215571
0.475454 0.430388 0.208659
0.470077 0.431470 0.202333
0.450135 0.431718 0.190622
0.455569 0.430629 0.196669
0.453814 0.434848 0.184124
0.451905 0.427607 0.203339
0.453689 0.423703 0.216491
0.459090 0.422802 0.223040
0.457320 0.426623 0.209607
0.442847 0.437352 0.172494
0.444681 0.432855 0.184676
0.448344 0.436063 0.178265
0.562695 0.675592 0.012034
0.566996 0.682295 0.011481
0.561734 0.688589 0.011028
0.568061 0.669337 0.012719
0.573471 0.663144 0.013519
0.577644 0.669860 0.012730
0.572299 0.676042 0.012048
0.552091 0.688226 0.011011
0.557375 0.681893 0.011464
0.556500 0.694923 0.010673
0.553109 0.675112 0.012020
0.554373 0.661956 0.013506
0.559855 0.655727 0.014432
0.558489 0.668812 0.012708
0.546065 0.707503 0.010104
0.546832 0.694601 0.010656
0.551275 0.701256 0.010371
0.531360 0.619681 0.021085
0.535026 0.626801 0.019474
0.529334 0.632920 0.018038
0.537124 0.613735 0.022768
0.542923 0.607887 0.024568
0.546521 0.614886 0.022700
0.540754 0.620791 0.021029
0.519937 0.631893 0.018072
0.525631 0.625732 0.019519
0.523682 0.639140 0.016721
0.521981 0.618541 0.021145
0.524170 0.605421 0.024746
0.529994 0.599586 0.026692
0.527742 0.612555 0.022841
0.512493 0.651843 0.014446
0.514281 0.638156 0.016744
0.518068 0.645450 0.015523
0.578221 0.575233 0.038304
0.581726 0.581698 0.035498
0.575811 0.586916 0.032986
0.584158 0.570251 0.041127
0.590102 0.565399 0.044098
0.593592 0.571654 0.040978
0.587653 0.576612 0.038163
0.566387 0.585585 0.033112
0.572298 0.580344 0.035632
0.569910 0.592263 0.030631
0.568800 0.573830 0.038464
0.571254 0.562503 0.044466
0.577190 0.557755 0.047591
0.574732 0.568831 0.041294
0.558162 0.603359 0.026393
0.560493 0.590962 0.030746
0.564027 0.597744 0.028433
0.746660 0.522861 0.099176
0.750582 0.527630 0.094588
0.745042 0.530829 0.090068
0.752118 0.519799 0.103828
0.757532 0.516799 0.108517
0.761530 0.521475 0.103744
0.756078 0.524516 0.099149
0.735610 0.529224 0.090008
0.741158 0.526000 0.094566
0.739455 0.534119 0.085600
0.737250 0.521220 0.099207
0.738738 0.513460 0.108816
0.744115 0.510483 0.113682
0.742712 0.518138 0.103915
0.728143 0.540997 0.076867
0.730015 0.532540 0.085512
0.733823 0.537505 0.081195
0.714299 0.486542 0.142043
0.718451 0.490864 0.136032
0.713268 0.493765 0.130520
0.719346 0.483665 0.147824
0.724325 0.480787 0.153702
0.728625 0.485095 0.147325
0.723570 0.487977 0.141633
0.703992 0.492322 0.130784
0.709181 0.489426 0.136362
0.708025 0.496683 0.125092
0.705056 0.485178 0.142381
0.705877 0.478184 0.154574
0.710776 0.475325 0.160706
0.710108 0.482312 0.148228
0.697360 0.502598 0.114521
0.698735 0.495231 0.125309
0.702722 0.499624 0.119756
0.697279 0.470239 0.167732
0.701602 0.474160 0.161077
0.696685 0.476985 0.154917
0.702026 0.467392 0.174194
0.706668 0.464491 0.180811
0.711153 0.468424 0.173812
0.706425 0.471310 0.167375
0.730706 0.504255 0.119141
0.734735 0.508832 0.113889
0.729353 0.511824 0.108955
0.735998 0.501335 0.124259
0.741245 0.498437 0.129430
0.745364 0.502976 0.123909
0.740072 0.505887 0.118876
0.564292 0.550106 0.051327
0.567776 0.556257 0.047813
0.561847 0.561015 0.044679
0.570211 0.545613 0.054728
0.576123 0.541256 0.058248
0.579630 0.547145 0.054473
0.573705 0.551634 0.051080
0.517134 0.591148 0.029047
0.520636 0.598278 0.026808
0.514817 0.604148 0.024846
0.522987 0.585504 0.031315
0.528855 0.580011 0.033737
0.532341 0.586904 0.031156
0.526481 0.592517 0.028904
0.546401 0.648041 0.015489
0.550346 0.655031 0.014432
0.544852 0.661306 0.013501
0.551992 0.641870 0.016662
0.557629 0.635786 0.017952
0.561467 0.642701 0.016646
0.555882 0.648825 0.015481
0.446518 0.417928 0.230562
0.450088 0.420812 0.223484
0.444668 0.421654 0.216962
0.451909 0.417128 0.237306
0.457260 0.416239 0.244153
0.460853 0.419092 0.236925
0.455489 0.419966 0.230146
0.402577 0.425650 0.180495
0.406163 0.429103 0.174297
0.400550 0.430560 0.168525
0.408158 0.424395 0.186439
0.413711 0.423241 0.192461
0.417303 0.426540 0.186075
0.411748 0.427766 0.180148
0.431438 0.455361 0.132403
0.435078 0.459466 0.126647
0.429449 0.461822 0.121577
0.437056 0.453260 0.137656
0.442660 0.451282 0.142993
0.446310 0.455144 0.137051
0.440699 0.457241 0.131804
0.554646 0.312104 0.395191
0.559531 0.318017 0.393322
0.554683 0.324237 0.390759
0.559523 0.306509 0.396437
0.564420 0.301223 0.397097
0.569345 0.306490 0.396463
0.564435 0.312094 0.395207
0.588043 0.366851 0.359427
0.591169 0.374220 0.351006
0.586718 0.380758 0.342052
0.592919 0.359869 0.366965
0.597691 0.353071 0.373536
0.600532 0.360700 0.366878
0.595830 0.367458 0.359395
0.520303 0.366032 0.357996
0.525189 0.372633 0.349761
0.521562 0.379182 0.340611
0.523841 0.358790 0.365827
0.527626 0.351578 0.372631
0.532580 0.358484 0.366129
0.528805 0.365654 0.358404
0.487959 0.405973 0.288237
0.491696 0.409650 0.280419
0.486776 0.412000 0.272738
0.492683 0.402904 0.296294
0.497224 0.399280 0.304581
0.501103 0.403551 0.296453
0.496481 0.406859 0.288317
0.518148 0.431501 0.227267
0.522029 0.434297 0.219944
0.516923 0.435753 0.213216
0.523139 0.429961 0.234279
0.528035 0.428220 0.241445
0.531982 0.431096 0.233984
0.527054 0.432755 0.226878
0.357371 0.440057 0.136234
0.360979 0.444310 0.130726
0.355315 0.446736 0.125743
0.363036 0.437841 0.141402
0.368698 0.435734 0.146678
0.372296 0.439791 0.141001
0.366639 0.441994 0.135811
0.471334 0.640142 0.015571
0.475023 0.647855 0.014447
0.469449 0.654459 0.013449
0.476948 0.633683 0.016831
0.482589 0.627322 0.018214
0.486232 0.634899 0.016814
0.480614 0.641336 0.015569
0.415201 0.522741 0.057062
0.418764 0.529226 0.053112
0.413107 0.534022 0.049672
0.420870 0.518311 0.060716
0.426552 0.514052 0.064461
0.430127 0.520167 0.060274
0.424439 0.524610 0.056646
0.505962 0.469771 0.127694
0.509728 0.473739 0.121932
0.504095 0.476148 0.116871
0.511569 0.467602 0.132951
0.517156 0.465528 0.138300
0.520944 0.469238 0.132343
0.515345 0.471438 0.127087
0.460740 0.491580 0.089018
0.464389 0.496733 0.084117
0.458685 0.500270 0.079868
0.466421 0.488358 0.093498
0.472094 0.485288 0.098087
0.475778 0.490119 0.092966
0.470089 0.493348 0.088485
0.489396 0.537102 0.053910
0.492885 0.543465 0.050183
0.487057 0.548279 0.046936
0.495219 0.532603 0.057405
0.501045 0.528261 0.061007
0.504561 0.534309 0.057020
0.498721 0.538808 0.053546
0.656129 0.492632 0.120801
0.660019 0.496890 0.115267
0.654530 0.499855 0.110063
0.661530 0.489782 0.126264
0.666871 0.486964 0.131839
0.670840 0.491096 0.126024
0.665458 0.493974 0.120589
0.611213 0.517780 0.081884
0.614859 0.522892 0.077363
0.609047 0.526619 0.073232
0.616965 0.514302 0.086279
0.622684 0.510938 0.090807
0.626388 0.515801 0.086033
0.620640 0.519287 0.081631
0.639790 0.561855 0.049919
0.643305 0.567803 0.046579
0.637349 0.572450 0.043473
0.645732 0.557432 0.053315
0.651662 0.553128 0.056855
0.655212 0.558847 0.053250
0.649262 0.563269 0.049840
0.589438 0.439257 0.225811
0.593839 0.442141 0.218309
0.589215 0.444360 0.211097
0.593859 0.436911 0.233298
0.598132 0.434362 0.240858
0.602687 0.437327 0.233215
0.598331 0.439804 0.225710
0.549819 0.454529 0.172285
0.553790 0.457572 0.165912
0.548430 0.459368 0.160070
0.555075 0.452828 0.178351
0.560266 0.451106 0.184572
0.564336 0.454040 0.177981
0.559094 0.455806 0.171875
0.581139 0.482013 0.123469
0.584972 0.486002 0.117795
0.579363 0.488679 0.112670
0.586697 0.479519 0.128829
0.592214 0.477078 0.134310
0.596093 0.480844 0.128418
0.590552 0.483394 0.123044
0.620636 0.413606 0.288655
0.625667 0.417611 0.280404
0.622202 0.421469 0.272216
0.623908 0.409281 0.297049
0.627067 0.404803 0.305492
0.632208 0.409395 0.297091
0.629002 0.413575 0.288711
0.660619 0.441550 0.225899
0.665409 0.444943 0.218228
0.661134 0.447886 0.210745
0.664680 0.438462 0.233636
0.668605 0.435258 0.241457
0.673601 0.438761 0.233568
0.669566 0.441909 0.225849
0.623919 0.462934 0.169544
0.628069 0.466199 0.163067
0.622931 0.468610 0.156967
0.628903 0.460543 0.175915
0.633780 0.458095 0.182476
0.638061 0.461310 0.175766
0.633116 0.463774 0.169326
0.686623 0.529822 0.080862
0.690334 0.534930 0.076547
0.684570 0.538622 0.072338
0.692309 0.526330 0.085304
0.697944 0.522937 0.089861
0.701726 0.527868 0.085324
0.696054 0.531347 0.080877
0.535806 0.505276 0.084897
0.539451 0.510386 0.080162
0.533670 0.514018 0.076009
0.541543 0.501943 0.089303
0.547260 0.498748 0.093830
0.550956 0.503547 0.088845
0.545213 0.506896 0.084441
0.443210 0.578813 0.030357
0.446643 0.586388 0.027888
0.440940 0.592429 0.025716
0.448930 0.573040 0.032834
0.454667 0.567432 0.035448
0.458107 0.574723 0.032630
0.452367 0.580479 0.030186
0.502916 0.699614 0.010294
0.507239 0.706446 0.010051
0.501936 0.712759 0.009824
0.508292 0.693018 0.010588
0.513664 0.686449 0.010943
0.517907 0.693459 0.010605
0.512564 0.699999 0.010310
0.386305 0.476948 0.093643
0.389938 0.482122 0.088643
0.384292 0.485591 0.084305
0.391952 0.473764 0.098165
0.397598 0.470724 0.102776
0.401232 0.475615 0.097588
0.395585 0.478796 0.093070
0.554827 0.411121 0.288523
0.559008 0.415509 0.280261
0.554847 0.418932 0.272062
0.558813 0.406916 0.297114
0.562703 0.402279 0.305875
0.566919 0.407473 0.297251
0.563029 0.411703 0.288664
0.475879 0.441783 0.176597
0.479632 0.444959 0.170251
0.474135 0.446390 0.164523
0.481316 0.440503 0.182506
0.486717 0.439257 0.188521
0.490514 0.442301 0.181989
0.485092 0.443603 0.176071
0.592346 0.601424 0.028179
0.595930 0.608087 0.026105
0.590084 0.613603 0.024234
0.598237 0.596071 0.030351
0.604140 0.590836 0.032683
0.607692 0.597349 0.030274
0.601802 0.602661 0.028109
0.688473 0.462680 0.181489
0.688129 0.469216 0.168066
0.683774 0.465483 0.174857
0.692904 0.466416 0.174537
0.692432 0.473048 0.161419
0.722567 0.495266 0.130210
0.721358 0.502666 0.119379
0.717325 0.498180 0.124859
0.726650 0.499732 0.124580
0.725368 0.507213 0.114080
0.557298 0.538125 0.058824
0.554893 0.548555 0.051591
0.551404 0.542485 0.055290
0.560802 0.544058 0.055000
0.558373 0.554736 0.048051
0.510180 0.577078 0.034127
0.507804 0.589747 0.029200
0.504331 0.582616 0.031669
0.513649 0.584079 0.031486
0.511295 0.596941 0.026933
0.538747 0.633912 0.018007
0.536939 0.647218 0.015499
0.533100 0.640089 0.016699
0.542537 0.640999 0.016679
0.540855 0.654292 0.014434
0.439448 0.412065 0.244877
0.437563 0.415752 0.230981
0.434054 0.412786 0.238090
0.442973 0.415029 0.237699
0.441099 0.418704 0.223930
0.395456 0.418853 0.193110
0.393397 0.423519 0.180807
0.389845 0.420059 0.187053
0.399006 0.422237 0.186764
0.396968 0.427015 0.174633
0.424186 0.447439 0.144121
0.422181 0.453462 0.132965
0.418560 0.449430 0.138758
0.427808 0.451356 0.138231
0.425810 0.457591 0.127235
0.544751 0.301244 0.397076
0.544867 0.312110 0.395174
0.539895 0.306529 0.396420
0.549708 0.306517 0.396426
0.549810 0.318018 0.393301
0.581406 0.351913 0.373386
0.579910 0.366430 0.359352
0.576393 0.358989 0.366790
0.584866 0.359333 0.366909
0.583279 0.373755 0.350994
0.510035 0.352866 0.371728
0.511937 0.366682 0.357372
0.506838 0.360328 0.364569
0.515204 0.359366 0.365351
0.516878 0.373027 0.349280
0.480412 0.398231 0.303816
0.479378 0.404964 0.288113
0.475664 0.401266 0.295808
0.484199 0.402160 0.296049
0.483079 0.408545 0.280412
0.510467 0.425869 0.242132
0.509236 0.430133 0.227727
0.505433 0.427350 0.235110
0.514291 0.428716 0.234668
0.513063 0.432927 0.220413
0.350142 0.431771 0.147347
0.348084 0.438105 0.136633
0.344465 0.433906 0.142124
0.353757 0.435880 0.141775
0.351700 0.442380 0.131170
0.464112 0.624675 0.018270
0.462087 0.638884 0.015569
0.458486 0.631061 0.016853
0.467700 0.632403 0.016844
0.465738 0.646691 0.014436
0.408034 0.510302 0.065413
0.405977 0.520840 0.057486
0.402391 0.514518 0.061623
0.411624 0.516430 0.061165
0.409549 0.527345 0.053498
0.498434 0.462181 0.139515
0.496585 0.468069 0.128287
0.492835 0.464203 0.134145
0.502197 0.465921 0.133559
0.500340 0.472049 0.122528
0.453406 0.481726 0.099221
0.451402 0.489791 0.089579
0.447744 0.484782 0.094637
0.457078 0.486578 0.094056
0.455050 0.494952 0.084652
0.482360 0.524809 0.061822
0.480083 0.535375 0.054279
0.476569 0.529141 0.058183
0.485889 0.530880 0.057792
0.483579 0.541757 0.050528
0.648279 0.484462 0.132295
0.646795 0.491303 0.121010
0.642895 0.487203 0.126703
0.652216 0.488488 0.126481
0.650674 0.495521 0.115462
0.603840 0.507975 0.091403
0.601782 0.516274 0.082174
0.598110 0.511313 0.086887
0.607541 0.512805 0.086564
0.605428 0.521378 0.077622
0.632743 0.550221 0.057053
0.630331 0.560424 0.050025
0.626817 0.554540 0.053536
0.636271 0.555993 0.053412
0.633838 0.566396 0.046669
0.580636 0.433378 0.240982
0.580541 0.438588 0.225915
0.576210 0.435691 0.233457
0.585036 0.436362 0.233378
0.584879 0.441474 0.218437
0.541839 0.448626 0.185314
0.540559 0.453199 0.172726
0.536604 0.450224 0.179188
0.545834 0.451556 0.178749
0.544499 0.456237 0.166359
0.573420 0.474418 0.135165
0.571719 0.480593 0.123918
0.567875 0.476748 0.129717
0.577289 0.478152 0.129263
0.575548 0.484571 0.118233
0.610865 0.404472 0.305804
0.612326 0.413686 0.288700
0.607492 0.409223 0.297211
0.615689 0.409260 0.297136
0.617241 0.417736 0.280367
0.650875 0.434881 0.241292
0.651690 0.441239 0.225831
0.646894 0.437993 0.233442
0.655776 0.438198 0.233595
0.656438 0.444533 0.218244
0.615508 0.456746 0.182855
0.614713 0.462103 0.169831
0.610549 0.459028 0.176425
0.619734 0.459787 0.176137
0.618837 0.465288 0.163346
0.679138 0.519879 0.089921
0.677195 0.528308 0.080878
0.673476 0.523289 0.085363
0.682891 0.524804 0.085317
0.680893 0.533421 0.076538
0.528443 0.495528 0.094822
0.526403 0.503636 0.085379
0.522732 0.498678 0.090296
0.532137 0.500324 0.089786
0.530051 0.508749 0.080615
0.436315 0.563986 0.035911
0.434061 0.577170 0.030510
0.430615 0.569666 0.033214
0.439768 0.571343 0.033033
0.437498 0.584773 0.028016
0.494545 0.685348 0.010907
0.493283 0.699192 0.010276
0.489114 0.692025 0.010548
0.498693 0.692543 0.010570
0.497558 0.706110 0.010038
0.379046 0.467026 0.103909
0.377026 0.475096 0.094212
0.373397 0.470063 0.099305
0.382673 0.471917 0.098735
0.380657 0.480270 0.089208
0.546569 0.401367 0.305520
0.546597 0.410581 0.288370
0.542513 0.405952 0.296775
0.550683 0.406409 0.296948
0.550702 0.414897 0.280135
0.468396 0.435596 0.189544
0.466682 0.439925 0.177139
0.462963 0.436785 0.183568
0.472131 0.438667 0.183027
0.470407 0.443121 0.170790
0.585248 0.588223 0.032875
0.582898 0.600201 0.028254
0.579344 0.593535 0.030527
0.588787 0.594801 0.030435
0.586474 0.606902 0.026167
0.737607 0.542518 0.077004
0.731891 0.546088 0.072762
0.743277 0.539058 0.081324
0.726129 0.549770 0.068612
0.720326 0.553569 0.064569
0.760011 0.529272 0.094622
0.754478 0.532442 0.090144
0.765500 0.526184 0.099131
0.748901 0.535701 0.085708
0.555794 0.707706 0.010117
0.550619 0.713797 0.009880
0.560981 0.701507 0.010386
0.545459 0.719770 0.009673
0.540316 0.725611 0.009495
0.576629 0.682694 0.011497
0.571389 0.688925 0.011046
0.581909 0.676529 0.012062
0.566179 0.695216 0.010690
0.345093 0.487078 0.077426
0.462136 0.724319 0.009423
0.401736 0.601775 0.021547
0.643288 0.614341 0.025840
0.637436 0.619653 0.023990
0.649180 0.609058 0.027829
0.631636 0.624988 0.022266
0.625892 0.630373 0.020665
0.666980 0.593659 0.034830
0.661030 0.598705 0.032326
0.672941 0.588713 0.037500
0.655095 0.603841 0.029992
0.690829 0.574566 0.046482
0.684871 0.579160 0.043328
0.696776 0.570100 0.049794
0.678906 0.583878 0.040334
0.714486 0.557501 0.060656
0.708611 0.561569 0.056884
0.702707 0.565768 0.053262
0.430363 0.664778 0.011683
0.514938 0.752742 0.008990
0.509940 0.757813 0.008954
0.519962 0.747571 0.009045
0.504974 0.762805 0.008938
0.500038 0.767734 0.008940
0.535193 0.731312 0.009345
0.530092 0.736870 0.009221
0.525016 0.742287 0.009121
0.374320 0.538707 0.043802
0.598016 0.658532 0.014434
0.592599 0.664441 0.013531
0.603483 0.652716 0.015449
0.587232 0.670443 0.012740
0.620203 0.635829 0.019185
0.614574 0.641369 0.017823
0.609001 0.646996 0.016579
0.326950 0.460480 0.102161
0.323337 0.455585 0.107279
0.330566 0.465503 0.097086
0.319723 0.450808 0.112432
0.316104 0.446141 0.117607
0.341450 0.481456 0.082213
0.337815 0.475982 0.087100
0.334187 0.470668 0.092062
0.441546 0.688719 0.010360
0.437773 0.680778 0.010678
0.445389 0.696505 0.010116
0.434051 0.672781 0.011112
0.457755 0.717846 0.009567
0.453492 0.711073 0.009731
0.449363 0.703971 0.009913
0.384908 0.561451 0.033846
0.381443 0.553658 0.036973
0.388298 0.569444 0.030932
0.377909 0.546077 0.040296
0.398329 0.593836 0.023553
0.394968 0.585768 0.025782
0.391638 0.577585 0.028245
0.412230 0.625268 0.016666
0.408685 0.617463 0.018118
0.415811 0.633094 0.015375
0.405188 0.609639 0.019741
0.426699 0.656796 0.012392
0.423052 0.648853 0.013243
0.419421 0.640954 0.014236
0.475861 0.742166 0.009104
0.471202 0.736462 0.009191
0.480591 0.747647 0.009035
0.466623 0.730519 0.009297
0.495112 0.762942 0.008938
0.490224 0.758014 0.008953
0.485380 0.752924 0.008985
0.356070 0.504911 0.063784
0.352407 0.498785 0.068204
0.359736 0.511239 0.059497
0.348747 0.492846 0.072754
0.370697 0.531533 0.047484
0.367053 0.524556 0.051336
0.363398 0.517788 0.055345
