0.583603 0.602122 0.017810
0.582712 0.613000 0.015663
0.578270 0.607317 0.016807
0.452419 0.438863 0.124442
0.451007 0.446159 0.115174
0.446916 0.441934 0.119650
0.537411 0.379570 0.206040
0.536955 0.389974 0.195728
0.532341 0.384742 0.201004
0.363762 0.495078 0.060794
0.362205 0.504573 0.054844
0.358201 0.499071 0.057832
0.500452 0.686401 0.009370
0.500301 0.697046 0.009164
0.495445 0.691649 0.009252
0.428346 0.590542 0.021676
0.427136 0.602262 0.018887
0.422911 0.595840 0.020319
0.516321 0.513858 0.056469
0.514829 0.523572 0.050184
0.510801 0.518249 0.053539
0.670012 0.525370 0.043779
0.668835 0.534878 0.038865
0.664571 0.529749 0.041677
0.604508 0.450198 0.112704
0.603031 0.458145 0.103474
0.599066 0.453929 0.108900
0.647790 0.420562 0.143738
0.646489 0.428436 0.133723
0.642424 0.424278 0.139915
0.614569 0.382760 0.196230
0.613705 0.393049 0.185136
0.609479 0.387811 0.191799
0.560622 0.480621 0.083050
0.559048 0.489368 0.075065
0.555086 0.484597 0.079491
0.528890 0.445820 0.122941
0.527373 0.453392 0.113256
0.523386 0.449222 0.118382
0.572703 0.418213 0.160784
0.571373 0.425924 0.150215
0.567314 0.421889 0.156200
0.626615 0.562046 0.028580
0.625541 0.572305 0.024980
0.621211 0.566882 0.026979
0.592848 0.519867 0.050659
0.591524 0.529544 0.044930
0.587375 0.524343 0.048133
0.636705 0.485881 0.072906
0.635314 0.494787 0.065856
0.631228 0.489965 0.069985
0.472204 0.550490 0.035935
0.470794 0.561175 0.031502
0.466695 0.555296 0.033829
0.440091 0.505663 0.059628
0.438512 0.515348 0.053309
0.434537 0.509869 0.056534
0.484670 0.474025 0.088586
0.483039 0.482610 0.080409
0.479098 0.477777 0.084622
0.395710 0.540720 0.038221
0.394189 0.551410 0.033698
0.390175 0.545293 0.036036
0.463066 0.640597 0.012759
0.462399 0.651982 0.011565
0.457832 0.646039 0.012166
0.331348 0.453917 0.086820
0.329910 0.462430 0.079960
0.325818 0.457406 0.083226
0.495904 0.414046 0.165441
0.494821 0.421352 0.155219
0.490570 0.417414 0.160289
0.459666 0.379123 0.202514
0.459337 0.388007 0.192861
0.454685 0.383588 0.197114
0.498397 0.331721 0.239046
0.498453 0.343740 0.232910
0.493568 0.337973 0.236014
0.577385 0.331241 0.238546
0.577345 0.343673 0.232201
0.572424 0.337378 0.235875
0.537526 0.288193 0.247922
0.537555 0.298106 0.247699
0.532604 0.293133 0.247866
0.408229 0.464946 0.088989
0.406693 0.473441 0.081301
0.402676 0.468510 0.085033
0.375388 0.428320 0.120263
0.374053 0.435752 0.111741
0.369910 0.431261 0.115646
0.418632 0.406784 0.160504
0.417638 0.413509 0.151063
0.413323 0.409453 0.155336
0.541333 0.644256 0.011973
0.540778 0.655152 0.010981
0.536142 0.649527 0.011496
0.505735 0.597559 0.019870
0.504705 0.608755 0.017367
0.500348 0.602813 0.018674
0.549147 0.557180 0.032636
0.547919 0.567676 0.028539
0.543697 0.562064 0.030752
0.713721 0.492061 0.061699
0.712480 0.501005 0.055886
0.708248 0.496091 0.059380
0.680437 0.454590 0.097102
0.679078 0.462899 0.089013
0.674975 0.458398 0.093983
0.588030 0.607782 0.016556
0.456520 0.443014 0.119871
0.542079 0.385075 0.200718
0.367766 0.500510 0.057717
0.505282 0.691837 0.009230
0.432554 0.596897 0.020130
0.520341 0.519111 0.052980
0.674269 0.530465 0.040874
0.608477 0.454377 0.107162
0.651887 0.424756 0.137476
0.618819 0.388295 0.189470
0.564587 0.485311 0.078506
0.532884 0.449940 0.117684
0.576790 0.422323 0.154754
0.630935 0.567426 0.026478
0.596987 0.525017 0.047335
0.640797 0.490659 0.068669
0.476293 0.556303 0.033498
0.444062 0.511060 0.056285
0.488620 0.478765 0.084265
0.399719 0.546749 0.035788
0.467602 0.646562 0.012093
0.335444 0.458882 0.083472
0.500199 0.418056 0.160366
0.464363 0.383705 0.198221
0.503308 0.337481 0.236314
0.582309 0.337440 0.235271
0.542464 0.293129 0.247868
0.412254 0.469789 0.085164
0.379540 0.432740 0.116280
0.422986 0.410828 0.156242
0.545939 0.649903 0.011404
0.510072 0.603466 0.018447
0.553359 0.562742 0.030314
0.717956 0.496959 0.058111
0.684539 0.459058 0.092029
0.675075 0.488782 0.067225
0.679237 0.493622 0.063291
0.673764 0.497719 0.060788
0.680545 0.484753 0.069857
0.696942 0.472860 0.077920
0.701111 0.477586 0.073587
0.695645 0.481548 0.070972
0.708868 0.528416 0.040432
0.713152 0.533473 0.037744
0.707708 0.537784 0.035899
0.714324 0.524185 0.042381
0.730723 0.511754 0.048359
0.734995 0.516713 0.045397
0.729527 0.520838 0.043454
0.544629 0.600047 0.018863
0.549015 0.605814 0.017523
0.543677 0.611059 0.016530
0.549995 0.594866 0.020058
0.566157 0.579543 0.024148
0.570478 0.585172 0.022364
0.565097 0.590280 0.021029
0.502170 0.642589 0.012385
0.506751 0.648356 0.011765
0.501566 0.653695 0.011292
0.507411 0.637228 0.012964
0.523275 0.621134 0.014990
0.527736 0.626993 0.014106
0.522453 0.632343 0.013455
0.539777 0.687238 0.009258
0.544620 0.692573 0.009136
0.539654 0.697689 0.009086
0.544789 0.682076 0.009401
0.559958 0.666559 0.010081
0.564694 0.672015 0.009761
0.559643 0.677164 0.009543
0.413925 0.434068 0.122838
0.418067 0.438332 0.118589
0.412570 0.441351 0.113930
0.419405 0.431185 0.127690
0.435803 0.422740 0.142873
0.439993 0.426710 0.138264
0.434520 0.429574 0.133181
0.369825 0.459623 0.087979
0.373892 0.464520 0.084410
0.368347 0.468120 0.080694
0.375360 0.456162 0.091910
0.391931 0.446224 0.104464
0.396033 0.450817 0.100572
0.390506 0.454126 0.096342
0.401970 0.500619 0.060386
0.405947 0.506058 0.057162
0.400390 0.510234 0.054212
0.407531 0.496572 0.063568
0.424225 0.484748 0.073860
0.428195 0.489872 0.070190
0.422630 0.493838 0.066747
0.537720 0.331167 0.239366
0.542665 0.337225 0.236559
0.537748 0.343317 0.233382
0.542627 0.325281 0.241720
0.557397 0.308427 0.246425
0.562406 0.313851 0.245176
0.557465 0.319506 0.243634
0.576404 0.381018 0.203275
0.580910 0.386653 0.197221
0.575733 0.391642 0.192540
0.581524 0.375435 0.208081
0.596680 0.357114 0.221800
0.601304 0.363865 0.216033
0.596265 0.369930 0.211452
0.498392 0.378932 0.205726
0.503111 0.384115 0.200852
0.498055 0.388915 0.195653
0.503352 0.373528 0.210979
0.518088 0.355571 0.225705
0.522991 0.361736 0.221307
0.518066 0.367768 0.216407
0.457317 0.411159 0.163780
0.461658 0.415107 0.159165
0.456296 0.418109 0.153923
0.462597 0.407968 0.169016
0.478182 0.397195 0.184741
0.482686 0.401540 0.180055
0.477492 0.405228 0.174849
0.490774 0.442755 0.124698
0.494824 0.446873 0.119762
0.489311 0.450173 0.115159
0.496273 0.439533 0.129505
0.512729 0.429803 0.144481
0.516805 0.433746 0.139041
0.511316 0.437042 0.134075
0.325411 0.489214 0.061097
0.329439 0.494634 0.058146
0.323853 0.498602 0.055360
0.330984 0.485357 0.064051
0.347657 0.474052 0.073567
0.351699 0.479212 0.070316
0.346143 0.483000 0.067107
0.461147 0.685422 0.009462
0.465953 0.690997 0.009309
0.460963 0.696284 0.009228
0.466189 0.680083 0.009652
0.481460 0.664026 0.010532
0.486156 0.669714 0.010148
0.481069 0.675048 0.009862
0.389912 0.585632 0.022448
0.394050 0.592305 0.020849
0.388603 0.597774 0.019525
0.395379 0.580389 0.023971
0.411837 0.565241 0.029078
0.415921 0.571524 0.027052
0.410438 0.576582 0.025365
0.478202 0.510085 0.058427
0.482190 0.515415 0.054979
0.476650 0.519796 0.052056
0.483753 0.505840 0.061591
0.500429 0.493429 0.071708
0.504379 0.498447 0.067717
0.498827 0.502609 0.064380
0.433909 0.546046 0.037161
0.437949 0.551981 0.034724
0.432430 0.556777 0.032667
0.439437 0.541370 0.039415
0.456032 0.527629 0.046872
0.460049 0.533271 0.043954
0.454521 0.537873 0.041481
0.466957 0.594460 0.020816
0.471231 0.600575 0.019325
0.465838 0.605894 0.018159
0.472381 0.589245 0.022194
0.488719 0.573910 0.026893
0.492923 0.579817 0.024941
0.487483 0.584933 0.023397
0.631334 0.522576 0.047244
0.635537 0.527694 0.044120
0.630093 0.532191 0.041913
0.636789 0.518176 0.049615
0.653180 0.505298 0.056973
0.657355 0.510263 0.053425
0.651894 0.514539 0.051036
0.587818 0.559719 0.030663
0.592087 0.565185 0.028450
0.586673 0.570109 0.026820
0.593246 0.554889 0.032464
0.609550 0.540711 0.038356
0.613784 0.546010 0.035685
0.608355 0.550726 0.033758
0.622659 0.603926 0.016648
0.627123 0.609490 0.015484
0.621820 0.614674 0.014705
0.627987 0.598801 0.017609
0.644027 0.583679 0.020939
0.648431 0.589131 0.019347
0.643093 0.594153 0.018271
0.566837 0.448373 0.119022
0.570792 0.452484 0.113524
0.565293 0.456078 0.109414
0.572331 0.444846 0.123317
0.588757 0.434201 0.136406
0.592691 0.438134 0.130288
0.587234 0.441746 0.126054
0.522668 0.477586 0.086481
0.526603 0.482288 0.081995
0.521048 0.486254 0.078305
0.528207 0.473770 0.090348
0.544792 0.462653 0.102313
0.548750 0.467029 0.097349
0.543222 0.470761 0.093426
0.554517 0.517076 0.053861
0.558594 0.522267 0.050412
0.553104 0.526779 0.047789
0.560021 0.512680 0.056699
0.576556 0.499784 0.065643
0.580590 0.504723 0.061652
0.575086 0.509036 0.058743
0.610296 0.419241 0.153169
0.614289 0.423281 0.146861
0.608934 0.427067 0.142806
0.615596 0.415306 0.157239
0.631344 0.403144 0.169489
0.635469 0.407665 0.162949
0.630210 0.411630 0.158920
0.642285 0.452154 0.105204
0.646340 0.456513 0.099849
0.640884 0.460315 0.096505
0.647739 0.448415 0.108688
0.664133 0.437336 0.119255
0.668198 0.441570 0.113438
0.662730 0.445276 0.110000
0.598596 0.483236 0.078292
0.602612 0.487952 0.073826
0.597111 0.492074 0.070712
0.604082 0.479221 0.081546
0.620483 0.467421 0.091506
0.624517 0.471928 0.086610
0.619053 0.475872 0.083368
0.665509 0.564296 0.026408
0.669851 0.569606 0.024399
0.664484 0.574396 0.023022
0.670901 0.559606 0.027959
0.687123 0.545887 0.032996
0.691428 0.551066 0.030625
0.686019 0.555611 0.028971
0.510614 0.554156 0.034406
0.514762 0.559834 0.032005
0.509294 0.564755 0.030109
0.516093 0.549335 0.036494
0.532539 0.535184 0.043359
0.536655 0.540633 0.040448
0.531178 0.545357 0.038193
0.424080 0.638106 0.013075
0.428562 0.644297 0.012365
0.423333 0.649854 0.011784
0.429370 0.632532 0.013786
0.445388 0.615901 0.016268
0.449739 0.622194 0.015247
0.444405 0.627718 0.014444
0.500094 0.728345 0.008981
0.504999 0.733439 0.008959
0.500054 0.738445 0.008946
0.505045 0.723258 0.008999
0.519907 0.707823 0.009061
0.524798 0.713081 0.009028
0.519847 0.718215 0.009009
0.357523 0.534637 0.039142
0.361538 0.540662 0.036728
0.355989 0.545195 0.034604
0.363082 0.530233 0.041430
0.379746 0.517274 0.048871
0.383732 0.523025 0.046073
0.378184 0.527370 0.043589
0.534426 0.416162 0.164685
0.538643 0.420291 0.159154
0.533217 0.423755 0.154186
0.539781 0.412466 0.169622
0.555665 0.400380 0.184187
0.560038 0.405087 0.178466
0.554741 0.409137 0.173715
0.446499 0.469781 0.089253
0.450481 0.474569 0.085177
0.444906 0.478311 0.081257
0.452058 0.466203 0.093369
0.468700 0.455866 0.106298
0.472721 0.460291 0.101820
0.467172 0.463764 0.097530
0.580505 0.645769 0.011540
0.585134 0.651323 0.011023
0.579987 0.656516 0.010652
0.585706 0.640536 0.011997
0.601457 0.624747 0.013575
0.605979 0.630387 0.012838
0.600728 0.635648 0.012340
0.658580 0.469971 0.084794
0.657215 0.478542 0.077226
0.653113 0.473891 0.081790
0.662683 0.474583 0.080129
0.669603 0.492849 0.064623
0.691833 0.508375 0.052553
0.690611 0.517554 0.047148
0.686370 0.512550 0.050315
0.696070 0.513352 0.049302
0.703420 0.532699 0.038513
0.527378 0.576998 0.025572
0.526237 0.587866 0.022246
0.521954 0.582070 0.024013
0.531645 0.582752 0.023693
0.539273 0.605265 0.017757
0.484263 0.618836 0.015656
0.483369 0.630305 0.013976
0.478929 0.624268 0.014843
0.488678 0.624877 0.014701
0.496955 0.647950 0.011852
0.520710 0.665332 0.010318
0.520359 0.676133 0.009711
0.515611 0.670602 0.010012
0.525430 0.670888 0.009964
0.534787 0.692390 0.009160
0.397191 0.417265 0.139874
0.395944 0.424162 0.130601
0.391758 0.419931 0.134813
0.401394 0.421440 0.135608
0.408439 0.437004 0.118087
0.353427 0.440545 0.102525
0.352027 0.448563 0.094810
0.347916 0.443789 0.098403
0.357544 0.445250 0.098853
0.364287 0.463151 0.084181
0.385999 0.479579 0.073871
0.384445 0.488602 0.067058
0.380439 0.483380 0.070408
0.390006 0.484732 0.070428
0.396410 0.504715 0.057327
0.517893 0.308512 0.246441
0.517951 0.319538 0.243675
0.513001 0.314011 0.245246
0.522847 0.313914 0.245252
0.532813 0.337168 0.236596
0.557449 0.356086 0.225282
0.557285 0.368612 0.215687
0.552453 0.362260 0.220903
0.562312 0.362505 0.220446
0.571260 0.386281 0.198499
0.479139 0.356976 0.223859
0.479141 0.368429 0.214507
0.474313 0.363094 0.218851
0.483972 0.362505 0.219776
0.493395 0.383987 0.200471
0.439481 0.394895 0.181250
0.438806 0.402208 0.171806
0.434328 0.398123 0.176038
0.444000 0.399026 0.177021
0.451995 0.414201 0.158546
0.474359 0.426764 0.144662
0.473016 0.433762 0.134564
0.468892 0.429780 0.139462
0.478499 0.430689 0.139659
0.485269 0.445987 0.119976
0.309219 0.468124 0.073224
0.307725 0.477030 0.067109
0.303676 0.471777 0.070124
0.313281 0.473319 0.070153
0.319828 0.493115 0.058240
0.442283 0.662384 0.010703
0.441839 0.673677 0.009978
0.437151 0.667834 0.010324
0.446942 0.668255 0.010294
0.456129 0.690747 0.009324
0.373616 0.559364 0.030006
0.372167 0.570830 0.026210
0.368110 0.564245 0.028164
0.377659 0.565825 0.027953
0.384452 0.590999 0.021015
0.462353 0.489392 0.073242
0.460737 0.498531 0.065947
0.456779 0.493375 0.069658
0.466305 0.494469 0.069400
0.472655 0.514387 0.055371
0.417885 0.522807 0.047982
0.416332 0.533020 0.042618
0.412338 0.527221 0.045371
0.421875 0.528527 0.045112
0.428382 0.550763 0.035001
0.450202 0.570033 0.028056
0.448877 0.581218 0.024434
0.444722 0.575064 0.026318
0.454342 0.576119 0.026060
0.461545 0.599732 0.019533
0.614766 0.502492 0.061404
0.613393 0.511761 0.054951
0.609282 0.506761 0.058631
0.618869 0.507448 0.057607
0.625882 0.527028 0.044927
0.570974 0.538104 0.040997
0.569698 0.548210 0.036084
0.565512 0.542799 0.038773
0.575150 0.543461 0.038174
0.582394 0.564598 0.028930
0.605042 0.581712 0.022605
0.604050 0.592328 0.019714
0.599668 0.586753 0.021292
0.609410 0.587253 0.020920
0.617342 0.609086 0.015762
0.550924 0.432298 0.141945
0.549417 0.439697 0.131390
0.545416 0.435686 0.137093
0.554926 0.436281 0.136099
0.561335 0.451907 0.114772
0.506849 0.459600 0.105170
0.505288 0.467595 0.096261
0.501321 0.463130 0.100917
0.510822 0.463980 0.100401
0.517119 0.481466 0.082679
0.538447 0.496839 0.069135
0.536900 0.506058 0.061938
0.532906 0.501015 0.065833
0.542430 0.501814 0.065101
0.549017 0.521523 0.051103
0.593922 0.401954 0.178585
0.592832 0.410734 0.167949
0.588666 0.406285 0.174183
0.598111 0.406556 0.172263
0.604970 0.423108 0.149081
0.626221 0.435367 0.128297
0.624779 0.443175 0.118442
0.620796 0.439062 0.124351
0.630208 0.439470 0.122273
0.636834 0.455924 0.101739
0.582664 0.465202 0.097673
0.581137 0.473454 0.089053
0.577169 0.468997 0.093972
0.586631 0.469587 0.092622
0.593099 0.487300 0.075073
0.648281 0.543238 0.035678
0.647153 0.553124 0.031385
0.642860 0.547853 0.033799
0.652567 0.548473 0.033160
0.660127 0.569048 0.024928
0.494249 0.531746 0.045356
0.492802 0.541969 0.040026
0.488735 0.536353 0.042837
0.498307 0.537290 0.042407
0.505135 0.559023 0.032401
0.406665 0.612293 0.016812
0.405570 0.624637 0.014841
0.401265 0.618010 0.015831
0.410944 0.618902 0.015728
0.418815 0.643706 0.012421
0.480531 0.707317 0.009113
0.480452 0.717837 0.009045
0.475567 0.712529 0.009082
0.485412 0.712656 0.009072
0.495145 0.733399 0.008964
0.341487 0.511319 0.049593
0.339913 0.521272 0.044395
0.335901 0.515491 0.047039
0.345496 0.517030 0.046865
0.351962 0.539083 0.036930
0.516914 0.398678 0.185842
0.516137 0.407215 0.175640
0.511709 0.402840 0.180765
0.521390 0.403227 0.180689
0.529042 0.419730 0.159703
0.430374 0.451415 0.105896
0.428900 0.459263 0.097406
0.424848 0.454692 0.101514
0.434436 0.455896 0.101696
0.440935 0.473429 0.085242
0.562340 0.623079 0.014303
0.561571 0.634108 0.012911
0.557055 0.628384 0.013647
0.566832 0.628815 0.013491
0.575331 0.650986 0.011119
0.570182 0.656188 0.010734
0.569768 0.666859 0.010019
0.565058 0.661379 0.010388
0.574865 0.661694 0.010316
0.579581 0.667148 0.009959
0.579282 0.677664 0.009456
0.574510 0.672289 0.009709
0.560917 0.645033 0.011759
0.565532 0.650634 0.011215
0.560381 0.655849 0.010818
0.566123 0.639782 0.012246
0.571354 0.634516 0.012772
0.575912 0.640167 0.012122
0.570709 0.645408 0.011650
0.551790 0.633689 0.013049
0.551125 0.644648 0.011867
0.546549 0.638977 0.012491
0.556335 0.639385 0.012369
0.555736 0.650272 0.011310
0.435364 0.477144 0.081336
0.433763 0.485963 0.073757
0.429794 0.480918 0.077539
0.439333 0.482109 0.077447
0.443294 0.487142 0.073618
0.441686 0.496261 0.066401
0.437726 0.491077 0.070041
0.427380 0.467436 0.089228
0.431383 0.472250 0.085266
0.425816 0.475942 0.081372
0.432932 0.463907 0.093321
0.438477 0.460448 0.097518
0.442498 0.465075 0.093368
0.436943 0.468628 0.089265
0.419316 0.458038 0.097233
0.417809 0.466208 0.089137
0.413776 0.461455 0.093058
0.423358 0.462700 0.093219
0.421823 0.471036 0.085241
0.523630 0.423181 0.154673
0.522291 0.430438 0.144089
0.518189 0.426529 0.149591
0.527763 0.427128 0.149158
0.531845 0.431063 0.143549
0.530383 0.438402 0.133034
0.526350 0.434399 0.138548
0.515177 0.415138 0.165373
0.519435 0.419190 0.160076
0.514036 0.422609 0.154998
0.520504 0.411477 0.170425
0.525800 0.407648 0.175449
0.530146 0.411954 0.170117
0.524805 0.415643 0.165114
0.506471 0.406779 0.175674
0.505543 0.414614 0.165481
0.501204 0.410508 0.170568
0.510855 0.411006 0.170572
0.509820 0.418643 0.160293
0.346401 0.543590 0.034792
0.344896 0.554522 0.030583
0.340840 0.548177 0.032729
0.350442 0.549807 0.032556
0.354489 0.556157 0.030410
0.353024 0.567654 0.026573
0.348957 0.561018 0.028530
0.338339 0.531487 0.039522
0.342367 0.537489 0.037116
0.336792 0.541968 0.034964
0.343925 0.527133 0.041828
0.349504 0.522821 0.044210
0.353512 0.528690 0.041635
0.347940 0.533069 0.039339
0.330305 0.519709 0.044569
0.328719 0.529889 0.039691
0.324697 0.523973 0.042174
0.334320 0.525560 0.042007
0.332752 0.535879 0.037286
0.490198 0.738424 0.008949
0.490171 0.748389 0.008925
0.485254 0.743428 0.008936
0.495111 0.743425 0.008934
0.500030 0.748349 0.008924
0.500019 0.758103 0.008914
0.495093 0.753278 0.008918
0.480389 0.728204 0.008991
0.485291 0.733349 0.008968
0.480343 0.738395 0.008952
0.485343 0.723089 0.009013
0.490299 0.717945 0.009037
0.495193 0.723177 0.009006
0.490241 0.728278 0.008986
0.470605 0.717723 0.009052
0.470538 0.728124 0.008995
0.465645 0.722893 0.009025
0.475494 0.722993 0.009019
0.475437 0.733293 0.008971
0.413576 0.649330 0.011826
0.412947 0.661036 0.010796
0.408361 0.654980 0.011291
0.418128 0.655435 0.011261
0.422725 0.661457 0.010770
0.422249 0.672908 0.010021
0.417577 0.667009 0.010374
0.404618 0.636829 0.013198
0.409071 0.643132 0.012470
0.403820 0.648832 0.011861
0.409931 0.631115 0.013945
0.415269 0.625429 0.014753
0.419648 0.631823 0.013869
0.414347 0.637463 0.013140
0.395878 0.623831 0.014923
0.394892 0.636204 0.013248
0.390512 0.629693 0.014075
0.400219 0.630405 0.014014
0.399330 0.642578 0.012512
0.499657 0.563937 0.030479
0.498372 0.574750 0.026575
0.494185 0.568899 0.028642
0.503830 0.569728 0.028299
0.508034 0.575535 0.026248
0.506846 0.586478 0.022832
0.502593 0.580611 0.024638
0.491395 0.552421 0.035209
0.495513 0.558167 0.032784
0.490028 0.563067 0.030835
0.496891 0.547626 0.037354
0.502386 0.542878 0.039598
0.506489 0.548503 0.036933
0.501002 0.553313 0.034817
0.483223 0.541014 0.040428
0.481796 0.551480 0.035582
0.477713 0.545728 0.038130
0.487298 0.546701 0.037753
0.485900 0.557260 0.033149
0.654754 0.573865 0.023523
0.653775 0.584162 0.020498
0.649388 0.578742 0.022194
0.659126 0.579249 0.021722
0.663515 0.584650 0.020048
0.662605 0.595040 0.017489
0.658181 0.589595 0.018929
0.646062 0.563157 0.027507
0.650399 0.568499 0.025452
0.645018 0.573340 0.024018
0.651463 0.558415 0.029109
0.656868 0.553730 0.030781
0.661183 0.559005 0.028535
0.655788 0.563722 0.026959
0.637440 0.552529 0.031987
0.636335 0.562602 0.028049
0.632026 0.557262 0.030247
0.641742 0.557834 0.029682
0.640666 0.567960 0.025971
0.587590 0.491416 0.071891
0.586095 0.500459 0.064615
0.582074 0.495578 0.068746
0.591604 0.496242 0.067637
0.595642 0.501132 0.063554
0.594220 0.510396 0.056868
0.590144 0.505400 0.060655
0.579609 0.481968 0.080838
0.583594 0.486655 0.076298
0.578074 0.490755 0.073029
0.585115 0.477989 0.084257
0.590607 0.474050 0.087696
0.594594 0.478600 0.082916
0.589101 0.482604 0.079590
0.571664 0.472826 0.090296
0.570115 0.481308 0.081988
0.566148 0.476699 0.086654
0.575632 0.477357 0.085506
0.574090 0.485995 0.077445
0.631385 0.459726 0.098299
0.629974 0.468022 0.089882
0.625936 0.463557 0.094887
0.635430 0.464151 0.093181
0.639488 0.468648 0.088227
0.638095 0.477168 0.080362
0.634028 0.472560 0.085040
0.623344 0.451096 0.109031
0.627357 0.455373 0.103582
0.621913 0.459169 0.100056
0.628781 0.447355 0.112705
0.634218 0.443634 0.116412
0.638243 0.447861 0.110724
0.632799 0.451605 0.107138
0.615372 0.442766 0.120430
0.613916 0.450628 0.110886
0.609944 0.446478 0.116548
0.619349 0.446894 0.114646
0.617906 0.454858 0.105389
0.599611 0.426901 0.144949
0.598135 0.434485 0.134529
0.594204 0.430596 0.140729
0.603551 0.430802 0.138703
0.607477 0.434723 0.132500
0.605990 0.442407 0.122376
0.602054 0.438411 0.128375
0.591599 0.418912 0.157411
0.595628 0.422953 0.151190
0.590238 0.426675 0.146917
0.596934 0.414999 0.161681
0.602232 0.410940 0.165908
0.606287 0.415146 0.159527
0.600980 0.419109 0.155389
0.583378 0.410429 0.169760
0.582171 0.418603 0.159212
0.578057 0.414399 0.165299
0.587519 0.414746 0.163604
0.586230 0.422687 0.153081
0.543521 0.526022 0.048431
0.542134 0.535960 0.042802
0.538028 0.530576 0.045848
0.547617 0.531343 0.045250
0.551738 0.536707 0.042223
0.550420 0.546848 0.037172
0.546264 0.541386 0.039910
0.535400 0.515525 0.055239
0.539448 0.520748 0.051762
0.533947 0.525236 0.049044
0.540916 0.511160 0.058181
0.546435 0.506847 0.061209
0.550464 0.511934 0.057461
0.544954 0.516316 0.054568
0.527373 0.505243 0.062620
0.525856 0.514705 0.055873
0.521845 0.509523 0.059497
0.531375 0.510355 0.058860
0.529890 0.519944 0.052387
0.511558 0.485406 0.078942
0.509933 0.494334 0.071153
0.505993 0.489395 0.075279
0.515489 0.490269 0.074685
0.519433 0.495197 0.070538
0.517855 0.504399 0.063256
0.513886 0.499336 0.067143
0.503693 0.475895 0.087707
0.507630 0.480610 0.083287
0.502062 0.484518 0.079509
0.509242 0.472138 0.091664
0.514780 0.468435 0.095692
0.518728 0.472969 0.091050
0.513185 0.476760 0.087134
0.495782 0.466707 0.096735
0.494188 0.474982 0.088193
0.490232 0.470337 0.092625
0.499745 0.471261 0.092193
0.498131 0.479709 0.083819
0.555826 0.455460 0.110568
0.554270 0.463342 0.101323
0.550312 0.459040 0.106414
0.559785 0.459694 0.105346
0.563743 0.463997 0.100222
0.562186 0.472169 0.091436
0.558227 0.467718 0.096328
0.547890 0.447174 0.121278
0.551862 0.451289 0.115881
0.546348 0.454806 0.111593
0.553401 0.443728 0.125765
0.558908 0.440284 0.130314
0.562877 0.444310 0.124621
0.557372 0.447794 0.120224
0.539906 0.439066 0.132296
0.538395 0.446514 0.122183
0.534397 0.442440 0.127579
0.543906 0.443103 0.126751
0.542377 0.450633 0.116851
0.612036 0.614278 0.014954
0.611248 0.625126 0.013381
0.606741 0.619500 0.014224
0.616528 0.619887 0.014004
0.621043 0.625488 0.013183
0.620335 0.636325 0.012040
0.615777 0.630742 0.012666
0.603121 0.603053 0.017244
0.607566 0.608666 0.016034
0.602256 0.613868 0.015197
0.608456 0.597910 0.018267
0.613803 0.592804 0.019366
0.618219 0.598363 0.017942
0.612887 0.603497 0.016950
0.594304 0.591837 0.020055
0.593360 0.602595 0.017531
0.588948 0.596962 0.018893
0.598700 0.597443 0.018584
0.597796 0.608232 0.016299
0.576974 0.569531 0.027265
0.575869 0.580105 0.023775
0.571562 0.574514 0.025670
0.581268 0.575083 0.025261
0.585587 0.580654 0.023392
0.584563 0.591332 0.020388
0.580202 0.585712 0.022015
0.568467 0.558497 0.031676
0.572707 0.564002 0.029404
0.567281 0.568941 0.027700
0.573907 0.553650 0.033554
0.579350 0.548852 0.035511
0.583573 0.554273 0.033011
0.578139 0.559113 0.031174
0.560054 0.547545 0.036637
0.558802 0.557855 0.032162
0.554599 0.552340 0.034593
0.564248 0.553010 0.034081
0.563029 0.563388 0.029864
0.620435 0.531534 0.042670
0.619217 0.541349 0.037690
0.614991 0.536095 0.040478
0.624654 0.536742 0.039768
0.628895 0.541980 0.037023
0.627736 0.551936 0.032580
0.623466 0.546631 0.035059
0.612068 0.521222 0.048958
0.616239 0.526359 0.045732
0.610787 0.530873 0.043425
0.617531 0.516809 0.051442
0.622998 0.512448 0.053984
0.627153 0.517492 0.050531
0.621694 0.521899 0.048102
0.603801 0.511078 0.055912
0.602453 0.520545 0.049810
0.598324 0.515446 0.053254
0.607922 0.516127 0.052350
0.606608 0.525689 0.046534
0.456147 0.605060 0.018347
0.455092 0.616701 0.016120
0.450761 0.610449 0.017259
0.460458 0.611268 0.017091
0.464806 0.617456 0.015969
0.463870 0.629087 0.014217
0.459460 0.622926 0.015115
0.447630 0.592607 0.021256
0.451871 0.598837 0.019736
0.446466 0.604178 0.018531
0.453066 0.587386 0.022673
0.458513 0.582224 0.024186
0.462718 0.588341 0.022437
0.457288 0.593559 0.021038
0.439252 0.580159 0.024675
0.437983 0.591606 0.021468
0.433793 0.585317 0.023128
0.443424 0.586380 0.022903
0.442207 0.597894 0.019935
0.422859 0.555529 0.032935
0.421414 0.566541 0.028832
0.417343 0.560351 0.030961
0.426917 0.561627 0.030703
0.431000 0.567773 0.028579
0.429637 0.579036 0.024911
0.425511 0.572773 0.026814
0.414800 0.543495 0.037707
0.418822 0.549484 0.035271
0.413296 0.554218 0.033196
0.420336 0.538882 0.039975
0.425873 0.534311 0.042349
0.429884 0.540154 0.039699
0.424352 0.544799 0.037438
0.406792 0.531680 0.042876
0.405253 0.542135 0.037968
0.401249 0.536182 0.040497
0.410791 0.537559 0.040240
0.409267 0.548145 0.035533
0.467111 0.518744 0.052425
0.465580 0.528723 0.046542
0.461570 0.523159 0.049592
0.471113 0.524231 0.049243
0.475132 0.529774 0.046179
0.473649 0.540012 0.040805
0.469605 0.534343 0.043611
0.459143 0.507952 0.059114
0.463121 0.513317 0.055718
0.457574 0.517653 0.052753
0.464700 0.503753 0.062323
0.470262 0.499611 0.065644
0.474227 0.504817 0.061984
0.468672 0.509039 0.058795
0.451211 0.497414 0.066190
0.449615 0.506827 0.059384
0.445648 0.501511 0.062846
0.455174 0.502651 0.062607
0.453590 0.512208 0.056020
0.378999 0.596503 0.019672
0.377723 0.609167 0.017153
0.373548 0.602173 0.018419
0.383162 0.603387 0.018293
0.387360 0.610253 0.017045
0.386193 0.623006 0.014998
0.381934 0.616132 0.016019
0.370763 0.582769 0.022806
0.374867 0.589622 0.021177
0.369405 0.595173 0.019814
0.376239 0.577503 0.024362
0.381720 0.572373 0.026005
0.385803 0.578982 0.024168
0.380332 0.584235 0.022629
0.362604 0.569256 0.026401
0.361186 0.581267 0.022969
0.357099 0.574412 0.024717
0.366677 0.575972 0.024549
0.365286 0.588195 0.021333
0.451136 0.696057 0.009240
0.451016 0.706841 0.009143
0.446158 0.701362 0.009193
0.455989 0.701564 0.009183
0.460852 0.707010 0.009134
0.460760 0.717603 0.009059
0.455884 0.712253 0.009098
0.441517 0.684826 0.009497
0.446309 0.690481 0.009339
0.441312 0.695815 0.009251
0.446566 0.679442 0.009698
0.451640 0.674051 0.009953
0.456375 0.679773 0.009676
0.451330 0.685133 0.009480
0.432043 0.673282 0.010001
0.431707 0.684502 0.009512
0.426959 0.678738 0.009734
0.436761 0.679092 0.009717
0.436492 0.690199 0.009351
0.314237 0.497059 0.055476
0.312650 0.506669 0.050048
0.308636 0.501052 0.052796
0.318256 0.502614 0.052662
0.322275 0.508238 0.049903
0.320681 0.518130 0.044731
0.316664 0.512363 0.047357
0.306191 0.486152 0.061234
0.310216 0.491573 0.058335
0.304622 0.495505 0.055595
0.311766 0.482334 0.064121
0.317332 0.478563 0.067104
0.321375 0.483859 0.064084
0.315800 0.487694 0.061162
0.298126 0.475476 0.067130
0.296589 0.484598 0.061318
0.292565 0.479226 0.064231
0.302162 0.480788 0.064168
0.300607 0.490022 0.058437
0.479754 0.449243 0.115337
0.478260 0.456873 0.106188
0.474231 0.452533 0.110778
0.483790 0.453503 0.110635
0.487807 0.457831 0.105964
0.486259 0.465772 0.097105
0.482269 0.461285 0.101629
0.471621 0.440911 0.124808
0.475698 0.445047 0.120063
0.470183 0.448262 0.115390
0.477120 0.437787 0.129683
0.482612 0.434668 0.134649
0.486704 0.438689 0.129662
0.481205 0.441860 0.124819
0.463410 0.432799 0.134345
0.462026 0.439909 0.124669
0.457918 0.435821 0.129340
0.467525 0.436830 0.129569
0.466114 0.444054 0.120021
0.446633 0.417124 0.153315
0.445456 0.423860 0.143439
0.441234 0.419957 0.148086
0.450892 0.421013 0.148673
0.455104 0.424891 0.143937
0.453789 0.431787 0.134030
0.449637 0.427800 0.138740
0.437969 0.409226 0.162277
0.442324 0.413197 0.157848
0.436967 0.416037 0.152637
0.443245 0.406252 0.167482
0.448483 0.403119 0.172702
0.452923 0.407164 0.168290
0.447643 0.410250 0.163063
0.429135 0.401155 0.170848
0.428297 0.408073 0.161422
0.423902 0.404029 0.165673
0.433571 0.405211 0.166608
0.432654 0.412076 0.157080
0.488362 0.388704 0.195222
0.487844 0.397608 0.185256
0.483290 0.393098 0.189979
0.492967 0.393407 0.190455
0.497523 0.397987 0.185611
0.496805 0.406310 0.175556
0.492351 0.402012 0.180450
0.479018 0.378951 0.204536
0.483712 0.383880 0.199917
0.478693 0.388486 0.194621
0.483937 0.373730 0.209909
0.488805 0.368092 0.215277
0.493621 0.373590 0.210538
0.488688 0.378921 0.205223
0.469470 0.368901 0.213465
0.469341 0.379030 0.203621
0.464594 0.374241 0.207968
0.474270 0.373948 0.209059
0.474045 0.383788 0.199171
0.566090 0.391245 0.193737
0.565301 0.400836 0.183178
0.560892 0.395936 0.188971
0.570532 0.396363 0.187865
0.574891 0.401256 0.181903
0.573878 0.410050 0.171331
0.569628 0.405535 0.177295
0.556947 0.380287 0.205168
0.561562 0.385889 0.199508
0.556402 0.390820 0.194662
0.562036 0.374777 0.210096
0.567103 0.368905 0.215021
0.571803 0.375107 0.209221
0.566694 0.380661 0.204356
0.547456 0.368314 0.216099
0.547172 0.379905 0.205708
0.542447 0.374106 0.211075
0.552241 0.374432 0.210705
0.551828 0.385478 0.200243
0.527903 0.343255 0.233401
0.527912 0.355615 0.225756
0.522995 0.349399 0.229775
0.532831 0.349460 0.229782
0.537736 0.355729 0.225706
0.537655 0.368062 0.216340
0.532804 0.361851 0.221292
0.518011 0.331165 0.239335
0.522961 0.337143 0.236583
0.518061 0.343255 0.233353
0.522908 0.325253 0.241724
0.527806 0.319502 0.243690
0.532766 0.325257 0.241736
0.527862 0.331139 0.239370
0.508118 0.319714 0.243634
0.508179 0.331338 0.239230
0.503248 0.325622 0.241577
0.513062 0.325351 0.241677
0.513121 0.337225 0.236498
0.390853 0.508858 0.054390
0.389282 0.518719 0.048670
0.385299 0.513044 0.051572
0.394835 0.514454 0.051382
0.398817 0.520125 0.048455
0.397255 0.530290 0.043124
0.393266 0.524469 0.045852
0.382881 0.497890 0.060614
0.386870 0.503336 0.057469
0.381313 0.507447 0.054549
0.388441 0.493899 0.063758
0.394002 0.489957 0.067029
0.397989 0.495252 0.063678
0.392428 0.499271 0.060512
0.374881 0.487231 0.067078
0.373326 0.496492 0.060707
0.369322 0.491131 0.063874
0.378885 0.492523 0.063819
0.377323 0.501930 0.057596
0.358746 0.466737 0.080515
0.357252 0.475469 0.073648
0.353203 0.470372 0.076978
0.362800 0.471771 0.077106
0.366840 0.476861 0.073726
0.365309 0.485843 0.067090
0.361286 0.480624 0.070350
0.350597 0.456825 0.087410
0.354678 0.461755 0.083949
0.349141 0.465328 0.080334
0.356126 0.453377 0.091240
0.361651 0.449995 0.095203
0.365745 0.454784 0.091578
0.360213 0.458238 0.087696
0.342399 0.447102 0.094410
0.340976 0.455384 0.087118
0.336876 0.450479 0.090548
0.346504 0.451942 0.090898
0.345065 0.460332 0.083713
0.402943 0.440004 0.113439
0.401554 0.447588 0.104919
0.397440 0.443074 0.108893
0.407066 0.444434 0.109373
0.411169 0.448911 0.105315
0.409722 0.456771 0.096998
0.405648 0.452151 0.100953
0.394650 0.431263 0.121597
0.398803 0.435614 0.117509
0.393312 0.438609 0.112885
0.400121 0.428414 0.126413
0.405587 0.425631 0.131348
0.409765 0.429838 0.127090
0.404288 0.432695 0.122248
0.386311 0.422659 0.129849
0.385017 0.429806 0.120937
0.380855 0.425454 0.124998
0.390485 0.426948 0.125710
0.389170 0.434188 0.116900
0.529818 0.697530 0.009106
0.529751 0.707938 0.009047
0.524863 0.702666 0.009083
0.534702 0.702802 0.009066
0.539594 0.708048 0.009033
0.539544 0.718347 0.008990
0.534645 0.713169 0.009016
0.520117 0.686821 0.009316
0.524953 0.692206 0.009184
0.519980 0.697370 0.009126
0.525138 0.681609 0.009471
0.530181 0.676392 0.009671
0.534964 0.681843 0.009436
0.529948 0.687029 0.009287
0.510536 0.675872 0.009751
0.510285 0.686611 0.009343
0.505482 0.681140 0.009537
0.515311 0.681375 0.009504
0.515118 0.692023 0.009207
0.491764 0.653309 0.011365
0.491268 0.664376 0.010482
0.486600 0.658666 0.010925
0.496404 0.659036 0.010864
0.501081 0.664703 0.010429
0.500711 0.675611 0.009790
0.495972 0.670024 0.010105
0.482604 0.641657 0.012580
0.487164 0.647516 0.011936
0.481970 0.652894 0.011435
0.487854 0.636260 0.013191
0.493131 0.630858 0.013850
0.497629 0.636759 0.013079
0.492383 0.642139 0.012485
0.473615 0.629715 0.014098
0.472831 0.641143 0.012671
0.468327 0.635156 0.013404
0.478087 0.635726 0.013299
0.477380 0.647054 0.012016
0.533928 0.610520 0.016741
0.533037 0.621649 0.014820
0.528596 0.615809 0.015818
0.538351 0.616337 0.015628
0.542803 0.622144 0.014649
0.542009 0.633254 0.013185
0.537507 0.627474 0.013954
0.525171 0.598858 0.019371
0.529535 0.604692 0.017989
0.524183 0.609955 0.016951
0.530552 0.593666 0.020615
0.535943 0.588513 0.021948
0.540271 0.594280 0.020338
0.534897 0.599466 0.019119
0.516539 0.587186 0.022541
0.515450 0.598223 0.019622
0.511132 0.592350 0.021160
0.520839 0.593022 0.020889
0.519801 0.604092 0.018219
0.697978 0.537038 0.036631
0.696845 0.546580 0.032334
0.692547 0.541434 0.034790
0.702273 0.542153 0.034094
0.706572 0.547283 0.031676
0.705456 0.556915 0.027762
0.701150 0.551740 0.029994
0.689418 0.526861 0.042087
0.693693 0.531940 0.039293
0.688256 0.536304 0.037369
0.694868 0.522581 0.044130
0.700324 0.518353 0.046204
0.704591 0.523375 0.043249
0.699138 0.527631 0.041255
0.680912 0.516773 0.048103
0.679710 0.526108 0.042928
0.675458 0.521045 0.045923
0.685157 0.521804 0.045021
0.683976 0.531195 0.040080
0.664128 0.496956 0.062048
0.662821 0.506036 0.055850
0.658652 0.501105 0.059496
0.668290 0.501856 0.058306
0.672476 0.506796 0.054739
0.671225 0.516010 0.049070
0.667013 0.511006 0.052377
0.655858 0.487291 0.070068
0.659985 0.492098 0.065967
0.654508 0.496214 0.063321
0.661330 0.483255 0.072842
0.666798 0.479257 0.075645
0.670928 0.483992 0.071344
0.665458 0.488025 0.068641
0.647646 0.477847 0.078811
0.646273 0.486578 0.071501
0.642177 0.481842 0.075849
0.651746 0.482540 0.074352
0.650383 0.491370 0.067323
0.600111 0.646445 0.011320
0.604753 0.651950 0.010834
0.599610 0.657123 0.010489
0.605308 0.641228 0.011741
0.610530 0.635994 0.012191
0.615115 0.641552 0.011612
0.609921 0.646760 0.011209
0.589796 0.656828 0.010570
0.594941 0.651645 0.010928
0.594491 0.662281 0.010177
0.590306 0.646115 0.011430
0.590933 0.635286 0.012486
0.596185 0.630018 0.013007
0.595504 0.640890 0.011870
0.584328 0.672549 0.009659
0.584676 0.661995 0.010246
0.589398 0.667422 0.009900
0.465600 0.471982 0.089088
0.469566 0.476747 0.084891
0.463983 0.480537 0.080980
0.471165 0.468355 0.093189
0.476722 0.464791 0.097370
0.480705 0.469368 0.092957
0.475140 0.473025 0.088884
0.454446 0.479440 0.081143
0.460026 0.475677 0.085071
0.458401 0.484383 0.077160
0.456051 0.470898 0.089199
0.457612 0.462694 0.097585
0.463160 0.459251 0.101899
0.461615 0.467298 0.093321
0.447252 0.492245 0.069863
0.448867 0.483263 0.077320
0.452824 0.488284 0.073450
0.553636 0.417261 0.163213
0.557794 0.421400 0.157416
0.552359 0.424921 0.152638
0.559003 0.413517 0.167960
0.564333 0.409616 0.172651
0.568554 0.413984 0.166753
0.563193 0.417761 0.162118
0.542798 0.424351 0.153518
0.548234 0.420865 0.158401
0.546888 0.428342 0.147775
0.544042 0.416718 0.164064
0.545108 0.408622 0.174519
0.550404 0.404602 0.179372
0.549409 0.413007 0.168917
0.535887 0.435050 0.137905
0.537331 0.427736 0.148560
0.541394 0.431696 0.142842
0.376634 0.537730 0.038703
0.380636 0.543780 0.036276
0.375108 0.548359 0.034174
0.382175 0.533274 0.040982
0.387719 0.528853 0.043361
0.391711 0.534754 0.040744
0.386171 0.539250 0.038466
0.365558 0.546784 0.034398
0.371096 0.542227 0.036509
0.369583 0.553015 0.032156
0.367087 0.536190 0.038929
0.368639 0.525869 0.043807
0.374193 0.521548 0.046286
0.372635 0.531760 0.041212
0.358543 0.562643 0.028357
0.360022 0.551420 0.032365
0.364062 0.557769 0.030218
0.519800 0.728442 0.008969
0.524709 0.733488 0.008950
0.519767 0.738461 0.008939
0.524747 0.723379 0.008984
0.529696 0.718284 0.009000
0.534598 0.723425 0.008976
0.529653 0.728475 0.008963
0.509911 0.738455 0.008943
0.514854 0.733468 0.008955
0.514827 0.743398 0.008930
0.509947 0.728400 0.008975
0.509998 0.718135 0.009019
0.514952 0.712986 0.009040
0.514896 0.723324 0.008991
0.504953 0.753203 0.008917
0.504969 0.743412 0.008932
0.509888 0.748307 0.008922
0.443559 0.639406 0.012925
0.448069 0.645486 0.012236
0.442854 0.650959 0.011682
0.448833 0.633912 0.013602
0.454134 0.628421 0.014332
0.458576 0.634552 0.013504
0.453309 0.640017 0.012844
0.433092 0.650404 0.011736
0.438312 0.644902 0.012303
0.437666 0.656434 0.011183
0.433817 0.638760 0.013003
0.434686 0.626976 0.014553
0.440028 0.621421 0.015375
0.439098 0.633237 0.013696
0.427364 0.667404 0.010352
0.427896 0.655922 0.011225
0.432503 0.661913 0.010739
0.529862 0.555733 0.033546
0.534043 0.561353 0.031180
0.528590 0.566281 0.029342
0.535328 0.550902 0.035572
0.540794 0.546119 0.037691
0.544959 0.551636 0.035090
0.539500 0.556472 0.033097
0.518937 0.565535 0.029730
0.524399 0.560610 0.031598
0.523143 0.571258 0.027585
0.520234 0.554961 0.033982
0.521572 0.544564 0.038679
0.527054 0.539846 0.040968
0.525705 0.550134 0.036040
0.512270 0.581357 0.024328
0.513482 0.570510 0.027946
0.517702 0.576283 0.025913
0.684944 0.565471 0.025295
0.689284 0.570744 0.023324
0.683925 0.575482 0.021999
0.690335 0.560835 0.026800
0.695738 0.556258 0.028367
0.700050 0.561463 0.026217
0.694658 0.566071 0.024732
0.674208 0.574935 0.022514
0.679569 0.570171 0.023864
0.678580 0.580283 0.020755
0.675228 0.564879 0.025854
0.676301 0.554973 0.029575
0.681708 0.550401 0.031256
0.680619 0.560216 0.027381
0.667922 0.590065 0.018501
0.668857 0.579763 0.021242
0.673247 0.585145 0.019590
0.617622 0.484535 0.075637
0.621675 0.489284 0.071282
0.616185 0.493413 0.068313
0.623096 0.480502 0.078743
0.628565 0.476511 0.081878
0.632628 0.481163 0.077309
0.627155 0.485201 0.074281
0.606642 0.492739 0.069520
0.612137 0.488613 0.072563
0.610692 0.497587 0.065375
0.608103 0.483880 0.076974
0.609558 0.475249 0.084834
0.615024 0.471317 0.088154
0.613582 0.479854 0.080155
0.599708 0.506078 0.059646
0.601142 0.496912 0.066512
0.605198 0.501810 0.062483
0.661337 0.453348 0.101176
0.665419 0.457757 0.095942
0.659954 0.461576 0.092776
0.666804 0.449590 0.104476
0.672268 0.445851 0.107805
0.676347 0.450189 0.102361
0.670884 0.453962 0.099137
0.650409 0.460937 0.094661
0.655872 0.457130 0.097906
0.654489 0.465423 0.089641
0.651800 0.452742 0.103212
0.653198 0.444701 0.112190
0.658663 0.441011 0.115713
0.657263 0.448998 0.106593
0.643561 0.473215 0.083437
0.644948 0.464775 0.091435
0.649025 0.469301 0.086529
0.628969 0.419734 0.148559
0.633006 0.423865 0.142282
0.627635 0.427602 0.138366
0.634286 0.415904 0.152517
0.639583 0.412049 0.156478
0.643689 0.416336 0.150074
0.638358 0.420109 0.146181
0.618270 0.427297 0.140609
0.623630 0.423532 0.144595
0.622246 0.431318 0.134419
0.619618 0.419444 0.150888
0.620871 0.411308 0.161308
0.626121 0.407250 0.165388
0.624925 0.415559 0.154903
0.611414 0.438710 0.126385
0.612887 0.431027 0.136584
0.616835 0.435015 0.130422
0.573667 0.518508 0.052333
0.577774 0.523667 0.048927
0.572297 0.528200 0.046415
0.579157 0.514087 0.055045
0.584650 0.509718 0.057818
0.588736 0.514766 0.054153
0.583254 0.519189 0.051505
0.562696 0.527505 0.047117
0.568180 0.522980 0.049687
0.566822 0.532785 0.043978
0.564088 0.517807 0.053116
0.565529 0.508335 0.059612
0.571041 0.504036 0.062596
0.569586 0.513396 0.055895
0.555884 0.542109 0.039351
0.557215 0.532079 0.044627
0.561351 0.537421 0.041621
0.541637 0.479159 0.084929
0.545587 0.483855 0.080400
0.540036 0.487866 0.076822
0.547175 0.475292 0.088678
0.552705 0.471480 0.092479
0.556662 0.476011 0.087710
0.551128 0.479904 0.084030
0.530538 0.487073 0.077597
0.536093 0.483085 0.081235
0.534484 0.491924 0.073304
0.532150 0.478386 0.085746
0.533741 0.470013 0.094277
0.539269 0.466309 0.098266
0.537689 0.474545 0.089557
0.523392 0.500189 0.066514
0.524983 0.491110 0.074026
0.528935 0.496032 0.069865
0.585710 0.449388 0.116159
0.589660 0.453499 0.110586
0.584188 0.457191 0.106705
0.591175 0.445751 0.120209
0.596624 0.442093 0.124280
0.600558 0.446104 0.118410
0.595117 0.449804 0.114485
0.574746 0.456655 0.108129
0.580233 0.453018 0.112131
0.578702 0.460893 0.102844
0.576283 0.448906 0.117670
0.577816 0.441317 0.127650
0.583291 0.437771 0.132021
0.581763 0.445331 0.121848
0.567702 0.468374 0.095204
0.569249 0.460312 0.104157
0.573207 0.464617 0.099008
0.642217 0.604740 0.016020
0.646693 0.610261 0.014900
0.641402 0.615420 0.014185
0.647532 0.599644 0.016915
0.652853 0.594594 0.017885
0.657295 0.600067 0.016552
0.651991 0.605142 0.015689
0.631609 0.615054 0.014449
0.636909 0.609879 0.015198
0.636118 0.620614 0.013545
0.632437 0.604339 0.016339
0.633325 0.593714 0.018646
0.638672 0.588671 0.019757
0.637761 0.599224 0.017269
0.625580 0.631082 0.012491
0.626321 0.620258 0.013777
0.630844 0.625836 0.012980
0.607200 0.560902 0.029630
0.611495 0.566327 0.027474
0.606093 0.571230 0.025912
0.612619 0.556094 0.031361
0.618040 0.551335 0.033170
0.622318 0.556682 0.030806
0.616903 0.561479 0.029107
0.596380 0.570675 0.026369
0.601787 0.565761 0.027965
0.600698 0.576185 0.024421
0.597506 0.560316 0.030148
0.598678 0.550109 0.034345
0.604113 0.545383 0.036310
0.602928 0.555495 0.031914
0.589932 0.586239 0.021657
0.590980 0.575640 0.024844
0.595311 0.581189 0.023002
0.650650 0.523942 0.045507
0.654884 0.529049 0.042487
0.649446 0.533508 0.040387
0.656099 0.519577 0.047756
0.661554 0.515266 0.050048
0.665773 0.520302 0.046835
0.660326 0.524648 0.044638
0.639764 0.532845 0.041155
0.645205 0.528365 0.043306
0.644013 0.538027 0.038342
0.640986 0.523253 0.046381
0.642248 0.513831 0.052031
0.647712 0.509539 0.054485
0.646438 0.518869 0.048687
0.633157 0.547244 0.034431
0.634328 0.537385 0.039058
0.638583 0.542606 0.036355
0.486326 0.596110 0.020354
0.490632 0.602116 0.018896
0.485251 0.607419 0.017772
0.491737 0.590897 0.021690
0.497160 0.585731 0.023118
0.501430 0.591645 0.021428
0.496025 0.596859 0.020115
0.475539 0.606680 0.017968
0.480926 0.601371 0.019113
0.479884 0.612768 0.016744
0.476636 0.595310 0.020588
0.477816 0.584082 0.023668
0.483263 0.578971 0.025234
0.482054 0.590096 0.021945
0.469190 0.623617 0.014981
0.470166 0.612041 0.016919
0.474530 0.618167 0.015814
0.453041 0.548365 0.036582
0.457105 0.554240 0.034143
0.451595 0.559080 0.032110
0.458561 0.543641 0.038816
0.464082 0.538965 0.041156
0.468133 0.544708 0.038484
0.462619 0.549451 0.036268
0.442008 0.557957 0.032392
0.447523 0.553136 0.034440
0.446091 0.563976 0.030168
0.443472 0.547233 0.036876
0.444966 0.536737 0.041781
0.450498 0.532156 0.044268
0.448995 0.542529 0.039125
0.435111 0.573955 0.026568
0.436500 0.562836 0.030438
0.440596 0.568934 0.028321
0.497263 0.512056 0.057542
0.501263 0.517348 0.054061
0.495736 0.521770 0.051198
0.502802 0.507765 0.060643
0.508343 0.503525 0.063843
0.512323 0.508662 0.060092
0.506792 0.512978 0.057027
0.486192 0.520804 0.051647
0.491726 0.516402 0.054543
0.490211 0.526249 0.048437
0.487733 0.511091 0.058009
0.489309 0.501650 0.064861
0.494867 0.497514 0.068234
0.493278 0.506824 0.061144
0.479168 0.535370 0.043239
0.480661 0.525261 0.048859
0.484688 0.530782 0.045783
0.409106 0.588220 0.022073
0.413279 0.594724 0.020501
0.407847 0.600131 0.019218
0.414564 0.582990 0.023561
0.420032 0.577843 0.025141
0.424173 0.584187 0.023348
0.418721 0.589413 0.021878
0.398220 0.598983 0.019374
0.403659 0.593546 0.020678
0.402424 0.605649 0.018028
0.399503 0.586961 0.022263
0.400854 0.575250 0.025583
0.406340 0.570204 0.027285
0.404966 0.581724 0.023768
0.391595 0.617087 0.015928
0.392787 0.604545 0.018163
0.397007 0.611294 0.016931
0.480792 0.685946 0.009420
0.485611 0.691447 0.009272
0.480626 0.696694 0.009199
0.485828 0.680648 0.009599
0.490888 0.675339 0.009827
0.495654 0.680902 0.009569
0.490620 0.686182 0.009396
0.470794 0.696496 0.009214
0.475781 0.691230 0.009291
0.475658 0.701931 0.009160
0.470968 0.685692 0.009442
0.471254 0.674736 0.009895
0.476345 0.669383 0.010188
0.476006 0.680375 0.009627
0.465725 0.712394 0.009090
0.465822 0.701754 0.009172
0.470690 0.707168 0.009124
0.344607 0.492187 0.060955
0.348624 0.497611 0.057942
0.343053 0.501625 0.055114
0.350171 0.488288 0.063970
0.355730 0.484433 0.067100
0.359751 0.489721 0.063924
0.354189 0.493644 0.060876
0.333460 0.500122 0.055241
0.339037 0.496132 0.058047
0.337475 0.505683 0.052387
0.335014 0.490711 0.061028
0.336548 0.481544 0.067109
0.342105 0.477776 0.070279
0.340582 0.486833 0.064013
0.326291 0.513936 0.047203
0.327873 0.504157 0.052529
0.331888 0.509787 0.049752
0.509862 0.444377 0.124063
0.513879 0.448485 0.118957
0.508373 0.451875 0.114434
0.515359 0.441056 0.128796
0.520854 0.437732 0.133622
0.524882 0.441754 0.128255
0.519381 0.445113 0.123564
0.498852 0.451050 0.114858
0.504360 0.447705 0.119419
0.502860 0.455291 0.109992
0.500328 0.443593 0.124445
0.501764 0.436307 0.134403
0.507250 0.433063 0.139400
0.505824 0.440321 0.129213
0.491804 0.462231 0.101328
0.493334 0.454422 0.110373
0.497337 0.458740 0.105624
0.476623 0.412733 0.164900
0.480938 0.416710 0.160061
0.475576 0.419859 0.154848
0.481902 0.409360 0.170098
0.487144 0.405795 0.175280
0.491551 0.409962 0.170410
0.486262 0.413420 0.165247
0.465946 0.419016 0.154441
0.471305 0.415942 0.159681
0.470176 0.422893 0.149602
0.466980 0.411981 0.164400
0.467836 0.404600 0.174255
0.473032 0.401018 0.179498
0.472257 0.408698 0.169630
0.459273 0.428815 0.139145
0.460542 0.421983 0.149186
0.464740 0.425855 0.144351
0.517891 0.379119 0.206210
0.522596 0.384478 0.201116
0.517502 0.389367 0.196020
0.522896 0.373659 0.211342
0.527861 0.367878 0.216441
0.532674 0.373847 0.211284
0.527654 0.379310 0.206204
0.507773 0.389132 0.195917
0.512850 0.384274 0.201066
0.512375 0.393984 0.190916
0.508133 0.378996 0.206051
0.508277 0.367760 0.216210
0.513184 0.361718 0.221188
0.513118 0.373552 0.211244
0.502026 0.402442 0.180686
0.502664 0.393699 0.190765
0.507216 0.398338 0.185804
0.595649 0.381775 0.200316
0.600031 0.387409 0.193878
0.594863 0.392372 0.189360
0.600764 0.376273 0.204991
0.605830 0.370525 0.209681
0.610253 0.376852 0.203002
0.605165 0.382229 0.198425
0.585326 0.392016 0.191078
0.590503 0.387024 0.195682
0.589663 0.397113 0.184862
0.586060 0.381379 0.201928
0.586616 0.369505 0.212912
0.591673 0.363324 0.217559
0.591181 0.375807 0.206678
0.579171 0.405939 0.175864
0.580123 0.396755 0.186492
0.584432 0.401631 0.180368
0.557512 0.331243 0.239232
0.562489 0.337349 0.236274
0.557514 0.343513 0.233130
0.562468 0.325290 0.241560
0.567415 0.319456 0.243467
0.572415 0.325250 0.241267
0.567458 0.331249 0.238984
0.547605 0.343412 0.233297
0.552554 0.337293 0.236474
0.552538 0.349707 0.229552
0.547588 0.331212 0.239323
0.547540 0.319522 0.243675
0.552465 0.313901 0.245242
0.552522 0.325299 0.241681
0.542614 0.362029 0.221158
0.542667 0.349569 0.229707
0.547571 0.355894 0.225556
0.421038 0.503212 0.060056
0.425010 0.508636 0.056765
0.419455 0.512869 0.053798
0.426598 0.499112 0.063260
0.432161 0.495067 0.066589
0.436125 0.500332 0.063065
0.430566 0.504456 0.059854
0.409924 0.511571 0.054015
0.415480 0.507366 0.056974
0.413902 0.517154 0.050952
0.411506 0.501934 0.060233
0.413093 0.492576 0.066874
0.418659 0.488634 0.070305
0.417067 0.497859 0.063428
0.402802 0.525867 0.045617
0.404370 0.515824 0.051176
0.408351 0.521488 0.048226
0.389040 0.462323 0.088529
0.393088 0.467198 0.084849
0.387534 0.470818 0.081037
0.394582 0.458855 0.092553
0.400118 0.455466 0.096698
0.404184 0.460173 0.092836
0.398639 0.463650 0.088785
0.377943 0.469478 0.080869
0.383493 0.465866 0.084634
0.381978 0.474497 0.077353
0.379434 0.460983 0.088258
0.380891 0.452771 0.095970
0.386414 0.449457 0.100156
0.384973 0.457516 0.092236
0.370866 0.482012 0.070381
0.372392 0.473145 0.077232
0.376422 0.478229 0.073801
0.433183 0.436604 0.123783
0.437305 0.440797 0.119366
0.431801 0.443871 0.114690
0.438671 0.433649 0.128656
0.444157 0.430718 0.133638
0.448298 0.434767 0.129032
0.442804 0.437766 0.124145
0.422189 0.442640 0.114347
0.427689 0.439597 0.119014
0.426292 0.446998 0.110114
0.423556 0.435371 0.123349
0.424879 0.428345 0.132648
0.430347 0.425532 0.137716
0.429040 0.432456 0.128211
0.415252 0.453443 0.101267
0.416683 0.445742 0.109780
0.420776 0.450187 0.105639
0.559433 0.687651 0.009199
0.564283 0.692936 0.009086
0.559325 0.698005 0.009045
0.564437 0.682539 0.009328
0.569462 0.677419 0.009499
0.574260 0.682766 0.009292
0.569260 0.687856 0.009168
0.549490 0.697847 0.009066
0.554452 0.692756 0.009111
0.554382 0.703071 0.009032
0.549605 0.687445 0.009229
0.549823 0.676908 0.009586
0.554879 0.671736 0.009813
0.554613 0.682308 0.009365
0.544490 0.713254 0.009004
0.544542 0.702938 0.009049
0.549436 0.708157 0.009018
0.521751 0.643441 0.012182
0.526345 0.649144 0.011587
0.521172 0.654434 0.011139
0.526978 0.638127 0.012730
0.532230 0.632805 0.013321
0.536763 0.638558 0.012611
0.531541 0.643853 0.012078
0.511369 0.654067 0.011216
0.516548 0.648754 0.011677
0.516022 0.659725 0.010734
0.511960 0.643020 0.012284
0.512677 0.631866 0.013588
0.517967 0.626496 0.014256
0.517194 0.637683 0.012847
0.505792 0.670315 0.010059
0.506213 0.659384 0.010800
0.510896 0.665018 0.010374
0.564106 0.601130 0.018346
0.568514 0.606837 0.017050
0.563187 0.612071 0.016103
0.569462 0.595954 0.019489
0.574827 0.590814 0.020713
0.579203 0.596465 0.019195
0.573852 0.601634 0.018082
0.553430 0.611576 0.016317
0.558763 0.606337 0.017288
0.557872 0.617332 0.015245
0.554365 0.600602 0.018606
0.555373 0.589720 0.021339
0.560760 0.584612 0.022704
0.559726 0.595423 0.019775
0.547280 0.627937 0.013801
0.548110 0.616846 0.015437
0.552570 0.622621 0.014477
0.728344 0.530017 0.038827
0.732625 0.535041 0.036246
0.727173 0.539306 0.034474
0.733805 0.525828 0.040687
0.739272 0.521681 0.042566
0.743551 0.526658 0.039860
0.738085 0.530827 0.038043
0.717440 0.538543 0.035180
0.722888 0.534255 0.036989
0.721729 0.543624 0.032732
0.718604 0.529213 0.039623
0.719786 0.520001 0.044356
0.725253 0.515859 0.046350
0.724063 0.525004 0.041528
0.710870 0.552427 0.029368
0.712000 0.542885 0.033406
0.716295 0.547997 0.031028
0.694360 0.490370 0.064434
0.698559 0.495243 0.060669
0.693086 0.499316 0.058307
0.699829 0.486354 0.066923
0.705298 0.482367 0.069439
0.709501 0.487194 0.065476
0.704031 0.491204 0.063059
0.683416 0.498506 0.059540
0.688889 0.494420 0.061973
0.687615 0.503425 0.055963
0.684708 0.489563 0.065823
0.686012 0.480758 0.072517
0.691478 0.476795 0.075205
0.690178 0.485540 0.068383
0.676684 0.511769 0.051340
0.677944 0.502630 0.057128
0.682147 0.507575 0.053639
0.677730 0.471367 0.081338
0.681863 0.476032 0.076836
0.676397 0.479995 0.074076
0.683195 0.467467 0.084226
0.688657 0.463592 0.087142
0.692791 0.468194 0.082438
0.687328 0.472100 0.079624
0.711255 0.510037 0.050422
0.715516 0.515011 0.047318
0.710050 0.519170 0.045272
0.716726 0.505940 0.052558
0.722201 0.501875 0.054706
0.726457 0.506808 0.051459
0.720986 0.510893 0.049382
0.546753 0.578333 0.024873
0.551049 0.584022 0.023038
0.545655 0.589132 0.021646
0.552171 0.573306 0.026459
0.557596 0.568324 0.028124
0.561863 0.573925 0.026069
0.556451 0.578953 0.024514
0.503759 0.620045 0.015327
0.508199 0.625981 0.014406
0.502902 0.631373 0.013720
0.509094 0.614685 0.016195
0.514442 0.609368 0.017159
0.518843 0.615258 0.016007
0.513515 0.620600 0.015159
0.540335 0.665951 0.010202
0.545064 0.671455 0.009865
0.540003 0.676651 0.009629
0.545446 0.660728 0.010530
0.550579 0.655503 0.010900
0.555252 0.661055 0.010460
0.550147 0.666257 0.010142
0.416492 0.420198 0.141515
0.420697 0.424261 0.137092
0.415235 0.427030 0.132039
0.421913 0.417527 0.146693
0.427301 0.414833 0.151886
0.431573 0.418797 0.147427
0.426148 0.421520 0.142232
0.372681 0.443441 0.103514
0.376792 0.448082 0.099730
0.371271 0.451397 0.095590
0.378186 0.440277 0.107856
0.383682 0.437193 0.112319
0.387814 0.441685 0.108381
0.382307 0.444843 0.103995
0.405128 0.482223 0.073946
0.409115 0.487365 0.070383
0.403551 0.491282 0.066968
0.410693 0.478438 0.077593
0.416259 0.474707 0.081361
0.420248 0.479694 0.077588
0.414681 0.483501 0.073923
0.537609 0.308474 0.246438
0.542570 0.313913 0.245253
0.537668 0.319510 0.243692
0.542511 0.303205 0.247247
0.547421 0.298095 0.247703
0.552399 0.303179 0.247251
0.547480 0.308469 0.246435
0.577190 0.356443 0.224046
0.581952 0.362979 0.218782
0.576889 0.369186 0.214097
0.582201 0.350121 0.227936
0.587174 0.343839 0.231408
0.591967 0.350413 0.226926
0.586982 0.356690 0.223058
0.498500 0.355905 0.225160
0.503393 0.361827 0.220905
0.498515 0.367865 0.215840
0.503360 0.349647 0.229415
0.508236 0.343400 0.233194
0.513166 0.349444 0.229664
0.508276 0.355657 0.225512
0.458836 0.396228 0.183212
0.463361 0.400441 0.178783
0.458163 0.403906 0.173531
0.463949 0.392396 0.188505
0.469019 0.388261 0.193823
0.473628 0.392763 0.189330
0.468516 0.396739 0.184049
0.493568 0.428401 0.144858
0.497681 0.432330 0.139628
0.492196 0.435517 0.134595
0.499014 0.425246 0.150030
0.504434 0.422006 0.155181
0.508607 0.425911 0.149879
0.503155 0.429129 0.144739
0.328446 0.471143 0.073395
0.332503 0.476316 0.070239
0.326944 0.480066 0.067108
0.333990 0.467496 0.076712
0.339529 0.463892 0.080149
0.343600 0.468947 0.076847
0.338055 0.472609 0.073483
0.461861 0.663253 0.010623
0.466539 0.669028 0.010226
0.461445 0.674404 0.009925
0.467008 0.657852 0.011037
0.472181 0.652453 0.011502
0.476801 0.658272 0.010983
0.471658 0.663651 0.010579
0.392710 0.562438 0.029552
0.396770 0.568816 0.027513
0.391282 0.573847 0.025796
0.398220 0.557604 0.031457
0.403739 0.552845 0.033450
0.407777 0.559011 0.031212
0.402268 0.563874 0.029318
0.481401 0.491492 0.072616
0.485350 0.496539 0.068687
0.479787 0.500650 0.065283
0.486977 0.487513 0.076259
0.492556 0.483585 0.080000
0.496489 0.488474 0.075807
0.490918 0.492481 0.072197
0.436953 0.525314 0.047452
0.440953 0.530998 0.044558
0.435418 0.535552 0.042069
0.442496 0.520891 0.050185
0.448041 0.516521 0.053041
0.452030 0.522045 0.049903
0.446490 0.526494 0.047170
0.469441 0.572076 0.027496
0.473613 0.578073 0.025519
0.468160 0.583179 0.023931
0.474920 0.567084 0.029290
0.480407 0.562147 0.031176
0.484548 0.568018 0.028972
0.479076 0.573019 0.027200
0.633943 0.503875 0.059216
0.638082 0.508833 0.055539
0.632616 0.513137 0.053011
0.639421 0.499660 0.061894
0.644903 0.495492 0.064600
0.649029 0.500373 0.060698
0.643554 0.504579 0.058104
0.590244 0.539419 0.039684
0.594450 0.544749 0.036933
0.589010 0.549484 0.034929
0.595696 0.534787 0.041893
0.601151 0.530210 0.044178
0.605339 0.535443 0.041186
0.599893 0.540068 0.039021
0.624522 0.582719 0.021789
0.628912 0.588212 0.020153
0.623560 0.593266 0.019010
0.629895 0.577746 0.023110
0.635276 0.572825 0.024505
0.639642 0.578243 0.022658
0.634272 0.583203 0.021369
0.569903 0.433366 0.139568
0.573863 0.437330 0.133565
0.568375 0.440826 0.129068
0.575380 0.429890 0.144172
0.580824 0.426340 0.148674
0.584809 0.430289 0.142553
0.579345 0.433820 0.138086
0.525830 0.461183 0.103956
0.529789 0.465560 0.099079
0.524262 0.469236 0.095032
0.531347 0.457629 0.108189
0.536863 0.454115 0.112488
0.540831 0.458350 0.107362
0.535312 0.461933 0.103190
0.557490 0.498369 0.067505
0.561497 0.503325 0.063483
0.555979 0.507606 0.060434
0.563025 0.494200 0.070763
0.568560 0.490075 0.074083
0.572547 0.494901 0.069790
0.567021 0.499091 0.066604
0.612697 0.402418 0.174288
0.616798 0.406941 0.167772
0.611555 0.411083 0.163645
0.617878 0.398003 0.178503
0.623027 0.393506 0.182755
0.627199 0.398440 0.176093
0.622014 0.402722 0.171918
0.645105 0.436261 0.123900
0.649143 0.440456 0.117962
0.643691 0.444146 0.114333
0.650550 0.432602 0.127615
0.655979 0.428941 0.131297
0.660062 0.433131 0.125217
0.654604 0.436789 0.121603
0.601554 0.466284 0.094669
0.605549 0.470724 0.089672
0.600077 0.474642 0.086277
0.607013 0.462450 0.098208
0.612463 0.458642 0.101781
0.616464 0.462991 0.096563
0.611011 0.466842 0.093101
0.667693 0.544538 0.034330
0.671992 0.549747 0.031889
0.666584 0.554346 0.030178
0.673114 0.540032 0.036195
0.678541 0.535584 0.038114
0.682827 0.540726 0.035490
0.677406 0.545207 0.033661
0.513381 0.533538 0.044407
0.517464 0.539030 0.041469
0.511976 0.543739 0.039148
0.518881 0.528950 0.046968
0.524383 0.524419 0.049629
0.528449 0.529778 0.046421
0.522955 0.534376 0.043894
0.426008 0.614173 0.016553
0.430325 0.620608 0.015499
0.424975 0.626208 0.014657
0.431396 0.608670 0.017584
0.436796 0.603248 0.018711
0.441074 0.609583 0.017423
0.435693 0.615059 0.016413
0.500218 0.707585 0.009089
0.505105 0.712885 0.009051
0.500148 0.718046 0.009028
0.505179 0.702389 0.009116
0.510141 0.697209 0.009145
0.515021 0.702528 0.009100
0.510063 0.707706 0.009075
0.360643 0.514330 0.049249
0.364642 0.520059 0.046488
0.359079 0.524352 0.044014
0.366205 0.510151 0.051920
0.371764 0.506018 0.054700
0.375757 0.511605 0.051750
0.370200 0.515809 0.049065
0.536301 0.399434 0.185418
0.540737 0.404097 0.180016
0.535456 0.408110 0.175082
0.541504 0.395021 0.190370
0.546680 0.390378 0.195310
0.551212 0.395481 0.189804
0.545989 0.399897 0.184923
0.449550 0.453724 0.106218
0.453591 0.458170 0.101886
0.448047 0.461590 0.097576
0.455078 0.450450 0.110721
0.460600 0.447230 0.115323
0.464660 0.451513 0.110799
0.459129 0.454813 0.106295
0.581889 0.623945 0.013949
0.586396 0.629632 0.013172
0.581141 0.634909 0.012630
0.587180 0.618680 0.014649
0.592481 0.613442 0.015433
0.596958 0.619098 0.014440
0.591671 0.624354 0.013764
0.669510 0.462228 0.090891
0.668148 0.470658 0.083061
0.664046 0.466085 0.087828
0.673613 0.466765 0.086023
0.672265 0.475296 0.078477
0.702774 0.500149 0.057089
0.701536 0.509196 0.051480
0.697301 0.504242 0.054813
0.707006 0.505082 0.053676
0.705786 0.514173 0.048303
0.538251 0.566995 0.028945
0.537062 0.577682 0.025225
0.532810 0.571973 0.027217
0.542487 0.572656 0.026842
0.541343 0.583403 0.023368
0.494973 0.608110 0.017572
0.494006 0.619461 0.015493
0.489611 0.613451 0.016565
0.499349 0.614087 0.016382
0.498435 0.625447 0.014555
0.530975 0.654795 0.011061
0.530523 0.665643 0.010260
0.525831 0.660063 0.010668
0.535639 0.660398 0.010600
0.535247 0.671172 0.009915
0.407977 0.412067 0.150166
0.406835 0.418773 0.140717
0.402598 0.414658 0.145003
0.412253 0.416146 0.145884
0.411045 0.422896 0.136388
0.364424 0.434279 0.111150
0.363055 0.442008 0.103025
0.358930 0.437374 0.106775
0.368558 0.438842 0.107321
0.367169 0.446681 0.099295
0.397118 0.472143 0.081192
0.395568 0.480915 0.073927
0.391559 0.475834 0.077467
0.401130 0.477151 0.077553
0.399564 0.486064 0.070424
0.527695 0.298109 0.247698
0.527747 0.308475 0.246435
0.522792 0.303217 0.247249
0.532650 0.303209 0.247246
0.532707 0.313908 0.245257
0.567439 0.343598 0.232774
0.567331 0.356269 0.224784
0.562445 0.349849 0.229241
0.572347 0.349971 0.228706
0.572154 0.362734 0.219742
0.488755 0.344319 0.232469
0.488792 0.356343 0.224620
0.483950 0.350683 0.228413
0.493617 0.350056 0.229007
0.493652 0.362090 0.220440
0.449660 0.387672 0.191776
0.449154 0.395627 0.182263
0.444591 0.391425 0.186492
0.454267 0.391969 0.187541
0.453680 0.399791 0.177944
0.485201 0.420636 0.155108
0.483968 0.427612 0.144832
0.479795 0.423739 0.149891
0.489409 0.424523 0.150034
0.488097 0.431539 0.139714
0.320287 0.460941 0.079768
0.318829 0.469650 0.073305
0.314755 0.464513 0.076437
0.324372 0.466020 0.076572
0.322892 0.474833 0.070193
0.452624 0.651485 0.011625
0.452069 0.662830 0.010665
0.447441 0.656933 0.011137
0.457222 0.657406 0.011089
0.456738 0.668653 0.010262
0.384646 0.549913 0.033939
0.383160 0.560933 0.029781
0.379127 0.554596 0.031930
0.388670 0.556132 0.031696
0.387210 0.567356 0.027735
0.473515 0.481594 0.080736
0.471879 0.490462 0.072964
0.467932 0.485466 0.076937
0.477458 0.486509 0.076637
0.475829 0.495524 0.069076
0.428985 0.514129 0.053562
0.427419 0.524083 0.047724
0.423434 0.518443 0.050712
0.432965 0.519689 0.050456
0.431413 0.529787 0.044841
0.461190 0.560152 0.031813
0.459816 0.571080 0.027781
0.455691 0.565063 0.029888
0.465301 0.566099 0.029595
0.463972 0.577122 0.025794
0.625742 0.494096 0.067092
0.624347 0.503181 0.060314
0.620253 0.498271 0.064227
0.629829 0.498962 0.063066
0.628468 0.508137 0.056577
0.581906 0.528874 0.045680
0.580605 0.538766 0.040346
0.576438 0.533462 0.043301
0.586063 0.534127 0.042598
0.584796 0.544108 0.037555
0.615813 0.571773 0.025449
0.614779 0.582223 0.022200
0.610423 0.576718 0.023991
0.620156 0.577239 0.023554
0.619158 0.587740 0.020540
0.561886 0.425448 0.151536
0.560430 0.432857 0.140854
0.556420 0.428908 0.146781
0.565918 0.429426 0.145580
0.564409 0.436831 0.134923
0.517878 0.452650 0.113901
0.516345 0.460409 0.104614
0.512367 0.456108 0.109497
0.521860 0.456881 0.108899
0.520308 0.464784 0.099790
0.549540 0.488631 0.075978
0.547965 0.497618 0.068348
0.543992 0.492711 0.072519
0.553506 0.493470 0.071673
0.551960 0.502584 0.064318
0.604335 0.392710 0.187385
0.603355 0.402208 0.176560
0.599146 0.397429 0.182982
0.608555 0.397697 0.180845
0.607487 0.406739 0.170101
0.637040 0.427982 0.136075
0.635643 0.435783 0.126126
0.631639 0.431678 0.132207
0.641074 0.432108 0.129945
0.639657 0.439935 0.120149
0.593613 0.457675 0.105134
0.592111 0.465748 0.096208
0.588146 0.461433 0.101395
0.597576 0.461933 0.099822
0.596085 0.470150 0.091164
0.659137 0.534186 0.039622
0.657985 0.543882 0.035002
0.653707 0.538682 0.037621
0.663407 0.539351 0.036905
0.662278 0.549104 0.032523
0.505282 0.522694 0.050708
0.503813 0.532664 0.044895
0.499765 0.527193 0.047980
0.509321 0.528092 0.047488
0.507883 0.538181 0.041950
0.417486 0.601224 0.019055
0.416332 0.613251 0.016686
0.412071 0.606702 0.017887
0.421729 0.607709 0.017739
0.420631 0.619767 0.015617
0.490463 0.696877 0.009182
0.490373 0.707456 0.009102
0.485496 0.702095 0.009146
0.495336 0.702247 0.009132
0.495258 0.712775 0.009062
0.352635 0.503109 0.054982
0.351072 0.512833 0.049425
0.347065 0.507191 0.052238
0.356641 0.508680 0.052083
0.355076 0.518552 0.046682
0.527232 0.389641 0.195959
0.526611 0.399034 0.185718
0.522089 0.394282 0.190907
0.531800 0.394621 0.190731
0.531067 0.403638 0.180446
0.441407 0.445044 0.114963
0.439965 0.452594 0.106086
0.435893 0.448201 0.110379
0.445488 0.449350 0.110579
0.444016 0.457055 0.101817
0.572948 0.612543 0.015886
0.572113 0.623520 0.014128
0.567638 0.617798 0.015050
0.577406 0.618247 0.014853
0.576612 0.629232 0.013334
0.720587 0.553117 0.028758
0.715168 0.557580 0.027168
0.726017 0.548713 0.030395
0.709759 0.562101 0.025634
0.704366 0.566679 0.024164
0.742365 0.535834 0.035516
0.736907 0.540074 0.033781
0.747829 0.531644 0.037273
0.731457 0.544366 0.032072
0.554336 0.713335 0.008992
0.549392 0.718406 0.008980
0.559278 0.708264 0.009003
0.544448 0.723466 0.008968
0.539505 0.728501 0.008956
0.574114 0.693115 0.009061
0.569160 0.698161 0.009024
0.579089 0.688055 0.009139
0.564220 0.703204 0.009014
0.319080 0.528276 0.039844
0.460687 0.728040 0.008999
0.385171 0.635588 0.013291
0.635388 0.631405 0.012312
0.630146 0.636642 0.011887
0.640648 0.626169 0.012771
0.624928 0.641859 0.011481
0.619736 0.647060 0.011097
0.656468 0.610642 0.014593
0.651188 0.615782 0.013912
0.661755 0.605543 0.015349
0.645914 0.620959 0.013304
0.677654 0.590538 0.018065
0.672347 0.595488 0.017084
0.682970 0.585644 0.019123
0.667047 0.600491 0.016179
0.698992 0.571325 0.022778
0.693637 0.576035 0.021477
0.688297 0.580810 0.020260
0.421899 0.684200 0.009524
0.514812 0.753145 0.008916
0.509880 0.758007 0.008913
0.519747 0.748277 0.008920
0.504949 0.762884 0.008913
0.500021 0.767792 0.008916
0.534563 0.733503 0.008945
0.529622 0.738465 0.008935
0.524684 0.743388 0.008927
0.351593 0.579732 0.023113
0.594151 0.672795 0.009612
0.589107 0.677895 0.009416
0.599219 0.667681 0.009843
0.584086 0.682981 0.009258
0.614569 0.652241 0.010739
0.609428 0.657405 0.010409
0.604311 0.662552 0.010110
0.299015 0.499498 0.052932
0.295009 0.493954 0.055720
0.303023 0.505104 0.050192
0.291001 0.488468 0.058551
0.286990 0.483034 0.061419
0.315056 0.522369 0.042328
0.311042 0.516533 0.044884
0.307031 0.510780 0.047508
0.436330 0.701147 0.009202
0.431490 0.695560 0.009260
0.441182 0.706663 0.009150
0.426676 0.689914 0.009362
0.455798 0.722790 0.009029
0.450917 0.717478 0.009064
0.446044 0.712104 0.009105
0.363939 0.600913 0.018537
0.359805 0.593804 0.019943
0.368095 0.608034 0.017256
0.355692 0.586735 0.021470
0.380811 0.628975 0.014129
0.376515 0.622161 0.015066
0.372282 0.615141 0.016105
0.398595 0.654557 0.011314
0.394068 0.648359 0.011889
0.403171 0.660651 0.010816
0.389591 0.642041 0.012546
0.417157 0.678421 0.009748
0.412454 0.672574 0.010036
0.407791 0.666653 0.010391
0.475397 0.743421 0.008938
0.470487 0.738359 0.008954
0.480312 0.748415 0.008926
0.465584 0.733231 0.008974
0.495087 0.763018 0.008914
0.490159 0.758206 0.008914
0.485233 0.753343 0.008918
0.331219 0.546529 0.032884
0.327163 0.540330 0.035118
0.335282 0.552868 0.030738
0.323116 0.534254 0.037440
0.347504 0.572820 0.024867
0.343424 0.566024 0.026725
0.339351 0.559367 0.028684
