0.597093 0.577984 0.038036
0.594691 0.589527 0.032775
0.591164 0.583040 0.035379
0.479136 0.433150 0.202348
0.477509 0.437319 0.189436
0.473761 0.434307 0.196079
0.554828 0.391403 0.324676
0.554805 0.401811 0.306786
0.550783 0.396542 0.315573
0.390341 0.461344 0.113386
0.388320 0.468876 0.103344
0.384693 0.464120 0.108601
0.505425 0.672150 0.011955
0.504092 0.685932 0.010926
0.499975 0.678737 0.011370
0.447746 0.553204 0.041674
0.445485 0.565711 0.035684
0.442024 0.558505 0.038732
0.539810 0.489635 0.104220
0.537855 0.497164 0.094311
0.534140 0.492526 0.099463
0.690280 0.513331 0.099346
0.688514 0.521397 0.089851
0.684720 0.516560 0.094569
0.624871 0.451642 0.196488
0.624470 0.457185 0.182802
0.620159 0.454123 0.189682
0.658244 0.428221 0.257088
0.659537 0.434880 0.241306
0.654522 0.431507 0.249137
0.617816 0.394751 0.323629
0.619034 0.404689 0.306107
0.614400 0.399676 0.315022
0.584331 0.469845 0.146471
0.582798 0.475735 0.134778
0.578894 0.472090 0.140795
0.551971 0.445032 0.198562
0.550929 0.449668 0.185318
0.546888 0.446742 0.192053
0.588834 0.427773 0.256934
0.589167 0.433641 0.241468
0.584711 0.430555 0.249204
0.644530 0.541968 0.064472
0.642195 0.551687 0.056936
0.638647 0.546035 0.060696
0.615186 0.501641 0.100816
0.613255 0.509467 0.091078
0.609528 0.504763 0.096042
0.658750 0.478946 0.143836
0.657513 0.485645 0.132064
0.653523 0.481668 0.138008
0.493946 0.516609 0.069412
0.491700 0.526547 0.061412
0.488156 0.520636 0.065565
0.464706 0.476060 0.108695
0.462744 0.483519 0.098640
0.459060 0.478822 0.103906
0.509539 0.458355 0.150603
0.507780 0.463839 0.138999
0.503999 0.460204 0.145072
0.419361 0.502319 0.073261
0.417288 0.512190 0.064933
0.413692 0.506240 0.069290
0.475436 0.612210 0.021477
0.473332 0.626032 0.018244
0.469758 0.618397 0.019812
0.361459 0.427878 0.158137
0.359393 0.433802 0.147012
0.355777 0.429794 0.152663
0.520169 0.421851 0.257470
0.519177 0.426845 0.242532
0.515338 0.423894 0.250107
0.489558 0.390758 0.321578
0.488954 0.398844 0.305189
0.485135 0.394759 0.313018
0.518116 0.338769 0.384672
0.519415 0.352553 0.373918
0.514247 0.345986 0.379504
0.592048 0.338753 0.385566
0.590614 0.352847 0.375056
0.587211 0.345492 0.380696
0.555434 0.291882 0.399142
0.555461 0.301882 0.398794
0.550521 0.296843 0.399036
0.435373 0.443802 0.155180
0.433413 0.449359 0.143653
0.429785 0.445554 0.149649
0.406526 0.416770 0.205682
0.404518 0.421084 0.192970
0.400962 0.417788 0.199412
0.450096 0.410238 0.259313
0.448312 0.414182 0.245057
0.444770 0.411222 0.252293
0.550167 0.621868 0.020977
0.548180 0.634869 0.017978
0.544438 0.627836 0.019433
0.521924 0.566451 0.039484
0.519510 0.578560 0.033925
0.516045 0.571690 0.036732
0.569056 0.529831 0.066230
0.566706 0.539706 0.058525
0.563184 0.533913 0.062471
0.732856 0.489400 0.140880
0.731864 0.496756 0.129651
0.727719 0.492293 0.135422
0.697459 0.456695 0.194926
0.697492 0.463397 0.180911
0.692968 0.459634 0.188036
0.600608 0.584380 0.035271
0.482891 0.436105 0.195602
0.558817 0.396950 0.315730
0.393967 0.465971 0.108044
0.509500 0.679356 0.011386
0.451215 0.560254 0.038466
0.543548 0.494123 0.098957
0.694110 0.518085 0.094513
0.629255 0.454718 0.189482
0.663373 0.431659 0.249159
0.622305 0.399993 0.314608
0.588274 0.473382 0.140368
0.556054 0.447944 0.191699
0.593366 0.431008 0.249096
0.648102 0.547503 0.060595
0.618941 0.506224 0.095730
0.662798 0.482867 0.137761
0.497509 0.522364 0.065138
0.468402 0.480607 0.103332
0.513346 0.461870 0.144455
0.422964 0.508106 0.068791
0.478992 0.619759 0.019767
0.365061 0.431790 0.152385
0.524040 0.424973 0.249803
0.493467 0.395021 0.313650
0.523273 0.345345 0.379893
0.595438 0.346053 0.380778
0.560358 0.296836 0.399044
0.439010 0.447487 0.149099
0.410074 0.419994 0.199134
0.453656 0.413246 0.252017
0.553868 0.628837 0.019394
0.525383 0.573190 0.036514
0.572599 0.535488 0.062166
0.737065 0.493858 0.134934
0.702066 0.460482 0.187632
0.695759 0.483781 0.142563
0.699868 0.487972 0.136526
0.694661 0.490862 0.130943
0.700830 0.480929 0.148403
0.715554 0.472326 0.166636
0.719950 0.476461 0.159938
0.715038 0.479341 0.153931
0.727820 0.519566 0.099180
0.731720 0.524353 0.094501
0.726164 0.527609 0.089921
0.733289 0.516456 0.103922
0.749440 0.507476 0.118430
0.753499 0.512084 0.113324
0.748118 0.515060 0.108560
0.559397 0.572398 0.038639
0.562884 0.578960 0.035782
0.556980 0.584227 0.033251
0.565320 0.567383 0.041481
0.583126 0.553139 0.050851
0.586617 0.559224 0.047391
0.580673 0.563964 0.044271
0.512619 0.617372 0.021210
0.516254 0.624632 0.019567
0.510559 0.630831 0.018108
0.518377 0.611347 0.022919
0.535843 0.593860 0.028772
0.539367 0.600871 0.026584
0.533538 0.606668 0.024654
0.543538 0.674595 0.012006
0.547768 0.681455 0.011448
0.542461 0.687833 0.010994
0.548935 0.668249 0.012698
0.565383 0.649569 0.015474
0.569384 0.656383 0.014433
0.563914 0.662565 0.013512
0.442797 0.425498 0.204228
0.446436 0.428555 0.197562
0.440991 0.429628 0.191476
0.448228 0.424545 0.210531
0.464430 0.421777 0.230323
0.468059 0.424565 0.223177
0.462681 0.425544 0.216542
0.398475 0.435875 0.156925
0.402079 0.439666 0.150997
0.396436 0.441604 0.145539
0.404106 0.434178 0.162562
0.420869 0.429864 0.179958
0.424491 0.433246 0.173693
0.418923 0.434652 0.167904
0.427456 0.468786 0.111118
0.431108 0.473382 0.105721
0.425458 0.476283 0.101022
0.433095 0.466163 0.116008
0.449965 0.459090 0.131234
0.453637 0.463159 0.125447
0.448017 0.465515 0.120371
0.555499 0.338030 0.385182
0.560043 0.344956 0.380390
0.555352 0.351919 0.374677
0.560296 0.331333 0.389224
0.575061 0.312728 0.396977
0.579742 0.318690 0.395159
0.574815 0.324876 0.392576
0.586692 0.393123 0.324813
0.590669 0.398748 0.315710
0.586889 0.403745 0.306872
0.590774 0.387549 0.333944
0.603959 0.368757 0.360446
0.606802 0.376080 0.351665
0.602599 0.382156 0.342867
0.522331 0.390648 0.323778
0.526397 0.395741 0.314983
0.522174 0.400384 0.306153
0.526334 0.385259 0.333002
0.537965 0.365936 0.360217
0.542454 0.372798 0.351806
0.538483 0.379280 0.342659
0.485410 0.416973 0.258537
0.489092 0.419972 0.251069
0.483934 0.421343 0.243922
0.490466 0.415182 0.265933
0.504975 0.407566 0.289287
0.508750 0.411422 0.281171
0.504003 0.414122 0.273361
0.515546 0.439791 0.200293
0.519450 0.442709 0.193437
0.514194 0.444143 0.187269
0.520724 0.438355 0.206730
0.535838 0.433613 0.227277
0.539828 0.436430 0.219903
0.534843 0.438109 0.212965
0.353257 0.453841 0.115534
0.356877 0.458504 0.110261
0.351212 0.461379 0.105602
0.358918 0.451198 0.120347
0.375879 0.443936 0.135375
0.379488 0.448140 0.129795
0.373838 0.450558 0.124763
0.467681 0.668898 0.011868
0.471557 0.676538 0.011295
0.466038 0.683334 0.010818
0.473223 0.662179 0.012604
0.489930 0.642463 0.015562
0.493693 0.649987 0.014454
0.488134 0.656526 0.013479
0.410999 0.546046 0.042803
0.414510 0.553233 0.039464
0.408848 0.558846 0.036499
0.416649 0.540864 0.046015
0.433688 0.526456 0.056234
0.437231 0.532910 0.052349
0.431529 0.537710 0.048975
0.502191 0.483048 0.106458
0.505923 0.487552 0.101124
0.500237 0.490504 0.096465
0.507849 0.480379 0.111325
0.524725 0.473050 0.126526
0.528509 0.477006 0.120767
0.522889 0.479479 0.115696
0.456577 0.509592 0.071234
0.460159 0.515371 0.066870
0.454416 0.519518 0.063085
0.462305 0.505745 0.075239
0.479453 0.495107 0.087969
0.483109 0.500245 0.083107
0.477380 0.503799 0.078875
0.484696 0.560057 0.040536
0.488142 0.566978 0.037447
0.482324 0.572409 0.034769
0.490522 0.554931 0.043512
0.508060 0.540499 0.053184
0.511540 0.546817 0.049503
0.505677 0.551622 0.046298
0.652762 0.507427 0.099858
0.656542 0.512098 0.094896
0.650895 0.515409 0.090207
0.658329 0.504302 0.104800
0.674729 0.495301 0.120322
0.678652 0.499658 0.114824
0.673201 0.502668 0.109670
0.606773 0.535970 0.065134
0.610322 0.541566 0.061175
0.604415 0.545785 0.057543
0.612637 0.531997 0.068999
0.630053 0.520810 0.081408
0.633707 0.525932 0.076945
0.627904 0.529659 0.072801
0.634922 0.583439 0.037645
0.638462 0.589743 0.034935
0.632535 0.594788 0.032456
0.640870 0.578584 0.040442
0.658752 0.564659 0.049786
0.662288 0.570557 0.046475
0.656323 0.575193 0.043351
0.588526 0.449089 0.197443
0.592776 0.452020 0.190493
0.587810 0.454073 0.183959
0.593325 0.446962 0.204298
0.606983 0.439920 0.225991
0.611500 0.442802 0.218400
0.607003 0.445287 0.211142
0.546870 0.464486 0.148310
0.550747 0.467969 0.142200
0.545232 0.470118 0.136678
0.552302 0.462511 0.154007
0.568285 0.456844 0.171760
0.572333 0.459933 0.165312
0.567015 0.461880 0.159368
0.577499 0.495822 0.102345
0.581249 0.500343 0.097157
0.575542 0.503480 0.092512
0.583155 0.492933 0.107234
0.599935 0.484723 0.122654
0.603779 0.488752 0.116985
0.598197 0.491533 0.111843
0.623291 0.428219 0.256556
0.628151 0.431376 0.248730
0.624194 0.434465 0.240987
0.627009 0.424820 0.264493
0.637376 0.413630 0.289050
0.642605 0.417524 0.280946
0.639201 0.421206 0.272743
0.661111 0.453880 0.196168
0.665627 0.457320 0.189025
0.660958 0.460030 0.182240
0.665594 0.451069 0.203272
0.678388 0.442128 0.225439
0.683255 0.445686 0.217629
0.679018 0.448728 0.210245
0.621653 0.474459 0.144890
0.625639 0.478137 0.138800
0.620261 0.480732 0.133157
0.626907 0.471962 0.150756
0.642155 0.464441 0.169247
0.646367 0.467892 0.162734
0.641315 0.470459 0.156528
0.682387 0.547805 0.064299
0.686003 0.553255 0.060471
0.680113 0.557384 0.056756
0.688219 0.543906 0.068264
0.705468 0.532875 0.080906
0.709213 0.537958 0.076644
0.703471 0.541615 0.072416
0.531449 0.523383 0.067668
0.534994 0.529089 0.063497
0.529139 0.533303 0.059827
0.537270 0.519453 0.071563
0.554631 0.508520 0.084005
0.558276 0.513630 0.079322
0.552481 0.517284 0.075179
0.438736 0.606279 0.021710
0.442240 0.614013 0.019929
0.436608 0.620382 0.018316
0.444397 0.600101 0.023601
0.461543 0.582119 0.030015
0.464980 0.589609 0.027608
0.459244 0.595604 0.025501
0.501181 0.725131 0.009466
0.505782 0.731075 0.009329
0.500635 0.736725 0.009209
0.506405 0.719155 0.009637
0.522225 0.700360 0.010325
0.526633 0.707031 0.010078
0.521386 0.713256 0.009846
0.382284 0.494804 0.075368
0.385920 0.500559 0.070810
0.380290 0.504590 0.066846
0.387926 0.491060 0.079516
0.404866 0.480654 0.092490
0.408497 0.485844 0.087496
0.402847 0.489314 0.083186
0.554580 0.425228 0.257109
0.558748 0.428508 0.249396
0.554197 0.430766 0.241822
0.558944 0.422468 0.264964
0.571223 0.412166 0.289641
0.575519 0.416537 0.281227
0.571541 0.420025 0.273020
0.472311 0.451349 0.152880
0.476032 0.454939 0.146771
0.470450 0.456829 0.141290
0.477849 0.449686 0.158509
0.494278 0.445253 0.175872
0.498093 0.448403 0.169454
0.492627 0.449903 0.163681
0.587978 0.625916 0.020810
0.591739 0.632629 0.019272
0.586077 0.638403 0.017887
0.593741 0.620289 0.022437
0.611264 0.603911 0.028045
0.614857 0.610518 0.025993
0.609011 0.615933 0.024135
0.678857 0.468073 0.168285
0.678192 0.474601 0.155485
0.673958 0.470809 0.161990
0.683157 0.471840 0.161634
0.690608 0.486636 0.136840
0.711986 0.501075 0.119477
0.710586 0.508624 0.109109
0.706640 0.504064 0.114302
0.715977 0.505595 0.114150
0.722303 0.522758 0.094497
0.545507 0.546989 0.051872
0.543076 0.557975 0.045150
0.539606 0.551634 0.048577
0.548983 0.553196 0.048305
0.553486 0.577551 0.035945
0.498499 0.588305 0.029358
0.496176 0.601490 0.025063
0.492685 0.594144 0.027199
0.501977 0.595564 0.027065
0.506894 0.623498 0.019618
0.527494 0.646354 0.015511
0.525863 0.659889 0.013494
0.521928 0.652700 0.014441
0.531382 0.653518 0.014437
0.538176 0.680984 0.011433
0.428561 0.413476 0.231774
0.426600 0.417234 0.218183
0.423087 0.414206 0.225094
0.432066 0.416457 0.224750
0.437354 0.426490 0.198040
0.384134 0.421427 0.181138
0.382056 0.426475 0.169192
0.378482 0.422858 0.175231
0.387704 0.424956 0.175001
0.392833 0.437706 0.151381
0.412917 0.451547 0.133517
0.410901 0.458063 0.122719
0.407276 0.453799 0.128332
0.416541 0.455695 0.127810
0.421811 0.471543 0.106320
0.535962 0.312786 0.396884
0.536271 0.324889 0.392411
0.531248 0.318766 0.394974
0.540953 0.318648 0.394998
0.550835 0.344891 0.380325
0.572187 0.366568 0.360731
0.571228 0.380290 0.343263
0.567478 0.373431 0.352228
0.575767 0.373777 0.352306
0.582740 0.398365 0.315811
0.504324 0.368068 0.357842
0.505627 0.380294 0.340672
0.501101 0.374868 0.348836
0.509141 0.373999 0.349960
0.518196 0.395561 0.314782
0.470801 0.403778 0.288813
0.469352 0.409180 0.273653
0.465744 0.405865 0.281177
0.474440 0.407243 0.281202
0.480266 0.418472 0.251292
0.500251 0.428432 0.228885
0.498810 0.432480 0.214863
0.495051 0.429659 0.222023
0.504021 0.431216 0.221571
0.510310 0.441180 0.194015
0.338759 0.436187 0.136985
0.336721 0.442897 0.126653
0.333093 0.438522 0.131991
0.342388 0.440469 0.131578
0.347589 0.456594 0.110807
0.452869 0.637576 0.015562
0.450890 0.652154 0.013398
0.447266 0.644184 0.014399
0.456483 0.645477 0.014420
0.462138 0.675687 0.011259
0.396763 0.518912 0.057917
0.394728 0.530232 0.050380
0.391145 0.523512 0.054284
0.400346 0.525433 0.053892
0.405356 0.551457 0.039688
0.487219 0.466316 0.128906
0.485332 0.472702 0.118036
0.481601 0.468566 0.123698
0.490961 0.470320 0.123135
0.496522 0.485847 0.101686
0.442075 0.487991 0.090154
0.440032 0.496679 0.080943
0.436398 0.491354 0.085773
0.445720 0.493158 0.085207
0.450848 0.513577 0.067334
0.470785 0.533635 0.054650
0.468498 0.544846 0.047590
0.465006 0.538285 0.051231
0.474287 0.540031 0.050876
0.478883 0.565341 0.037694
0.637408 0.489954 0.121248
0.635763 0.497055 0.110482
0.631919 0.492783 0.115933
0.641281 0.494142 0.115671
0.647149 0.510632 0.095044
0.592346 0.514782 0.082490
0.590178 0.523594 0.073781
0.586558 0.518355 0.078226
0.595992 0.519880 0.077911
0.600887 0.540065 0.061386
0.620879 0.558983 0.050152
0.618428 0.569650 0.043677
0.614931 0.563551 0.046905
0.624380 0.564976 0.046779
0.628987 0.588399 0.035006
0.571434 0.437497 0.226606
0.570946 0.442398 0.211946
0.566724 0.439509 0.219284
0.575704 0.440385 0.219106
0.583615 0.451125 0.190768
0.531234 0.451633 0.173534
0.529779 0.456411 0.161298
0.525890 0.453244 0.167651
0.535158 0.454704 0.167106
0.541392 0.466523 0.142713
0.562295 0.479136 0.124414
0.560506 0.485714 0.113593
0.556703 0.481622 0.119188
0.566120 0.483109 0.118707
0.571816 0.498815 0.097577
0.604010 0.413585 0.289305
0.605102 0.421481 0.272699
0.600391 0.417616 0.280968
0.608754 0.417706 0.280869
0.619435 0.431436 0.248760
0.642544 0.440739 0.225760
0.642933 0.446763 0.210734
0.638305 0.443610 0.218141
0.647258 0.443927 0.218208
0.656524 0.456613 0.189207
0.605355 0.461058 0.170341
0.604295 0.466507 0.157791
0.600220 0.463255 0.164191
0.609480 0.464226 0.163829
0.616321 0.476975 0.139154
0.667749 0.526807 0.080913
0.665660 0.535646 0.072364
0.662001 0.530430 0.076605
0.671440 0.531923 0.076550
0.676521 0.551824 0.060463
0.517009 0.501980 0.085886
0.514890 0.510695 0.076931
0.511263 0.505410 0.081594
0.520658 0.507101 0.081093
0.525613 0.527448 0.063881
0.424907 0.575574 0.030638
0.422607 0.589509 0.025837
0.419173 0.581749 0.028186
0.428342 0.583228 0.028116
0.433075 0.612616 0.019937
0.483664 0.698752 0.010254
0.482522 0.712172 0.009797
0.478233 0.705366 0.010000
0.487888 0.705761 0.010021
0.495986 0.730962 0.009323
0.367746 0.473229 0.094783
0.365725 0.481843 0.085412
0.362092 0.476517 0.090340
0.371376 0.478407 0.089771
0.376648 0.498674 0.071298
0.538363 0.409946 0.289259
0.537960 0.417398 0.272835
0.534000 0.413538 0.280927
0.542358 0.414134 0.280986
0.550081 0.427690 0.249426
0.457475 0.437942 0.177993
0.455671 0.442587 0.165868
0.451991 0.439260 0.172171
0.461176 0.441170 0.171611
0.466749 0.453119 0.147334
0.573455 0.598983 0.028338
0.571177 0.611370 0.024348
0.567585 0.604562 0.026309
0.577025 0.605733 0.026234
0.582259 0.631655 0.019300
0.576586 0.637515 0.017907
0.574901 0.650282 0.015469
0.570960 0.643493 0.016632
0.580465 0.644287 0.016620
0.584425 0.651037 0.015463
0.583034 0.663763 0.013525
0.578924 0.657040 0.014434
0.569045 0.623921 0.020885
0.572781 0.630726 0.019328
0.567100 0.636665 0.017928
0.574818 0.618146 0.022528
0.580628 0.612477 0.024289
0.584276 0.619202 0.022481
0.578509 0.624903 0.020846
0.561742 0.610241 0.024415
0.559598 0.622911 0.020929
0.555936 0.616005 0.022637
0.565367 0.617093 0.022580
0.563315 0.629800 0.019359
0.461166 0.455000 0.141873
0.459250 0.460931 0.130623
0.455571 0.456987 0.136504
0.464855 0.458823 0.135905
0.468553 0.462749 0.130029
0.466639 0.469149 0.119160
0.462940 0.464983 0.124840
0.453810 0.447640 0.154031
0.457486 0.451270 0.147920
0.451901 0.453144 0.142473
0.459357 0.446001 0.159627
0.464882 0.444470 0.165302
0.468593 0.447861 0.159058
0.463051 0.449511 0.153447
0.446477 0.440666 0.166435
0.444585 0.445738 0.154614
0.440937 0.442175 0.160773
0.450139 0.444106 0.160205
0.448241 0.449393 0.148513
0.545448 0.429880 0.241898
0.544726 0.434667 0.227059
0.540695 0.431841 0.234514
0.549518 0.432806 0.234375
0.553618 0.435666 0.226893
0.552868 0.440378 0.212393
0.548782 0.437511 0.219667
0.537404 0.423656 0.257144
0.541410 0.426846 0.249478
0.536698 0.428950 0.242021
0.541958 0.421032 0.264901
0.546386 0.418060 0.272879
0.550459 0.421752 0.264927
0.545999 0.424456 0.257108
0.529507 0.416701 0.272855
0.528795 0.422797 0.257259
0.524895 0.419463 0.265041
0.533436 0.420279 0.264928
0.532730 0.425950 0.249593
0.371015 0.502688 0.067300
0.369039 0.513172 0.059121
0.365381 0.506866 0.063369
0.374665 0.508785 0.062952
0.378305 0.515085 0.058736
0.376319 0.526438 0.051040
0.372687 0.519696 0.055008
0.363713 0.491017 0.076392
0.367363 0.496773 0.071781
0.361721 0.500758 0.067752
0.369362 0.487314 0.080587
0.375010 0.483728 0.084856
0.378647 0.489195 0.080052
0.373003 0.492924 0.075880
0.356432 0.479923 0.085970
0.354410 0.489068 0.076908
0.350766 0.483447 0.081667
0.360070 0.485399 0.081126
0.358063 0.494832 0.072266
0.490820 0.736653 0.009204
0.490432 0.747642 0.009039
0.485688 0.742214 0.009109
0.495517 0.742244 0.009113
0.500275 0.747617 0.009041
0.500083 0.757910 0.008954
0.495232 0.752867 0.008987
0.481645 0.724764 0.009449
0.486193 0.730831 0.009316
0.481009 0.736568 0.009198
0.486918 0.718697 0.009616
0.492223 0.712484 0.009812
0.496658 0.718937 0.009627
0.491410 0.724957 0.009458
0.472832 0.711837 0.009778
0.471887 0.724556 0.009437
0.467465 0.718160 0.009586
0.477188 0.718437 0.009603
0.476405 0.730686 0.009307
0.427378 0.619173 0.018285
0.425202 0.633844 0.015462
0.421619 0.626001 0.016760
0.430940 0.626973 0.016825
0.434505 0.634872 0.015521
0.432413 0.649725 0.013314
0.428801 0.641755 0.014314
0.420323 0.603713 0.021701
0.423836 0.611431 0.019908
0.418055 0.618219 0.018218
0.426068 0.597220 0.023686
0.431785 0.590921 0.025793
0.435251 0.598594 0.023661
0.429559 0.604908 0.021724
0.413403 0.588191 0.025848
0.411037 0.602685 0.021641
0.407589 0.594868 0.023630
0.416845 0.595982 0.023676
0.414525 0.610457 0.019842
0.519767 0.531653 0.060204
0.517406 0.542166 0.052827
0.513915 0.536001 0.056638
0.523274 0.537662 0.056269
0.526764 0.543796 0.052489
0.524352 0.554854 0.045689
0.520884 0.548453 0.049174
0.512687 0.520038 0.068518
0.516239 0.525777 0.064289
0.510404 0.529969 0.060601
0.518491 0.516138 0.072429
0.524281 0.512380 0.076456
0.527878 0.517810 0.071983
0.522065 0.521727 0.068082
0.505502 0.508990 0.077418
0.503313 0.518330 0.068965
0.499729 0.512725 0.073359
0.509108 0.514439 0.072892
0.506871 0.524078 0.064712
0.670625 0.555972 0.056764
0.668248 0.566039 0.049754
0.664700 0.560252 0.053204
0.674193 0.561647 0.053183
0.677750 0.567406 0.049744
0.675345 0.577858 0.043314
0.671794 0.571909 0.046455
0.663450 0.544895 0.064333
0.667044 0.550388 0.060483
0.661141 0.554554 0.056797
0.669297 0.540957 0.068267
0.675109 0.537133 0.072331
0.678758 0.542431 0.068251
0.672918 0.546351 0.064302
0.656211 0.534165 0.072425
0.653984 0.543437 0.064390
0.650386 0.538012 0.068379
0.659839 0.539485 0.068311
0.657569 0.548949 0.060528
0.610916 0.479522 0.133539
0.609320 0.486029 0.122246
0.605450 0.482103 0.128039
0.614817 0.483357 0.127637
0.618694 0.487328 0.121867
0.616998 0.494282 0.111082
0.613169 0.490089 0.116590
0.603024 0.472238 0.145667
0.606987 0.475817 0.139556
0.601557 0.478302 0.133950
0.608338 0.469872 0.151481
0.613573 0.467507 0.157408
0.617630 0.470916 0.151092
0.612346 0.473357 0.145263
0.595000 0.465441 0.158165
0.593686 0.471067 0.146064
0.589703 0.467633 0.152260
0.599028 0.468781 0.151871
0.597639 0.474622 0.139961
0.651836 0.459278 0.182394
0.651326 0.465304 0.169091
0.647046 0.461883 0.175738
0.656190 0.462688 0.175594
0.660496 0.466196 0.168897
0.659752 0.472479 0.156106
0.655561 0.468836 0.162546
0.642987 0.452699 0.196313
0.647435 0.455953 0.189298
0.642721 0.458561 0.182492
0.647512 0.449982 0.203450
0.651927 0.447180 0.210759
0.656544 0.450499 0.203413
0.652043 0.453266 0.196276
0.633947 0.446386 0.210713
0.633931 0.452161 0.196362
0.629469 0.449064 0.203497
0.638490 0.449509 0.203446
0.638348 0.455325 0.189363
0.615433 0.434473 0.241088
0.615868 0.440179 0.225835
0.611279 0.437301 0.233504
0.620101 0.437404 0.233364
0.624742 0.440338 0.225705
0.624968 0.446034 0.210780
0.620431 0.443073 0.218227
0.606027 0.428319 0.256724
0.610736 0.431468 0.248867
0.606667 0.434361 0.241211
0.609869 0.425039 0.264600
0.613573 0.421474 0.272617
0.618428 0.424948 0.264515
0.614658 0.428335 0.256633
0.596663 0.421319 0.272797
0.597417 0.428123 0.256829
0.592815 0.424701 0.264791
0.601327 0.424952 0.264690
0.602041 0.431321 0.248978
0.566110 0.501923 0.092930
0.564052 0.510115 0.083594
0.560381 0.505156 0.088406
0.569807 0.506733 0.087991
0.573480 0.511695 0.083202
0.571317 0.520480 0.074437
0.567697 0.515224 0.078936
0.558639 0.492764 0.103241
0.562386 0.497267 0.098016
0.556684 0.500352 0.093368
0.564295 0.489938 0.108123
0.569930 0.487213 0.113124
0.573725 0.491447 0.107669
0.568066 0.494303 0.102783
0.551091 0.484194 0.114081
0.549220 0.491207 0.103719
0.545460 0.486861 0.109092
0.554873 0.488409 0.108597
0.552964 0.495703 0.098476
0.535866 0.468628 0.137211
0.534108 0.474627 0.125954
0.530309 0.470800 0.131811
0.539684 0.472333 0.131259
0.543495 0.476159 0.125416
0.541686 0.482653 0.114592
0.537902 0.478577 0.120214
0.528201 0.461547 0.149385
0.532041 0.465032 0.143257
0.526504 0.467088 0.137779
0.533662 0.459676 0.155024
0.539072 0.457860 0.160764
0.542978 0.461118 0.154499
0.537533 0.463044 0.148828
0.520489 0.454888 0.161881
0.518869 0.459982 0.149983
0.515036 0.456587 0.156203
0.524349 0.458167 0.155594
0.522693 0.463482 0.143842
0.578598 0.453082 0.184270
0.577579 0.458002 0.171380
0.573485 0.454979 0.177938
0.582743 0.456058 0.177592
0.586859 0.459094 0.171021
0.585688 0.464313 0.158546
0.581647 0.461106 0.164919
0.570254 0.447223 0.197969
0.574433 0.450141 0.191061
0.569367 0.452014 0.184599
0.575174 0.445293 0.204755
0.579981 0.443279 0.211737
0.584259 0.446178 0.204520
0.579401 0.448200 0.197699
0.561900 0.441430 0.212163
0.561104 0.446166 0.198256
0.556978 0.443266 0.205260
0.566072 0.444322 0.205000
0.565237 0.449081 0.191370
0.623064 0.593465 0.032525
0.620731 0.605177 0.027984
0.617155 0.598636 0.030204
0.626624 0.599934 0.030138
0.630204 0.606461 0.027927
0.627957 0.618380 0.024039
0.624328 0.611769 0.025940
0.615992 0.580715 0.037818
0.619520 0.587057 0.035085
0.613598 0.592148 0.032600
0.621935 0.575827 0.040617
0.627884 0.571053 0.043568
0.631398 0.577208 0.040523
0.625453 0.582078 0.037726
0.608980 0.568240 0.043801
0.606539 0.579351 0.037921
0.603032 0.573051 0.040844
0.612479 0.574442 0.040723
0.610061 0.585719 0.035173
0.594981 0.544291 0.057755
0.592558 0.554614 0.050647
0.589059 0.548649 0.054242
0.598492 0.550134 0.054033
0.601992 0.556079 0.050462
0.599538 0.566823 0.043942
0.596049 0.560674 0.047212
0.587907 0.532942 0.065632
0.591454 0.538559 0.061623
0.585548 0.542790 0.057988
0.593771 0.528966 0.069498
0.599611 0.525115 0.073490
0.603205 0.530481 0.069233
0.597340 0.534459 0.065370
0.580745 0.522052 0.074095
0.578478 0.531401 0.065918
0.574910 0.525877 0.070099
0.584338 0.527436 0.069785
0.582023 0.537039 0.061881
0.641492 0.513925 0.090363
0.639474 0.522319 0.081228
0.635792 0.517314 0.085818
0.645205 0.518814 0.085650
0.648896 0.523822 0.081090
0.646771 0.532676 0.072511
0.643134 0.527442 0.076793
0.633986 0.504528 0.100252
0.637752 0.509162 0.095230
0.632082 0.512435 0.090561
0.639582 0.501453 0.105180
0.645132 0.498449 0.110247
0.648958 0.502878 0.104974
0.643378 0.505979 0.100034
0.626384 0.495665 0.110760
0.624589 0.503081 0.100513
0.620805 0.498612 0.105722
0.630197 0.500029 0.105429
0.628349 0.507690 0.095459
0.473085 0.570780 0.034991
0.470744 0.583724 0.029847
0.467304 0.576373 0.032430
0.476525 0.577990 0.032235
0.479968 0.585293 0.029681
0.477652 0.598638 0.025281
0.474188 0.591163 0.027470
0.466190 0.556682 0.041093
0.469643 0.563672 0.037946
0.463866 0.569120 0.035217
0.471974 0.551548 0.044113
0.477772 0.546572 0.047261
0.481240 0.553252 0.043810
0.475435 0.558383 0.040812
0.459238 0.543099 0.047925
0.456960 0.554959 0.041379
0.453484 0.548072 0.044739
0.462722 0.549822 0.044422
0.460421 0.561977 0.038203
0.445120 0.517710 0.063536
0.442948 0.528281 0.055825
0.439398 0.522000 0.059837
0.448677 0.523818 0.059404
0.452217 0.530091 0.055421
0.449991 0.541323 0.048272
0.446479 0.534724 0.051969
0.437949 0.505985 0.072230
0.441544 0.511768 0.067812
0.435832 0.515890 0.063995
0.443654 0.502160 0.076260
0.449356 0.498480 0.080399
0.452975 0.503960 0.075741
0.447260 0.507794 0.071726
0.430718 0.494868 0.081496
0.428649 0.504163 0.072742
0.425037 0.498527 0.077326
0.434340 0.500351 0.076789
0.432248 0.509946 0.068298
0.490843 0.488785 0.097012
0.488828 0.496847 0.087452
0.485153 0.491870 0.092438
0.494538 0.493601 0.091907
0.498215 0.498572 0.086933
0.496119 0.507272 0.077905
0.492485 0.501980 0.082604
0.483416 0.479599 0.107581
0.487133 0.484121 0.102239
0.481462 0.487048 0.097551
0.489065 0.476957 0.112476
0.494706 0.474440 0.117468
0.498451 0.478680 0.111907
0.492796 0.481335 0.107025
0.475976 0.470935 0.118591
0.474052 0.477838 0.108130
0.470344 0.473433 0.113589
0.479696 0.475207 0.113033
0.477759 0.482374 0.102784
0.399709 0.557120 0.036671
0.397439 0.570960 0.030887
0.394035 0.563092 0.033751
0.403167 0.564734 0.033639
0.406590 0.572480 0.030824
0.404184 0.586954 0.025829
0.400812 0.578943 0.028249
0.392682 0.542368 0.043338
0.396213 0.549659 0.039908
0.390580 0.555384 0.036834
0.398292 0.537140 0.046639
0.403913 0.532140 0.050024
0.407465 0.539014 0.046326
0.401836 0.544218 0.043071
0.385534 0.528331 0.050721
0.383517 0.540529 0.043585
0.379930 0.533387 0.047229
0.389119 0.535258 0.046945
0.387071 0.547859 0.040116
0.456586 0.682548 0.010777
0.454924 0.697149 0.010158
0.451007 0.689507 0.010409
0.460498 0.690214 0.010452
0.464484 0.697725 0.010195
0.463154 0.711477 0.009756
0.458968 0.704485 0.009946
0.448987 0.666895 0.011791
0.452748 0.674776 0.011217
0.447162 0.681706 0.010731
0.454571 0.660076 0.012544
0.460151 0.653346 0.013426
0.463881 0.661161 0.012577
0.458318 0.667929 0.011832
0.441663 0.650896 0.013364
0.439687 0.665797 0.011743
0.436040 0.657748 0.012458
0.445295 0.658926 0.012505
0.443388 0.673802 0.011168
0.341919 0.459451 0.106164
0.339866 0.467458 0.096511
0.336243 0.462420 0.101594
0.345540 0.464364 0.101020
0.349167 0.469409 0.095933
0.347127 0.477969 0.086532
0.343493 0.472641 0.091484
0.334679 0.449995 0.116574
0.338299 0.454665 0.111351
0.332625 0.457517 0.106723
0.340346 0.447361 0.121339
0.346012 0.444833 0.126196
0.349635 0.449288 0.120847
0.343968 0.451924 0.116055
0.327428 0.440960 0.127103
0.325388 0.448070 0.117087
0.321762 0.443504 0.122308
0.331055 0.445430 0.121827
0.329008 0.452738 0.111889
0.505016 0.442539 0.187867
0.503513 0.446961 0.175300
0.499671 0.443889 0.181824
0.508881 0.445552 0.181232
0.512753 0.448601 0.174692
0.511198 0.453291 0.162495
0.507357 0.450089 0.168859
0.497341 0.436610 0.201406
0.501167 0.439557 0.194593
0.495840 0.440857 0.188430
0.502610 0.435344 0.207812
0.507826 0.434041 0.214356
0.511669 0.436901 0.207265
0.506446 0.438245 0.200863
0.489789 0.430841 0.215304
0.488239 0.434905 0.201889
0.484480 0.431998 0.208752
0.493546 0.433703 0.208307
0.492026 0.437860 0.195118
0.475048 0.419731 0.244183
0.473406 0.423567 0.229968
0.469764 0.420812 0.237195
0.478699 0.422519 0.236887
0.482374 0.425263 0.229628
0.480757 0.429143 0.215714
0.477068 0.426336 0.222795
0.467790 0.413883 0.258884
0.471410 0.416860 0.251515
0.466143 0.418008 0.244460
0.472975 0.412392 0.266158
0.478085 0.410604 0.273606
0.481741 0.413850 0.266047
0.476613 0.415491 0.258703
0.460595 0.407600 0.273732
0.458948 0.412133 0.259089
0.455374 0.409042 0.266453
0.464184 0.410793 0.266291
0.462538 0.415121 0.251756
0.513927 0.400058 0.306041
0.513365 0.408262 0.289232
0.509529 0.404087 0.297536
0.517839 0.404591 0.297560
0.521727 0.408875 0.289178
0.521029 0.415937 0.272963
0.517192 0.412209 0.281030
0.505971 0.390653 0.323022
0.509985 0.395389 0.314544
0.505660 0.399700 0.305882
0.509971 0.385554 0.332132
0.513748 0.379803 0.341453
0.518135 0.385358 0.332632
0.514145 0.390629 0.323465
0.497581 0.380942 0.339575
0.497776 0.390713 0.322373
0.493724 0.386197 0.330436
0.501842 0.385845 0.331395
0.501753 0.395213 0.314176
0.578884 0.403329 0.306952
0.579379 0.412682 0.289606
0.575076 0.407959 0.298222
0.583153 0.408422 0.298160
0.587557 0.413097 0.289525
0.588259 0.421010 0.272894
0.583776 0.417018 0.281162
0.570835 0.392269 0.324897
0.574790 0.397922 0.315865
0.570882 0.402838 0.306978
0.574978 0.386724 0.334058
0.579314 0.380687 0.343290
0.582930 0.387141 0.334032
0.578790 0.392715 0.324884
0.563081 0.379910 0.343168
0.562845 0.391808 0.324816
0.558901 0.385896 0.333892
0.566954 0.386297 0.334015
0.566819 0.397435 0.315842
0.546340 0.351855 0.374591
0.546545 0.365956 0.360379
0.542044 0.358881 0.367911
0.550842 0.358933 0.368025
0.555105 0.366083 0.360508
0.554918 0.379598 0.343032
0.550822 0.372916 0.351971
0.536735 0.338056 0.385062
0.541623 0.344879 0.380254
0.537327 0.351883 0.374482
0.541243 0.331318 0.389145
0.545903 0.324836 0.392445
0.550768 0.331311 0.389187
0.546115 0.338007 0.385129
0.526669 0.325105 0.392341
0.527388 0.338286 0.384919
0.522274 0.331786 0.388928
0.531735 0.331449 0.389071
0.532425 0.345004 0.380129
0.416163 0.474438 0.101615
0.414150 0.482515 0.091907
0.410514 0.477474 0.097004
0.419805 0.479327 0.096416
0.423447 0.484359 0.091322
0.421415 0.493037 0.082055
0.417785 0.487701 0.086919
0.408889 0.465063 0.112278
0.412524 0.469687 0.106905
0.406878 0.472580 0.102198
0.414532 0.462439 0.117176
0.420172 0.459948 0.122171
0.423810 0.464309 0.116604
0.418168 0.466932 0.111707
0.401633 0.456182 0.123250
0.399614 0.463200 0.112838
0.395987 0.458698 0.118268
0.405258 0.460564 0.117729
0.403244 0.467824 0.107479
0.387183 0.439665 0.145938
0.385140 0.445840 0.134935
0.381532 0.441743 0.140601
0.390789 0.443662 0.140184
0.394399 0.447741 0.134480
0.392366 0.454309 0.123764
0.388750 0.450026 0.129321
0.379984 0.431897 0.157587
0.383582 0.435743 0.151740
0.377927 0.437723 0.146315
0.385640 0.430148 0.163208
0.391286 0.428531 0.168924
0.394877 0.432166 0.162901
0.389234 0.433889 0.157271
0.372815 0.424408 0.169426
0.370728 0.429895 0.157876
0.367140 0.426081 0.163727
0.376394 0.428121 0.163481
0.374325 0.433773 0.152073
0.431888 0.427538 0.191939
0.430025 0.431955 0.179554
0.426394 0.428656 0.185910
0.435523 0.430755 0.185479
0.439169 0.434006 0.179073
0.437296 0.438699 0.166984
0.433660 0.435298 0.173245
0.424676 0.421194 0.205048
0.428269 0.424349 0.198454
0.422775 0.425398 0.192326
0.430152 0.420290 0.211377
0.435611 0.419455 0.217818
0.439188 0.422466 0.210978
0.433740 0.423378 0.204670
0.417587 0.414988 0.218516
0.415605 0.418992 0.205385
0.412067 0.415840 0.212048
0.421113 0.418076 0.211732
0.419177 0.422177 0.198815
0.532847 0.687406 0.010977
0.531897 0.700687 0.010341
0.527536 0.693873 0.010623
0.537177 0.694252 0.010640
0.541581 0.700984 0.010356
0.540867 0.713638 0.009868
0.536344 0.707278 0.010091
0.524447 0.673447 0.011980
0.528601 0.680476 0.011417
0.523247 0.686949 0.010960
0.529881 0.667005 0.012679
0.535348 0.660618 0.013497
0.539400 0.667646 0.012688
0.533983 0.674040 0.011993
0.516397 0.659122 0.013491
0.514926 0.672818 0.011967
0.510897 0.665607 0.012662
0.520380 0.666326 0.012670
0.519042 0.679935 0.011401
0.501204 0.629725 0.018146
0.499280 0.643522 0.015552
0.495549 0.636049 0.016794
0.504900 0.637135 0.016769
0.508662 0.644512 0.015537
0.506949 0.658315 0.013489
0.503078 0.650949 0.014451
0.493964 0.614900 0.021346
0.497560 0.622310 0.019671
0.491879 0.628555 0.018182
0.499705 0.608829 0.023091
0.505483 0.602842 0.024953
0.509029 0.610111 0.023003
0.503277 0.616162 0.021278
0.486898 0.600089 0.025171
0.484684 0.613582 0.021413
0.481149 0.606108 0.023264
0.490411 0.607495 0.023178
0.488260 0.621064 0.019720
0.547590 0.582846 0.033400
0.545222 0.595181 0.028650
0.541709 0.588281 0.031009
0.551093 0.589633 0.030872
0.554616 0.596475 0.028537
0.552324 0.609078 0.024488
0.548756 0.602129 0.026485
0.540631 0.569468 0.039031
0.544104 0.576120 0.036121
0.538215 0.581439 0.033563
0.546540 0.564415 0.041898
0.552455 0.559505 0.044906
0.555923 0.565909 0.041682
0.550006 0.570944 0.038828
0.533708 0.556424 0.045411
0.531271 0.567970 0.039249
0.527814 0.561363 0.042378
0.537170 0.562900 0.042130
0.534736 0.574666 0.036310
0.716739 0.526037 0.089882
0.714910 0.534407 0.080980
0.711127 0.529408 0.085346
0.720561 0.530959 0.085410
0.724361 0.535943 0.081069
0.722411 0.544591 0.072616
0.718672 0.539470 0.076740
0.709032 0.516405 0.099243
0.712896 0.521183 0.094490
0.707324 0.524479 0.089847
0.714513 0.513262 0.104083
0.719946 0.510185 0.108997
0.723894 0.514844 0.104009
0.718419 0.517973 0.099215
0.701240 0.507095 0.109216
0.699654 0.514859 0.099280
0.695786 0.510180 0.104229
0.705146 0.511709 0.104148
0.703500 0.519627 0.094489
0.685381 0.489504 0.131229
0.684047 0.496693 0.120089
0.680086 0.492389 0.125721
0.689385 0.493765 0.125464
0.693361 0.498121 0.119871
0.691896 0.505591 0.109344
0.687984 0.501096 0.114630
0.677263 0.481292 0.143236
0.681343 0.485343 0.137155
0.676097 0.488186 0.131520
0.682377 0.478502 0.149120
0.687406 0.475713 0.155126
0.691605 0.479693 0.148766
0.686514 0.482515 0.142902
0.668971 0.473528 0.155824
0.668008 0.480107 0.143559
0.663901 0.476236 0.149774
0.673140 0.477354 0.149463
0.672072 0.484091 0.137469
0.606928 0.628060 0.020739
0.610712 0.634715 0.019215
0.605071 0.640328 0.017846
0.612681 0.622565 0.022353
0.618482 0.617141 0.024087
0.622156 0.623758 0.022310
0.616408 0.629195 0.020703
0.595572 0.639340 0.017867
0.601223 0.633649 0.019244
0.599485 0.646039 0.016594
0.597451 0.626968 0.020774
0.599545 0.614754 0.024183
0.605390 0.609292 0.026048
0.603208 0.621410 0.022395
0.588468 0.657756 0.014435
0.589973 0.645135 0.016608
0.593952 0.651848 0.015457
0.490893 0.454939 0.151788
0.494660 0.458492 0.145663
0.489080 0.460410 0.140179
0.496418 0.453240 0.157416
0.501908 0.451626 0.163106
0.505725 0.454942 0.156822
0.500209 0.456671 0.151212
0.479754 0.458632 0.140731
0.485337 0.456734 0.146225
0.483483 0.462423 0.134773
0.481592 0.453158 0.152333
0.483361 0.448126 0.164218
0.488839 0.446657 0.170005
0.487125 0.451484 0.157973
0.472261 0.466785 0.124257
0.474158 0.460633 0.135328
0.477876 0.464543 0.129462
0.571727 0.426688 0.257089
0.576070 0.429975 0.249297
0.571704 0.432399 0.241682
0.575881 0.423791 0.264955
0.579891 0.420574 0.272975
0.584335 0.424309 0.264884
0.580277 0.427291 0.257024
0.562951 0.431623 0.241757
0.567415 0.429289 0.249360
0.567181 0.434604 0.234164
0.563158 0.425991 0.257112
0.563173 0.419392 0.273004
0.567263 0.415968 0.281232
0.567424 0.423170 0.264982
0.557746 0.438542 0.219468
0.558345 0.433732 0.234267
0.562524 0.436624 0.226747
0.400822 0.498560 0.074322
0.404434 0.504348 0.069799
0.398793 0.508388 0.065901
0.406470 0.494808 0.078420
0.412125 0.491186 0.082617
0.415747 0.496679 0.077869
0.410085 0.500450 0.073788
0.389547 0.506485 0.066381
0.395181 0.502447 0.070311
0.393163 0.512597 0.062083
0.391557 0.496677 0.074851
0.393571 0.487448 0.083749
0.399218 0.483978 0.088074
0.397199 0.492928 0.078973
0.381929 0.521602 0.054656
0.383922 0.510690 0.062525
0.387542 0.516995 0.058336
0.520740 0.725410 0.009481
0.525386 0.731246 0.009339
0.520271 0.736829 0.009217
0.525920 0.719505 0.009654
0.531122 0.713458 0.009857
0.535687 0.719647 0.009664
0.530526 0.725519 0.009488
0.510452 0.736782 0.009213
0.515582 0.731169 0.009334
0.515183 0.742273 0.009119
0.510958 0.725283 0.009473
0.511657 0.713027 0.009835
0.516931 0.706757 0.010064
0.516159 0.719343 0.009645
0.505086 0.752796 0.008989
0.505350 0.742260 0.009116
0.510119 0.747589 0.009043
0.457034 0.609312 0.021602
0.460555 0.616983 0.019854
0.454918 0.623274 0.018293
0.462717 0.603189 0.023434
0.468434 0.597142 0.025391
0.471918 0.604672 0.023350
0.466220 0.610783 0.021541
0.445759 0.621814 0.018312
0.451383 0.615515 0.019895
0.449300 0.629675 0.016857
0.447877 0.607792 0.021662
0.450081 0.594026 0.025612
0.455799 0.588017 0.027747
0.453543 0.601662 0.023519
0.438075 0.642857 0.014369
0.440146 0.628242 0.016855
0.443689 0.636195 0.015550
0.550236 0.526637 0.066908
0.553779 0.532321 0.062793
0.547903 0.536538 0.059138
0.556074 0.522695 0.070791
0.561895 0.518890 0.074798
0.565488 0.524293 0.070436
0.559641 0.528242 0.066560
0.538515 0.534929 0.059472
0.544382 0.530713 0.063135
0.542019 0.540898 0.055596
0.540839 0.525018 0.067277
0.543075 0.515664 0.075582
0.548862 0.512022 0.079730
0.546668 0.521081 0.071167
0.530240 0.550054 0.048866
0.532642 0.539289 0.055922
0.536131 0.545402 0.052171
0.701339 0.550703 0.064375
0.704981 0.556098 0.060563
0.699103 0.560184 0.056814
0.707156 0.546850 0.068380
0.712936 0.543105 0.072506
0.716639 0.548310 0.068483
0.710826 0.552142 0.064457
0.689605 0.558789 0.056773
0.695489 0.554680 0.060504
0.693195 0.564405 0.053211
0.691860 0.549256 0.064323
0.694013 0.540118 0.072357
0.699764 0.536444 0.076573
0.697685 0.545379 0.068308
0.681307 0.573247 0.046457
0.683691 0.563031 0.053185
0.687260 0.568760 0.049757
0.640227 0.476687 0.144300
0.644241 0.480485 0.138240
0.638912 0.483175 0.132540
0.645424 0.474074 0.150243
0.650536 0.471460 0.156326
0.654663 0.475144 0.150026
0.649493 0.477811 0.144069
0.629591 0.481949 0.132825
0.634947 0.479308 0.138496
0.633513 0.485887 0.126969
0.630947 0.475570 0.144569
0.632081 0.469467 0.156764
0.637165 0.466965 0.162924
0.636173 0.473015 0.150475
0.622549 0.491432 0.116239
0.624171 0.484618 0.127280
0.628055 0.488637 0.121535
0.679293 0.455226 0.195648
0.683861 0.458830 0.188406
0.679233 0.461645 0.181664
0.683733 0.452309 0.202711
0.688054 0.449300 0.209933
0.692789 0.452969 0.202363
0.688381 0.455943 0.195305
0.670091 0.460824 0.181991
0.674744 0.458061 0.188743
0.674501 0.464405 0.175074
0.670197 0.454539 0.195951
0.669971 0.448176 0.210517
0.674238 0.445197 0.217905
0.674663 0.451676 0.203022
0.664757 0.469808 0.162305
0.665341 0.463530 0.175378
0.669675 0.467121 0.168625
0.640701 0.428115 0.256785
0.645705 0.431405 0.249014
0.641813 0.434561 0.241137
0.644345 0.424734 0.264832
0.647844 0.421214 0.272955
0.653065 0.424761 0.265015
0.649457 0.428144 0.256975
0.632986 0.434490 0.241005
0.636911 0.431363 0.248834
0.637788 0.437602 0.233358
0.631970 0.428140 0.256605
0.630593 0.421240 0.272567
0.634050 0.417500 0.280765
0.635654 0.424749 0.264616
0.629361 0.443328 0.218132
0.628931 0.437485 0.233302
0.633634 0.440521 0.225684
0.596355 0.498773 0.101539
0.600107 0.503309 0.096394
0.594406 0.506512 0.091748
0.601998 0.495802 0.106433
0.607603 0.492910 0.111447
0.611407 0.497203 0.106056
0.605775 0.500208 0.101162
0.584975 0.505011 0.092116
0.590681 0.501840 0.096764
0.588673 0.509825 0.087225
0.586930 0.497316 0.101928
0.588782 0.490128 0.112247
0.594376 0.487395 0.117388
0.592581 0.494382 0.106825
0.577126 0.516803 0.078569
0.579240 0.508293 0.087595
0.582912 0.513253 0.082832
0.565583 0.467247 0.147349
0.569504 0.470753 0.141244
0.563997 0.472993 0.135688
0.570999 0.465166 0.153093
0.576357 0.463124 0.158947
0.580358 0.466427 0.152665
0.574960 0.468568 0.146900
0.554607 0.471572 0.136171
0.560119 0.469379 0.141712
0.558457 0.475291 0.130237
0.556219 0.465886 0.147819
0.557685 0.460588 0.159809
0.563015 0.458705 0.165723
0.561642 0.463860 0.153539
0.547297 0.480112 0.119689
0.549063 0.473827 0.130736
0.552888 0.477661 0.124904
0.606729 0.450568 0.196952
0.611049 0.453523 0.189952
0.606175 0.455797 0.183370
0.611423 0.448199 0.203857
0.615993 0.445700 0.210945
0.620450 0.448636 0.203640
0.615810 0.451136 0.196704
0.597001 0.454979 0.183664
0.601920 0.452823 0.190224
0.601195 0.457983 0.176950
0.597635 0.449880 0.197198
0.598003 0.444733 0.211340
0.602558 0.442388 0.218577
0.602379 0.447641 0.204079
0.590944 0.462214 0.164549
0.591979 0.457060 0.177266
0.596116 0.460113 0.170679
0.653903 0.586128 0.037531
0.657459 0.592385 0.034844
0.651516 0.597430 0.032350
0.659864 0.581277 0.040346
0.665830 0.576535 0.043322
0.669380 0.582589 0.040329
0.663416 0.587435 0.037505
0.642016 0.596118 0.032394
0.647951 0.591080 0.034880
0.645588 0.602560 0.030025
0.644403 0.584794 0.037578
0.646826 0.573834 0.043400
0.652790 0.569189 0.046517
0.650358 0.579944 0.040384
0.633805 0.613044 0.025889
0.636101 0.601243 0.030078
0.639685 0.607763 0.027872
0.625644 0.538980 0.064746
0.629201 0.544553 0.060830
0.623295 0.548751 0.057192
0.631505 0.535017 0.068624
0.637336 0.531172 0.072637
0.640943 0.536522 0.068482
0.635084 0.540478 0.064594
0.613852 0.547271 0.057356
0.619759 0.543061 0.060990
0.617370 0.553079 0.053680
0.616208 0.537477 0.064925
0.618473 0.528145 0.072997
0.624279 0.524418 0.077134
0.622070 0.533508 0.068796
0.605487 0.562116 0.047050
0.607929 0.551610 0.053845
0.611433 0.557536 0.050297
0.671525 0.510339 0.099563
0.675330 0.515055 0.094654
0.669706 0.518375 0.089981
0.677063 0.507193 0.104473
0.682550 0.504116 0.109496
0.686426 0.508674 0.104338
0.680904 0.511824 0.099441
0.660301 0.516888 0.090086
0.665937 0.513569 0.094767
0.664036 0.521793 0.085426
0.662144 0.508877 0.099707
0.663846 0.501247 0.109862
0.669315 0.498251 0.115036
0.667697 0.505737 0.104632
0.652564 0.528941 0.076683
0.654620 0.520305 0.085524
0.658321 0.525313 0.080991
0.503275 0.563317 0.039998
0.506723 0.570154 0.036965
0.500872 0.575557 0.034338
0.509137 0.558210 0.042926
0.515007 0.553257 0.045986
0.518468 0.559803 0.042644
0.512590 0.564904 0.039734
0.491586 0.574002 0.034552
0.497422 0.568583 0.037205
0.495037 0.581113 0.031854
0.493976 0.561702 0.040265
0.496360 0.549963 0.046615
0.502207 0.545153 0.049841
0.499822 0.556583 0.043217
0.483422 0.592676 0.027333
0.485768 0.579571 0.032043
0.489220 0.586821 0.029519
0.475241 0.513127 0.070309
0.478814 0.518894 0.065995
0.473037 0.523063 0.062234
0.480996 0.509259 0.074294
0.486744 0.505543 0.078390
0.490358 0.510999 0.073826
0.484589 0.514874 0.069860
0.463721 0.521301 0.062651
0.469481 0.517139 0.066428
0.467263 0.527389 0.058577
0.465904 0.511368 0.070763
0.468028 0.502043 0.079362
0.473744 0.498497 0.083608
0.471645 0.507509 0.074762
0.455737 0.536521 0.051592
0.457965 0.525619 0.058981
0.461495 0.531875 0.055028
0.521000 0.486407 0.105303
0.524734 0.490901 0.099996
0.519044 0.493889 0.095358
0.526654 0.483693 0.110159
0.532288 0.481086 0.115128
0.536056 0.485293 0.109611
0.530405 0.488038 0.104747
0.509640 0.492205 0.095912
0.515329 0.489239 0.100556
0.513336 0.497015 0.090828
0.511594 0.484740 0.105880
0.513492 0.477830 0.116289
0.519118 0.475390 0.121354
0.517251 0.482053 0.110736
0.501871 0.503700 0.082101
0.503934 0.495314 0.091371
0.507610 0.500283 0.086409
0.429354 0.549650 0.042255
0.432844 0.556753 0.038988
0.427154 0.562271 0.036122
0.435046 0.544496 0.045386
0.440754 0.539523 0.048624
0.444259 0.546291 0.045063
0.438544 0.551431 0.041969
0.417998 0.560561 0.036317
0.423673 0.554997 0.039231
0.421461 0.568012 0.033373
0.420172 0.547857 0.042532
0.422313 0.535878 0.049323
0.427993 0.531079 0.052730
0.425843 0.542689 0.045702
0.409995 0.580324 0.028230
0.412310 0.566372 0.033514
0.415748 0.574014 0.030742
0.486496 0.670648 0.011922
0.490476 0.678062 0.011350
0.485017 0.684739 0.010883
0.492001 0.664021 0.012643
0.497526 0.657452 0.013486
0.501435 0.664846 0.012654
0.495947 0.671428 0.011941
0.475515 0.684062 0.010853
0.481003 0.677329 0.011325
0.479552 0.691480 0.010521
0.477074 0.669804 0.011898
0.478773 0.655532 0.013466
0.484341 0.648959 0.014453
0.482597 0.663133 0.012626
0.468593 0.704940 0.009975
0.470014 0.690871 0.010489
0.474065 0.698258 0.010227
0.371803 0.457623 0.114466
0.375422 0.462266 0.109155
0.369772 0.465167 0.104473
0.377452 0.454970 0.119317
0.383101 0.452436 0.124268
0.386719 0.456835 0.118796
0.381071 0.459488 0.113928
0.360497 0.463284 0.105039
0.366152 0.460396 0.109709
0.364119 0.468190 0.099876
0.362535 0.455741 0.115004
0.364575 0.448665 0.125254
0.370227 0.446244 0.130260
0.368188 0.453093 0.119835
0.352798 0.474595 0.090912
0.354835 0.466289 0.100450
0.358462 0.471333 0.095358
0.533748 0.442583 0.199291
0.537737 0.445482 0.192447
0.532552 0.447072 0.186173
0.538836 0.440964 0.205866
0.543851 0.439275 0.212652
0.547901 0.442143 0.205543
0.542854 0.443841 0.198899
0.523373 0.445654 0.186693
0.528592 0.444142 0.192907
0.527303 0.448624 0.180060
0.524647 0.441237 0.199757
0.525837 0.436856 0.213359
0.530879 0.435278 0.220210
0.529779 0.439707 0.206259
0.516623 0.451705 0.168245
0.518092 0.447132 0.180629
0.521994 0.450159 0.174091
0.502866 0.419629 0.258083
0.506620 0.422697 0.250466
0.501609 0.424298 0.243308
0.507753 0.417543 0.265514
0.512530 0.415085 0.273151
0.516334 0.418559 0.265248
0.511530 0.420801 0.257764
0.492790 0.422862 0.243640
0.497876 0.421383 0.250803
0.496506 0.425669 0.236246
0.494164 0.418348 0.258341
0.495425 0.413053 0.273507
0.500268 0.410534 0.281287
0.499137 0.416413 0.265763
0.486068 0.428028 0.222421
0.487617 0.424132 0.236582
0.491325 0.426882 0.229277
0.538661 0.390864 0.324288
0.542701 0.396213 0.315387
0.538579 0.401023 0.306450
0.542696 0.385372 0.333538
0.546719 0.379387 0.342863
0.550822 0.385586 0.333732
0.546769 0.391092 0.324495
0.530395 0.400697 0.306288
0.534571 0.395952 0.315187
0.534382 0.405469 0.297700
0.530512 0.390721 0.324048
0.530224 0.379308 0.342371
0.534067 0.372818 0.351573
0.534530 0.385263 0.333301
0.525609 0.412905 0.280938
0.526127 0.405042 0.297604
0.530062 0.409427 0.289185
0.602332 0.393894 0.324462
0.606491 0.399397 0.315335
0.602929 0.404355 0.306596
0.606156 0.388515 0.333434
0.610041 0.382917 0.342368
0.613722 0.389121 0.332923
0.610092 0.394307 0.324127
0.594901 0.404086 0.306753
0.598582 0.399087 0.315557
0.599376 0.409057 0.297939
0.594537 0.393506 0.324680
0.595010 0.381566 0.343139
0.599420 0.375227 0.352097
0.598512 0.387992 0.333763
0.592065 0.417381 0.281071
0.591251 0.408788 0.298063
0.595765 0.413401 0.289420
0.574270 0.338160 0.385325
0.578415 0.345200 0.380582
0.573373 0.352199 0.374866
0.579272 0.331454 0.389380
0.584186 0.325022 0.392682
0.588298 0.331724 0.389507
0.583430 0.338339 0.385440
0.564363 0.352039 0.374758
0.569270 0.345049 0.380468
0.568415 0.359252 0.368229
0.564890 0.338082 0.385234
0.565193 0.324849 0.392504
0.570138 0.318629 0.395073
0.569839 0.331362 0.389278
0.559156 0.373131 0.352108
0.559625 0.359064 0.368125
0.563648 0.366295 0.360622
0.446057 0.472447 0.109897
0.449731 0.477019 0.104504
0.444080 0.479922 0.099818
0.451693 0.469827 0.114777
0.457321 0.467341 0.119757
0.461011 0.471640 0.114170
0.455375 0.474261 0.109287
0.434764 0.478109 0.100422
0.440414 0.475206 0.105112
0.438421 0.482976 0.095229
0.436752 0.470623 0.110511
0.438727 0.463674 0.120989
0.444350 0.461318 0.126063
0.442388 0.468001 0.115393
0.427085 0.489538 0.086345
0.429107 0.481160 0.095824
0.432754 0.486183 0.090737
0.416939 0.439845 0.156140
0.420556 0.443593 0.150140
0.414933 0.445483 0.144669
0.422539 0.438201 0.161776
0.428115 0.436691 0.167481
0.431742 0.440206 0.161309
0.426160 0.441836 0.155692
0.405686 0.443541 0.145118
0.411320 0.441626 0.150584
0.409299 0.447499 0.139288
0.407710 0.437859 0.156549
0.409721 0.432614 0.168282
0.415310 0.431179 0.174081
0.413327 0.436187 0.162188
0.398013 0.451911 0.128834
0.400045 0.445579 0.139747
0.403658 0.449641 0.134009
0.460946 0.429470 0.203278
0.464641 0.432455 0.196568
0.459222 0.433594 0.190453
0.466342 0.428423 0.209621
0.471719 0.427383 0.216120
0.475410 0.430243 0.209182
0.470036 0.431342 0.202806
0.450100 0.431644 0.190971
0.455532 0.430539 0.197067
0.453781 0.434771 0.184448
0.451865 0.427524 0.203757
0.453648 0.423617 0.216975
0.459052 0.422701 0.223574
0.457281 0.426525 0.210075
0.442821 0.437305 0.172723
0.444647 0.432796 0.184976
0.448315 0.436002 0.178540
0.562695 0.675592 0.012034
0.566996 0.682295 0.011481
0.561734 0.688589 0.011028
0.568061 0.669337 0.012719
0.573471 0.663144 0.013519
0.577644 0.669860 0.012730
0.572299 0.676042 0.012048
0.552091 0.688227 0.011011
0.557375 0.681893 0.011464
0.556500 0.694923 0.010673
0.553109 0.675112 0.012020
0.554373 0.661956 0.013506
0.559855 0.655727 0.014432
0.558489 0.668812 0.012708
0.546065 0.707504 0.010104
0.546832 0.694602 0.010656
0.551275 0.701257 0.010371
0.531360 0.619681 0.021085
0.535026 0.626801 0.019474
0.529334 0.632920 0.018038
0.537124 0.613735 0.022768
0.542923 0.607887 0.024568
0.546521 0.614886 0.022700
0.540754 0.620791 0.021029
0.519937 0.631893 0.018072
0.525631 0.625732 0.019519
0.523682 0.639140 0.016721
0.521981 0.618541 0.021145
0.524170 0.605421 0.024746
0.529994 0.599586 0.026692
0.527742 0.612555 0.022841
0.512493 0.651846 0.014446
0.514281 0.638156 0.016744
0.518068 0.645451 0.015523
0.578221 0.575233 0.038304
0.581726 0.581698 0.035498
0.575811 0.586916 0.032986
0.584158 0.570251 0.041127
0.590102 0.565399 0.044098
0.593592 0.571654 0.040978
0.587653 0.576612 0.038163
0.566387 0.585585 0.033112
0.572298 0.580344 0.035632
0.569910 0.592263 0.030631
0.568800 0.573830 0.038464
0.571254 0.562503 0.044466
0.577190 0.557756 0.047590
0.574732 0.568831 0.041294
0.558162 0.603359 0.026393
0.560493 0.590962 0.030746
0.564027 0.597744 0.028433
0.746647 0.522814 0.099104
0.750574 0.527585 0.094528
0.745032 0.530794 0.090023
0.752109 0.519740 0.103735
0.757529 0.516728 0.108399
0.761531 0.521404 0.103643
0.756073 0.524458 0.099071
0.735595 0.529198 0.089965
0.741143 0.525965 0.094510
0.739445 0.534093 0.085566
0.737230 0.521183 0.099141
0.738715 0.513411 0.108716
0.744098 0.510422 0.113554
0.742694 0.518090 0.103829
0.728135 0.540986 0.076849
0.730001 0.532522 0.085481
0.733813 0.537488 0.081171
0.714251 0.486458 0.141847
0.718407 0.490789 0.135849
0.713220 0.493700 0.130376
0.719307 0.483573 0.147580
0.724298 0.480690 0.153403
0.728600 0.485006 0.147044
0.723534 0.487894 0.141405
0.703937 0.492258 0.130664
0.709129 0.489352 0.136207
0.707975 0.496629 0.124979
0.704999 0.485092 0.142219
0.705819 0.478074 0.154364
0.710726 0.475208 0.160444
0.710056 0.482217 0.148023
0.697312 0.502566 0.114455
0.698680 0.495179 0.125216
0.702672 0.499581 0.119669
0.697201 0.470094 0.167526
0.701535 0.474033 0.160866
0.696613 0.476869 0.154753
0.701958 0.467242 0.173934
0.706615 0.464342 0.180485
0.711109 0.468288 0.173487
0.706367 0.471176 0.167112
0.730674 0.504199 0.119007
0.734708 0.508780 0.113773
0.729322 0.511783 0.108863
0.735972 0.501269 0.124090
0.741227 0.498362 0.129221
0.745350 0.502903 0.123724
0.740050 0.505824 0.118728
0.564292 0.550108 0.051326
0.567776 0.556258 0.047813
0.561847 0.561015 0.044678
0.570211 0.545617 0.054727
0.576123 0.541262 0.058245
0.579631 0.547148 0.054472
0.573704 0.551636 0.051079
0.517134 0.591148 0.029047
0.520636 0.598278 0.026808
0.514817 0.604148 0.024846
0.522987 0.585504 0.031315
0.528855 0.580011 0.033737
0.532341 0.586904 0.031156
0.526481 0.592517 0.028904
0.546401 0.648041 0.015489
0.550346 0.655031 0.014432
0.544852 0.661307 0.013501
0.551992 0.641870 0.016662
0.557629 0.635786 0.017952
0.561467 0.642701 0.016646
0.555882 0.648825 0.015481
0.446476 0.417871 0.231062
0.450047 0.420738 0.223978
0.444623 0.421593 0.217405
0.451872 0.417060 0.237857
0.457230 0.416160 0.244753
0.460819 0.418995 0.237520
0.455451 0.419880 0.230691
0.402521 0.425670 0.180627
0.406118 0.429113 0.174426
0.400508 0.430576 0.168621
0.408100 0.424409 0.186607
0.413652 0.423248 0.192669
0.417253 0.426535 0.186281
0.411700 0.427770 0.180314
0.431433 0.455354 0.132442
0.435075 0.459460 0.126675
0.429446 0.461819 0.121594
0.437049 0.453249 0.137713
0.442652 0.451264 0.143072
0.446303 0.455129 0.137112
0.440694 0.457232 0.131846
0.555520 0.312735 0.396905
0.560401 0.318635 0.395038
0.555543 0.324838 0.392475
0.560402 0.307149 0.398148
0.565301 0.301868 0.398805
0.570226 0.307129 0.398173
0.565312 0.312725 0.396921
0.588749 0.367299 0.360836
0.591792 0.374613 0.352287
0.587250 0.381097 0.343260
0.593684 0.360344 0.368429
0.598497 0.353545 0.375045
0.601289 0.361151 0.368286
0.596530 0.367891 0.360745
0.520864 0.366456 0.359518
0.525683 0.373002 0.351221
0.521964 0.379480 0.341982
0.524485 0.359271 0.367415
0.528337 0.352095 0.374271
0.533249 0.358974 0.367729
0.529393 0.366090 0.359943
0.488003 0.405915 0.289135
0.491717 0.409552 0.281308
0.486781 0.411887 0.273576
0.492756 0.402880 0.297249
0.497339 0.399304 0.305597
0.501179 0.403518 0.297452
0.496525 0.406785 0.289260
0.518059 0.431240 0.227971
0.521931 0.434031 0.220604
0.516833 0.435502 0.213833
0.523046 0.429690 0.235024
0.527942 0.427946 0.242228
0.531873 0.430811 0.234722
0.526949 0.432476 0.227579
0.357346 0.440088 0.136219
0.360961 0.444333 0.130717
0.355300 0.446757 0.125732
0.363008 0.437875 0.141392
0.368666 0.435769 0.146675
0.372273 0.439816 0.141004
0.366619 0.442019 0.135806
0.471331 0.640149 0.015571
0.475021 0.647864 0.014447
0.469446 0.654473 0.013449
0.476947 0.633687 0.016831
0.482589 0.627324 0.018214
0.486231 0.634900 0.016814
0.480613 0.641339 0.015569
0.415202 0.522741 0.057062
0.418766 0.529226 0.053112
0.413108 0.534022 0.049672
0.420871 0.518312 0.060716
0.426553 0.514053 0.064461
0.430129 0.520168 0.060274
0.424440 0.524611 0.056646
0.505957 0.469756 0.127736
0.509727 0.473732 0.121957
0.504096 0.476148 0.116886
0.511561 0.467576 0.133012
0.517142 0.465490 0.138383
0.520935 0.469213 0.132401
0.515340 0.471424 0.127128
0.460741 0.491582 0.089018
0.464392 0.496736 0.084116
0.458687 0.500273 0.079868
0.466422 0.488361 0.093497
0.472095 0.485291 0.098087
0.475781 0.490124 0.092965
0.470091 0.493352 0.088484
0.489398 0.537104 0.053910
0.492887 0.543466 0.050183
0.487058 0.548280 0.046936
0.495222 0.532606 0.057404
0.501048 0.528266 0.061006
0.504564 0.534313 0.057019
0.498723 0.538811 0.053545
0.656079 0.492601 0.120786
0.659973 0.496869 0.115247
0.654490 0.499844 0.110048
0.661472 0.489737 0.126243
0.666806 0.486904 0.131808
0.670781 0.491049 0.125988
0.665405 0.493940 0.120563
0.611206 0.517794 0.081878
0.614853 0.522905 0.077358
0.609042 0.526630 0.073226
0.616955 0.514315 0.086273
0.622671 0.510949 0.090800
0.626375 0.515812 0.086026
0.620630 0.519299 0.081625
0.639790 0.561855 0.049919
0.643305 0.567803 0.046579
0.637349 0.572450 0.043473
0.645732 0.557433 0.053314
0.651660 0.553129 0.056853
0.655211 0.558848 0.053249
0.649262 0.563269 0.049840
0.589215 0.438949 0.226306
0.593612 0.441837 0.218754
0.588999 0.444060 0.211536
0.593633 0.436610 0.233791
0.597910 0.434075 0.241342
0.602453 0.437034 0.233647
0.598097 0.439501 0.226151
0.549731 0.454353 0.172583
0.553714 0.457423 0.166156
0.548372 0.459247 0.160273
0.554968 0.452624 0.178689
0.560139 0.450876 0.184947
0.564219 0.453834 0.178303
0.558998 0.455628 0.172160
0.581128 0.482004 0.123492
0.584965 0.486003 0.117806
0.579360 0.488687 0.112674
0.586678 0.479498 0.128863
0.592185 0.477042 0.134357
0.596071 0.480821 0.128447
0.590538 0.483384 0.123063
0.620586 0.413570 0.289035
0.625558 0.417533 0.280694
0.622055 0.421336 0.272532
0.623915 0.409314 0.297416
0.627135 0.404909 0.305851
0.632195 0.409449 0.297331
0.628938 0.413560 0.288974
0.660418 0.441337 0.225815
0.665221 0.444727 0.218120
0.660938 0.447653 0.210696
0.664496 0.438281 0.233483
0.668443 0.435118 0.241229
0.673450 0.438606 0.233316
0.669394 0.441719 0.225674
0.623781 0.462753 0.169679
0.627950 0.466046 0.163166
0.622833 0.468484 0.157056
0.628742 0.460336 0.176055
0.633600 0.457867 0.182612
0.637899 0.461103 0.175870
0.632974 0.463592 0.169432
0.686605 0.529823 0.080846
0.690320 0.534931 0.076534
0.684559 0.538625 0.072329
0.692287 0.526328 0.085284
0.697918 0.522931 0.089833
0.701705 0.527864 0.085300
0.696036 0.531346 0.080860
0.535812 0.505292 0.084895
0.539456 0.510401 0.080159
0.533675 0.514032 0.076007
0.541549 0.501960 0.089300
0.547266 0.498766 0.093828
0.550961 0.503565 0.088841
0.545218 0.506913 0.084438
0.443209 0.578814 0.030357
0.446642 0.586392 0.027888
0.440938 0.592436 0.025716
0.448930 0.573040 0.032834
0.454667 0.567432 0.035448
0.458107 0.574723 0.032630
0.452366 0.580480 0.030186
0.502914 0.699626 0.010294
0.507237 0.706457 0.010051
0.501935 0.712770 0.009824
0.508291 0.693029 0.010588
0.513662 0.686457 0.010943
0.517906 0.693466 0.010605
0.512563 0.700008 0.010309
0.386305 0.476948 0.093642
0.389938 0.482123 0.088643
0.384292 0.485591 0.084304
0.391951 0.473765 0.098164
0.397598 0.470724 0.102776
0.401232 0.475615 0.097588
0.395585 0.478797 0.093070
0.554851 0.411002 0.289498
0.558982 0.415338 0.281171
0.554787 0.418718 0.272947
0.558895 0.406865 0.298120
0.562858 0.402308 0.306914
0.567000 0.407427 0.298211
0.563048 0.411587 0.289598
0.475845 0.441678 0.176917
0.479601 0.444862 0.170529
0.474111 0.446315 0.164751
0.481276 0.440376 0.182876
0.486671 0.439109 0.188941
0.490468 0.442160 0.182366
0.485054 0.443485 0.176399
0.592346 0.601424 0.028179
0.595930 0.608087 0.026105
0.590084 0.613603 0.024234
0.598237 0.596071 0.030351
0.604140 0.590836 0.032683
0.607692 0.597349 0.030274
0.601802 0.602661 0.028109
0.688366 0.462500 0.181302
0.688032 0.469061 0.167917
0.683662 0.465308 0.174720
0.692812 0.466252 0.174340
0.692349 0.472913 0.161259
0.722527 0.495199 0.130042
0.721318 0.502615 0.119260
0.717281 0.498123 0.124727
0.726614 0.499671 0.124429
0.725332 0.507168 0.113975
0.557300 0.538131 0.058822
0.554894 0.548558 0.051590
0.551406 0.542489 0.055288
0.560802 0.544062 0.054999
0.558373 0.554737 0.048051
0.510180 0.577078 0.034127
0.507804 0.589747 0.029200
0.504331 0.582616 0.031669
0.513649 0.584079 0.031486
0.511295 0.596941 0.026933
0.538747 0.633912 0.018007
0.536939 0.647218 0.015499
0.533100 0.640089 0.016699
0.542537 0.640999 0.016679
0.540855 0.654293 0.014434
0.439404 0.412045 0.245373
0.437512 0.415723 0.231430
0.434000 0.412776 0.238535
0.442929 0.414989 0.238200
0.441051 0.418658 0.224379
0.395375 0.418900 0.193231
0.393332 0.423557 0.180902
0.389766 0.420111 0.187140
0.398938 0.422270 0.186893
0.396916 0.427041 0.174732
0.424175 0.447430 0.144188
0.422175 0.453458 0.133001
0.418551 0.449426 0.138805
0.427800 0.451348 0.138284
0.425806 0.457587 0.127261
0.545628 0.301888 0.398784
0.545737 0.312740 0.396889
0.540768 0.307169 0.398132
0.550584 0.307157 0.398137
0.550676 0.318635 0.395018
0.582213 0.352436 0.374976
0.580614 0.366887 0.360809
0.577154 0.359494 0.368338
0.585633 0.359826 0.368420
0.583904 0.374156 0.352335
0.510698 0.353363 0.373335
0.512468 0.367091 0.358866
0.507426 0.360782 0.366109
0.515823 0.359834 0.366921
0.517346 0.373383 0.350716
0.480517 0.398268 0.304725
0.479423 0.404923 0.288961
0.475735 0.401268 0.296658
0.484270 0.402147 0.296954
0.483102 0.408467 0.281258
0.510403 0.425631 0.242912
0.509161 0.429891 0.228428
0.505369 0.427120 0.235846
0.514213 0.428464 0.235413
0.512980 0.432679 0.221074
0.350099 0.431823 0.147315
0.348056 0.438143 0.136609
0.344427 0.433954 0.142091
0.353724 0.435921 0.141753
0.351679 0.442408 0.131154
0.464109 0.624682 0.018270
0.462083 0.638894 0.015569
0.458482 0.631072 0.016852
0.467698 0.632410 0.016843
0.465735 0.646702 0.014436
0.408035 0.510302 0.065412
0.405977 0.520840 0.057485
0.402392 0.514518 0.061623
0.411625 0.516430 0.061165
0.409550 0.527345 0.053498
0.498423 0.462145 0.139603
0.496580 0.468054 0.128331
0.492828 0.464179 0.134209
0.502189 0.465896 0.133621
0.500338 0.472041 0.122555
0.453407 0.481727 0.099221
0.451403 0.489792 0.089578
0.447745 0.484782 0.094637
0.457078 0.486579 0.094056
0.455052 0.494954 0.084652
0.482363 0.524812 0.061821
0.480086 0.535377 0.054278
0.476572 0.529144 0.058182
0.485892 0.530883 0.057791
0.483580 0.541759 0.050528
0.648217 0.484407 0.132295
0.646748 0.491275 0.121004
0.642844 0.487164 0.126704
0.652161 0.488446 0.126472
0.650631 0.495502 0.115450
0.603833 0.507990 0.091398
0.601778 0.516289 0.082169
0.598105 0.511329 0.086882
0.607534 0.512820 0.086558
0.605423 0.521391 0.077617
0.632741 0.550224 0.057051
0.630330 0.560424 0.050025
0.626816 0.554541 0.053535
0.636270 0.555994 0.053411
0.633838 0.566396 0.046669
0.580438 0.433078 0.241583
0.580331 0.438277 0.226458
0.576010 0.435381 0.234053
0.584821 0.436055 0.233925
0.584663 0.441166 0.218928
0.541735 0.448404 0.185720
0.540479 0.453026 0.173035
0.536517 0.450029 0.179551
0.545736 0.451356 0.179101
0.544430 0.456091 0.166614
0.573398 0.474382 0.135224
0.571710 0.480584 0.123944
0.567861 0.476726 0.129759
0.577273 0.478131 0.129301
0.575543 0.484571 0.118246
0.610978 0.404551 0.306394
0.612289 0.413632 0.289187
0.607531 0.409224 0.297795
0.615713 0.409276 0.297617
0.617143 0.417637 0.280765
0.650661 0.434688 0.241269
0.651469 0.441006 0.225836
0.646666 0.437767 0.233479
0.655567 0.437994 0.233538
0.656228 0.444298 0.218221
0.615332 0.456515 0.183069
0.614578 0.461922 0.169993
0.610395 0.458821 0.176629
0.619577 0.459579 0.176310
0.618722 0.465136 0.163468
0.679111 0.519878 0.089901
0.677177 0.528311 0.080864
0.673454 0.523291 0.085347
0.682869 0.524804 0.085299
0.680879 0.533424 0.076526
0.528449 0.495544 0.094820
0.526409 0.503651 0.085376
0.522739 0.498693 0.090294
0.532143 0.500340 0.089783
0.530056 0.508763 0.080613
0.436315 0.563986 0.035911
0.434060 0.577171 0.030510
0.430615 0.569666 0.033214
0.439768 0.571343 0.033033
0.437496 0.584777 0.028016
0.494543 0.685362 0.010906
0.493281 0.699208 0.010276
0.489111 0.692042 0.010548
0.498692 0.692557 0.010570
0.497556 0.706124 0.010037
0.379045 0.467028 0.103908
0.377025 0.475097 0.094211
0.373396 0.470065 0.099303
0.382673 0.471919 0.098735
0.380657 0.480271 0.089207
0.546717 0.401388 0.306623
0.546626 0.410461 0.289374
0.542595 0.405897 0.297836
0.550765 0.406355 0.297987
0.550684 0.414725 0.281080
0.468359 0.435484 0.189937
0.466651 0.439833 0.177447
0.462930 0.436691 0.183911
0.472096 0.438557 0.183386
0.470379 0.443036 0.171061
0.585248 0.588223 0.032875
0.582898 0.600201 0.028254
0.579344 0.593535 0.030527
0.588787 0.594801 0.030435
0.586474 0.606902 0.026167
0.737601 0.542501 0.076986
0.731886 0.546076 0.072749
0.743270 0.539033 0.081297
0.726125 0.549763 0.068604
0.720323 0.553565 0.064564
0.760010 0.529215 0.094558
0.754474 0.532398 0.090095
0.765505 0.526114 0.099048
0.748895 0.535668 0.085671
0.555794 0.707706 0.010117
0.550619 0.713798 0.009880
0.560981 0.701507 0.010386
0.545459 0.719771 0.009673
0.540316 0.725612 0.009495
0.576629 0.682694 0.011497
0.571389 0.688925 0.011046
0.581909 0.676529 0.012062
0.566179 0.695216 0.010690
0.345093 0.487078 0.077425
0.462134 0.724334 0.009422
0.401705 0.601809 0.021545
0.643288 0.614341 0.025840
0.637436 0.619653 0.023990
0.649180 0.609058 0.027829
0.631636 0.624988 0.022266
0.625892 0.630373 0.020665
0.666980 0.593659 0.034830
0.661030 0.598705 0.032326
0.672941 0.588713 0.037500
0.655095 0.603841 0.029992
0.690829 0.574566 0.046482
0.684871 0.579160 0.043328
0.696776 0.570100 0.049794
0.678906 0.583878 0.040334
0.714484 0.557499 0.060654
0.708610 0.561567 0.056883
0.702707 0.565768 0.053262
0.430352 0.664811 0.011682
0.514938 0.752742 0.008990
0.509940 0.757813 0.008954
0.519962 0.747573 0.009045
0.504974 0.762805 0.008938
0.500038 0.767734 0.008940
0.535193 0.731313 0.009345
0.530092 0.736871 0.009221
0.525016 0.742288 0.009121
0.374319 0.538707 0.043802
0.598016 0.658532 0.014434
0.592599 0.664441 0.013531
0.603483 0.652716 0.015449
0.587232 0.670443 0.012740
0.620203 0.635829 0.019185
0.614574 0.641369 0.017823
0.609001 0.646996 0.016579
0.326945 0.460486 0.102156
0.323330 0.455595 0.107272
0.330563 0.465508 0.097083
0.319713 0.450823 0.112420
0.316089 0.446162 0.117590
0.341449 0.481456 0.082213
0.337814 0.475984 0.087098
0.334186 0.470670 0.092060
0.441540 0.688747 0.010359
0.437766 0.680808 0.010677
0.445384 0.696533 0.010116
0.434043 0.672812 0.011111
0.457751 0.717865 0.009567
0.453487 0.711096 0.009730
0.449358 0.703998 0.009913
0.384908 0.561451 0.033846
0.381443 0.553658 0.036973
0.388297 0.569444 0.030932
0.377909 0.546077 0.040296
0.398307 0.593860 0.023551
0.394955 0.585782 0.025781
0.391633 0.577590 0.028244
0.412188 0.625319 0.016662
0.408644 0.617510 0.018115
0.415772 0.633144 0.015372
0.405150 0.609681 0.019738
0.426682 0.656833 0.012391
0.423027 0.648895 0.013241
0.419388 0.641001 0.014233
0.475861 0.742170 0.009104
0.471200 0.736469 0.009191
0.480590 0.747650 0.009035
0.466622 0.730530 0.009297
0.495112 0.762942 0.008938
0.490224 0.758014 0.008953
0.485380 0.752926 0.008985
0.356070 0.504911 0.063784
0.352407 0.498785 0.068204
0.359735 0.511239 0.059497
0.348747 0.492846 0.072754
0.370696 0.531533 0.047484
0.367053 0.524556 0.051336
0.363398 0.517788 0.055345
