0.591245 0.586041 0.030632
0.589524 0.597479 0.026429
0.585587 0.591262 0.028558
0.470142 0.432099 0.185584
0.468563 0.437125 0.172695
0.464717 0.433840 0.179128
0.551010 0.393845 0.317552
0.549980 0.402013 0.297041
0.546185 0.397915 0.307182
0.381388 0.470167 0.098228
0.379532 0.478453 0.089236
0.375777 0.473391 0.093866
0.503392 0.677182 0.011032
0.502555 0.689846 0.010308
0.498129 0.683278 0.010628
0.440292 0.565286 0.035417
0.438376 0.577630 0.030414
0.434693 0.570563 0.032995
0.530625 0.495880 0.089914
0.528746 0.504522 0.080766
0.525020 0.499456 0.085596
0.681292 0.513996 0.079836
0.679780 0.522832 0.071767
0.675783 0.517842 0.075985
0.616362 0.447192 0.174749
0.615537 0.453486 0.161410
0.611404 0.450064 0.168569
0.653465 0.423986 0.229242
0.653768 0.430102 0.213479
0.649106 0.426928 0.222064
0.617480 0.396409 0.309413
0.617230 0.404210 0.288967
0.613221 0.400354 0.299969
0.574871 0.470146 0.128829
0.573270 0.477277 0.117616
0.569434 0.473128 0.123577
0.543492 0.441626 0.182282
0.542227 0.447192 0.168868
0.538304 0.443877 0.175825
0.582626 0.423281 0.240009
0.582195 0.428745 0.223879
0.578034 0.425839 0.232339
0.636644 0.547212 0.051682
0.634881 0.557371 0.045421
0.630983 0.551758 0.048644
0.605651 0.505523 0.084501
0.603925 0.514343 0.075778
0.600082 0.509337 0.080382
0.649252 0.477366 0.121433
0.647906 0.485028 0.110766
0.643924 0.480700 0.116480
0.485496 0.527239 0.058928
0.483488 0.537689 0.051916
0.479824 0.531616 0.055601
0.456048 0.483756 0.094766
0.454122 0.492243 0.085493
0.450433 0.487110 0.090329
0.500706 0.460475 0.134821
0.498920 0.467224 0.123520
0.495178 0.463074 0.129423
0.411065 0.513523 0.062842
0.409113 0.523831 0.055598
0.405454 0.517680 0.059395
0.470391 0.622000 0.018567
0.468875 0.634978 0.016011
0.464914 0.627877 0.017278
0.350814 0.434308 0.137604
0.349088 0.441030 0.127558
0.345213 0.436744 0.132487
0.512189 0.418435 0.243572
0.511017 0.423201 0.227947
0.507138 0.420444 0.235723
0.481193 0.393028 0.311158
0.480044 0.399406 0.292590
0.476193 0.396174 0.300898
0.516154 0.344079 0.387914
0.516661 0.358067 0.375493
0.511765 0.351409 0.381907
0.592118 0.343766 0.388247
0.590784 0.358136 0.375872
0.587107 0.350718 0.382791
0.554456 0.297089 0.403782
0.554484 0.307073 0.403454
0.549538 0.302044 0.403694
0.426195 0.448043 0.137847
0.424385 0.454640 0.126936
0.420617 0.450450 0.132436
0.395429 0.418703 0.184009
0.393759 0.423763 0.171893
0.389887 0.420254 0.177693
0.439360 0.409223 0.240313
0.437797 0.413212 0.225931
0.433939 0.410371 0.232746
0.546405 0.629883 0.017618
0.545059 0.642131 0.015338
0.540919 0.635617 0.016473
0.515136 0.577241 0.032768
0.513291 0.589143 0.028201
0.509484 0.582519 0.030553
0.560614 0.538473 0.054904
0.558690 0.548832 0.048262
0.554927 0.542991 0.051741
0.724587 0.485603 0.112781
0.723412 0.493568 0.103314
0.719253 0.488973 0.108511
0.690262 0.451768 0.164010
0.689652 0.458860 0.151337
0.685312 0.454921 0.158351
0.595171 0.592197 0.028357
0.473990 0.435285 0.179013
0.554749 0.398280 0.307049
0.385143 0.475116 0.093499
0.507785 0.683765 0.010612
0.443971 0.572232 0.032686
0.534360 0.500822 0.084941
0.685304 0.518918 0.075499
0.620547 0.450569 0.167420
0.658223 0.427163 0.220442
0.621357 0.400536 0.298053
0.578738 0.474182 0.122742
0.547441 0.444872 0.175148
0.586830 0.426239 0.231339
0.640549 0.552735 0.048339
0.609506 0.510431 0.079758
0.653273 0.481628 0.115573
0.489165 0.533193 0.055114
0.459743 0.488759 0.089804
0.504469 0.464507 0.128796
0.414725 0.519540 0.058928
0.474326 0.629053 0.017182
0.354689 0.438504 0.132572
0.516085 0.421264 0.235610
0.485068 0.396453 0.302547
0.521098 0.350760 0.382508
0.595823 0.351130 0.382396
0.559388 0.302038 0.403699
0.429972 0.452115 0.132234
0.399296 0.422109 0.178084
0.443223 0.412042 0.233379
0.550507 0.636366 0.016378
0.518932 0.583770 0.030264
0.564384 0.544212 0.051299
0.728781 0.490175 0.107433
0.694657 0.455676 0.156812
0.686754 0.481183 0.117258
0.690858 0.485610 0.111605
0.685506 0.489041 0.107103
0.692034 0.477839 0.121974
0.707633 0.467984 0.136574
0.711902 0.472269 0.130280
0.706694 0.475558 0.125512
0.719451 0.518441 0.077799
0.723532 0.523331 0.073696
0.718019 0.527150 0.070137
0.724932 0.514756 0.081501
0.741280 0.504106 0.092778
0.745429 0.508816 0.088288
0.739977 0.512344 0.084605
0.553046 0.581988 0.031605
0.556911 0.588312 0.029223
0.551265 0.593649 0.027234
0.558713 0.576820 0.033874
0.575771 0.561827 0.041435
0.579606 0.567811 0.038478
0.573919 0.572812 0.035973
0.508226 0.626367 0.018081
0.512253 0.633119 0.016771
0.506792 0.638991 0.015676
0.513750 0.620589 0.019379
0.530493 0.603556 0.023853
0.534407 0.610193 0.022083
0.528824 0.615854 0.020615
0.542031 0.679077 0.010944
0.546527 0.685384 0.010547
0.541358 0.691319 0.010262
0.547265 0.673151 0.011414
0.563157 0.655567 0.013361
0.567491 0.661870 0.012578
0.562202 0.667704 0.011937
0.432924 0.425932 0.185370
0.436787 0.429181 0.179135
0.431304 0.430859 0.172886
0.438403 0.424443 0.191910
0.454790 0.420334 0.212640
0.458625 0.423142 0.205761
0.453180 0.424566 0.198816
0.388628 0.441254 0.138002
0.392451 0.445370 0.132683
0.386851 0.447890 0.127479
0.394215 0.438948 0.143453
0.410902 0.432722 0.160627
0.414751 0.436418 0.154886
0.409197 0.438481 0.149134
0.418780 0.477044 0.096714
0.422490 0.482040 0.091832
0.416873 0.485441 0.087522
0.424393 0.473870 0.101269
0.441203 0.464971 0.115687
0.444925 0.469483 0.110314
0.439324 0.472465 0.105506
0.554347 0.343325 0.388628
0.558917 0.350354 0.383154
0.553957 0.357421 0.376595
0.559279 0.336549 0.393123
0.574219 0.317850 0.401491
0.579049 0.323754 0.399468
0.574027 0.330010 0.396715
0.584935 0.395307 0.315353
0.588500 0.399771 0.304261
0.583880 0.403645 0.294566
0.589829 0.390697 0.325732
0.604997 0.373634 0.356591
0.607739 0.380464 0.345257
0.602854 0.385973 0.335011
0.516266 0.393118 0.316358
0.520180 0.397189 0.306433
0.515318 0.400780 0.296291
0.521044 0.388683 0.327236
0.535130 0.371280 0.359649
0.539365 0.377735 0.349692
0.534590 0.383568 0.338839
0.476179 0.414685 0.242727
0.480049 0.417435 0.235316
0.474769 0.418967 0.227678
0.481398 0.412941 0.250767
0.496684 0.406369 0.276685
0.500549 0.409510 0.268210
0.495519 0.411828 0.259566
0.506979 0.437384 0.184549
0.510851 0.440590 0.177620
0.505532 0.442653 0.171365
0.512247 0.435427 0.191136
0.527786 0.429568 0.212187
0.531692 0.432432 0.204507
0.526551 0.434468 0.197455
0.343789 0.463240 0.099471
0.347595 0.468157 0.094895
0.341976 0.471405 0.090716
0.349402 0.460182 0.103831
0.366224 0.451524 0.117638
0.370037 0.456028 0.112722
0.364429 0.458928 0.108081
0.465053 0.674503 0.011086
0.469300 0.681466 0.010651
0.464006 0.687705 0.010321
0.470376 0.668316 0.011624
0.486440 0.650034 0.013822
0.490587 0.656931 0.012952
0.485238 0.663003 0.012232
0.403318 0.558215 0.036693
0.406965 0.565376 0.033851
0.401393 0.570910 0.031417
0.408885 0.553040 0.039365
0.425672 0.538417 0.047974
0.429319 0.544974 0.044604
0.423711 0.549854 0.041763
0.493316 0.490094 0.092558
0.497023 0.495075 0.087551
0.491396 0.498651 0.083296
0.498927 0.486749 0.097075
0.515690 0.477271 0.111325
0.519424 0.481752 0.105756
0.513843 0.484949 0.101024
0.448221 0.520658 0.060893
0.451871 0.526669 0.057025
0.446220 0.531078 0.053757
0.453868 0.516469 0.064397
0.470800 0.504516 0.075697
0.474478 0.510017 0.071275
0.468829 0.514024 0.067522
0.477550 0.571666 0.034079
0.481277 0.578418 0.031459
0.475653 0.583806 0.029295
0.483195 0.566496 0.036521
0.500201 0.551625 0.044564
0.503902 0.557937 0.041358
0.498228 0.562901 0.038701
0.643367 0.509768 0.082070
0.647298 0.514683 0.077524
0.641749 0.518637 0.073637
0.648879 0.505971 0.086194
0.665275 0.495001 0.099076
0.669275 0.499636 0.093970
0.663815 0.503287 0.089735
0.598530 0.543057 0.053141
0.602366 0.548683 0.049673
0.596681 0.553330 0.046707
0.604197 0.538590 0.056334
0.621102 0.525723 0.066650
0.624978 0.530991 0.062648
0.619348 0.535282 0.059223
0.629646 0.589740 0.029826
0.633616 0.595819 0.027635
0.627967 0.601065 0.025758
0.635313 0.584617 0.031979
0.652341 0.569678 0.039201
0.656297 0.575454 0.036459
0.650621 0.580437 0.034062
0.579931 0.445033 0.179098
0.583994 0.448299 0.171802
0.578884 0.450885 0.165624
0.584935 0.442513 0.185620
0.599501 0.434842 0.206171
0.603728 0.437779 0.198010
0.598908 0.440454 0.191218
0.537770 0.465693 0.132021
0.541567 0.469707 0.125938
0.536066 0.472615 0.120716
0.543204 0.462965 0.137472
0.559258 0.455108 0.154521
0.563180 0.458708 0.147901
0.557840 0.461377 0.142242
0.568055 0.501008 0.087215
0.571849 0.505925 0.082328
0.566241 0.509739 0.078241
0.573638 0.497393 0.091570
0.590271 0.486961 0.105344
0.594112 0.491439 0.099864
0.588576 0.494957 0.095309
0.617715 0.423678 0.235059
0.622165 0.426589 0.226285
0.617691 0.429476 0.219064
0.622033 0.420664 0.242643
0.634490 0.411295 0.266561
0.639165 0.414545 0.256836
0.635050 0.417616 0.248943
0.653053 0.449196 0.169990
0.657372 0.452855 0.162700
0.652375 0.455921 0.156891
0.657935 0.446173 0.176102
0.672246 0.437135 0.195066
0.676820 0.440637 0.186962
0.672046 0.443692 0.180726
0.612025 0.473849 0.125149
0.615959 0.477961 0.119138
0.610552 0.481248 0.114166
0.617345 0.470692 0.130345
0.632982 0.461391 0.146612
0.637082 0.465223 0.140052
0.631880 0.468363 0.134656
0.674963 0.551060 0.050503
0.678934 0.556481 0.047252
0.673290 0.561068 0.044377
0.680587 0.546660 0.053605
0.697354 0.534022 0.063504
0.701372 0.539154 0.059815
0.695786 0.543342 0.056528
0.522946 0.533220 0.056856
0.526655 0.539072 0.053131
0.520967 0.543643 0.050019
0.528619 0.528852 0.060204
0.545587 0.516338 0.071017
0.549337 0.521729 0.066721
0.543680 0.525920 0.063136
0.432970 0.616731 0.019005
0.436833 0.624001 0.017544
0.431385 0.630010 0.016280
0.438466 0.610829 0.020498
0.455112 0.593456 0.025579
0.458871 0.600628 0.023586
0.453313 0.606419 0.021925
0.500754 0.726227 0.009309
0.505477 0.731875 0.009209
0.500410 0.737298 0.009127
0.505868 0.720569 0.009424
0.521305 0.702995 0.009873
0.525911 0.709155 0.009700
0.520780 0.714985 0.009552
0.373912 0.506056 0.064682
0.377629 0.511994 0.060753
0.372044 0.516178 0.057346
0.379511 0.502090 0.068286
0.396328 0.490755 0.079744
0.400029 0.496244 0.075339
0.394423 0.500039 0.071527
0.547605 0.421078 0.242851
0.551614 0.424066 0.234505
0.546748 0.426277 0.226791
0.552367 0.418612 0.250986
0.566295 0.410122 0.276875
0.570280 0.413654 0.267291
0.565718 0.416532 0.258756
0.463508 0.454488 0.136712
0.467264 0.458537 0.130876
0.461692 0.461137 0.125538
0.469045 0.452102 0.142277
0.485507 0.445460 0.159682
0.489327 0.449054 0.153363
0.483852 0.451303 0.147581
0.584832 0.632791 0.017211
0.588992 0.639079 0.016030
0.583564 0.644685 0.015032
0.590345 0.627252 0.018403
0.607085 0.610860 0.022543
0.611100 0.617140 0.020939
0.605515 0.622580 0.019575
0.670139 0.464414 0.141990
0.669130 0.471698 0.130396
0.664983 0.467609 0.136731
0.674330 0.468459 0.135493
0.681436 0.484565 0.112615
0.703112 0.499339 0.095933
0.701754 0.507650 0.087127
0.697691 0.502904 0.091818
0.707196 0.504037 0.091122
0.713954 0.522206 0.074139
0.537844 0.557100 0.042900
0.535924 0.568237 0.037236
0.532154 0.561992 0.040181
0.541607 0.563248 0.039815
0.547389 0.587244 0.029466
0.492610 0.598953 0.024697
0.490870 0.611593 0.021267
0.487015 0.604636 0.023010
0.496447 0.605858 0.022817
0.502731 0.632201 0.016876
0.524665 0.653149 0.013588
0.523596 0.665682 0.012087
0.519308 0.659094 0.012810
0.528915 0.659727 0.012763
0.536824 0.685026 0.010564
0.417527 0.413558 0.210928
0.415852 0.417802 0.197583
0.412013 0.414698 0.203940
0.421358 0.416570 0.204431
0.427439 0.427496 0.178984
0.373195 0.425595 0.159625
0.371482 0.431516 0.148544
0.367608 0.427609 0.153891
0.377069 0.429405 0.154169
0.383032 0.443672 0.132693
0.403822 0.458283 0.116956
0.401973 0.465719 0.107033
0.398215 0.461099 0.112072
0.407581 0.462797 0.111807
0.413166 0.480321 0.092285
0.534898 0.317950 0.401452
0.535045 0.330066 0.396638
0.530086 0.323927 0.399405
0.539854 0.323809 0.399440
0.549458 0.350293 0.383135
0.571226 0.371874 0.359667
0.569540 0.384513 0.338666
0.565953 0.378335 0.349644
0.574763 0.378637 0.349281
0.580153 0.399484 0.305275
0.499362 0.373265 0.355696
0.499386 0.384374 0.335126
0.495146 0.379542 0.344569
0.503807 0.378778 0.346475
0.511434 0.397023 0.305842
0.460711 0.403241 0.272878
0.459286 0.407877 0.256901
0.455433 0.405010 0.264310
0.464559 0.406155 0.265272
0.470905 0.416257 0.234923
0.491588 0.425558 0.213251
0.490109 0.430046 0.198933
0.486280 0.427148 0.206045
0.495419 0.428356 0.205940
0.501670 0.439355 0.178133
0.328430 0.444559 0.118062
0.326690 0.451950 0.108917
0.322838 0.447324 0.113530
0.332290 0.449100 0.113380
0.338171 0.466381 0.095217
0.448646 0.645861 0.014001
0.447300 0.659276 0.012314
0.443262 0.651982 0.013110
0.452669 0.653112 0.013088
0.459738 0.680738 0.010649
0.388698 0.530811 0.049646
0.386807 0.542287 0.043230
0.383138 0.535482 0.046571
0.392361 0.537446 0.046186
0.397758 0.563578 0.034117
0.478457 0.471368 0.113832
0.476578 0.478940 0.103523
0.472863 0.474313 0.108873
0.482178 0.475871 0.108343
0.487697 0.493541 0.088158
0.433564 0.497810 0.077789
0.431606 0.507236 0.069563
0.427936 0.501589 0.073864
0.437239 0.503328 0.073352
0.442574 0.524937 0.057504
0.462823 0.545372 0.046272
0.460836 0.556749 0.040231
0.457172 0.550178 0.043385
0.466485 0.551818 0.042983
0.471919 0.576946 0.031763
0.627695 0.490990 0.102131
0.626117 0.499162 0.092391
0.622222 0.494526 0.097553
0.631606 0.495545 0.096828
0.637833 0.513637 0.078046
0.583256 0.521291 0.068730
0.581415 0.530875 0.061062
0.577614 0.525452 0.065084
0.587067 0.526605 0.064559
0.592852 0.547611 0.050054
0.613950 0.565948 0.040202
0.612167 0.576799 0.034923
0.608267 0.570852 0.037623
0.617844 0.571817 0.037365
0.623989 0.594928 0.027805
0.563697 0.432749 0.210034
0.562762 0.437987 0.195027
0.558741 0.434957 0.202801
0.567741 0.435701 0.202037
0.574858 0.447544 0.172734
0.522452 0.450753 0.157443
0.520902 0.456788 0.145221
0.517077 0.453105 0.151610
0.526300 0.454330 0.150927
0.532297 0.468487 0.126680
0.552913 0.482441 0.108434
0.551131 0.490267 0.098218
0.547361 0.485680 0.103620
0.556694 0.486915 0.102890
0.562458 0.504705 0.082981
0.600321 0.411287 0.272751
0.600230 0.417788 0.254678
0.595970 0.414565 0.264193
0.604560 0.414626 0.262896
0.613310 0.426620 0.227658
0.635499 0.435638 0.201106
0.635176 0.441781 0.186384
0.630816 0.438526 0.194271
0.639919 0.438851 0.193023
0.648116 0.452227 0.163980
0.596111 0.458617 0.150872
0.594853 0.465189 0.138692
0.590884 0.461459 0.145204
0.600117 0.462252 0.144202
0.606652 0.477049 0.120055
0.659129 0.529890 0.064951
0.657477 0.539369 0.057749
0.653537 0.534085 0.061469
0.663083 0.535098 0.061104
0.669326 0.555558 0.047506
0.508131 0.510748 0.073410
0.506175 0.520301 0.065356
0.502482 0.514711 0.069602
0.511833 0.516208 0.069014
0.517262 0.537679 0.053618
0.417939 0.587330 0.026409
0.416043 0.600793 0.022488
0.412339 0.593312 0.024442
0.421633 0.594742 0.024305
0.427480 0.622743 0.017609
0.482401 0.701717 0.009891
0.481697 0.714105 0.009563
0.477167 0.707815 0.009717
0.486894 0.708144 0.009717
0.495657 0.731782 0.009210
0.358939 0.483623 0.081465
0.357084 0.492735 0.073292
0.353322 0.487208 0.077538
0.362698 0.489033 0.077123
0.368317 0.510105 0.061168
0.531816 0.408230 0.277916
0.530901 0.414331 0.260092
0.526987 0.411132 0.268831
0.535724 0.411603 0.268851
0.542766 0.423387 0.234926
0.448327 0.439424 0.160670
0.446630 0.445154 0.148829
0.442823 0.441437 0.154786
0.452145 0.443029 0.154599
0.457952 0.456969 0.131269
0.568678 0.607416 0.023137
0.567069 0.619381 0.020051
0.563068 0.612966 0.021605
0.572657 0.613802 0.021459
0.579359 0.638389 0.016112
0.573924 0.644053 0.015105
0.572815 0.656079 0.013306
0.568522 0.649784 0.014188
0.578172 0.650351 0.014124
0.582478 0.656622 0.013254
0.581576 0.668573 0.011866
0.577166 0.662343 0.012533
0.565593 0.631383 0.017407
0.569730 0.637733 0.016198
0.564287 0.643449 0.015180
0.571115 0.625746 0.018619
0.576671 0.620163 0.019924
0.580726 0.626489 0.018509
0.575210 0.632077 0.017307
0.557482 0.618566 0.020184
0.555991 0.630654 0.017511
0.551926 0.624201 0.018855
0.561512 0.624995 0.018735
0.560110 0.637070 0.016287
0.452378 0.459545 0.125947
0.450521 0.466605 0.115253
0.446795 0.462210 0.120751
0.456110 0.463824 0.120328
0.459833 0.468216 0.114796
0.457952 0.475750 0.104537
0.454239 0.471117 0.109846
0.444874 0.451316 0.137383
0.448636 0.455373 0.131637
0.443059 0.457929 0.126328
0.450421 0.448979 0.142920
0.455949 0.446737 0.148578
0.459736 0.450556 0.142614
0.454195 0.452917 0.137064
0.437299 0.443540 0.149023
0.435542 0.449693 0.137649
0.431756 0.445740 0.143377
0.441095 0.447374 0.143181
0.439310 0.453754 0.131965
0.537847 0.425557 0.227187
0.536779 0.430403 0.211781
0.532851 0.427606 0.219608
0.541801 0.428378 0.219218
0.545760 0.431213 0.211305
0.544666 0.436300 0.196394
0.540715 0.433300 0.204024
0.529955 0.419816 0.243368
0.533897 0.422712 0.235225
0.528927 0.424823 0.227491
0.534837 0.417432 0.251544
0.539657 0.414858 0.259997
0.543617 0.418012 0.251338
0.538793 0.420447 0.243166
0.522109 0.413792 0.260090
0.521087 0.419154 0.243498
0.517177 0.416222 0.251680
0.526024 0.416846 0.251647
0.525005 0.422014 0.235444
0.362726 0.514259 0.057736
0.360885 0.524945 0.050767
0.357136 0.518537 0.054381
0.366464 0.520486 0.054020
0.370189 0.526904 0.050417
0.368343 0.538376 0.043893
0.364622 0.531560 0.047268
0.355225 0.502298 0.065504
0.358979 0.508202 0.061565
0.353379 0.512319 0.058109
0.360836 0.498397 0.069142
0.366446 0.494575 0.072871
0.370184 0.500250 0.068721
0.364580 0.504186 0.065100
0.347702 0.490876 0.073702
0.345848 0.500385 0.065894
0.342078 0.494625 0.069949
0.351467 0.496521 0.069552
0.349616 0.506275 0.061946
0.490580 0.737240 0.009127
0.490335 0.747878 0.009008
0.485522 0.742607 0.009059
0.495363 0.742629 0.009060
0.500184 0.747850 0.009008
0.500063 0.757959 0.008947
0.495183 0.752989 0.008970
0.481151 0.725918 0.009310
0.485840 0.731672 0.009210
0.480752 0.737166 0.009126
0.486294 0.720192 0.009428
0.491455 0.714366 0.009563
0.496077 0.720392 0.009426
0.490949 0.726082 0.009310
0.471949 0.713819 0.009561
0.471359 0.725736 0.009308
0.466751 0.719728 0.009424
0.476518 0.719970 0.009427
0.476028 0.731546 0.009209
0.421979 0.628904 0.016312
0.420422 0.642523 0.014056
0.416444 0.635249 0.015119
0.425920 0.636175 0.015116
0.429889 0.643476 0.014055
0.428459 0.657126 0.012319
0.424429 0.649813 0.013124
0.414231 0.614339 0.019130
0.418078 0.621636 0.017648
0.412510 0.627976 0.016319
0.419802 0.608174 0.020703
0.425364 0.602135 0.022377
0.429145 0.609455 0.020613
0.423617 0.615476 0.019080
0.406718 0.599502 0.022575
0.404819 0.613311 0.019155
0.401073 0.605853 0.020809
0.410443 0.606976 0.020769
0.408632 0.620673 0.017662
0.511575 0.542231 0.050489
0.509586 0.553077 0.044130
0.505886 0.546878 0.047471
0.515275 0.548312 0.047018
0.518989 0.554466 0.043707
0.517039 0.565675 0.037944
0.513302 0.559345 0.040952
0.504197 0.530320 0.057897
0.507883 0.536232 0.054117
0.502198 0.540761 0.050969
0.509869 0.526001 0.061281
0.515534 0.521778 0.064788
0.519239 0.527453 0.060737
0.513565 0.531798 0.057372
0.496825 0.518781 0.065920
0.494840 0.528798 0.058417
0.491163 0.522959 0.062364
0.500511 0.524499 0.061828
0.498518 0.534733 0.054619
0.663677 0.560161 0.044622
0.661969 0.570559 0.038978
0.658014 0.564869 0.041852
0.667635 0.565762 0.041618
0.671603 0.571425 0.038765
0.669913 0.582121 0.033690
0.665936 0.576311 0.036257
0.655785 0.549153 0.051069
0.659726 0.554625 0.047773
0.654068 0.559244 0.044879
0.661421 0.544713 0.054190
0.667040 0.540366 0.057420
0.671001 0.545689 0.053890
0.665371 0.550110 0.050779
0.647922 0.538372 0.058093
0.646206 0.548191 0.051371
0.642290 0.542750 0.054830
0.651850 0.543735 0.054506
0.650132 0.553686 0.048053
0.601230 0.480302 0.115057
0.599621 0.487983 0.104522
0.595767 0.483605 0.110153
0.605104 0.484586 0.109291
0.608974 0.488989 0.103703
0.607335 0.497076 0.093809
0.603476 0.492474 0.099072
0.593450 0.472084 0.127062
0.597348 0.476135 0.120987
0.591910 0.479339 0.115945
0.598805 0.469027 0.132327
0.604105 0.465996 0.137683
0.608073 0.469861 0.131330
0.602737 0.472976 0.126110
0.585600 0.464321 0.139642
0.584160 0.471141 0.127963
0.580262 0.467214 0.134183
0.589533 0.468147 0.133280
0.588044 0.475182 0.121884
0.643126 0.455271 0.158074
0.642230 0.462103 0.145562
0.638081 0.458325 0.152282
0.647328 0.459003 0.151177
0.651504 0.462842 0.144458
0.650458 0.469982 0.132651
0.646356 0.465990 0.139018
0.634644 0.448127 0.172426
0.638898 0.451646 0.165154
0.633908 0.454656 0.159186
0.639514 0.445154 0.178718
0.644324 0.442185 0.185145
0.648702 0.445637 0.177471
0.643829 0.448639 0.171253
0.626068 0.441418 0.187594
0.625491 0.447646 0.173582
0.621250 0.444309 0.181089
0.630366 0.444715 0.179902
0.629711 0.451096 0.166283
0.608808 0.429477 0.220409
0.608471 0.435065 0.204954
0.604202 0.432214 0.213259
0.613127 0.432303 0.211968
0.617440 0.435208 0.203665
0.616996 0.441094 0.188814
0.612733 0.438011 0.196771
0.600147 0.423763 0.237741
0.604477 0.426648 0.228989
0.599925 0.429379 0.221669
0.604562 0.420849 0.245443
0.608896 0.417771 0.253351
0.613289 0.420763 0.244077
0.608933 0.423776 0.236451
0.591580 0.417654 0.255900
0.591376 0.423590 0.238933
0.587136 0.420558 0.247850
0.595839 0.420776 0.246700
0.595645 0.426517 0.230216
0.556847 0.508489 0.078869
0.554983 0.517637 0.070436
0.551223 0.512366 0.074880
0.560618 0.513641 0.074276
0.564393 0.518897 0.069860
0.562516 0.528482 0.062080
0.558747 0.523011 0.066168
0.549315 0.498516 0.088568
0.553079 0.503447 0.083634
0.547467 0.507203 0.079498
0.554903 0.494967 0.092974
0.560478 0.491501 0.097501
0.564265 0.496199 0.092275
0.558678 0.499781 0.087893
0.541797 0.488997 0.098927
0.539963 0.497215 0.089242
0.536217 0.492396 0.094358
0.545554 0.493699 0.093668
0.543714 0.502152 0.084287
0.526786 0.471350 0.121443
0.524990 0.478633 0.110616
0.521248 0.474276 0.116320
0.530538 0.475588 0.115603
0.534290 0.479940 0.109900
0.532474 0.487691 0.099631
0.528732 0.483104 0.105051
0.519253 0.463204 0.133468
0.523027 0.467220 0.127402
0.517503 0.470031 0.122160
0.524715 0.460577 0.138934
0.530136 0.458008 0.144518
0.533960 0.461794 0.138216
0.528513 0.464475 0.132753
0.511659 0.455502 0.145904
0.509984 0.461867 0.134165
0.506201 0.457955 0.140311
0.515463 0.459298 0.139637
0.513752 0.465893 0.128113
0.569718 0.450052 0.166522
0.568471 0.456077 0.153680
0.564516 0.452569 0.160453
0.573708 0.453475 0.159585
0.577686 0.456989 0.152794
0.576345 0.463395 0.140544
0.572414 0.459685 0.147043
0.561716 0.443455 0.180835
0.565720 0.446714 0.173604
0.560551 0.449153 0.167362
0.566791 0.441095 0.187430
0.571798 0.438735 0.194205
0.575864 0.441846 0.186563
0.570826 0.444280 0.180001
0.553716 0.437172 0.195756
0.552604 0.442569 0.181594
0.548631 0.439394 0.188921
0.557713 0.440275 0.188216
0.556580 0.445822 0.174409
0.618342 0.600178 0.025916
0.616708 0.611728 0.022409
0.612706 0.605490 0.024161
0.622330 0.606370 0.024015
0.626338 0.612603 0.022278
0.624776 0.624284 0.019359
0.620728 0.618002 0.020820
0.610423 0.587921 0.030212
0.614372 0.594028 0.027981
0.608725 0.599286 0.026080
0.616088 0.582794 0.032387
0.621760 0.577740 0.034691
0.625695 0.583714 0.032178
0.620028 0.588837 0.030015
0.602587 0.575835 0.035168
0.600828 0.586989 0.030417
0.596912 0.580900 0.032836
0.606494 0.581857 0.032607
0.604766 0.593119 0.028165
0.587163 0.552258 0.047073
0.585298 0.562896 0.041105
0.581468 0.556998 0.044199
0.590991 0.558068 0.043850
0.594835 0.563938 0.040789
0.593019 0.574852 0.035424
0.589146 0.568849 0.038180
0.579545 0.540843 0.053993
0.583349 0.546516 0.050455
0.577656 0.551161 0.047454
0.585221 0.536381 0.057223
0.590883 0.532008 0.060570
0.594704 0.537495 0.056768
0.589033 0.541963 0.053559
0.571958 0.529702 0.061564
0.570070 0.539682 0.054442
0.566291 0.534043 0.058174
0.575749 0.535235 0.057691
0.573859 0.545388 0.050868
0.632278 0.517585 0.074133
0.630588 0.526788 0.066193
0.626700 0.521611 0.070333
0.636179 0.522671 0.069858
0.640087 0.527836 0.065762
0.638384 0.537363 0.058446
0.634483 0.532041 0.062233
0.624490 0.507666 0.083234
0.628381 0.512581 0.078590
0.622817 0.516517 0.074655
0.630018 0.503895 0.087421
0.635521 0.500194 0.091719
0.639441 0.504937 0.086800
0.633923 0.508722 0.082640
0.616722 0.498123 0.093088
0.615066 0.506600 0.083855
0.611198 0.501786 0.088737
0.620604 0.502846 0.088066
0.618939 0.511512 0.079161
0.466303 0.582336 0.029573
0.464451 0.594910 0.025358
0.460700 0.587839 0.027511
0.470045 0.589302 0.027261
0.473812 0.596312 0.025137
0.472041 0.609118 0.021598
0.468227 0.602019 0.023394
0.458883 0.568573 0.034745
0.462583 0.575424 0.032068
0.456973 0.580817 0.029851
0.464514 0.563409 0.037236
0.470157 0.558355 0.039849
0.473845 0.564976 0.036878
0.468207 0.570143 0.034411
0.451532 0.555100 0.040612
0.449578 0.566957 0.035079
0.445905 0.560135 0.037956
0.455200 0.561796 0.037595
0.453267 0.573853 0.032376
0.436931 0.529317 0.054223
0.434941 0.540222 0.047549
0.431296 0.533807 0.051048
0.440576 0.535592 0.050600
0.444223 0.541989 0.047120
0.442243 0.553397 0.040999
0.438590 0.546755 0.044198
0.429633 0.517147 0.061877
0.433284 0.523169 0.057983
0.427650 0.527522 0.054685
0.435268 0.513014 0.065404
0.440906 0.508978 0.069053
0.444566 0.514758 0.064900
0.438924 0.518917 0.061387
0.422309 0.505471 0.070066
0.420347 0.515349 0.062362
0.416684 0.509452 0.066395
0.425974 0.511246 0.065903
0.424002 0.521369 0.058458
0.482070 0.497092 0.083881
0.480123 0.506120 0.075156
0.476438 0.500749 0.079726
0.485762 0.502331 0.079164
0.489452 0.507694 0.074594
0.487484 0.517227 0.066468
0.483805 0.511613 0.070734
0.474675 0.486983 0.093720
0.478374 0.491976 0.088736
0.472749 0.495504 0.084437
0.480288 0.483687 0.098281
0.485894 0.480493 0.102962
0.489607 0.485234 0.097698
0.483994 0.488554 0.093157
0.467263 0.477357 0.104039
0.465360 0.485381 0.094249
0.461658 0.480505 0.099336
0.470972 0.482110 0.098824
0.469056 0.490381 0.089281
0.392195 0.569155 0.031639
0.390193 0.582720 0.026858
0.386611 0.574996 0.029258
0.395809 0.576676 0.029086
0.399424 0.584267 0.026724
0.397395 0.598250 0.022640
0.393779 0.590500 0.024655
0.384925 0.554454 0.037288
0.388570 0.561739 0.034377
0.383015 0.567367 0.031852
0.390465 0.549252 0.040034
0.396016 0.544239 0.042867
0.399668 0.551167 0.039701
0.394115 0.556354 0.036992
0.377587 0.540333 0.043575
0.375727 0.552549 0.037563
0.372044 0.545379 0.040655
0.381263 0.547316 0.040357
0.379388 0.559878 0.034624
0.454425 0.687026 0.010313
0.453381 0.700353 0.009872
0.449098 0.693393 0.010062
0.458704 0.694010 0.010074
0.463037 0.700851 0.009882
0.462212 0.713507 0.009556
0.457752 0.707057 0.009705
0.446042 0.672766 0.011085
0.450203 0.679947 0.010643
0.444868 0.686288 0.010300
0.451389 0.666509 0.011642
0.456741 0.660312 0.012301
0.460868 0.667448 0.011635
0.455534 0.673669 0.011088
0.437888 0.658169 0.012323
0.436578 0.671797 0.011076
0.432508 0.664459 0.011638
0.441939 0.665501 0.011643
0.440694 0.679089 0.010631
0.332550 0.469602 0.091063
0.330724 0.478140 0.082639
0.326926 0.472907 0.087000
0.336351 0.474733 0.086633
0.340144 0.479985 0.082256
0.338301 0.488997 0.074101
0.334516 0.483503 0.078335
0.324920 0.459687 0.100040
0.328741 0.464589 0.095535
0.323122 0.467796 0.091406
0.330529 0.456662 0.104325
0.336135 0.453721 0.108717
0.339968 0.458432 0.104080
0.334355 0.461470 0.099756
0.317245 0.450171 0.109120
0.315484 0.457904 0.100322
0.311648 0.453103 0.104817
0.321089 0.454883 0.104570
0.319308 0.462799 0.095849
0.496321 0.441351 0.171859
0.494768 0.446870 0.159251
0.490933 0.443382 0.165712
0.500171 0.444741 0.165249
0.504011 0.448227 0.158715
0.502403 0.454153 0.146545
0.498592 0.450459 0.152860
0.488612 0.434856 0.185297
0.492466 0.438055 0.178543
0.487088 0.439991 0.172239
0.493952 0.433049 0.191917
0.499258 0.431263 0.198708
0.503112 0.434274 0.191579
0.497808 0.436152 0.184985
0.480929 0.428762 0.199024
0.479391 0.433499 0.185484
0.475546 0.430409 0.192211
0.484764 0.431757 0.192121
0.483239 0.436695 0.178829
0.465579 0.417696 0.227327
0.464048 0.421758 0.212900
0.460204 0.419039 0.219904
0.469432 0.420391 0.220208
0.473273 0.423093 0.213105
0.471711 0.427425 0.199019
0.467881 0.424545 0.205925
0.457840 0.412213 0.241627
0.461712 0.414973 0.234462
0.456348 0.416320 0.226921
0.463155 0.410713 0.249530
0.468426 0.409040 0.257702
0.472302 0.411886 0.250184
0.467031 0.413508 0.242204
0.450111 0.406570 0.256055
0.448615 0.410785 0.240999
0.444752 0.407964 0.248071
0.453970 0.409409 0.248824
0.452483 0.413571 0.233949
0.506559 0.400505 0.295729
0.505518 0.406915 0.277193
0.501647 0.403609 0.286015
0.510436 0.404014 0.286546
0.514318 0.407389 0.277536
0.513280 0.413211 0.260017
0.509395 0.410113 0.268520
0.498765 0.393059 0.314453
0.502679 0.396856 0.305049
0.497779 0.400192 0.294955
0.503506 0.388884 0.325357
0.508113 0.383973 0.336594
0.512260 0.388745 0.326445
0.507510 0.393076 0.315555
0.490710 0.384900 0.333135
0.489993 0.393053 0.312966
0.486049 0.389331 0.321919
0.494780 0.389087 0.323853
0.493902 0.396669 0.303958
0.575472 0.403318 0.295509
0.574806 0.410564 0.276089
0.570868 0.406852 0.286047
0.579328 0.407236 0.285177
0.583308 0.410911 0.275126
0.582948 0.417390 0.256999
0.578835 0.414067 0.266407
0.568105 0.394618 0.316919
0.571744 0.399126 0.306100
0.567027 0.402910 0.296258
0.573054 0.390050 0.327405
0.578155 0.384846 0.338112
0.581513 0.390388 0.326674
0.576566 0.394990 0.316239
0.560849 0.384169 0.338988
0.559575 0.394211 0.317348
0.555884 0.389314 0.328175
0.564493 0.389679 0.327911
0.563273 0.398710 0.306700
0.544623 0.357362 0.376540
0.544182 0.371303 0.359855
0.539850 0.364408 0.368742
0.549045 0.364458 0.368852
0.553209 0.371426 0.359917
0.552136 0.383880 0.339118
0.548258 0.377852 0.349829
0.535200 0.343356 0.388498
0.539992 0.350285 0.383060
0.535281 0.357392 0.376393
0.539954 0.336537 0.393062
0.544772 0.330012 0.396682
0.549617 0.336528 0.393106
0.544773 0.343304 0.388588
0.525341 0.330282 0.396538
0.525648 0.343590 0.388285
0.520689 0.337011 0.392746
0.530303 0.336671 0.392955
0.530530 0.350414 0.382873
0.407551 0.483699 0.087980
0.405640 0.492546 0.079276
0.401938 0.487177 0.083800
0.411255 0.488943 0.083337
0.414950 0.494320 0.078793
0.413013 0.503682 0.070561
0.409332 0.498047 0.074858
0.400106 0.473601 0.097519
0.403835 0.478585 0.092711
0.398224 0.481944 0.088417
0.405717 0.470462 0.102051
0.411327 0.467426 0.106713
0.415060 0.472173 0.101679
0.409447 0.475328 0.097132
0.392607 0.464019 0.107326
0.390754 0.471880 0.097884
0.386998 0.467042 0.102713
0.396364 0.468748 0.102394
0.394495 0.476846 0.093115
0.377431 0.446195 0.127530
0.375644 0.453221 0.117499
0.371829 0.448814 0.122512
0.381249 0.450507 0.122417
0.385050 0.454909 0.117342
0.383227 0.462325 0.107596
0.379443 0.457721 0.112525
0.369750 0.437815 0.137855
0.373599 0.441964 0.132676
0.367997 0.444492 0.127558
0.375347 0.435491 0.143228
0.380935 0.433279 0.148747
0.384788 0.437226 0.143357
0.379197 0.439541 0.137943
0.362013 0.429735 0.148307
0.360290 0.436072 0.137742
0.356415 0.431969 0.142878
0.365888 0.433740 0.143067
0.364151 0.440244 0.132634
0.421942 0.429142 0.172735
0.420288 0.434468 0.160766
0.416431 0.430879 0.166615
0.425806 0.432618 0.166765
0.429654 0.436170 0.160821
0.427952 0.441891 0.149143
0.424129 0.438136 0.154941
0.414202 0.422397 0.184792
0.418071 0.425734 0.178736
0.412562 0.427369 0.172499
0.419705 0.420967 0.191313
0.425206 0.419636 0.198009
0.429063 0.422753 0.191658
0.423571 0.424200 0.185121
0.406491 0.415929 0.197123
0.404822 0.420565 0.184422
0.400963 0.417262 0.190482
0.410339 0.419131 0.190918
0.408691 0.423932 0.178432
0.531642 0.690993 0.010274
0.531054 0.703247 0.009866
0.526474 0.696989 0.010058
0.536206 0.697280 0.010050
0.540812 0.703474 0.009859
0.540360 0.715277 0.009544
0.535684 0.709345 0.009695
0.522686 0.678196 0.010989
0.527132 0.684636 0.010580
0.521936 0.690640 0.010286
0.527943 0.672203 0.011473
0.533225 0.666243 0.012049
0.537597 0.672695 0.011444
0.532351 0.678653 0.010966
0.513979 0.665084 0.012124
0.513032 0.677707 0.011011
0.508673 0.671115 0.011531
0.518301 0.671678 0.011502
0.517453 0.684217 0.010596
0.497270 0.638092 0.015765
0.495960 0.650903 0.013766
0.491840 0.644035 0.014747
0.501361 0.644922 0.014675
0.505509 0.651700 0.013707
0.504376 0.664449 0.012162
0.500138 0.657710 0.012906
0.489253 0.624310 0.018329
0.493235 0.631217 0.016982
0.487776 0.637121 0.015851
0.494772 0.618504 0.019667
0.500324 0.612742 0.021099
0.504249 0.619578 0.019522
0.498725 0.625371 0.018206
0.481442 0.610385 0.021433
0.479808 0.623185 0.018449
0.475901 0.616171 0.019952
0.485323 0.617368 0.019811
0.483767 0.630169 0.017084
0.541743 0.592592 0.027460
0.540012 0.604589 0.023662
0.536112 0.598028 0.025588
0.545632 0.599074 0.025379
0.549550 0.605575 0.023479
0.547912 0.617706 0.020322
0.543943 0.611161 0.021917
0.534053 0.579706 0.032162
0.537884 0.586132 0.029721
0.532241 0.591487 0.027696
0.539719 0.574532 0.034468
0.545395 0.569449 0.036902
0.549206 0.575699 0.034165
0.543540 0.580870 0.031878
0.526472 0.566978 0.037584
0.524586 0.578496 0.032459
0.520800 0.572061 0.035112
0.530250 0.573320 0.034784
0.528399 0.584974 0.029987
0.708438 0.526057 0.070529
0.706939 0.535060 0.063187
0.702905 0.529995 0.066980
0.712488 0.531059 0.066631
0.716535 0.536100 0.062875
0.714998 0.545308 0.056007
0.710971 0.540164 0.059533
0.700340 0.516189 0.078796
0.704388 0.521099 0.074581
0.698872 0.524975 0.070925
0.705820 0.512452 0.082624
0.711281 0.508790 0.086502
0.715366 0.513593 0.082064
0.709886 0.517306 0.078298
0.692246 0.506531 0.087759
0.690808 0.515086 0.079307
0.686779 0.510226 0.083763
0.696292 0.511332 0.083186
0.694839 0.520004 0.075031
0.676080 0.487994 0.108039
0.674710 0.496047 0.098281
0.670692 0.491471 0.103523
0.680121 0.492518 0.102661
0.684161 0.497120 0.097490
0.682754 0.505430 0.088406
0.678731 0.500702 0.093244
0.667968 0.479211 0.119400
0.672032 0.483555 0.113618
0.666673 0.486978 0.108970
0.673252 0.475888 0.124264
0.678495 0.472603 0.129205
0.682634 0.476844 0.123126
0.677352 0.480178 0.118336
0.659782 0.470828 0.131557
0.658600 0.478277 0.120445
0.654538 0.474078 0.126459
0.663886 0.474969 0.125383
0.662644 0.482578 0.114612
0.604092 0.634306 0.017030
0.608271 0.640566 0.015875
0.602856 0.646064 0.014896
0.609596 0.628850 0.018202
0.615144 0.623421 0.019466
0.619229 0.629690 0.018105
0.613728 0.635111 0.016944
0.593208 0.645354 0.014963
0.598630 0.639805 0.015951
0.597482 0.651610 0.014006
0.594460 0.633533 0.017119
0.595894 0.621758 0.019687
0.601478 0.616292 0.021062
0.599967 0.628039 0.018301
0.586843 0.662862 0.012492
0.587825 0.650959 0.014064
0.592144 0.657209 0.013205
0.482122 0.457556 0.135907
0.485879 0.461599 0.129977
0.480313 0.464249 0.124646
0.487643 0.455115 0.141459
0.493134 0.452752 0.147110
0.496928 0.456558 0.140927
0.491418 0.459037 0.135404
0.471003 0.462704 0.125110
0.476574 0.460085 0.130456
0.474733 0.466981 0.119424
0.472817 0.456034 0.136332
0.474559 0.449808 0.147962
0.480048 0.447598 0.153766
0.478348 0.453626 0.141903
0.463551 0.472727 0.109364
0.465421 0.465413 0.119885
0.469145 0.469804 0.114327
0.565159 0.422330 0.241754
0.569248 0.425330 0.233212
0.564506 0.427663 0.225611
0.569783 0.419761 0.249751
0.574334 0.417012 0.257958
0.578454 0.420215 0.248871
0.573893 0.422857 0.240954
0.555637 0.426997 0.226271
0.560445 0.424734 0.233937
0.559664 0.429876 0.218119
0.556395 0.421725 0.242387
0.557064 0.415979 0.259358
0.561701 0.413157 0.267982
0.561095 0.419219 0.250461
0.549731 0.434146 0.203461
0.550737 0.429140 0.218729
0.554736 0.432010 0.210726
0.392510 0.509789 0.063790
0.396188 0.515789 0.059860
0.390600 0.520010 0.056501
0.398110 0.505787 0.067361
0.403718 0.501871 0.071048
0.407396 0.507633 0.066881
0.401787 0.511668 0.063319
0.381333 0.518090 0.056935
0.386918 0.513885 0.060317
0.385023 0.524359 0.053232
0.383221 0.507918 0.064246
0.385115 0.498213 0.071992
0.390720 0.494433 0.075810
0.388819 0.503932 0.067833
0.373897 0.533522 0.046932
0.375756 0.522423 0.053637
0.379455 0.528856 0.050044
0.520375 0.726451 0.009304
0.525127 0.732009 0.009205
0.520079 0.737377 0.009124
0.525464 0.720846 0.009417
0.530568 0.715141 0.009548
0.535268 0.720954 0.009414
0.530190 0.726534 0.009302
0.510244 0.737342 0.009126
0.515301 0.731949 0.009207
0.515048 0.742643 0.009059
0.510562 0.726351 0.009306
0.511000 0.714804 0.009556
0.516146 0.708942 0.009705
0.515664 0.720719 0.009421
0.505039 0.752918 0.008970
0.505205 0.742638 0.009059
0.510034 0.747818 0.009007
0.451635 0.619451 0.018794
0.455528 0.626639 0.017370
0.450086 0.632577 0.016157
0.457134 0.613604 0.020229
0.462665 0.607795 0.021762
0.466504 0.614916 0.020091
0.461000 0.620752 0.018682
0.440732 0.631285 0.016225
0.446169 0.625341 0.017460
0.444669 0.638579 0.015045
0.442295 0.618094 0.018905
0.443987 0.604992 0.022088
0.449538 0.599187 0.023778
0.447788 0.612240 0.020365
0.433878 0.650811 0.013126
0.435315 0.637312 0.015090
0.439270 0.644648 0.014034
0.541748 0.535929 0.055859
0.545486 0.541727 0.052193
0.539795 0.546324 0.049117
0.547424 0.531528 0.059170
0.553090 0.527221 0.062604
0.556850 0.532805 0.058668
0.551173 0.537222 0.055377
0.530372 0.545005 0.049562
0.536063 0.540421 0.052656
0.534101 0.551017 0.046151
0.532339 0.534596 0.056352
0.534285 0.524579 0.063677
0.539941 0.520409 0.067282
0.538014 0.530209 0.059682
0.522720 0.560692 0.040560
0.524680 0.549687 0.046578
0.528408 0.555806 0.043297
0.694172 0.552937 0.049992
0.698168 0.558297 0.046780
0.692536 0.562845 0.043921
0.699787 0.548584 0.053081
0.705388 0.544326 0.056264
0.709400 0.549534 0.052839
0.703789 0.553863 0.049757
0.682910 0.561963 0.044143
0.688547 0.557395 0.047010
0.686894 0.567506 0.041181
0.684564 0.552003 0.050241
0.686194 0.542353 0.056809
0.691784 0.538141 0.060111
0.690183 0.547625 0.053336
0.675581 0.577150 0.036064
0.677261 0.566641 0.041394
0.681242 0.572275 0.038562
0.630618 0.475599 0.123279
0.634592 0.479785 0.117356
0.629211 0.483137 0.112442
0.635913 0.472366 0.128422
0.641159 0.469164 0.133671
0.645215 0.473211 0.127465
0.639927 0.476478 0.122364
0.619878 0.482193 0.113295
0.625272 0.478872 0.118238
0.623788 0.486536 0.107622
0.621318 0.474723 0.124206
0.622614 0.467568 0.135650
0.627826 0.464470 0.141070
0.626625 0.471527 0.129376
0.612846 0.493503 0.098301
0.614443 0.485563 0.108446
0.618331 0.489991 0.102906
0.671617 0.450428 0.167121
0.675982 0.454204 0.159851
0.670975 0.457329 0.154221
0.676513 0.447339 0.173045
0.681346 0.444246 0.179084
0.685826 0.447957 0.171434
0.680933 0.451082 0.165587
0.661660 0.456612 0.155601
0.666665 0.453518 0.161309
0.665915 0.460465 0.148695
0.662318 0.449798 0.168605
0.662763 0.443156 0.182316
0.667535 0.440144 0.188635
0.667211 0.446745 0.174611
0.655656 0.466785 0.137917
0.656606 0.459718 0.149986
0.660809 0.463615 0.143264
0.635451 0.423694 0.232268
0.640059 0.426747 0.223543
0.635606 0.429658 0.216384
0.639729 0.420723 0.239766
0.643912 0.417717 0.247409
0.648689 0.420851 0.238222
0.644422 0.423811 0.230819
0.626619 0.429533 0.217721
0.631079 0.426632 0.224919
0.631067 0.432540 0.209338
0.626549 0.423646 0.233661
0.626265 0.417581 0.250424
0.630419 0.414451 0.258402
0.630844 0.420653 0.241212
0.621756 0.438246 0.195516
0.622073 0.432392 0.210649
0.626447 0.435397 0.202382
0.586839 0.503334 0.085859
0.590663 0.508233 0.081031
0.585066 0.512110 0.076998
0.592408 0.499644 0.090153
0.597954 0.496025 0.094555
0.601800 0.500720 0.089433
0.596243 0.504437 0.085174
0.575648 0.510948 0.077616
0.581252 0.507101 0.081679
0.579449 0.516071 0.073082
0.577444 0.502195 0.086536
0.579203 0.493850 0.096045
0.584749 0.490375 0.100639
0.583020 0.498540 0.090865
0.568173 0.524253 0.065621
0.570027 0.514878 0.073676
0.573818 0.520118 0.069289
0.556302 0.468004 0.130481
0.560135 0.472028 0.124388
0.554647 0.475025 0.119207
0.561717 0.465181 0.135892
0.567090 0.462411 0.141411
0.570988 0.466223 0.135053
0.565583 0.469097 0.129669
0.545351 0.473839 0.119970
0.550846 0.470887 0.125175
0.549132 0.478083 0.114130
0.547031 0.466868 0.131264
0.548599 0.460297 0.143035
0.553951 0.457681 0.148716
0.552456 0.464094 0.136698
0.538042 0.484410 0.104340
0.539830 0.476854 0.114874
0.543595 0.481209 0.109173
0.598146 0.446286 0.177069
0.602270 0.449563 0.169720
0.597213 0.452331 0.163644
0.603088 0.443565 0.183480
0.607952 0.440806 0.190044
0.612162 0.443934 0.182287
0.607254 0.446763 0.175930
0.588048 0.451646 0.164670
0.593131 0.448975 0.170801
0.592087 0.455083 0.157694
0.589037 0.445703 0.178124
0.589865 0.439979 0.192304
0.594722 0.437422 0.199160
0.594009 0.443091 0.184593
0.581651 0.460603 0.146146
0.582899 0.454313 0.158668
0.586899 0.457836 0.151862
0.648920 0.591493 0.029477
0.652909 0.597541 0.027323
0.647252 0.602814 0.025462
0.654591 0.586354 0.031610
0.660264 0.581290 0.033871
0.664244 0.587184 0.031439
0.658575 0.592327 0.029316
0.637602 0.601950 0.025605
0.643255 0.596697 0.027474
0.641606 0.608133 0.023737
0.639275 0.590629 0.029647
0.640985 0.579562 0.034261
0.646664 0.574579 0.036670
0.644945 0.585500 0.031791
0.630363 0.618879 0.020704
0.631963 0.607251 0.023873
0.635976 0.613488 0.022151
0.617561 0.545180 0.052370
0.621431 0.550758 0.048967
0.615755 0.555399 0.046029
0.623218 0.540714 0.055537
0.628860 0.536333 0.058823
0.632748 0.541743 0.055172
0.627095 0.546207 0.052016
0.606211 0.554377 0.046359
0.611892 0.549732 0.049311
0.610072 0.560133 0.043201
0.608041 0.544130 0.052745
0.609849 0.534210 0.059648
0.615484 0.529922 0.063088
0.613702 0.539662 0.055924
0.598700 0.569862 0.037895
0.600525 0.559113 0.043517
0.604386 0.564955 0.040488
0.662301 0.511855 0.080940
0.666276 0.516778 0.076487
0.660739 0.520719 0.072681
0.667800 0.508065 0.084962
0.673277 0.504349 0.089065
0.677283 0.509137 0.084356
0.671791 0.512918 0.080381
0.651236 0.519677 0.073159
0.656780 0.515725 0.077004
0.655181 0.524748 0.068969
0.652827 0.510808 0.081508
0.654367 0.502247 0.090409
0.659833 0.498592 0.094704
0.658332 0.507010 0.085580
0.644001 0.533071 0.061843
0.645672 0.523714 0.069408
0.649600 0.528864 0.065354
0.496299 0.574562 0.033419
0.500058 0.581208 0.030853
0.494424 0.586587 0.028744
0.501955 0.569389 0.035807
0.507623 0.564319 0.038318
0.511367 0.570754 0.035453
0.505706 0.575933 0.033089
0.485027 0.585223 0.029019
0.490656 0.579840 0.031156
0.488804 0.592070 0.026765
0.486914 0.573139 0.033749
0.488852 0.561433 0.039084
0.494522 0.556477 0.041767
0.492565 0.567967 0.036164
0.477608 0.603355 0.023202
0.479413 0.590713 0.027013
0.483199 0.597660 0.024917
0.466838 0.524017 0.059922
0.470495 0.530002 0.056081
0.464829 0.534461 0.052842
0.472497 0.519778 0.063401
0.478152 0.515642 0.067002
0.481825 0.521385 0.062888
0.476161 0.525645 0.059430
0.455519 0.532791 0.053297
0.461177 0.528353 0.056554
0.459169 0.539027 0.049712
0.457524 0.522356 0.060406
0.459514 0.512377 0.068029
0.465158 0.508392 0.071798
0.463177 0.518140 0.063902
0.447873 0.548496 0.043789
0.449866 0.537337 0.050152
0.453516 0.543706 0.046693
0.511966 0.493079 0.091260
0.515684 0.498043 0.086254
0.510062 0.501674 0.082050
0.517569 0.489670 0.095731
0.523158 0.486347 0.100328
0.526891 0.491056 0.095045
0.521294 0.494505 0.090586
0.500727 0.500178 0.082685
0.506352 0.496579 0.086912
0.504430 0.505404 0.077969
0.502640 0.491605 0.091923
0.504527 0.483501 0.101707
0.510116 0.480344 0.106456
0.508247 0.488231 0.096414
0.493139 0.513177 0.070177
0.495093 0.503883 0.078579
0.498788 0.509238 0.074011
0.421771 0.561823 0.036073
0.425432 0.568865 0.033292
0.419849 0.574318 0.030942
0.427363 0.556663 0.038676
0.432970 0.551644 0.041385
0.436626 0.558419 0.038320
0.431023 0.563570 0.035751
0.410612 0.572630 0.031185
0.416189 0.567137 0.033576
0.414267 0.579953 0.028703
0.412537 0.560039 0.036387
0.414466 0.548023 0.042135
0.420062 0.543152 0.045004
0.418117 0.554871 0.039024
0.403053 0.591901 0.024558
0.405028 0.578327 0.028901
0.408673 0.585801 0.026575
0.484171 0.675973 0.011069
0.488496 0.682734 0.010640
0.483238 0.688887 0.010323
0.489473 0.669849 0.011586
0.494794 0.663759 0.012199
0.499061 0.670513 0.011560
0.493769 0.676609 0.011053
0.473611 0.688324 0.010324
0.478886 0.682131 0.010648
0.477981 0.695086 0.010086
0.474599 0.675271 0.011080
0.475711 0.662176 0.012259
0.481064 0.656081 0.012993
0.479911 0.669117 0.011607
0.467453 0.707452 0.009713
0.468332 0.694574 0.010082
0.472711 0.701305 0.009889
0.362616 0.466731 0.098872
0.366397 0.471661 0.094219
0.360784 0.474959 0.089996
0.368226 0.463635 0.103297
0.373835 0.460630 0.107846
0.377619 0.465340 0.103013
0.372009 0.468454 0.098556
0.351388 0.473189 0.090362
0.357003 0.469917 0.094562
0.355168 0.478344 0.085881
0.353210 0.464993 0.099177
0.355011 0.457209 0.108305
0.360618 0.454323 0.112904
0.358821 0.461917 0.103569
0.343928 0.485365 0.077941
0.345768 0.476546 0.086263
0.349550 0.481813 0.081866
0.525260 0.439630 0.183484
0.529164 0.442845 0.176452
0.523902 0.445052 0.170177
0.530460 0.437513 0.190112
0.535613 0.435402 0.196953
0.539548 0.438469 0.189547
0.534380 0.440650 0.182904
0.514726 0.443888 0.170791
0.520015 0.441753 0.177050
0.518593 0.447274 0.164065
0.516129 0.438544 0.184035
0.517474 0.433474 0.197924
0.522655 0.431520 0.204943
0.521362 0.436505 0.190639
0.507841 0.451812 0.152265
0.509390 0.446041 0.164686
0.513240 0.449524 0.158100
0.494292 0.416748 0.243447
0.498157 0.419533 0.235738
0.492987 0.421258 0.228088
0.499386 0.414767 0.251519
0.504420 0.412565 0.259862
0.508299 0.415537 0.251650
0.503260 0.417639 0.243576
0.483907 0.420152 0.227941
0.489132 0.418530 0.235598
0.487751 0.422847 0.220588
0.485269 0.415761 0.243152
0.486557 0.410997 0.259083
0.491655 0.408818 0.267715
0.490426 0.413902 0.251224
0.477102 0.425874 0.206029
0.478618 0.421654 0.220448
0.482455 0.424357 0.213231
0.533729 0.393344 0.317351
0.537567 0.397618 0.307113
0.532746 0.401325 0.296988
0.538555 0.388823 0.328120
0.543385 0.383678 0.339070
0.547246 0.389028 0.328244
0.542397 0.393558 0.317547
0.524052 0.401045 0.296710
0.528896 0.397382 0.306860
0.527927 0.404718 0.287202
0.525015 0.393201 0.316952
0.525763 0.383575 0.338368
0.530444 0.377742 0.349349
0.529817 0.388708 0.327791
0.518209 0.410644 0.268717
0.519199 0.404373 0.286931
0.523087 0.407818 0.277776
0.601382 0.395853 0.312930
0.605029 0.400201 0.301628
0.600608 0.404069 0.292150
0.606027 0.391397 0.323045
0.610686 0.386562 0.333277
0.613928 0.391832 0.321199
0.609477 0.396126 0.311331
0.592256 0.403893 0.293446
0.596789 0.400005 0.303052
0.596208 0.407721 0.282936
0.593206 0.395586 0.314259
0.594828 0.385524 0.336338
0.599911 0.379776 0.346795
0.597998 0.391020 0.324544
0.587396 0.414374 0.265370
0.587772 0.407525 0.284136
0.591810 0.411154 0.274008
0.573545 0.343420 0.388604
0.577886 0.350534 0.383029
0.572647 0.357671 0.376496
0.578665 0.336588 0.393079
0.583700 0.330035 0.396650
0.588070 0.336714 0.392951
0.583057 0.343503 0.388477
0.563287 0.357535 0.376579
0.568403 0.350438 0.383134
0.567407 0.364758 0.368789
0.563925 0.343373 0.388632
0.564245 0.330022 0.396715
0.569235 0.323780 0.399482
0.568970 0.336569 0.393125
0.557112 0.378056 0.349809
0.558221 0.364582 0.368861
0.562215 0.371626 0.359856
0.437424 0.480430 0.095787
0.441123 0.485435 0.090850
0.435504 0.488875 0.086540
0.443035 0.477221 0.100346
0.448640 0.474117 0.105031
0.452348 0.478875 0.099844
0.446738 0.482102 0.095283
0.426190 0.487167 0.087041
0.431809 0.483746 0.091352
0.429881 0.492422 0.082356
0.428106 0.478745 0.096265
0.430001 0.470800 0.105948
0.435605 0.467834 0.110754
0.433717 0.475552 0.100823
0.418634 0.499828 0.074366
0.420570 0.490692 0.082855
0.424257 0.496074 0.078298
0.407445 0.444660 0.138021
0.411245 0.448761 0.132565
0.405650 0.451269 0.127292
0.413022 0.442373 0.143536
0.418584 0.440202 0.149178
0.422399 0.444074 0.143497
0.416830 0.446363 0.137970
0.396258 0.449579 0.127401
0.401856 0.447064 0.132642
0.400048 0.453881 0.122156
0.398044 0.442958 0.138029
0.399793 0.436756 0.149044
0.405355 0.434681 0.154769
0.403627 0.440661 0.143514
0.388835 0.459409 0.112310
0.390655 0.452194 0.122300
0.394443 0.456594 0.117162
0.451573 0.429149 0.185605
0.455425 0.432345 0.179192
0.449968 0.434098 0.172919
0.457021 0.427565 0.192178
0.462459 0.426032 0.198944
0.466297 0.429016 0.192223
0.460867 0.430654 0.185621
0.440645 0.432507 0.172943
0.446115 0.430793 0.179200
0.444493 0.435919 0.166787
0.442259 0.427577 0.185527
0.443877 0.423018 0.198628
0.449341 0.421653 0.205540
0.447723 0.426042 0.192079
0.433485 0.439809 0.154905
0.435160 0.434298 0.166820
0.439000 0.437820 0.160785
0.561424 0.679823 0.010899
0.565966 0.686010 0.010513
0.560822 0.691887 0.010237
0.566640 0.673957 0.011356
0.571887 0.668123 0.011901
0.576342 0.674337 0.011328
0.571138 0.680152 0.010877
0.551085 0.691617 0.010250
0.556241 0.685712 0.010530
0.555698 0.697787 0.010032
0.551721 0.679467 0.010922
0.552529 0.667255 0.011974
0.557826 0.661392 0.012623
0.556946 0.673572 0.011385
0.545463 0.709515 0.009689
0.545948 0.697546 0.010041
0.550576 0.703679 0.009852
0.527283 0.628210 0.017842
0.531348 0.634827 0.016569
0.525894 0.640644 0.015503
0.532805 0.622481 0.019107
0.538359 0.616801 0.020466
0.542357 0.623363 0.018979
0.536835 0.629068 0.017728
0.516335 0.639838 0.015589
0.521792 0.633994 0.016669
0.520472 0.646517 0.014529
0.517746 0.627309 0.017959
0.519306 0.614863 0.020770
0.524889 0.609180 0.022255
0.523269 0.621556 0.019241
0.509715 0.658423 0.012858
0.510908 0.645741 0.014601
0.515079 0.652444 0.013647
0.572114 0.584088 0.031093
0.576014 0.590310 0.028767
0.570364 0.595631 0.026810
0.577785 0.578924 0.033329
0.583462 0.573845 0.035692
0.587343 0.579922 0.033077
0.581673 0.585075 0.030857
0.560805 0.594663 0.027017
0.566453 0.589334 0.028989
0.564727 0.601033 0.024989
0.562569 0.583061 0.031344
0.564392 0.571737 0.036270
0.570078 0.566740 0.038791
0.568240 0.577894 0.033595
0.553497 0.612086 0.021758
0.555170 0.600077 0.025180
0.559104 0.606518 0.023304
0.738618 0.520757 0.076807
0.742717 0.525611 0.072830
0.737204 0.529372 0.069369
0.744101 0.517123 0.080381
0.749570 0.513556 0.083975
0.753702 0.518321 0.079829
0.748216 0.521930 0.076319
0.727607 0.528258 0.069749
0.733120 0.524468 0.073260
0.731676 0.533219 0.065945
0.729029 0.519594 0.077301
0.730397 0.511143 0.085237
0.735845 0.507596 0.088999
0.734510 0.515934 0.080939
0.720574 0.541182 0.059253
0.722079 0.532134 0.066284
0.726133 0.537153 0.062570
0.705612 0.483304 0.115074
0.709759 0.487810 0.109565
0.704408 0.491233 0.105233
0.710896 0.479956 0.119616
0.716149 0.476639 0.124213
0.720377 0.481087 0.118378
0.715082 0.484430 0.113947
0.694947 0.490121 0.106167
0.700297 0.486692 0.110590
0.699031 0.494700 0.100944
0.696172 0.482224 0.116171
0.697275 0.474530 0.126763
0.702474 0.471247 0.131631
0.701453 0.478875 0.120807
0.688203 0.501792 0.092525
0.689567 0.493595 0.101800
0.693628 0.498217 0.096706
0.688848 0.466114 0.139341
0.693075 0.470276 0.132942
0.687875 0.473546 0.127994
0.693957 0.462895 0.144543
0.699015 0.459684 0.149840
0.703338 0.463787 0.143095
0.698230 0.467026 0.137974
0.722152 0.501673 0.094369
0.726276 0.506388 0.089710
0.720829 0.509956 0.085870
0.727562 0.498205 0.098342
0.732957 0.494785 0.102334
0.737122 0.499429 0.097456
0.731707 0.502882 0.093574
0.556770 0.559555 0.042143
0.560569 0.565622 0.039120
0.554883 0.570616 0.036580
0.562467 0.554742 0.044942
0.568165 0.550020 0.047851
0.571959 0.555894 0.044562
0.566262 0.560713 0.041783
0.511510 0.601360 0.024260
0.515388 0.608124 0.022436
0.509804 0.613828 0.020931
0.517126 0.595799 0.026033
0.522757 0.590338 0.027943
0.526610 0.596936 0.025806
0.520992 0.602481 0.024052
0.543881 0.654437 0.013473
0.548175 0.660876 0.012669
0.542871 0.666767 0.012012
0.549255 0.648601 0.014321
0.554664 0.642811 0.015258
0.558881 0.649213 0.014254
0.553511 0.655023 0.013417
0.436189 0.417182 0.211929
0.440032 0.420071 0.205252
0.434550 0.421381 0.198362
0.441653 0.416017 0.219125
0.447087 0.414827 0.226460
0.450943 0.417583 0.219546
0.445502 0.418811 0.212322
0.392080 0.429199 0.160207
0.395942 0.432938 0.154608
0.390371 0.435025 0.148913
0.397632 0.427332 0.166144
0.403168 0.425577 0.172218
0.407040 0.429112 0.166402
0.401499 0.430967 0.160439
0.422538 0.461659 0.116426
0.426275 0.466170 0.111152
0.420669 0.469120 0.106352
0.428138 0.458929 0.121479
0.433729 0.456295 0.126662
0.437472 0.460578 0.121140
0.431876 0.463324 0.116081
0.554528 0.317899 0.401471
0.559420 0.323796 0.399472
0.554504 0.330013 0.396706
0.559431 0.312326 0.402781
0.564340 0.307060 0.403462
0.569296 0.312297 0.402793
0.564356 0.317890 0.401480
0.588789 0.372451 0.358702
0.591805 0.379294 0.347906
0.586595 0.385168 0.337348
0.594092 0.365608 0.367584
0.599181 0.358692 0.375243
0.602215 0.366272 0.366663
0.597074 0.372919 0.357838
0.517029 0.371761 0.358476
0.521510 0.377899 0.348740
0.516921 0.383709 0.337634
0.521455 0.364790 0.367951
0.525948 0.357607 0.376061
0.530646 0.364499 0.368467
0.526069 0.371421 0.359206
0.478813 0.405027 0.275032
0.482685 0.408037 0.267026
0.477522 0.410073 0.258448
0.483912 0.402598 0.284260
0.488942 0.399830 0.293893
0.492817 0.403139 0.285259
0.487785 0.405741 0.275952
0.509741 0.427719 0.212874
0.513601 0.430542 0.205344
0.508377 0.432407 0.198354
0.514895 0.425932 0.220224
0.519985 0.424046 0.227741
0.523884 0.426799 0.219936
0.518774 0.428679 0.212551
0.347347 0.448080 0.117872
0.351186 0.452600 0.113074
0.345579 0.455475 0.108517
0.352949 0.445383 0.122648
0.358549 0.442770 0.127567
0.362395 0.447108 0.122588
0.356792 0.449811 0.117762
0.467485 0.648086 0.013920
0.471570 0.655161 0.013029
0.466212 0.661280 0.012282
0.472885 0.642056 0.014878
0.478311 0.636083 0.015933
0.482348 0.643080 0.014815
0.476947 0.649095 0.013873
0.407167 0.534692 0.048813
0.410817 0.541292 0.045400
0.405235 0.546152 0.042502
0.412765 0.530129 0.051929
0.418378 0.525694 0.055143
0.422026 0.531986 0.051490
0.416414 0.536573 0.048395
0.497079 0.474395 0.112679
0.500804 0.478889 0.107131
0.495211 0.482013 0.102358
0.502655 0.471483 0.117712
0.508215 0.468653 0.122860
0.511954 0.472905 0.117030
0.506386 0.475855 0.112021
0.452175 0.501222 0.076741
0.455846 0.506738 0.072310
0.450207 0.510697 0.068537
0.457806 0.497501 0.080787
0.463433 0.493887 0.084968
0.467119 0.499139 0.080264
0.461484 0.502883 0.076220
0.481481 0.548585 0.045423
0.485160 0.554968 0.042174
0.479496 0.559917 0.039467
0.487156 0.543861 0.048379
0.492836 0.539245 0.051445
0.496514 0.545392 0.047927
0.490833 0.550127 0.044995
0.646453 0.492978 0.100632
0.650407 0.497568 0.095425
0.644936 0.501219 0.091065
0.651881 0.489458 0.105225
0.657279 0.485993 0.109890
0.661277 0.490452 0.104385
0.655855 0.493981 0.099869
0.602161 0.523542 0.067642
0.606002 0.528835 0.063553
0.600361 0.533119 0.060097
0.607773 0.519446 0.071363
0.613367 0.515437 0.075203
0.617231 0.520536 0.070835
0.611626 0.524640 0.067133
0.633115 0.567861 0.039674
0.637041 0.573682 0.036888
0.631366 0.578661 0.034470
0.638792 0.563046 0.042349
0.644466 0.558318 0.045145
0.648398 0.563965 0.042098
0.642720 0.568782 0.039432
0.581587 0.433998 0.208312
0.585722 0.436946 0.200216
0.580831 0.439402 0.193298
0.586365 0.431610 0.215541
0.591052 0.429127 0.222830
0.595278 0.431980 0.214451
0.590539 0.434478 0.207294
0.540852 0.453023 0.156061
0.544730 0.456609 0.149490
0.539366 0.459173 0.143794
0.546143 0.450595 0.162031
0.551387 0.448199 0.168144
0.555327 0.451608 0.161268
0.550052 0.454090 0.155313
0.571578 0.484790 0.106915
0.575390 0.489266 0.101398
0.569836 0.492698 0.096776
0.577098 0.481533 0.111798
0.582590 0.478333 0.116793
0.586432 0.482592 0.110989
0.580924 0.485900 0.106137
0.617340 0.411207 0.269813
0.621753 0.414445 0.259944
0.617556 0.417641 0.251900
0.621467 0.407801 0.278378
0.625530 0.404347 0.287132
0.629927 0.407912 0.276642
0.625878 0.411195 0.268200
0.653764 0.436291 0.198348
0.658278 0.439667 0.190231
0.653519 0.442646 0.183798
0.658395 0.433354 0.205050
0.662945 0.430404 0.211814
0.667621 0.433725 0.203356
0.662982 0.436700 0.196763
0.614530 0.460003 0.148731
0.618583 0.463726 0.142101
0.613356 0.466780 0.136658
0.619654 0.457029 0.154443
0.624715 0.454062 0.160291
0.628859 0.457670 0.153358
0.623751 0.460691 0.147665
0.678219 0.531951 0.064192
0.682207 0.537127 0.060425
0.676613 0.541361 0.057106
0.683780 0.527882 0.067721
0.689319 0.523900 0.071337
0.693336 0.528936 0.067342
0.687782 0.532986 0.063839
0.526838 0.513629 0.072199
0.530560 0.519051 0.067850
0.524903 0.523200 0.064227
0.532475 0.509705 0.076101
0.538099 0.505880 0.080130
0.541842 0.511053 0.075488
0.536206 0.515002 0.071604
0.436501 0.590406 0.026021
0.440228 0.597697 0.023969
0.434678 0.603539 0.022243
0.442077 0.584763 0.028015
0.447665 0.579250 0.030132
0.451378 0.586326 0.027762
0.445796 0.591953 0.025801
0.501829 0.702422 0.009885
0.506386 0.708705 0.009710
0.501224 0.714599 0.009560
0.507037 0.696333 0.010074
0.512240 0.690258 0.010297
0.516750 0.696674 0.010066
0.511563 0.702721 0.009879
0.377665 0.487194 0.080633
0.381397 0.492634 0.076262
0.375790 0.496396 0.072438
0.383274 0.483644 0.084677
0.388885 0.480194 0.088836
0.392613 0.485406 0.084247
0.387004 0.488970 0.080197
0.549137 0.409109 0.277783
0.553076 0.412609 0.268460
0.548376 0.415402 0.259765
0.553825 0.405904 0.287125
0.558524 0.402451 0.296767
0.562374 0.406396 0.286705
0.557735 0.409617 0.277439
0.466942 0.442510 0.160276
0.470757 0.446104 0.154087
0.465258 0.448287 0.148288
0.472403 0.440510 0.166323
0.477836 0.438575 0.172505
0.481677 0.441968 0.166063
0.476231 0.444000 0.160012
0.587864 0.609138 0.022828
0.591864 0.615454 0.021189
0.586279 0.620954 0.019803
0.593486 0.603727 0.024471
0.599119 0.598387 0.026251
0.603091 0.604609 0.024313
0.597471 0.609998 0.022683
0.680305 0.458076 0.152797
0.679485 0.465244 0.140680
0.675247 0.461238 0.147345
0.684593 0.462047 0.145960
0.683694 0.469347 0.134230
0.713894 0.492381 0.104285
0.712618 0.500491 0.095157
0.708513 0.495833 0.100092
0.718023 0.497003 0.099223
0.716725 0.505199 0.090420
0.549234 0.547600 0.048684
0.547298 0.558350 0.042516
0.543539 0.552303 0.045736
0.552993 0.553545 0.045333
0.551078 0.564458 0.039461
0.503845 0.587895 0.028470
0.502047 0.600187 0.024477
0.498220 0.593373 0.026517
0.507662 0.594616 0.026271
0.505905 0.607021 0.022624
0.535468 0.641408 0.015420
0.534266 0.653813 0.013530
0.530051 0.647252 0.014458
0.539645 0.647947 0.014389
0.538538 0.660320 0.012716
0.428492 0.411447 0.225336
0.426860 0.415422 0.211458
0.423020 0.412492 0.218064
0.432342 0.414324 0.218631
0.430702 0.418379 0.204884
0.384336 0.421919 0.171527
0.382645 0.427409 0.159936
0.378772 0.423699 0.165505
0.388209 0.425529 0.165845
0.386513 0.431182 0.154407
0.415026 0.452963 0.127145
0.413187 0.459978 0.116717
0.409427 0.455573 0.121981
0.418790 0.457260 0.121760
0.416934 0.464491 0.111504
0.544636 0.307078 0.403448
0.544709 0.317905 0.401458
0.539754 0.312345 0.402770
0.549591 0.312333 0.402773
0.549636 0.323796 0.399460
0.581908 0.357836 0.376269
0.580150 0.372133 0.359288
0.576583 0.364957 0.368580
0.585539 0.365206 0.368194
0.583416 0.378941 0.348709
0.507541 0.358879 0.374578
0.508089 0.372354 0.357364
0.503439 0.366261 0.365839
0.512335 0.365339 0.367130
0.512603 0.378234 0.347819
0.471099 0.398878 0.291127
0.469783 0.404202 0.273982
0.465935 0.401213 0.281803
0.474946 0.401971 0.283075
0.473648 0.407159 0.266189
0.502021 0.422275 0.228083
0.500682 0.426679 0.213128
0.496835 0.423961 0.220599
0.505881 0.424989 0.220461
0.504525 0.429489 0.205694
0.339615 0.439269 0.127530
0.337889 0.446330 0.117968
0.334021 0.441874 0.122725
0.343489 0.443640 0.122692
0.341741 0.450861 0.113229
0.459467 0.633810 0.016086
0.458051 0.647007 0.013963
0.454046 0.639803 0.014993
0.463452 0.640963 0.014938
0.462105 0.654171 0.013061
0.399855 0.521935 0.056050
0.397929 0.532769 0.049230
0.394269 0.526305 0.052802
0.403513 0.528235 0.052366
0.401583 0.539390 0.045793
0.489619 0.465756 0.124117
0.487769 0.472899 0.113283
0.484044 0.468518 0.118916
0.493352 0.470019 0.118345
0.491491 0.477397 0.107762
0.444814 0.490569 0.086021
0.442870 0.499527 0.077268
0.439190 0.494136 0.081842
0.448498 0.495831 0.081315
0.446542 0.505047 0.072831
0.474152 0.536094 0.052382
0.472145 0.546999 0.045849
0.468485 0.540678 0.049271
0.477814 0.542290 0.048827
0.475814 0.553415 0.042579
0.638551 0.484081 0.111605
0.637068 0.491985 0.101376
0.633140 0.487509 0.106817
0.642503 0.488480 0.106027
0.640999 0.496556 0.096125
0.594492 0.513236 0.076381
0.592704 0.522427 0.068177
0.588883 0.517220 0.072498
0.598324 0.518340 0.071918
0.596530 0.527729 0.064044
0.625311 0.556397 0.045716
0.623525 0.566917 0.039930
0.619631 0.561129 0.042901
0.629205 0.562100 0.042617
0.627437 0.572762 0.037120
0.573352 0.428253 0.224808
0.572644 0.433418 0.209226
0.568571 0.430543 0.217380
0.577466 0.431127 0.216517
0.576731 0.436369 0.201173
0.533067 0.446147 0.169540
0.531655 0.451915 0.156766
0.527783 0.448437 0.163415
0.536964 0.449538 0.162744
0.535515 0.455492 0.150225
0.563954 0.476172 0.118422
0.562240 0.483634 0.107682
0.558444 0.479273 0.113370
0.567767 0.480424 0.112593
0.566037 0.488111 0.102149
0.608938 0.404170 0.290671
0.608838 0.411297 0.271363
0.604640 0.407821 0.281582
0.613062 0.407813 0.280063
0.613153 0.414544 0.261472
0.644654 0.429846 0.214997
0.644603 0.435933 0.199789
0.640115 0.432748 0.208020
0.649224 0.433020 0.206607
0.649072 0.439230 0.191695
0.606375 0.452928 0.162542
0.605322 0.459324 0.149813
0.601276 0.455778 0.156649
0.610462 0.456402 0.155543
0.609347 0.462989 0.143146
0.670253 0.521771 0.072216
0.668669 0.530919 0.064563
0.664702 0.525786 0.068536
0.674234 0.526832 0.068119
0.672639 0.536112 0.060756
0.519401 0.503125 0.081405
0.517481 0.512214 0.072801
0.513771 0.506887 0.077344
0.523119 0.508320 0.076719
0.521192 0.517653 0.068428
0.429105 0.575983 0.030686
0.427216 0.588861 0.026225
0.423523 0.581563 0.028490
0.432794 0.583165 0.028261
0.430930 0.596201 0.024148
0.492886 0.689395 0.010318
0.492108 0.702090 0.009890
0.487648 0.695549 0.010086
0.497334 0.695962 0.010082
0.496635 0.708440 0.009715
0.370165 0.476712 0.089622
0.368310 0.485416 0.081054
0.364553 0.480124 0.085490
0.373921 0.481887 0.085090
0.372056 0.490839 0.076699
0.541390 0.401642 0.297106
0.540500 0.408652 0.277931
0.536609 0.405072 0.287346
0.545242 0.405461 0.287332
0.544421 0.412088 0.268741
0.459273 0.435636 0.172831
0.457640 0.440988 0.160495
0.453811 0.437495 0.166682
0.463114 0.439023 0.166525
0.461456 0.444583 0.154362
0.579939 0.596562 0.026615
0.578267 0.608279 0.022978
0.574303 0.601946 0.024807
0.583890 0.602840 0.024636
0.582256 0.614625 0.021321
0.730179 0.542202 0.058989
0.724605 0.546294 0.055759
0.735737 0.538207 0.062279
0.719015 0.550486 0.052601
0.713411 0.554779 0.049528
0.752321 0.526763 0.072408
0.746807 0.530492 0.068999
0.757822 0.523111 0.075839
0.741279 0.534305 0.065619
0.555248 0.709665 0.009684
0.550156 0.715396 0.009539
0.560348 0.703865 0.009845
0.545076 0.721046 0.009411
0.540009 0.726603 0.009299
0.575698 0.686302 0.010497
0.570568 0.692134 0.010225
0.580856 0.680510 0.010856
0.565456 0.698004 0.010022
0.336451 0.498449 0.066271
0.461573 0.725539 0.009305
0.395386 0.612383 0.019153
0.640005 0.619771 0.020591
0.634415 0.625172 0.019255
0.645626 0.614361 0.022032
0.628868 0.630558 0.018011
0.623369 0.635950 0.016860
0.662570 0.598350 0.027182
0.656912 0.603637 0.025329
0.668235 0.593129 0.029166
0.651262 0.608978 0.023612
0.685231 0.577967 0.035882
0.679568 0.582929 0.033518
0.690886 0.573107 0.038370
0.673902 0.587986 0.031279
0.707796 0.559188 0.046562
0.702170 0.563713 0.043711
0.696534 0.568355 0.040979
0.427087 0.670907 0.011059
0.514894 0.752863 0.008970
0.509922 0.757861 0.008947
0.519884 0.747798 0.009007
0.504970 0.762815 0.008937
0.500038 0.767734 0.008940
0.534954 0.732057 0.009203
0.529915 0.737406 0.009123
0.524891 0.742650 0.009057
0.366497 0.550647 0.037807
0.596522 0.663430 0.012452
0.591267 0.669070 0.011834
0.601813 0.657842 0.013158
0.586045 0.674765 0.011302
0.617916 0.641365 0.015800
0.612508 0.646815 0.014831
0.607140 0.652305 0.013950
0.317496 0.471096 0.087355
0.313688 0.466004 0.091740
0.321298 0.476303 0.083012
0.309871 0.461018 0.096161
0.306041 0.456133 0.100605
0.332668 0.492707 0.070335
0.328883 0.487099 0.074492
0.325093 0.481634 0.078721
0.439513 0.692721 0.010045
0.435336 0.685489 0.010282
0.443743 0.699810 0.009858
0.431198 0.678206 0.010614
0.456992 0.719467 0.009418
0.452486 0.713170 0.009548
0.448065 0.706627 0.009695
0.377428 0.573293 0.029416
0.373835 0.565569 0.032042
0.380983 0.581152 0.026977
0.370189 0.558018 0.034843
0.391696 0.604794 0.020826
0.388079 0.597029 0.022684
0.384522 0.589097 0.024735
0.406890 0.634526 0.015100
0.402982 0.627219 0.016302
0.410861 0.641799 0.014036
0.399148 0.619846 0.017650
0.422997 0.663611 0.011620
0.418925 0.656329 0.012301
0.414877 0.649061 0.013105
0.475684 0.742571 0.009058
0.470927 0.737080 0.009125
0.480486 0.747890 0.009007
0.466220 0.731406 0.009207
0.495108 0.762951 0.008937
0.490204 0.758063 0.008947
0.485328 0.753050 0.008970
0.347776 0.516567 0.054724
0.344006 0.510357 0.058464
0.351541 0.522973 0.051095
0.340231 0.504324 0.062313
0.362779 0.543447 0.040923
0.359045 0.536422 0.044185
0.355298 0.529592 0.047579
