0.585996 0.596966 0.021746
0.584763 0.608044 0.018898
0.580514 0.602143 0.020410
0.460646 0.437838 0.148033
0.459097 0.443811 0.137473
0.455154 0.440062 0.142736
0.542711 0.391079 0.241711
0.542664 0.400493 0.229194
0.537970 0.395798 0.235546
0.371102 0.483571 0.076374
0.369250 0.492558 0.069195
0.365448 0.487147 0.072910
0.501093 0.683178 0.009969
0.500779 0.694531 0.009586
0.496023 0.688708 0.009765
0.432159 0.580400 0.027111
0.430600 0.592399 0.023490
0.426619 0.585623 0.025395
0.521978 0.507584 0.068541
0.520186 0.516836 0.061168
0.516353 0.511585 0.065134
0.674533 0.522156 0.055317
0.673107 0.531414 0.049258
0.669000 0.526326 0.052630
0.610589 0.451389 0.134668
0.609163 0.458366 0.123968
0.605224 0.454646 0.130073
0.652598 0.425242 0.173235
0.651667 0.432109 0.161337
0.647461 0.428565 0.168365
0.617792 0.393109 0.232950
0.617460 0.402315 0.219647
0.613086 0.397792 0.227264
0.566878 0.477937 0.099453
0.565127 0.485902 0.090226
0.561300 0.481432 0.095296
0.535905 0.446777 0.144797
0.534353 0.453125 0.133789
0.530456 0.449476 0.139631
0.578458 0.424627 0.188661
0.577406 0.431012 0.176407
0.573308 0.427685 0.183185
0.630209 0.557483 0.035805
0.628798 0.567719 0.031266
0.624662 0.562203 0.033733
0.597908 0.515404 0.062126
0.596297 0.524728 0.055287
0.592329 0.519598 0.059052
0.642317 0.483898 0.089466
0.640768 0.492251 0.081064
0.636806 0.487661 0.085838
0.476940 0.541646 0.044457
0.475182 0.552253 0.039061
0.471311 0.546225 0.041943
0.446531 0.496814 0.073262
0.444651 0.505983 0.065787
0.440883 0.500575 0.069703
0.491710 0.469575 0.106095
0.489860 0.477242 0.096700
0.486086 0.472705 0.101634
0.401375 0.529011 0.048229
0.399540 0.539565 0.042647
0.395746 0.533334 0.045609
0.465011 0.633686 0.014985
0.464043 0.645688 0.013298
0.459677 0.639249 0.014165
0.340279 0.443956 0.108428
0.338552 0.451673 0.100263
0.334655 0.446875 0.104286
0.503382 0.420155 0.193659
0.502422 0.425929 0.181911
0.498220 0.422662 0.187829
0.466894 0.389972 0.238320
0.466959 0.397617 0.226807
0.462270 0.393706 0.232027
0.502473 0.342975 0.282962
0.502919 0.355522 0.275270
0.497873 0.349516 0.279181
0.580875 0.342396 0.282729
0.580910 0.355306 0.274887
0.576048 0.348775 0.279316
0.541104 0.298407 0.293917
0.541136 0.308349 0.293645
0.536184 0.303353 0.293849
0.416239 0.457787 0.108620
0.414440 0.465368 0.099654
0.410618 0.460704 0.104161
0.384857 0.424116 0.146307
0.383305 0.430310 0.136419
0.379345 0.426217 0.141142
0.427766 0.410318 0.190774
0.426773 0.415459 0.179926
0.422568 0.411969 0.185071
0.542646 0.639460 0.013733
0.541829 0.650813 0.012318
0.537348 0.644861 0.013061
0.508644 0.590332 0.024377
0.507263 0.601804 0.021144
0.503124 0.595557 0.022855
0.553198 0.550841 0.040180
0.551611 0.561288 0.035167
0.547604 0.555557 0.037874
0.718721 0.490832 0.078256
0.717332 0.499378 0.071115
0.713212 0.494591 0.075287
0.685914 0.455268 0.119818
0.684586 0.462910 0.110118
0.680510 0.458741 0.115876
0.590227 0.602833 0.020110
0.464608 0.441484 0.142673
0.547467 0.396118 0.235272
0.374903 0.488891 0.072563
0.505817 0.689030 0.009721
0.436123 0.587086 0.025079
0.525807 0.512735 0.064436
0.678638 0.527195 0.051840
0.614549 0.455052 0.128435
0.656862 0.428817 0.166103
0.622197 0.397956 0.225206
0.570720 0.482299 0.094263
0.539820 0.450346 0.138821
0.582602 0.428021 0.181820
0.634338 0.562938 0.033225
0.601872 0.520459 0.058231
0.646295 0.488429 0.084569
0.480805 0.547584 0.041457
0.450298 0.502114 0.069223
0.495500 0.473992 0.101052
0.405163 0.535134 0.045163
0.469342 0.640120 0.014034
0.344180 0.448676 0.104318
0.507644 0.423491 0.187718
0.471654 0.394091 0.233035
0.507520 0.348985 0.279544
0.585700 0.348843 0.278844
0.546041 0.303349 0.293852
0.420073 0.462340 0.104017
0.388831 0.428115 0.141498
0.432023 0.413788 0.185633
0.547089 0.645418 0.012918
0.512762 0.596521 0.022537
0.557198 0.556500 0.037357
0.722852 0.495597 0.073970
0.690004 0.459395 0.113934
0.680372 0.487101 0.083885
0.684424 0.491759 0.079259
0.678908 0.495581 0.076079
0.685865 0.483363 0.087220
0.702274 0.472363 0.097459
0.706374 0.476870 0.092359
0.700902 0.480540 0.089028
0.713157 0.525807 0.052007
0.717307 0.530814 0.048753
0.711775 0.534933 0.046346
0.718689 0.521792 0.054535
0.735285 0.510071 0.062263
0.739441 0.514945 0.058688
0.733908 0.518833 0.056171
0.547237 0.593960 0.023039
0.551418 0.599961 0.021305
0.545940 0.605209 0.020001
0.552749 0.588812 0.024573
0.569361 0.573686 0.029771
0.573476 0.579472 0.027541
0.567942 0.584518 0.025834
0.503750 0.636896 0.014368
0.508151 0.643050 0.013486
0.502866 0.648548 0.012823
0.509103 0.631418 0.015169
0.525336 0.615090 0.017953
0.529599 0.621262 0.016735
0.524192 0.626689 0.015833
0.540249 0.684515 0.009750
0.545008 0.690190 0.009531
0.540000 0.695564 0.009428
0.545316 0.679118 0.009975
0.560688 0.662989 0.010982
0.565308 0.668742 0.010499
0.560191 0.674091 0.010175
0.422778 0.431546 0.147661
0.426761 0.435344 0.142598
0.421249 0.437525 0.137441
0.428252 0.429555 0.153014
0.444535 0.423936 0.169713
0.448611 0.427323 0.164277
0.443180 0.429251 0.158683
0.378318 0.451031 0.108667
0.382189 0.455656 0.104321
0.376559 0.458665 0.100078
0.383929 0.448215 0.113129
0.400683 0.440416 0.127256
0.404603 0.444645 0.122565
0.399019 0.447232 0.117821
0.408860 0.490395 0.075001
0.412632 0.495730 0.071052
0.406981 0.499492 0.067626
0.414512 0.486812 0.078668
0.431463 0.476551 0.090417
0.435236 0.481474 0.085999
0.429586 0.484915 0.082076
0.541564 0.342348 0.283388
0.546574 0.348660 0.279893
0.541825 0.355015 0.275882
0.546368 0.336212 0.286324
0.560989 0.318817 0.292112
0.566008 0.324375 0.290613
0.561104 0.330211 0.288716
0.580719 0.392258 0.239157
0.585282 0.397338 0.232044
0.580429 0.401867 0.226202
0.585522 0.386999 0.245203
0.599757 0.368984 0.262807
0.604333 0.375630 0.255962
0.599635 0.381569 0.250058
0.504576 0.390363 0.241387
0.509428 0.395080 0.235423
0.504699 0.399269 0.229213
0.509169 0.385378 0.247764
0.522794 0.367711 0.266117
0.527878 0.373943 0.260547
0.523311 0.379893 0.254409
0.465613 0.416257 0.192849
0.469902 0.419571 0.187377
0.464666 0.421613 0.181549
0.470726 0.414016 0.198720
0.485639 0.405910 0.216626
0.490174 0.409629 0.210995
0.485208 0.412458 0.205036
0.498381 0.442925 0.147246
0.502317 0.446510 0.141543
0.496829 0.449047 0.136415
0.503830 0.440505 0.152597
0.520021 0.433220 0.169372
0.524033 0.436511 0.163147
0.518639 0.439016 0.157555
0.333183 0.476503 0.077594
0.337013 0.481808 0.073911
0.331337 0.485381 0.070620
0.338848 0.473076 0.081060
0.355800 0.463190 0.092134
0.359643 0.468162 0.088130
0.353994 0.471473 0.084403
0.462025 0.681408 0.010159
0.466692 0.687522 0.009884
0.461630 0.693138 0.009720
0.467142 0.675785 0.010463
0.482653 0.659011 0.011764
0.487191 0.665165 0.011190
0.482025 0.670736 0.010768
0.394301 0.573929 0.028432
0.398198 0.580904 0.026307
0.392663 0.586315 0.024598
0.399858 0.568790 0.030351
0.416601 0.554082 0.036655
0.420451 0.560573 0.034066
0.414869 0.565486 0.031987
0.484226 0.502583 0.071196
0.488016 0.507813 0.067091
0.482372 0.511795 0.063711
0.489874 0.498786 0.074830
0.506808 0.487846 0.086393
0.510583 0.492649 0.081726
0.504945 0.496332 0.077903
0.439088 0.535764 0.046378
0.442902 0.541820 0.043341
0.437274 0.546388 0.040876
0.444723 0.531357 0.049056
0.461643 0.518555 0.057820
0.465445 0.524211 0.054270
0.459806 0.528506 0.051363
0.470267 0.585868 0.025749
0.474307 0.592301 0.023811
0.468794 0.597598 0.022318
0.475814 0.580720 0.027476
0.492541 0.565709 0.033266
0.496513 0.571832 0.030820
0.490940 0.576845 0.028914
0.636116 0.518766 0.058714
0.640154 0.523808 0.055025
0.634606 0.528089 0.052248
0.641663 0.514608 0.061684
0.658285 0.502502 0.070931
0.662318 0.507331 0.066758
0.656782 0.511355 0.063741
0.591625 0.554337 0.037975
0.595693 0.559885 0.035275
0.590129 0.564687 0.033210
0.597196 0.549661 0.040236
0.613894 0.536023 0.047609
0.617943 0.541324 0.044414
0.612383 0.545867 0.041986
0.624870 0.599694 0.020428
0.629138 0.605499 0.018882
0.623685 0.610684 0.017770
0.630351 0.594584 0.021758
0.646857 0.579539 0.026311
0.651070 0.585154 0.024282
0.645574 0.590166 0.022794
0.573325 0.449659 0.140703
0.577243 0.453220 0.134517
0.571802 0.456247 0.129717
0.578723 0.446723 0.145722
0.594736 0.437819 0.161193
0.598714 0.441094 0.154353
0.593394 0.444160 0.149298
0.529287 0.474180 0.103239
0.533081 0.478550 0.098077
0.527471 0.481982 0.093848
0.534861 0.470933 0.107656
0.551471 0.461566 0.121366
0.555333 0.465500 0.115728
0.549798 0.468671 0.111206
0.559855 0.511813 0.065507
0.563751 0.516901 0.061472
0.558147 0.521105 0.058346
0.565463 0.507766 0.068871
0.582268 0.495973 0.079506
0.586147 0.500707 0.074898
0.580554 0.504667 0.071415
0.615439 0.424923 0.181729
0.619564 0.428261 0.174630
0.614426 0.431572 0.169584
0.620480 0.421456 0.186854
0.635321 0.410593 0.202479
0.639665 0.414383 0.195064
0.634710 0.417939 0.189900
0.648046 0.453038 0.127682
0.652095 0.456957 0.121583
0.646692 0.460387 0.117417
0.653415 0.449682 0.132030
0.669460 0.439730 0.145309
0.673594 0.443478 0.138646
0.668239 0.446822 0.134309
0.604530 0.480985 0.094671
0.608430 0.485402 0.089564
0.602881 0.489150 0.085798
0.610041 0.477367 0.098603
0.626439 0.466757 0.110732
0.630406 0.470886 0.105164
0.624943 0.474454 0.101183
0.668928 0.560434 0.033645
0.673096 0.565810 0.031151
0.667585 0.570528 0.029296
0.674453 0.555853 0.035698
0.691034 0.542544 0.042320
0.695186 0.547723 0.039423
0.689660 0.552133 0.037240
0.514973 0.546658 0.042353
0.518901 0.552452 0.039423
0.513295 0.557197 0.037127
0.520584 0.542056 0.044860
0.537416 0.528669 0.053053
0.541328 0.534126 0.049584
0.535722 0.538606 0.046881
0.426520 0.629607 0.015566
0.430772 0.636311 0.014545
0.425451 0.641993 0.013731
0.431907 0.623968 0.016544
0.448237 0.607229 0.019898
0.452353 0.613943 0.018485
0.446912 0.619514 0.017397
0.500240 0.727580 0.009110
0.505107 0.732870 0.009057
0.500137 0.738018 0.009021
0.505224 0.722300 0.009160
0.520200 0.706164 0.009335
0.525032 0.711732 0.009250
0.520045 0.717091 0.009196
0.363686 0.521619 0.049975
0.367494 0.527711 0.046905
0.361863 0.532010 0.044334
0.369331 0.517485 0.052723
0.386265 0.505461 0.061568
0.390041 0.511197 0.058076
0.384401 0.515229 0.055129
0.541040 0.422712 0.192492
0.545253 0.426148 0.186112
0.540018 0.428868 0.180372
0.546165 0.419736 0.198269
0.561235 0.409622 0.215635
0.565653 0.413644 0.208965
0.560635 0.417065 0.203259
0.454008 0.464045 0.107757
0.457813 0.468525 0.102925
0.452173 0.471643 0.098515
0.459618 0.461140 0.112364
0.476354 0.452949 0.126781
0.480225 0.456955 0.121546
0.474648 0.459723 0.116758
0.581615 0.641668 0.013090
0.586088 0.647504 0.012335
0.580845 0.652789 0.011795
0.586931 0.636373 0.013754
0.603080 0.620507 0.016079
0.607415 0.626420 0.015025
0.602029 0.631696 0.014275
0.664217 0.469307 0.104316
0.662782 0.477254 0.095279
0.658760 0.472893 0.100551
0.668252 0.473617 0.098925
0.674866 0.490881 0.080590
0.696649 0.506095 0.066539
0.695228 0.514934 0.059895
0.691123 0.510025 0.063674
0.700756 0.510968 0.062662
0.707625 0.529887 0.049516
0.530848 0.570079 0.031501
0.529342 0.581054 0.027348
0.525279 0.575047 0.029568
0.534894 0.576021 0.029157
0.541739 0.599161 0.021608
0.486660 0.611618 0.018927
0.485432 0.623538 0.016624
0.481207 0.617102 0.017832
0.490859 0.618035 0.017613
0.498428 0.642397 0.013627
0.521640 0.661170 0.011388
0.521084 0.672560 0.010487
0.516462 0.666646 0.010945
0.526227 0.667097 0.010859
0.535208 0.689917 0.009581
0.406646 0.416759 0.168052
0.405274 0.422184 0.157407
0.401244 0.418453 0.162466
0.410704 0.420409 0.162931
0.417284 0.433618 0.142409
0.362690 0.433188 0.126356
0.361023 0.440197 0.117299
0.357105 0.435731 0.121676
0.366616 0.437564 0.121892
0.372697 0.453945 0.104337
0.393700 0.470008 0.091476
0.391856 0.478328 0.083404
0.388053 0.473281 0.087506
0.397506 0.474964 0.087275
0.403209 0.494054 0.071459
0.521527 0.318913 0.292111
0.521702 0.330269 0.288719
0.516693 0.324560 0.290646
0.526521 0.324456 0.290662
0.536799 0.348614 0.279912
0.561553 0.368152 0.265799
0.561725 0.380655 0.253788
0.556809 0.374409 0.260217
0.566478 0.374619 0.259799
0.575893 0.397114 0.233194
0.484577 0.369195 0.264020
0.485228 0.380447 0.252388
0.480231 0.375279 0.257839
0.489599 0.374716 0.258836
0.499930 0.394875 0.235083
0.447916 0.402394 0.213897
0.447407 0.408168 0.202902
0.442980 0.404663 0.208040
0.452404 0.405952 0.208753
0.460434 0.418333 0.187016
0.482383 0.429307 0.170388
0.481010 0.434793 0.158930
0.476996 0.431408 0.164633
0.486429 0.432604 0.164576
0.492910 0.445366 0.141994
0.317769 0.456044 0.092668
0.315987 0.464313 0.085293
0.312130 0.459228 0.089040
0.321638 0.461058 0.088859
0.327509 0.479993 0.074229
0.443855 0.656089 0.012103
0.443135 0.668208 0.011014
0.438637 0.661757 0.011552
0.448322 0.662542 0.011484
0.456933 0.687046 0.009921
0.378925 0.546775 0.038292
0.377170 0.558267 0.033472
0.373337 0.551485 0.036022
0.382745 0.553412 0.035636
0.388755 0.579214 0.026603
0.469138 0.482566 0.088782
0.467250 0.490983 0.080295
0.463484 0.486008 0.084716
0.472905 0.487433 0.084227
0.478579 0.506457 0.067676
0.423940 0.512325 0.059777
0.422072 0.522223 0.053300
0.418294 0.516395 0.056713
0.427715 0.518050 0.056238
0.433455 0.540230 0.043802
0.454459 0.560392 0.034983
0.452781 0.571675 0.030462
0.448863 0.565270 0.032863
0.458363 0.566703 0.032461
0.464735 0.591091 0.024127
0.620177 0.499237 0.075250
0.618572 0.508038 0.067571
0.614617 0.503195 0.071851
0.624129 0.504016 0.070841
0.630565 0.522985 0.055815
0.575569 0.532589 0.050376
0.573965 0.542490 0.044455
0.569977 0.537055 0.047671
0.579552 0.537946 0.047018
0.586055 0.559076 0.035796
0.608042 0.576757 0.028047
0.606698 0.587471 0.024330
0.602516 0.581731 0.026332
0.612211 0.582448 0.025927
0.619402 0.604844 0.019193
0.557504 0.436086 0.166519
0.556108 0.442138 0.154493
0.552140 0.438768 0.160937
0.561490 0.439402 0.159921
0.567898 0.452601 0.135757
0.513986 0.457782 0.124727
0.512286 0.464696 0.114571
0.508453 0.460638 0.119946
0.517835 0.461727 0.119241
0.523693 0.477498 0.098899
0.544469 0.492272 0.083248
0.542669 0.500856 0.074888
0.538847 0.496002 0.079415
0.548288 0.497030 0.078579
0.554246 0.515925 0.062239
0.598554 0.410589 0.210508
0.597870 0.418116 0.197922
0.593602 0.414406 0.205020
0.602857 0.414451 0.203303
0.610352 0.428306 0.176629
0.631816 0.438398 0.153766
0.630573 0.445180 0.142248
0.626540 0.441644 0.148889
0.635875 0.441905 0.146992
0.642665 0.456424 0.123373
0.588954 0.464471 0.116656
0.587354 0.471830 0.106706
0.583473 0.467775 0.112278
0.592849 0.468428 0.110947
0.598996 0.484653 0.090795
0.652390 0.539253 0.044949
0.650966 0.549000 0.039610
0.646849 0.543705 0.042536
0.656505 0.544495 0.041907
0.663406 0.565091 0.031676
0.499464 0.524021 0.055587
0.497685 0.533977 0.049231
0.493833 0.528315 0.052631
0.503313 0.529583 0.052043
0.509360 0.551323 0.039940
0.410075 0.601982 0.020835
0.408636 0.614778 0.018115
0.404579 0.607710 0.019512
0.414106 0.609011 0.019324
0.421162 0.635296 0.014658
0.480934 0.705310 0.009439
0.480724 0.716482 0.009265
0.475916 0.710818 0.009357
0.485732 0.711038 0.009338
0.495260 0.732806 0.009066
0.348464 0.498273 0.063186
0.346603 0.507880 0.056799
0.342791 0.502107 0.060144
0.352272 0.503956 0.059750
0.358043 0.525810 0.047309
0.523465 0.407908 0.217321
0.522974 0.415060 0.205281
0.518527 0.411347 0.211339
0.527975 0.411811 0.211204
0.535862 0.425530 0.186715
0.438574 0.447131 0.127502
0.436891 0.453853 0.117737
0.433015 0.449649 0.122631
0.442466 0.451218 0.122514
0.448385 0.467043 0.103256
0.564157 0.617959 0.017013
0.563069 0.629304 0.015055
0.558737 0.623320 0.016093
0.568463 0.623943 0.015881
0.576333 0.646974 0.012481
0.571086 0.652295 0.011926
0.570456 0.663405 0.010877
0.565871 0.657636 0.011427
0.575634 0.658088 0.011309
0.580227 0.663839 0.010771
0.579755 0.674810 0.010011
0.575084 0.669130 0.010405
0.562122 0.640590 0.013412
0.566581 0.646465 0.012627
0.561330 0.651819 0.012059
0.567446 0.635235 0.014108
0.572804 0.629891 0.014861
0.577186 0.635797 0.013931
0.571866 0.641123 0.013251
0.553341 0.628695 0.015249
0.552382 0.640037 0.013573
0.547977 0.634073 0.014462
0.557708 0.634667 0.014285
0.556833 0.645952 0.012773
0.442750 0.470130 0.098862
0.440884 0.478116 0.090045
0.437108 0.473299 0.094579
0.446529 0.474839 0.094219
0.450300 0.479642 0.089647
0.448416 0.488033 0.081221
0.444652 0.483027 0.085589
0.435139 0.460997 0.108292
0.438956 0.465513 0.103557
0.433322 0.468575 0.099176
0.440745 0.458150 0.112872
0.446336 0.455396 0.117557
0.450183 0.459670 0.112636
0.444576 0.462545 0.108043
0.427439 0.452261 0.117859
0.425694 0.459410 0.108486
0.421847 0.454973 0.113188
0.431301 0.456582 0.113061
0.429519 0.463943 0.103814
0.530631 0.428208 0.180933
0.529401 0.433997 0.168854
0.525348 0.430759 0.175146
0.534732 0.431473 0.174613
0.538775 0.434732 0.168220
0.537383 0.440672 0.156263
0.533407 0.437302 0.162536
0.522228 0.421531 0.193317
0.526465 0.424901 0.187166
0.521238 0.427517 0.181365
0.527344 0.418648 0.199162
0.532405 0.415565 0.205032
0.536759 0.419191 0.198797
0.531639 0.422131 0.192976
0.513534 0.414522 0.205404
0.512809 0.420881 0.193543
0.508486 0.417451 0.199513
0.517919 0.418078 0.199395
0.517059 0.424231 0.187495
0.352402 0.530077 0.044719
0.350615 0.540918 0.039418
0.346765 0.534439 0.042202
0.356237 0.536405 0.041839
0.360073 0.542891 0.039061
0.358318 0.554396 0.034165
0.354465 0.547574 0.036736
0.344745 0.517828 0.050770
0.348572 0.523890 0.047696
0.342919 0.528123 0.045087
0.350413 0.513757 0.053543
0.356078 0.509741 0.056398
0.359882 0.515630 0.053140
0.354226 0.519732 0.050380
0.337109 0.506003 0.057189
0.335244 0.515905 0.051146
0.331419 0.509958 0.054314
0.340926 0.511865 0.053935
0.339079 0.521953 0.048069
0.490287 0.737980 0.009027
0.490214 0.748182 0.008966
0.485319 0.743111 0.008994
0.495172 0.743119 0.008991
0.500071 0.748148 0.008964
0.500039 0.758023 0.008938
0.495121 0.753150 0.008948
0.480559 0.727361 0.009130
0.485415 0.732727 0.009073
0.480438 0.737930 0.009032
0.485552 0.722036 0.009187
0.490550 0.716661 0.009249
0.495386 0.722176 0.009174
0.490398 0.727478 0.009121
0.470901 0.716288 0.009281
0.470723 0.727233 0.009139
0.465892 0.721714 0.009211
0.475721 0.721881 0.009199
0.475572 0.732638 0.009080
0.415831 0.641047 0.013820
0.414886 0.653538 0.012314
0.410526 0.646864 0.013055
0.420156 0.647734 0.012987
0.424534 0.654365 0.012254
0.423760 0.666703 0.011120
0.419297 0.660150 0.011671
0.407346 0.627491 0.015808
0.411560 0.634301 0.014758
0.406219 0.640129 0.013897
0.412752 0.621715 0.016843
0.418186 0.615982 0.017950
0.422324 0.622840 0.016700
0.416928 0.628542 0.015693
0.399097 0.613562 0.018269
0.397773 0.626452 0.015910
0.393640 0.619470 0.017096
0.403191 0.620592 0.016976
0.401967 0.633328 0.014846
0.503748 0.556052 0.037620
0.502097 0.566888 0.032824
0.498140 0.560846 0.035395
0.507693 0.562010 0.034927
0.511669 0.568002 0.032380
0.510115 0.579056 0.028126
0.506089 0.572960 0.030400
0.495935 0.544266 0.043427
0.499830 0.550136 0.040455
0.494213 0.554844 0.038109
0.501557 0.539707 0.045987
0.507179 0.535216 0.048653
0.511066 0.540911 0.045426
0.505449 0.545493 0.042893
0.488201 0.532685 0.049792
0.486432 0.542983 0.043949
0.482570 0.537131 0.047070
0.492059 0.538445 0.046536
0.490312 0.548888 0.040962
0.657888 0.569829 0.029797
0.656571 0.580204 0.025862
0.652371 0.574647 0.028009
0.662076 0.575327 0.027534
0.666282 0.580864 0.025408
0.665027 0.591430 0.021988
0.660790 0.585800 0.023855
0.649561 0.558958 0.034733
0.653716 0.564373 0.032198
0.648188 0.569130 0.030293
0.655098 0.554332 0.036832
0.660633 0.549775 0.039015
0.664775 0.555090 0.036266
0.659245 0.559695 0.034190
0.641304 0.548231 0.040204
0.639880 0.558224 0.035273
0.635757 0.552826 0.037960
0.645424 0.553578 0.037399
0.644024 0.563657 0.032716
0.593436 0.488376 0.086974
0.591733 0.496801 0.078455
0.587858 0.492150 0.083209
0.597313 0.492948 0.082091
0.601205 0.497616 0.077385
0.599544 0.506366 0.069492
0.595627 0.501541 0.073881
0.585702 0.479531 0.097197
0.589569 0.483902 0.092016
0.583997 0.487589 0.088122
0.591235 0.475993 0.101262
0.596741 0.472495 0.105369
0.600634 0.476680 0.099940
0.595114 0.480266 0.095952
0.577966 0.471115 0.107948
0.576289 0.478756 0.098359
0.572434 0.474500 0.103672
0.581834 0.475269 0.102509
0.580144 0.483120 0.093174
0.637272 0.459840 0.119105
0.635850 0.467352 0.109201
0.631864 0.463285 0.114890
0.641278 0.463852 0.113287
0.645282 0.467972 0.107634
0.643822 0.475805 0.098321
0.639835 0.471526 0.103678
0.629259 0.452145 0.131246
0.633266 0.455937 0.125091
0.627879 0.459328 0.120748
0.634605 0.448821 0.135784
0.639935 0.445513 0.140385
0.643992 0.449223 0.133949
0.638636 0.452568 0.129494
0.621247 0.444891 0.144074
0.619912 0.451752 0.132970
0.615930 0.448139 0.139334
0.625252 0.448462 0.137574
0.623895 0.455482 0.126774
0.605211 0.431596 0.171528
0.604001 0.437982 0.159457
0.600003 0.434765 0.166388
0.609240 0.434813 0.164535
0.613243 0.438074 0.157596
0.611952 0.444641 0.145871
0.607975 0.441258 0.152583
0.597007 0.425027 0.185548
0.601133 0.428350 0.178536
0.595964 0.431533 0.173327
0.602083 0.421642 0.190820
0.607104 0.418089 0.196098
0.611293 0.421553 0.188894
0.606245 0.425023 0.183721
0.588603 0.418007 0.199561
0.587742 0.424886 0.187198
0.583556 0.421408 0.194114
0.592832 0.421589 0.192559
0.591878 0.428251 0.180267
0.548637 0.520103 0.059072
0.546935 0.529715 0.052398
0.543027 0.524351 0.056009
0.552541 0.525376 0.055320
0.556466 0.530718 0.051733
0.554816 0.540639 0.045678
0.550864 0.535147 0.048953
0.540891 0.509785 0.067064
0.544754 0.514904 0.062988
0.539140 0.519057 0.059785
0.546508 0.505797 0.070513
0.552124 0.501875 0.074063
0.555980 0.506803 0.069705
0.550367 0.510821 0.066296
0.533225 0.499796 0.075683
0.531428 0.508705 0.067813
0.527601 0.503655 0.072058
0.537049 0.504747 0.071298
0.535274 0.513841 0.063720
0.518075 0.480888 0.094637
0.516218 0.489031 0.085661
0.512445 0.484337 0.090463
0.521847 0.485475 0.089704
0.525627 0.490156 0.084894
0.523792 0.498691 0.076452
0.520000 0.493816 0.080989
0.510516 0.472007 0.104789
0.514302 0.476394 0.099671
0.508677 0.479734 0.095382
0.516103 0.468857 0.109267
0.521666 0.465772 0.113828
0.525483 0.469921 0.108492
0.519904 0.473124 0.104041
0.502895 0.463549 0.115250
0.501118 0.470821 0.105481
0.497314 0.466524 0.110635
0.506714 0.467725 0.109986
0.504905 0.475224 0.100394
0.562446 0.455560 0.130885
0.560845 0.462378 0.120321
0.556969 0.458545 0.126088
0.566337 0.459297 0.124985
0.570219 0.463132 0.119191
0.568576 0.470352 0.109107
0.564713 0.466312 0.114659
0.554631 0.448353 0.142982
0.558545 0.451915 0.136886
0.553083 0.454809 0.131951
0.560054 0.445558 0.148147
0.565452 0.442764 0.153405
0.569396 0.446178 0.146999
0.563984 0.449041 0.141901
0.546749 0.441438 0.155445
0.545270 0.447597 0.143947
0.541337 0.444103 0.150067
0.550700 0.444865 0.149170
0.549185 0.451162 0.137907
0.613946 0.610031 0.018056
0.612822 0.621147 0.015841
0.608505 0.615253 0.017018
0.618246 0.615901 0.016756
0.622570 0.621791 0.015600
0.621535 0.632961 0.013880
0.617164 0.627057 0.014807
0.605420 0.598353 0.021092
0.609670 0.604182 0.019502
0.604212 0.609375 0.018340
0.610907 0.593238 0.022473
0.616406 0.588168 0.023950
0.620626 0.593917 0.022117
0.615141 0.599029 0.020761
0.596999 0.586758 0.024709
0.595705 0.597666 0.021420
0.591491 0.591838 0.023179
0.601196 0.592545 0.022827
0.599946 0.603512 0.019807
0.580485 0.563882 0.033701
0.579020 0.574484 0.029341
0.574919 0.568753 0.031692
0.584571 0.569554 0.031231
0.588685 0.575260 0.028910
0.587306 0.586029 0.025085
0.583148 0.580243 0.027139
0.572390 0.552657 0.039083
0.576425 0.558249 0.036320
0.570848 0.563058 0.034191
0.577974 0.547977 0.041411
0.583555 0.543360 0.043832
0.587580 0.548826 0.040821
0.582003 0.553507 0.038529
0.564384 0.541587 0.045069
0.562787 0.551772 0.039633
0.558791 0.546183 0.042574
0.568376 0.547101 0.041994
0.566806 0.557397 0.036839
0.625012 0.527266 0.052994
0.623501 0.536847 0.046936
0.619455 0.531611 0.050258
0.629055 0.532435 0.049549
0.633118 0.537656 0.046272
0.631652 0.547459 0.040792
0.627567 0.542131 0.043783
0.616989 0.517102 0.060405
0.620990 0.522153 0.056612
0.615430 0.526431 0.053750
0.622548 0.512954 0.063473
0.628103 0.508865 0.066618
0.632098 0.513784 0.062577
0.626546 0.517938 0.059555
0.609052 0.507205 0.068528
0.607443 0.516257 0.061261
0.603483 0.511274 0.065286
0.613010 0.512118 0.064376
0.611426 0.521311 0.057417
0.459220 0.596390 0.022611
0.457817 0.608417 0.019655
0.453720 0.601769 0.021201
0.463297 0.602968 0.020933
0.467414 0.609544 0.019413
0.466139 0.621642 0.017013
0.461954 0.615055 0.018268
0.451180 0.583260 0.026430
0.455181 0.589818 0.024444
0.449663 0.595122 0.022903
0.456731 0.578120 0.028203
0.462297 0.573058 0.030079
0.466265 0.579450 0.027840
0.460715 0.584594 0.026090
0.443281 0.570231 0.030844
0.441661 0.581865 0.026770
0.437712 0.575272 0.028927
0.447213 0.576729 0.028565
0.445644 0.588485 0.024761
0.427828 0.544766 0.041325
0.426047 0.555757 0.036240
0.422209 0.549379 0.038943
0.431655 0.551030 0.038510
0.435505 0.557371 0.035821
0.433796 0.568715 0.031228
0.429908 0.562206 0.033667
0.420219 0.532485 0.047314
0.424017 0.538583 0.044261
0.418390 0.543087 0.041769
0.425856 0.528144 0.050012
0.431496 0.523869 0.052822
0.435286 0.529777 0.049536
0.429650 0.534149 0.046849
0.412651 0.520536 0.053770
0.410794 0.530772 0.047774
0.407010 0.524744 0.050945
0.416431 0.526467 0.050482
0.414587 0.536884 0.044714
0.472932 0.510410 0.064272
0.471086 0.519993 0.057298
0.467287 0.514443 0.060986
0.476728 0.515854 0.060446
0.480538 0.521384 0.056752
0.478726 0.531342 0.050334
0.474899 0.525628 0.053745
0.465369 0.499789 0.072297
0.469146 0.505054 0.068225
0.463499 0.508980 0.064802
0.471020 0.496051 0.075976
0.476673 0.492392 0.079772
0.480446 0.497442 0.075426
0.474795 0.501209 0.071767
0.457831 0.489529 0.080770
0.455947 0.498323 0.072788
0.452180 0.493132 0.076951
0.461598 0.494613 0.076481
0.459719 0.503606 0.068738
0.383217 0.584659 0.024863
0.381608 0.597660 0.021458
0.377683 0.590292 0.023214
0.387134 0.591892 0.022982
0.391082 0.599140 0.021257
0.389571 0.612332 0.018412
0.385566 0.605029 0.019863
0.375459 0.570324 0.029075
0.379327 0.577461 0.026897
0.373784 0.582950 0.025125
0.381014 0.565166 0.031047
0.386578 0.560166 0.033103
0.390429 0.567011 0.030699
0.384873 0.572158 0.028754
0.367754 0.556344 0.033829
0.366036 0.568462 0.029382
0.362174 0.561366 0.031711
0.371602 0.563278 0.031388
0.369905 0.575664 0.027184
0.451863 0.692699 0.009749
0.451538 0.704425 0.009503
0.446807 0.698385 0.009629
0.456583 0.698780 0.009605
0.461330 0.704746 0.009483
0.461083 0.716077 0.009295
0.456297 0.710318 0.009392
0.442554 0.680261 0.010242
0.447184 0.686529 0.009956
0.442105 0.692223 0.009777
0.447685 0.674576 0.010565
0.452839 0.668914 0.010956
0.457408 0.675204 0.010515
0.452284 0.680857 0.010202
0.433444 0.667453 0.011070
0.432834 0.679621 0.010281
0.428272 0.673195 0.010658
0.437973 0.673900 0.010613
0.437445 0.685971 0.009989
0.321827 0.483541 0.070959
0.319957 0.492707 0.064309
0.316137 0.487155 0.067777
0.325651 0.489015 0.067422
0.329473 0.494580 0.063942
0.327598 0.504107 0.057568
0.323777 0.498358 0.060902
0.314169 0.472858 0.078172
0.318000 0.478158 0.074545
0.312316 0.481695 0.071298
0.319835 0.469465 0.081572
0.325495 0.466136 0.085073
0.329343 0.471282 0.081316
0.323675 0.474689 0.077882
0.306485 0.462476 0.085522
0.304664 0.471021 0.078468
0.300829 0.465793 0.082105
0.310331 0.467633 0.081833
0.308493 0.476320 0.074864
0.487413 0.447843 0.136836
0.485782 0.454260 0.126419
0.481894 0.450367 0.131765
0.491316 0.451626 0.131375
0.495197 0.455503 0.125952
0.493490 0.462335 0.115847
0.489647 0.458247 0.121110
0.479537 0.440531 0.147853
0.483487 0.444146 0.142330
0.477984 0.446565 0.137144
0.484999 0.438246 0.153255
0.490438 0.435978 0.158764
0.494422 0.439417 0.152987
0.488966 0.441768 0.147609
0.471572 0.433524 0.158975
0.470098 0.439216 0.147982
0.466120 0.435662 0.153445
0.475566 0.436992 0.153401
0.474052 0.442849 0.142550
0.455191 0.420279 0.181217
0.454012 0.425429 0.169975
0.449889 0.422130 0.175447
0.459366 0.423549 0.175743
0.463485 0.426810 0.170188
0.462117 0.432183 0.158936
0.458085 0.428773 0.164457
0.446673 0.413602 0.191895
0.450958 0.416966 0.186599
0.445714 0.418816 0.180838
0.451797 0.411615 0.197688
0.456856 0.409452 0.203531
0.461262 0.412887 0.198231
0.456142 0.415002 0.192394
0.437975 0.406708 0.202245
0.437214 0.412042 0.191356
0.432902 0.408578 0.196495
0.442343 0.410183 0.197108
0.441487 0.415454 0.186139
0.495229 0.398945 0.228856
0.495075 0.406512 0.217005
0.490466 0.402610 0.222706
0.499916 0.403070 0.223075
0.504532 0.407032 0.217241
0.504089 0.413921 0.205412
0.499618 0.410279 0.211242
0.485667 0.390186 0.240253
0.490478 0.394650 0.234585
0.485796 0.398569 0.228344
0.490189 0.385464 0.246685
0.494637 0.380167 0.253192
0.499642 0.385398 0.247314
0.495091 0.390274 0.240908
0.475864 0.380825 0.251306
0.476266 0.390096 0.239377
0.471425 0.385704 0.244749
0.480793 0.385570 0.245835
0.481062 0.394392 0.233905
0.571040 0.401601 0.227298
0.570619 0.409990 0.214680
0.566156 0.405758 0.221452
0.575543 0.406074 0.220420
0.579966 0.410279 0.213499
0.579310 0.417786 0.201004
0.575001 0.413989 0.207862
0.561769 0.391722 0.240891
0.566452 0.396827 0.234127
0.561609 0.401266 0.228167
0.566549 0.386545 0.247011
0.571323 0.380891 0.253175
0.576070 0.386791 0.246212
0.571269 0.392018 0.240135
0.552108 0.380394 0.254167
0.552237 0.391388 0.241399
0.547418 0.385962 0.247921
0.556987 0.386256 0.247578
0.556969 0.396484 0.234819
0.532076 0.354967 0.275881
0.532474 0.367739 0.266194
0.527406 0.361353 0.271286
0.537123 0.361397 0.271315
0.542152 0.367836 0.266166
0.542511 0.380165 0.254384
0.537519 0.374044 0.260554
0.521967 0.342368 0.283328
0.527022 0.348603 0.279882
0.522330 0.354984 0.275810
0.526729 0.336200 0.286307
0.531530 0.330225 0.288743
0.536547 0.336196 0.286329
0.531763 0.342330 0.283378
0.511898 0.330459 0.288660
0.512192 0.342562 0.283194
0.507153 0.336604 0.286111
0.516924 0.336312 0.286242
0.517256 0.348703 0.279772
0.397558 0.497787 0.068040
0.395685 0.507228 0.061139
0.391910 0.501589 0.064743
0.401332 0.503325 0.064322
0.405103 0.508964 0.060698
0.403232 0.518807 0.054231
0.399458 0.512968 0.057632
0.389998 0.487009 0.075719
0.393781 0.492348 0.071841
0.388132 0.496054 0.068435
0.395649 0.483473 0.079357
0.401300 0.480013 0.083124
0.405084 0.485156 0.079029
0.399432 0.488715 0.075373
0.382404 0.476634 0.083668
0.380555 0.485294 0.076052
0.376754 0.480066 0.079958
0.386206 0.481773 0.079664
0.384347 0.490623 0.072208
0.367070 0.456951 0.100139
0.365286 0.464922 0.091982
0.361437 0.460034 0.096072
0.370925 0.461755 0.095965
0.374765 0.466633 0.091824
0.372943 0.474931 0.083920
0.369121 0.469886 0.087930
0.359315 0.447541 0.108574
0.363200 0.452212 0.104342
0.357573 0.455214 0.100191
0.364928 0.444717 0.112948
0.370530 0.441992 0.117454
0.374431 0.446478 0.113045
0.368820 0.449298 0.108627
0.351507 0.438377 0.117126
0.349802 0.445760 0.108509
0.345897 0.441121 0.112709
0.355417 0.442931 0.112837
0.353694 0.450456 0.104336
0.411769 0.435781 0.137255
0.410170 0.442169 0.127423
0.406235 0.438043 0.132200
0.415719 0.439798 0.132383
0.419648 0.443877 0.127524
0.417977 0.450626 0.117914
0.414084 0.446361 0.122660
0.403815 0.427911 0.147049
0.407800 0.431819 0.142138
0.402283 0.433981 0.137000
0.409292 0.425951 0.152380
0.414749 0.424089 0.157827
0.418774 0.427798 0.152737
0.413298 0.429763 0.147387
0.395808 0.420240 0.156972
0.394336 0.426030 0.146689
0.390346 0.422126 0.151585
0.399817 0.424055 0.151993
0.398316 0.429979 0.141829
0.530193 0.695321 0.009470
0.530020 0.706345 0.009307
0.525196 0.700736 0.009400
0.535009 0.700948 0.009366
0.539842 0.706514 0.009278
0.539713 0.717305 0.009157
0.534859 0.711871 0.009226
0.520668 0.683871 0.009863
0.525410 0.689633 0.009629
0.520388 0.695068 0.009510
0.525749 0.678412 0.010108
0.530857 0.672965 0.010411
0.535532 0.678772 0.010042
0.530457 0.684199 0.009807
0.511312 0.672141 0.010560
0.510879 0.683531 0.009917
0.506188 0.677653 0.010234
0.515968 0.678040 0.010172
0.515612 0.689337 0.009676
0.493138 0.647917 0.012945
0.492386 0.659610 0.011674
0.487880 0.653453 0.012324
0.497610 0.654070 0.012218
0.502131 0.660156 0.011580
0.501542 0.671709 0.010631
0.496940 0.665695 0.011110
0.484349 0.635405 0.014681
0.488718 0.641694 0.013765
0.483425 0.647229 0.013065
0.489710 0.629895 0.015523
0.495103 0.624398 0.016427
0.499400 0.630682 0.015347
0.494042 0.636179 0.014525
0.475777 0.622619 0.016819
0.474672 0.634574 0.014834
0.470378 0.628145 0.015870
0.480036 0.629049 0.015697
0.479022 0.640936 0.013900
0.536256 0.604417 0.020282
0.535030 0.615859 0.017715
0.530788 0.609726 0.019063
0.540476 0.610508 0.018804
0.544731 0.616593 0.017480
0.543618 0.628057 0.015443
0.539304 0.621980 0.016519
0.527918 0.592231 0.023700
0.532069 0.598322 0.021914
0.526582 0.603585 0.020566
0.533440 0.587079 0.025281
0.538974 0.581985 0.026965
0.543088 0.587967 0.024926
0.537572 0.593116 0.023368
0.519722 0.580077 0.027735
0.518275 0.591303 0.024037
0.514177 0.585172 0.026004
0.523803 0.586147 0.025641
0.522410 0.597442 0.022224
0.702093 0.534035 0.047065
0.700714 0.543386 0.041674
0.696563 0.538254 0.044664
0.706244 0.539123 0.043984
0.710401 0.544236 0.041030
0.709031 0.553724 0.036061
0.704872 0.548543 0.038810
0.693818 0.523949 0.053648
0.697950 0.528976 0.050284
0.692421 0.533150 0.047790
0.699348 0.519884 0.056282
0.704878 0.515881 0.058954
0.709012 0.520828 0.055406
0.703481 0.524870 0.052825
0.685594 0.514009 0.060845
0.684169 0.523045 0.054478
0.680063 0.518051 0.058057
0.689699 0.518959 0.057165
0.688288 0.528079 0.051058
0.669348 0.494707 0.077333
0.667852 0.503362 0.069823
0.663819 0.498580 0.074111
0.673382 0.499447 0.072932
0.677435 0.504248 0.068721
0.675975 0.513103 0.061803
0.671905 0.508205 0.065723
0.661310 0.485441 0.086704
0.665326 0.490035 0.081923
0.659805 0.493862 0.078590
0.666806 0.481710 0.090192
0.672288 0.478022 0.093721
0.676326 0.482519 0.088707
0.670833 0.486255 0.085295
0.653293 0.476518 0.096825
0.651805 0.484658 0.088106
0.647812 0.480184 0.093129
0.657300 0.480935 0.091674
0.655802 0.489219 0.083257
0.601121 0.642814 0.012768
0.605609 0.648633 0.012045
0.600372 0.653848 0.011534
0.606432 0.637571 0.013398
0.611780 0.632321 0.014078
0.616188 0.638197 0.013219
0.610880 0.643419 0.012607
0.590607 0.653306 0.011664
0.595846 0.648058 0.012190
0.595169 0.659069 0.011075
0.591366 0.642231 0.012929
0.592284 0.631084 0.014472
0.597670 0.625792 0.015242
0.596679 0.636964 0.013576
0.584862 0.669546 0.010313
0.585400 0.658565 0.011191
0.590000 0.664301 0.010668
0.472869 0.466914 0.107073
0.476666 0.471363 0.102137
0.471021 0.474540 0.097733
0.478481 0.463946 0.111669
0.484074 0.461059 0.116349
0.487902 0.465265 0.111196
0.482293 0.468272 0.106626
0.461597 0.473111 0.098144
0.467241 0.469968 0.102563
0.465370 0.477793 0.093425
0.463439 0.465501 0.107439
0.465214 0.458327 0.117074
0.470793 0.455599 0.121883
0.469052 0.462569 0.112053
0.454066 0.484539 0.085161
0.455949 0.476336 0.093833
0.459718 0.481124 0.089230
0.559811 0.423823 0.190986
0.563988 0.427256 0.184357
0.558764 0.430098 0.178757
0.564929 0.420739 0.196619
0.569991 0.417468 0.202240
0.574257 0.421120 0.195469
0.569152 0.424269 0.189925
0.549400 0.429515 0.179655
0.554634 0.426741 0.185334
0.553480 0.432815 0.173117
0.550435 0.423294 0.191839
0.551241 0.416584 0.204051
0.556264 0.413222 0.209838
0.555564 0.420274 0.197553
0.542776 0.438058 0.161806
0.544109 0.432162 0.173945
0.548147 0.435443 0.167448
0.382549 0.525352 0.049123
0.386336 0.531482 0.046050
0.380720 0.535832 0.043513
0.388179 0.521167 0.051851
0.393816 0.517037 0.054684
0.397593 0.522978 0.051401
0.391960 0.527202 0.048679
0.371301 0.533927 0.043932
0.376923 0.529600 0.046486
0.375112 0.540278 0.041060
0.373127 0.523489 0.049557
0.374976 0.513410 0.055564
0.380620 0.509401 0.058511
0.378762 0.519329 0.052294
0.363912 0.549541 0.036389
0.365685 0.538350 0.041459
0.369510 0.544841 0.038687
0.519925 0.727737 0.009087
0.524801 0.732961 0.009040
0.519838 0.738065 0.009009
0.524900 0.722496 0.009130
0.529878 0.717203 0.009177
0.534739 0.722574 0.009115
0.529769 0.727796 0.009075
0.509988 0.738045 0.009015
0.514954 0.732921 0.009049
0.514880 0.743112 0.008982
0.510082 0.727667 0.009099
0.510213 0.716964 0.009214
0.515205 0.711580 0.009273
0.515061 0.722406 0.009145
0.504980 0.753076 0.008946
0.505026 0.743117 0.008987
0.509927 0.748111 0.008962
0.445736 0.631740 0.015281
0.450027 0.638321 0.014294
0.444719 0.643928 0.013521
0.451111 0.626165 0.016210
0.456517 0.620606 0.017206
0.460736 0.627183 0.016040
0.455365 0.632740 0.015134
0.435079 0.642965 0.013630
0.440392 0.637338 0.014421
0.439441 0.649563 0.012817
0.436121 0.630684 0.015427
0.437323 0.618365 0.017588
0.442769 0.612773 0.018701
0.441501 0.625092 0.016378
0.428964 0.660938 0.011616
0.429794 0.648637 0.012907
0.434190 0.655227 0.012182
0.534058 0.548841 0.041269
0.538023 0.554568 0.038390
0.532427 0.559335 0.036145
0.539661 0.544211 0.043723
0.545262 0.539645 0.046282
0.549219 0.545219 0.043150
0.543621 0.549864 0.040726
0.522854 0.558289 0.036635
0.528456 0.553533 0.038906
0.526835 0.564167 0.033994
0.524509 0.547773 0.041812
0.526195 0.537522 0.047476
0.531806 0.533059 0.050208
0.530116 0.543155 0.044293
0.515678 0.574027 0.029982
0.517258 0.563112 0.034459
0.521252 0.569064 0.031939
0.688298 0.561916 0.032549
0.692475 0.567244 0.030090
0.686973 0.571918 0.028280
0.693819 0.557385 0.034563
0.699344 0.552926 0.036651
0.703505 0.558152 0.033994
0.697985 0.562657 0.031998
0.677280 0.571224 0.028791
0.682786 0.566528 0.030623
0.681479 0.576677 0.026567
0.678612 0.561175 0.033099
0.679980 0.551343 0.037830
0.685507 0.546907 0.040040
0.684135 0.556617 0.035131
0.670506 0.586439 0.023421
0.671779 0.576004 0.027053
0.675991 0.581519 0.024947
0.623396 0.482432 0.092087
0.627334 0.486906 0.087086
0.621799 0.490698 0.083439
0.628894 0.478756 0.095900
0.634374 0.475121 0.099764
0.638343 0.479460 0.094531
0.632848 0.483161 0.090784
0.612334 0.489924 0.084620
0.617876 0.486153 0.088328
0.616248 0.494537 0.079845
0.613958 0.481707 0.093383
0.615530 0.473794 0.102590
0.620995 0.470258 0.106633
0.619461 0.478059 0.097256
0.605117 0.502370 0.072864
0.606775 0.493744 0.080968
0.610685 0.498428 0.076317
0.666953 0.454103 0.123817
0.671026 0.458120 0.117802
0.665609 0.461592 0.113825
0.672341 0.450700 0.127971
0.677712 0.447312 0.132174
0.681818 0.451242 0.125898
0.676430 0.454671 0.121827
0.656139 0.460976 0.115652
0.661552 0.457527 0.119713
0.660180 0.465094 0.109894
0.657487 0.453556 0.125784
0.658774 0.446348 0.136416
0.664122 0.443034 0.140842
0.662869 0.450180 0.130024
0.649287 0.472195 0.102146
0.650716 0.464456 0.111626
0.654739 0.468626 0.106003
0.633919 0.424921 0.177609
0.638112 0.428384 0.170518
0.632951 0.431697 0.165577
0.638980 0.421510 0.182651
0.643996 0.418060 0.187720
0.648308 0.421667 0.180443
0.643231 0.425041 0.175472
0.623667 0.431602 0.167599
0.628814 0.428286 0.172594
0.627751 0.434973 0.160643
0.624656 0.424884 0.179688
0.625476 0.417908 0.192015
0.630425 0.414285 0.197222
0.629706 0.421442 0.184775
0.617243 0.441429 0.150752
0.618478 0.434865 0.162606
0.622511 0.438210 0.155699
0.578865 0.513667 0.063862
0.582794 0.518727 0.059881
0.577203 0.522977 0.056848
0.584458 0.509566 0.067121
0.590045 0.505523 0.070459
0.593966 0.510423 0.066201
0.588382 0.514542 0.062998
0.567669 0.522063 0.057604
0.573268 0.517833 0.060688
0.571608 0.527293 0.053905
0.569355 0.512762 0.064696
0.571068 0.503779 0.072329
0.576670 0.499849 0.075876
0.574956 0.508684 0.068012
0.560414 0.536123 0.048316
0.562068 0.526357 0.054619
0.566012 0.531675 0.051060
0.548068 0.476153 0.101462
0.551886 0.480518 0.096275
0.546281 0.484033 0.092131
0.553637 0.472815 0.105792
0.559186 0.469537 0.110192
0.563034 0.473683 0.104765
0.557470 0.477069 0.100487
0.536871 0.483030 0.093013
0.542480 0.479557 0.097202
0.540665 0.487605 0.088063
0.538674 0.475190 0.102379
0.540417 0.467753 0.112149
0.545954 0.464633 0.116719
0.544245 0.471898 0.106756
0.529418 0.494931 0.080218
0.531251 0.486562 0.088904
0.535042 0.491236 0.084089
0.591977 0.450675 0.137929
0.595908 0.454246 0.131675
0.590496 0.457430 0.127058
0.597346 0.447566 0.142755
0.602680 0.444428 0.147637
0.606634 0.447848 0.141068
0.601288 0.451053 0.136342
0.581152 0.456871 0.128445
0.586579 0.453772 0.133160
0.585055 0.460620 0.122490
0.582655 0.450206 0.139382
0.584091 0.443781 0.150812
0.589430 0.440816 0.155976
0.588039 0.447191 0.144308
0.574095 0.467070 0.113511
0.575698 0.459988 0.123788
0.579588 0.463829 0.117973
0.644347 0.600985 0.019750
0.648630 0.606765 0.018247
0.643182 0.611967 0.017187
0.649821 0.595868 0.021026
0.655302 0.590804 0.022394
0.659554 0.596487 0.020648
0.654088 0.601601 0.019401
0.633430 0.611334 0.017481
0.638882 0.606145 0.018568
0.637745 0.617196 0.016224
0.634605 0.600348 0.020092
0.635843 0.589517 0.023184
0.641347 0.584498 0.024703
0.640085 0.595235 0.021397
0.626917 0.627704 0.014588
0.627993 0.616549 0.016491
0.632323 0.622442 0.015357
0.610897 0.555945 0.036881
0.614996 0.561449 0.034244
0.609445 0.566241 0.032234
0.616456 0.551277 0.039086
0.622012 0.546671 0.041386
0.626101 0.552060 0.038520
0.620548 0.556723 0.036341
0.599783 0.565473 0.032721
0.605340 0.560676 0.034758
0.603899 0.571098 0.030312
0.601257 0.555150 0.037425
0.602764 0.545047 0.042594
0.608331 0.540502 0.045053
0.606821 0.550477 0.039658
0.592828 0.580996 0.026736
0.594231 0.570335 0.030771
0.598360 0.576018 0.028478
0.655298 0.520429 0.057016
0.659373 0.525471 0.053426
0.653834 0.529727 0.050752
0.660836 0.516292 0.059864
0.666372 0.512219 0.062769
0.670443 0.517162 0.058957
0.664910 0.521284 0.056163
0.644214 0.528904 0.051505
0.649758 0.524632 0.054228
0.648293 0.534054 0.048147
0.645700 0.519591 0.057871
0.647206 0.510513 0.064715
0.652748 0.506479 0.067798
0.651242 0.515441 0.060778
0.637201 0.542923 0.043159
0.638668 0.533246 0.048849
0.642748 0.538453 0.045614
0.489422 0.588226 0.025066
0.493501 0.594535 0.023175
0.487994 0.599826 0.021733
0.494963 0.583071 0.026742
0.500520 0.577983 0.028521
0.504563 0.584151 0.026373
0.499025 0.589311 0.024722
0.478385 0.598743 0.022026
0.483895 0.593450 0.023493
0.482503 0.605184 0.020398
0.479836 0.587078 0.025408
0.481376 0.575645 0.029305
0.486952 0.570642 0.031236
0.485381 0.581926 0.027110
0.471572 0.616108 0.018050
0.472891 0.604107 0.020666
0.477029 0.610611 0.019170
0.457991 0.538811 0.045437
0.461829 0.544810 0.042417
0.456202 0.549436 0.039980
0.463626 0.534345 0.048091
0.469261 0.529949 0.050857
0.473093 0.535764 0.047588
0.467460 0.540254 0.044954
0.446732 0.547943 0.040428
0.452359 0.543342 0.042882
0.450583 0.554136 0.037641
0.448534 0.537317 0.045908
0.450360 0.527014 0.051851
0.456000 0.522746 0.054774
0.454169 0.532876 0.048578
0.439378 0.563776 0.033264
0.441113 0.552620 0.038074
0.444975 0.558916 0.035401
0.503097 0.505190 0.069933
0.506903 0.510383 0.065814
0.501269 0.514420 0.062492
0.508734 0.501331 0.073507
0.514368 0.497541 0.077192
0.518165 0.502519 0.072795
0.512536 0.506416 0.069248
0.491818 0.513131 0.063117
0.497458 0.509122 0.066470
0.495633 0.518536 0.059280
0.493660 0.503910 0.070585
0.495521 0.495067 0.078576
0.501166 0.491421 0.082430
0.499303 0.500084 0.074189
0.484361 0.526995 0.053199
0.486178 0.517218 0.059877
0.489997 0.522727 0.056182
0.413200 0.577285 0.027780
0.417130 0.584107 0.025704
0.411601 0.589460 0.024056
0.418756 0.572155 0.029647
0.424326 0.567131 0.031610
0.428227 0.573744 0.029290
0.422672 0.578872 0.027448
0.402124 0.587915 0.024329
0.407657 0.582534 0.026007
0.406082 0.594945 0.022504
0.403744 0.575639 0.028108
0.405426 0.563776 0.032361
0.411007 0.558878 0.034461
0.409300 0.570504 0.030001
0.395066 0.606383 0.019692
0.396600 0.593443 0.022746
0.400571 0.600580 0.021050
0.481539 0.682379 0.010068
0.486237 0.688352 0.009806
0.481189 0.693905 0.009656
0.486645 0.676807 0.010353
0.491778 0.671245 0.010701
0.496412 0.677251 0.010295
0.491311 0.682799 0.010019
0.471406 0.693540 0.009689
0.476460 0.687957 0.009846
0.476158 0.699473 0.009554
0.471777 0.681915 0.010114
0.472285 0.670178 0.010833
0.477455 0.664586 0.011267
0.476888 0.676320 0.010409
0.466104 0.710578 0.009375
0.466367 0.699142 0.009580
0.471129 0.705041 0.009461
0.352166 0.480074 0.076998
0.355982 0.485386 0.073251
0.350320 0.489005 0.069923
0.357822 0.476609 0.080522
0.363473 0.473212 0.084164
0.367293 0.478347 0.080243
0.361639 0.481832 0.076689
0.340836 0.487202 0.070276
0.346504 0.483606 0.073585
0.344652 0.492689 0.066697
0.342681 0.478298 0.077300
0.344505 0.469714 0.084634
0.350155 0.466418 0.088323
0.348341 0.474852 0.080795
0.333293 0.500242 0.060528
0.335159 0.490860 0.067064
0.338977 0.496434 0.063568
0.517165 0.444997 0.146194
0.521087 0.448560 0.140348
0.515614 0.451231 0.135262
0.522600 0.442431 0.151515
0.528014 0.439868 0.156960
0.531970 0.443288 0.150843
0.526538 0.445915 0.145540
0.506229 0.450178 0.135884
0.511709 0.447576 0.140987
0.510118 0.453934 0.130277
0.507781 0.444003 0.146766
0.509253 0.438090 0.158062
0.514651 0.435661 0.163659
0.513222 0.441509 0.152100
0.499057 0.459475 0.120576
0.500725 0.452816 0.130876
0.504600 0.456679 0.125383
0.484514 0.418417 0.193509
0.488788 0.421735 0.187808
0.483567 0.423971 0.181975
0.489611 0.415939 0.199385
0.494645 0.413238 0.205293
0.499048 0.416743 0.199516
0.493949 0.419337 0.193652
0.474127 0.422840 0.181810
0.479354 0.420705 0.187651
0.478283 0.426074 0.176143
0.475074 0.417390 0.193229
0.475769 0.411573 0.204635
0.480741 0.408883 0.210603
0.480176 0.415032 0.199116
0.467549 0.430128 0.164583
0.468834 0.424856 0.175984
0.472943 0.428099 0.170333
0.523645 0.390626 0.241860
0.528461 0.395526 0.235656
0.523691 0.399853 0.229498
0.528300 0.385540 0.248151
0.532915 0.379996 0.254463
0.537865 0.385722 0.248110
0.533183 0.390827 0.241861
0.514193 0.399565 0.229425
0.518944 0.395292 0.235614
0.518871 0.403834 0.223392
0.514105 0.390475 0.241702
0.513713 0.379882 0.254188
0.518239 0.373936 0.260400
0.518731 0.385425 0.248040
0.509072 0.410845 0.211352
0.509389 0.403469 0.223300
0.513999 0.407490 0.217343
0.599415 0.392658 0.236549
0.603886 0.397670 0.229092
0.599063 0.402204 0.223366
0.604173 0.387480 0.242502
0.608867 0.381978 0.248503
0.613358 0.387815 0.240749
0.608655 0.392869 0.234889
0.589770 0.402065 0.224890
0.594614 0.397519 0.230680
0.594193 0.406472 0.217708
0.590103 0.392461 0.237964
0.590299 0.381293 0.251325
0.595050 0.375213 0.257289
0.594890 0.387212 0.243977
0.584317 0.414246 0.206543
0.584888 0.406312 0.219169
0.589277 0.410481 0.212105
0.561237 0.342403 0.283290
0.566237 0.348756 0.279656
0.561385 0.355181 0.275680
0.566121 0.336204 0.286197
0.571016 0.330155 0.288569
0.575977 0.336163 0.285955
0.571114 0.342397 0.283073
0.551581 0.355096 0.275818
0.556385 0.348715 0.279829
0.556579 0.361612 0.271134
0.551374 0.342382 0.283361
0.551208 0.330233 0.288745
0.556086 0.324430 0.290669
0.556220 0.336222 0.286299
0.547152 0.374203 0.260444
0.546836 0.361491 0.271262
0.551834 0.367983 0.266041
0.427703 0.493667 0.074178
0.431469 0.498992 0.070173
0.425819 0.502805 0.066741
0.433353 0.490039 0.077857
0.439002 0.486493 0.081660
0.442767 0.491607 0.077411
0.437118 0.495259 0.073729
0.416402 0.501164 0.067192
0.422052 0.497377 0.070623
0.420170 0.506696 0.063431
0.418284 0.492046 0.074603
0.420164 0.483308 0.082460
0.425815 0.479887 0.086377
0.423935 0.488440 0.078277
0.408875 0.514700 0.057178
0.410752 0.505027 0.063884
0.414522 0.510662 0.060244
0.397295 0.454441 0.108706
0.401150 0.459036 0.104246
0.395517 0.462044 0.099921
0.402906 0.451639 0.113244
0.408503 0.448948 0.117899
0.412382 0.453326 0.113250
0.406773 0.456129 0.108692
0.386042 0.460360 0.100008
0.391673 0.457351 0.104293
0.389879 0.465143 0.095723
0.387810 0.452743 0.108695
0.389529 0.445505 0.117717
0.395114 0.442904 0.122427
0.393421 0.449933 0.113196
0.378591 0.471590 0.087723
0.380406 0.463456 0.095850
0.384236 0.468325 0.091656
0.441721 0.434863 0.147971
0.445694 0.438569 0.142750
0.440185 0.440811 0.137581
0.447195 0.432791 0.153343
0.452651 0.430765 0.158834
0.456661 0.434268 0.153420
0.451186 0.436392 0.148027
0.430721 0.439202 0.137549
0.436230 0.436996 0.142709
0.434659 0.443128 0.132515
0.432252 0.433247 0.147854
0.433705 0.427632 0.158473
0.439135 0.425763 0.164045
0.437726 0.431220 0.153212
0.423555 0.448029 0.122681
0.425194 0.441493 0.132487
0.429116 0.445531 0.127549
0.559835 0.685109 0.009630
0.564611 0.690704 0.009428
0.559616 0.696020 0.009341
0.564890 0.679771 0.009835
0.569972 0.674441 0.010093
0.574678 0.680091 0.009763
0.569630 0.685390 0.009568
0.549808 0.695797 0.009385
0.554809 0.690453 0.009480
0.554641 0.701344 0.009293
0.550041 0.684818 0.009691
0.550411 0.673731 0.010256
0.555535 0.668355 0.010592
0.555102 0.679451 0.009906
0.544688 0.712001 0.009201
0.544825 0.701151 0.009330
0.549664 0.706676 0.009247
0.523188 0.638229 0.014051
0.527612 0.644280 0.013204
0.522340 0.649723 0.012573
0.528529 0.632801 0.014815
0.533902 0.627387 0.015638
0.538250 0.633451 0.014638
0.532914 0.638857 0.013892
0.512601 0.649146 0.012698
0.517879 0.643677 0.013345
0.517098 0.655186 0.012000
0.513467 0.637576 0.014209
0.514488 0.625959 0.016030
0.519901 0.620511 0.016952
0.518813 0.632123 0.014991
0.506699 0.666180 0.011028
0.507352 0.654639 0.012110
0.511884 0.660672 0.011485
0.566598 0.595525 0.022390
0.570808 0.601442 0.020707
0.565335 0.606681 0.019448
0.572104 0.590378 0.023877
0.577620 0.585283 0.025461
0.581794 0.591116 0.023529
0.576294 0.596254 0.022069
0.555633 0.605964 0.019723
0.561108 0.600720 0.021005
0.559879 0.611964 0.018293
0.556912 0.594763 0.022713
0.558275 0.583716 0.026208
0.563812 0.578675 0.027942
0.562421 0.589615 0.024224
0.549017 0.622666 0.016306
0.550173 0.611255 0.018547
0.554439 0.617293 0.017246
0.732530 0.527725 0.050395
0.736687 0.532701 0.047251
0.731151 0.536766 0.044929
0.738066 0.523756 0.052818
0.743602 0.519840 0.055260
0.747763 0.524752 0.051972
0.742225 0.528698 0.049601
0.721461 0.535846 0.045633
0.726995 0.531754 0.047998
0.725617 0.540899 0.042640
0.722840 0.526761 0.051198
0.724222 0.517835 0.057091
0.729754 0.513930 0.059669
0.728374 0.522769 0.053673
0.714557 0.549375 0.038197
0.715929 0.540006 0.043307
0.720086 0.545100 0.040393
0.699504 0.488896 0.081070
0.703595 0.493614 0.076608
0.698080 0.497419 0.073586
0.704997 0.485160 0.084246
0.710481 0.481457 0.087456
0.714597 0.486115 0.082754
0.709100 0.489847 0.079665
0.688485 0.496485 0.074829
0.694000 0.492670 0.077931
0.692559 0.501266 0.070591
0.689928 0.487981 0.082476
0.691346 0.479663 0.090595
0.696816 0.475998 0.094008
0.695421 0.484243 0.085733
0.681506 0.509104 0.064694
0.682961 0.500343 0.071759
0.687034 0.505159 0.067626
0.683213 0.470761 0.100902
0.687278 0.475167 0.095652
0.681808 0.478824 0.092160
0.688659 0.467178 0.104554
0.694092 0.463622 0.108246
0.698181 0.467945 0.102755
0.692735 0.471542 0.099184
0.715936 0.508043 0.064384
0.720075 0.512925 0.060658
0.714543 0.516848 0.058018
0.721464 0.504199 0.067131
0.726989 0.500394 0.069892
0.731133 0.505220 0.065995
0.725605 0.509052 0.063319
0.550078 0.571973 0.030632
0.554161 0.577835 0.028344
0.548618 0.582873 0.026585
0.555647 0.567054 0.032609
0.561223 0.562195 0.034679
0.565277 0.567925 0.032150
0.559714 0.572852 0.030200
0.505975 0.613447 0.018437
0.510210 0.619728 0.017171
0.504791 0.625199 0.016228
0.511438 0.608049 0.019591
0.516917 0.602715 0.020853
0.521109 0.608906 0.019325
0.515651 0.614287 0.018193
0.541159 0.662114 0.011189
0.545763 0.667951 0.010683
0.540634 0.673355 0.010335
0.546353 0.656713 0.011661
0.551577 0.651326 0.012189
0.556111 0.657184 0.011545
0.550922 0.662560 0.011086
0.425581 0.420580 0.169012
0.429658 0.424089 0.163749
0.424228 0.425911 0.158190
0.430937 0.418903 0.174700
0.436240 0.417209 0.180411
0.440411 0.420584 0.175101
0.435057 0.422320 0.169396
0.381696 0.436855 0.126847
0.385619 0.441148 0.122267
0.380032 0.443760 0.117594
0.387255 0.434451 0.131726
0.392795 0.432159 0.136721
0.396747 0.436256 0.131975
0.391192 0.438645 0.127063
0.412599 0.473333 0.091034
0.416386 0.478273 0.086716
0.410735 0.481674 0.082810
0.418245 0.470117 0.095178
0.423886 0.466986 0.099441
0.427681 0.471723 0.094902
0.422035 0.474956 0.090747
0.541223 0.318870 0.292116
0.546210 0.324446 0.290673
0.541364 0.330227 0.288753
0.546101 0.313503 0.293099
0.551000 0.308337 0.293650
0.555982 0.313475 0.293106
0.551084 0.318862 0.292117
0.580902 0.368432 0.264710
0.585639 0.374965 0.258337
0.580858 0.381088 0.252354
0.585694 0.361949 0.269749
0.590452 0.355471 0.274252
0.595134 0.362215 0.268914
0.590405 0.368625 0.263878
0.503497 0.368078 0.265476
0.508617 0.374050 0.260077
0.504139 0.379973 0.253787
0.508011 0.361642 0.270846
0.512600 0.355151 0.275615
0.517696 0.361416 0.271144
0.513126 0.367813 0.265886
0.466765 0.404420 0.215424
0.471296 0.408034 0.210072
0.466314 0.410578 0.204123
0.471608 0.401457 0.221492
0.476374 0.398132 0.227649
0.481040 0.402075 0.222179
0.476205 0.405216 0.216088
0.501228 0.431443 0.170116
0.505258 0.434730 0.164079
0.499853 0.437077 0.158473
0.506556 0.429154 0.175893
0.511835 0.426765 0.181689
0.515957 0.429995 0.175568
0.510630 0.432374 0.169794
0.336797 0.459663 0.092412
0.340658 0.464653 0.088508
0.335005 0.467936 0.084857
0.342436 0.456524 0.096260
0.348067 0.453454 0.100233
0.351941 0.458290 0.096171
0.346303 0.461437 0.092278
0.463227 0.657656 0.011938
0.467730 0.663955 0.011342
0.462556 0.669571 0.010895
0.468462 0.652060 0.012528
0.473726 0.646487 0.013183
0.478164 0.652784 0.012427
0.472933 0.658360 0.011853
0.397743 0.550549 0.037477
0.401574 0.557120 0.034854
0.395995 0.562003 0.032732
0.403346 0.545904 0.039798
0.408961 0.541354 0.042209
0.412772 0.547671 0.039372
0.407167 0.552346 0.037067
0.487978 0.485306 0.087707
0.491746 0.490140 0.083084
0.486096 0.493752 0.079199
0.493627 0.481875 0.091840
0.499272 0.478515 0.096075
0.503039 0.483134 0.091180
0.497394 0.486601 0.087079
0.442781 0.515538 0.058807
0.446565 0.521234 0.055262
0.440925 0.525471 0.052336
0.448425 0.511482 0.061990
0.454071 0.507504 0.065300
0.457852 0.512985 0.061498
0.452208 0.517070 0.058317
0.473471 0.563170 0.034134
0.477407 0.569389 0.031648
0.471829 0.574383 0.029693
0.479076 0.558337 0.036313
0.484691 0.553577 0.038589
0.488602 0.559622 0.035857
0.482999 0.564470 0.033703
0.639199 0.500850 0.073120
0.643192 0.505649 0.068828
0.637647 0.509687 0.065670
0.644742 0.496922 0.076461
0.650278 0.493045 0.079844
0.654272 0.497739 0.075294
0.648734 0.501667 0.072038
0.594713 0.534334 0.048980
0.598728 0.539664 0.045700
0.593155 0.544212 0.043209
0.600287 0.529925 0.051700
0.605858 0.525585 0.054514
0.609866 0.530774 0.050975
0.604298 0.535185 0.048290
0.627432 0.578182 0.027183
0.631626 0.583833 0.025113
0.626120 0.588850 0.023568
0.632956 0.573275 0.028938
0.638488 0.568431 0.030783
0.642663 0.573963 0.028479
0.637140 0.578868 0.026751
0.576155 0.437134 0.164180
0.580131 0.440432 0.157444
0.574779 0.443313 0.152179
0.581452 0.434281 0.169597
0.586693 0.431330 0.174956
0.590736 0.434585 0.168076
0.585453 0.437528 0.162769
0.532730 0.459779 0.123204
0.536579 0.463715 0.117634
0.531041 0.466786 0.113023
0.538233 0.456865 0.128019
0.543718 0.453996 0.132919
0.547601 0.457734 0.127099
0.542099 0.460700 0.122326
0.563352 0.494211 0.081455
0.567201 0.498953 0.076811
0.561592 0.502849 0.073210
0.568961 0.490463 0.085289
0.574561 0.486767 0.089202
0.578408 0.491326 0.084276
0.572808 0.495113 0.080502
0.616959 0.410508 0.206710
0.621229 0.414280 0.199327
0.616284 0.417966 0.194088
0.621803 0.406528 0.212095
0.626587 0.402441 0.217546
0.630961 0.406632 0.209971
0.626123 0.410499 0.204620
0.650557 0.438957 0.149725
0.654668 0.442607 0.142987
0.649336 0.445904 0.138448
0.655844 0.435692 0.154397
0.661096 0.432414 0.159060
0.665296 0.436048 0.152122
0.659992 0.439328 0.147557
0.607675 0.465607 0.113746
0.611602 0.469641 0.108087
0.606130 0.473141 0.103985
0.613105 0.462210 0.118026
0.618511 0.458837 0.122368
0.622474 0.462739 0.116467
0.617050 0.466176 0.112247
0.671698 0.540881 0.043626
0.675834 0.546096 0.040659
0.670305 0.550556 0.038422
0.677229 0.536543 0.046041
0.682758 0.532276 0.048521
0.686891 0.537393 0.045350
0.681363 0.541708 0.042971
0.518420 0.526444 0.054340
0.522296 0.531949 0.050826
0.516681 0.536393 0.048067
0.524039 0.522169 0.057355
0.529656 0.517969 0.060483
0.533525 0.523281 0.056688
0.527911 0.527579 0.053700
0.429126 0.604682 0.020381
0.433201 0.611546 0.018917
0.427749 0.617178 0.017775
0.434618 0.599188 0.021737
0.440123 0.593794 0.023197
0.444161 0.600509 0.021469
0.438673 0.605983 0.020141
0.500560 0.705773 0.009389
0.505379 0.711417 0.009296
0.500381 0.716821 0.009232
0.505571 0.700285 0.009465
0.510583 0.694806 0.009549
0.515383 0.700515 0.009433
0.510380 0.705974 0.009363
0.367393 0.501895 0.062395
0.371186 0.507600 0.058934
0.365535 0.511584 0.055987
0.373045 0.498068 0.065551
0.378697 0.494310 0.068820
0.382484 0.499832 0.065152
0.376835 0.503682 0.061987
0.542369 0.408734 0.216846
0.546841 0.412738 0.210479
0.541826 0.416066 0.204630
0.547275 0.404946 0.222797
0.552140 0.400876 0.228788
0.556731 0.405374 0.222245
0.551809 0.409185 0.216350
0.457473 0.450149 0.127241
0.461354 0.454187 0.122137
0.455776 0.456885 0.117334
0.463018 0.447645 0.132241
0.468546 0.445215 0.137344
0.472461 0.449037 0.132047
0.466916 0.451574 0.127043
0.583608 0.619234 0.016550
0.587930 0.625170 0.015456
0.582541 0.630483 0.014667
0.589039 0.613954 0.017534
0.594484 0.608712 0.018620
0.598769 0.614605 0.017277
0.593342 0.619870 0.016316
0.675091 0.462235 0.111978
0.673708 0.470016 0.102613
0.669661 0.465756 0.108124
0.679153 0.466449 0.106344
0.677757 0.474374 0.097291
0.707695 0.498383 0.072349
0.706283 0.507057 0.065459
0.702173 0.502216 0.069432
0.711809 0.503195 0.068279
0.710407 0.511935 0.061657
0.542012 0.560335 0.035656
0.540457 0.571049 0.031065
0.536425 0.565176 0.033530
0.546029 0.566138 0.033069
0.544520 0.576950 0.028749
0.497619 0.600846 0.021439
0.496309 0.612562 0.018682
0.492131 0.606200 0.020129
0.501778 0.607152 0.019859
0.500527 0.618908 0.017392
0.532082 0.650278 0.012446
0.531399 0.661651 0.011289
0.526846 0.655714 0.011889
0.536598 0.656223 0.011776
0.535994 0.667532 0.010772
0.417312 0.413566 0.179377
0.416107 0.418719 0.168554
0.412003 0.415147 0.173697
0.421466 0.417088 0.174231
0.420180 0.422303 0.163378
0.373811 0.428429 0.136093
0.372195 0.435036 0.126612
0.368259 0.430753 0.131163
0.377759 0.432618 0.131456
0.376120 0.439370 0.122088
0.404984 0.463719 0.099813
0.403154 0.471682 0.091276
0.399344 0.466821 0.095580
0.408799 0.468483 0.095404
0.406950 0.476632 0.087016
0.531280 0.308352 0.293642
0.531370 0.318873 0.292109
0.526392 0.313517 0.293097
0.536245 0.313508 0.293096
0.536364 0.324446 0.290672
0.571196 0.355245 0.275363
0.571267 0.368302 0.265348
0.566353 0.361732 0.270858
0.576088 0.361826 0.270389
0.576107 0.374794 0.259165
0.493368 0.356149 0.274756
0.493971 0.368535 0.264865
0.488942 0.362757 0.269691
0.498401 0.362080 0.270368
0.499051 0.374312 0.259560
0.457564 0.396975 0.225870
0.457331 0.403491 0.214676
0.452777 0.399849 0.219834
0.462184 0.400732 0.220689
0.461846 0.407070 0.209439
0.492998 0.424999 0.182009
0.491811 0.430420 0.170317
0.487717 0.427196 0.176191
0.497142 0.428222 0.176107
0.495851 0.433711 0.164391
0.329028 0.449868 0.100283
0.327282 0.457866 0.092538
0.323401 0.452925 0.096413
0.332920 0.454737 0.096338
0.331149 0.462868 0.088684
0.454373 0.644836 0.013410
0.453534 0.656899 0.012022
0.449100 0.650449 0.012723
0.458774 0.651282 0.012627
0.458020 0.663274 0.011414
0.390127 0.537724 0.043081
0.388330 0.548690 0.037885
0.384520 0.542196 0.040643
0.393929 0.544079 0.040221
0.392154 0.555298 0.035245
0.480443 0.475917 0.097253
0.478558 0.483961 0.088275
0.474792 0.479203 0.092963
0.484211 0.480564 0.092435
0.482325 0.488811 0.083683
0.435235 0.504413 0.066270
0.433360 0.513952 0.059297
0.429587 0.508330 0.062962
0.439005 0.509929 0.062479
0.437138 0.519666 0.055752
0.465686 0.550872 0.039525
0.463958 0.561810 0.034561
0.460067 0.555594 0.037204
0.469565 0.556994 0.036762
0.467877 0.568076 0.032056
0.631276 0.491473 0.082255
0.629681 0.500045 0.074185
0.625731 0.495330 0.078721
0.635229 0.496123 0.077596
0.633653 0.504831 0.069836
0.586746 0.523859 0.056069
0.585137 0.533470 0.049678
0.581159 0.528190 0.053178
0.590719 0.529064 0.052435
0.589135 0.538812 0.046355
0.619116 0.566990 0.031749
0.617733 0.577479 0.027615
0.613576 0.571842 0.029853
0.623262 0.572569 0.029395
0.621915 0.583149 0.025520
0.568100 0.430599 0.177674
0.566842 0.436651 0.165430
0.562829 0.433389 0.172117
0.572152 0.433879 0.170943
0.570820 0.439958 0.158757
0.524986 0.452207 0.134566
0.523362 0.458811 0.124000
0.519497 0.454975 0.129598
0.528867 0.455945 0.128849
0.527208 0.462746 0.118474
0.555700 0.484990 0.091202
0.553906 0.493264 0.082371
0.550088 0.488603 0.087180
0.559520 0.489555 0.086256
0.557739 0.498014 0.077712
0.608303 0.402281 0.221627
0.607791 0.410589 0.208715
0.603456 0.406549 0.216041
0.612662 0.406537 0.214159
0.612064 0.414370 0.201387
0.642284 0.431863 0.163504
0.641164 0.438642 0.151789
0.637067 0.435141 0.158642
0.646433 0.435381 0.156571
0.645251 0.442224 0.145038
0.599831 0.457914 0.125548
0.598315 0.465051 0.115230
0.594407 0.461188 0.121080
0.603752 0.461697 0.119566
0.602220 0.469034 0.109527
0.663466 0.530564 0.050002
0.662041 0.540062 0.044285
0.657930 0.534872 0.047440
0.667574 0.535703 0.046737
0.666166 0.545292 0.041282
0.510724 0.515659 0.061838
0.508938 0.525262 0.054969
0.505095 0.519803 0.058656
0.514563 0.521013 0.058012
0.512800 0.530793 0.051438
0.421093 0.590954 0.023776
0.419594 0.603348 0.020612
0.415579 0.596401 0.022256
0.425091 0.597815 0.022001
0.423647 0.610289 0.019126
0.490980 0.694236 0.009622
0.490744 0.705554 0.009415
0.485956 0.699773 0.009526
0.495760 0.700042 0.009496
0.495553 0.711238 0.009317
0.359792 0.490791 0.069562
0.357936 0.500093 0.062795
0.354131 0.494500 0.066323
0.363595 0.496293 0.065941
0.361737 0.505786 0.059347
0.533183 0.400157 0.229425
0.532923 0.408314 0.217162
0.528349 0.404185 0.223350
0.537818 0.404549 0.223159
0.537414 0.412266 0.210926
0.449643 0.442346 0.137551
0.448025 0.448670 0.127394
0.444117 0.444700 0.132474
0.453570 0.446204 0.132380
0.451912 0.452730 0.122346
0.575046 0.607368 0.019174
0.573880 0.618598 0.016782
0.569593 0.612639 0.018041
0.579313 0.613299 0.017789
0.578194 0.624555 0.015669
0.724240 0.550213 0.037596
0.718713 0.554532 0.035478
0.729772 0.545968 0.039767
0.713188 0.558926 0.033424
0.707670 0.563398 0.031442
0.746383 0.533658 0.046513
0.740843 0.537695 0.044233
0.751923 0.529681 0.048815
0.735306 0.541797 0.041982
0.554517 0.712122 0.009176
0.549547 0.717398 0.009136
0.559488 0.706829 0.009216
0.544578 0.722644 0.009098
0.539612 0.727846 0.009063
0.574414 0.690956 0.009375
0.569426 0.696234 0.009296
0.579427 0.685690 0.009507
0.564457 0.701529 0.009256
0.325721 0.513965 0.051508
0.460888 0.727095 0.009148
0.388211 0.625425 0.016000
0.636675 0.628360 0.014366
0.631293 0.633617 0.013680
0.642082 0.623081 0.015111
0.625948 0.638842 0.013039
0.620642 0.644044 0.012446
0.658375 0.607361 0.017920
0.652934 0.612570 0.016888
0.663826 0.602197 0.019046
0.647501 0.617813 0.015952
0.680218 0.587065 0.022981
0.674748 0.592042 0.021576
0.685694 0.582164 0.024481
0.669283 0.597088 0.020264
0.702163 0.567958 0.029554
0.696665 0.572607 0.027766
0.691176 0.577344 0.026075
0.423121 0.678990 0.010315
0.514839 0.753019 0.008944
0.509899 0.757926 0.008936
0.519783 0.748085 0.008958
0.504965 0.762827 0.008935
0.500038 0.767734 0.008940
0.534648 0.732994 0.009030
0.529689 0.738082 0.009002
0.524734 0.743111 0.008978
0.356596 0.566572 0.029668
0.594643 0.669992 0.010222
0.589541 0.675207 0.009931
0.599776 0.664791 0.010565
0.584470 0.680440 0.009693
0.615373 0.649233 0.011901
0.610141 0.654417 0.011405
0.604941 0.659600 0.010960
0.306621 0.485306 0.068129
0.302804 0.479857 0.071637
0.310437 0.490840 0.064672
0.298984 0.474486 0.075188
0.295158 0.469189 0.078775
0.321892 0.508032 0.054681
0.318071 0.502195 0.057939
0.314253 0.496466 0.061272
0.437039 0.697956 0.009651
0.432356 0.691709 0.009803
0.441751 0.704077 0.009522
0.427714 0.685388 0.010019
0.456067 0.721536 0.009221
0.451268 0.715853 0.009308
0.446495 0.710037 0.009408
0.368239 0.588651 0.023437
0.364348 0.581210 0.025373
0.372147 0.596138 0.021654
0.360469 0.573842 0.027452
0.384101 0.618347 0.017206
0.380058 0.611087 0.018547
0.376081 0.603642 0.020027
0.400902 0.646027 0.013110
0.396615 0.639238 0.013961
0.405244 0.652747 0.012363
0.392384 0.632375 0.014921
0.418577 0.672524 0.010694
0.414082 0.665994 0.011160
0.409638 0.659402 0.011715
0.475467 0.743090 0.008997
0.470590 0.737869 0.009036
0.480358 0.748202 0.008968
0.465730 0.732539 0.009086
0.495104 0.762962 0.008935
0.490179 0.758127 0.008938
0.485262 0.753213 0.008949
0.337271 0.532453 0.042548
0.333414 0.526150 0.045439
0.341132 0.538923 0.039756
0.329564 0.519996 0.048426
0.352726 0.559424 0.032013
0.348860 0.552419 0.034481
0.344996 0.545579 0.037065
