0.005364 0.035767 0 0.001965 0 0 0 0 0.043096
0.005434 0.041986 0 0.002059 0 0 0 0 0.049479
0.005334 0.045121 0 0.002322 0 0 0 0 0.052777
0.005347 0.04651 0 0.002074 0 0 0 0 0.053931
0.005274 0.045156 0 0.002036 0 0 0 0 0.052466
0.00528 0.045392 0 0.002077 0 0 0 0 0.052749
0.005301 0.045803 0 0.002124 0 0 0 0 0.053228
0.005672 0.046036 0 0.002185 0 0 0 0 0.053893
0.007771 0.045197 0 0.021178 0 0 0 0 0.074146
0.031286 0.053437 0 0.013753 0 0 0 0 0.098476
0.028523 0.070599 0 0.012996 0 0 0 0 0.112118
0.029513 0.054713 0 0.013176 0 0 0 0 0.097402
0.027439 0.054584 0 0.013815 0 0 0 0 0.095838
0.028456 0.054012 0 0.015527 0 0 0 0 0.097995
0.048663 0.059375 0 0.013427 0 0 0 0 0.121465
0.050883 0.056875 0 0.013925 0 0 0 0 0.121683
0.046075 0.053184 0 0.013679 0 0 0 0 0.112938
0.0376 0.053769 0 0.013121 0 0 0 0 0.10449
0.028113 0.053809 0 0.0141 0 0 0 0 0.096022
0.044498 0.054457 0 0.017658 0 0 0 0 0.116613
0.044703 0.063831 0 0.018137 0 0 0 0 0.126671
0.049921 0.0555 0 0.014065 0 0 0 0 0.119486
0.045344 0.052436 0 0.015129 0 0 0 0 0.112909
0.031467 0.053199 0 0.014812 0 0 0 0 0.099478
0.035394 0.056025 0 0.016936 0 0 0 0 0.108355
