0.005513 0.036273 0 0.001995 0 0 0 0 0.043781
0.005514 0.04063 0 0.002074 0 0 0 0 0.048218
0.005498 0.044921 0 0.002062 0 0 0 0 0.052481
0.005485 0.04543 0 0.002054 0 0 0 0 0.052969
0.00544 0.045532 0 0.002124 0 0 0 0 0.053096
0.00547 0.045903 0 0.002127 0 0 0 0 0.0535
0.005486 0.045575 0 0.002283 0 0 0 0 0.053344
0.005842 0.046036 0 0.00215 0 0 0 0 0.054028
0.007937 0.046032 0 0.021025 0 0 0 0 0.074994
0.032053 0.05407 0 0.013716 0 0 0 0 0.099839
0.028128 0.070489 0 0.013102 0 0 0 0 0.111719
0.030309 0.054709 0 0.013082 0 0 0 0 0.0981
0.028302 0.055077 0 0.013841 0 0 0 0 0.09722
0.029113 0.054634 0 0.015554 0 0 0 0 0.099301
0.050123 0.058446 0 0.013157 0 0 0 0 0.121726
0.051889 0.057175 0 0.013848 0 0 0 0 0.122912
0.048168 0.053659 0 0.013766 0 0 0 0 0.115593
0.038451 0.054975 0 0.013208 0 0 0 0 0.106634
0.028554 0.054785 0 0.014161 0 0 0 0 0.0975
0.046141 0.053309 0 0.017691 0 0 0 0 0.117141
0.045278 0.052839 0 0.01752 0 0 0 0 0.115637
0.049344 0.054373 0 0.014199 0 0 0 0 0.117916
0.046279 0.0548 0 0.015376 0 0 0 0 0.116455
0.03253 0.05351 0 0.014676 0 0 0 0 0.100716
0.036122 0.052689 0 0.014927 0 0 0 0 0.103738
