0.005575 0.036634 0 0.001936 0 0 0 0 0.044145
0.005478 0.040696 0 0.002015 0 0 0 0 0.048189
0.005274 0.044302 0 0.001986 0 0 0 0 0.051562
0.005421 0.045065 0 0.002009 0 0 0 0 0.052495
0.005273 0.044277 0 0.002206 0 0 0 0 0.051756
0.005283 0.045015 0 0.002037 0 0 0 0 0.052335
0.00526 0.044723 0 0.002064 0 0 0 0 0.052047
0.005661 0.04435 0 0.002099 0 0 0 0 0.05211
0.007999 0.044822 0 0.020337 0 0 0 0 0.073158
0.031315 0.052729 0 0.013506 0 0 0 0 0.09755
0.027297 0.067458 0 0.012641 0 0 0 0 0.107396
0.029224 0.054129 0 0.012497 0 0 0 0 0.09585
0.02712 0.053546 0 0.013155 0 0 0 0 0.093821
0.028386 0.054795 0 0.014975 0 0 0 0 0.098156
0.049362 0.056881 0 0.012647 0 0 0 0 0.11889
0.051035 0.056464 0 0.013309 0 0 0 0 0.120808
0.04645 0.053585 0 0.013355 0 0 0 0 0.11339
0.038361 0.053524 0 0.01264 0 0 0 0 0.104525
0.028374 0.053291 0 0.013621 0 0 0 0 0.095286
0.045161 0.052408 0 0.017095 0 0 0 0 0.114664
0.04556 0.051839 0 0.016905 0 0 0 0 0.114304
0.048437 0.053356 0 0.013557 0 0 0 0 0.11535
0.045329 0.052414 0 0.014604 0 0 0 0 0.112347
0.031065 0.05146 0 0.014175 0 0 0 0 0.0967
0.035178 0.05119 0 0.014281 0 0 0 0 0.100649
