0.005496 0.037643 0 0.002006 0 0 0 0 0.045145
0.005502 0.040324 0 0.002016 0 0 0 0 0.047842
0.00536 0.046241 0 0.002036 0 0 0 0 0.053637
0.005367 0.047327 0 0.002048 0 0 0 0 0.054742
0.00541 0.04726 0 0.002036 0 0 0 0 0.054706
0.005433 0.04754 0 0.002073 0 0 0 0 0.055046
0.005608 0.058025 0 0.002221 0 0 0 0 0.065854
0.005989 0.049519 0 0.002273 0 0 0 0 0.057781
0.008187 0.049021 0 0.021363 0 0 0 0 0.078571
0.031869 0.073257 0 0.013517 0 0 0 0 0.118643
0.027849 0.05724 0 0.013309 0 0 0 0 0.098398
0.030699 0.057969 0 0.013307 0 0 0 0 0.101975
0.028873 0.058767 0 0.013972 0 0 0 0 0.101612
0.029339 0.058493 0 0.01592 0 0 0 0 0.103752
0.049153 0.060968 0 0.013111 0 0 0 0 0.123232
0.050668 0.059382 0 0.013775 0 0 0 0 0.123825
0.046555 0.057085 0 0.013765 0 0 0 0 0.117405
0.03816 0.056283 0 0.012935 0 0 0 0 0.107378
0.028273 0.055875 0 0.014021 0 0 0 0 0.098169
0.044825 0.055219 0 0.017709 0 0 0 0 0.117753
