0 0.063018 0 0.039501 0 0 0 0 0.102519
0 0.072359 0 0.033356 0 0 0 0 0.105715
0 0.078424 0 0.040692 0 0 0 0 0.119116
0 0.079036 0 0.034663 0 0 0 0 0.113699
0 0.079116 0 0.047755 0 0 0 0 0.126871
0 0.079692 0 0.040938 0 0 0 0 0.12063
0 0.084575 0 0.041031 0 0 0 0 0.125606
0 0.082927 0 0.035484 0 0 0 0 0.118411
0 0.080485 0 0.062477 0 0 0 0 0.142962
0 0.080227 0 0.072829 0 0 0 0 0.153056
0 0.0796 0 0.080371 0 0 0 0 0.159971
0 0.080065 0 0.078723 0 0 0 0 0.158788
0 0.079345 0 0.128552 0 0 0 0 0.207897
0 0.079023 0 0.142373 0 0 0 0 0.221396
0 0.078568 0 0.109878 0 0 0 0 0.188446
