0 0.062696 0 0.038631 0 0 0 0 0.101327
0 0.072377 0 0.033637 0 0 0 0 0.106014
0 0.080463 0 0.040058 0 0 0 0 0.120521
0 0.079272 0 0.034982 0 0 0 0 0.114254
0 0.079213 0 0.047111 0 0 0 0 0.126324
0 0.078878 0 0.040189 0 0 0 0 0.119067
0 0.078192 0 0.039637 0 0 0 0 0.117829
0 0.080223 0 0.035084 0 0 0 0 0.115307
0 0.078928 0 0.061296 0 0 0 0 0.140224
0 0.078645 0 0.071308 0 0 0 0 0.149953
0 0.077667 0 0.079138 0 0 0 0 0.156805
0 0.078255 0 0.078862 0 0 0 0 0.157117
0 0.077852 0 0.127269 0 0 0 0 0.205121
0 0.077023 0 0.141317 0 0 0 0 0.21834
0 0.076243 0 0.109798 0 0 0 0 0.186041
