0.18098 0.630305 0 0.010237 0 0 0 0 0.821522
0.191435 0.638674 0 0.010157 0 0 0 0 0.840266
0.173125 0.643191 0 0.010518 0 0 0 0 0.826834
0.177554 0.646587 0 0.012463 0 0 0 0 0.836604
0.176195 0.641304 0 0.010391 0 0 0 0 0.82789
0.181688 0.649202 0 0.010722 0 0 0 0 0.841612
0.178054 0.647656 0 0.010419 0 0 0 0 0.836129
0.170722 0.650415 0 0.010572 0 0 0 0 0.831709
0.151017 0.6504 0 0.010476 0 0 0 0 0.811893
0.161091 0.648351 0 0.01044 0 0 0 0 0.819882
0.172229 0.648926 0 0.010501 0 0 0 0 0.831656
0.171364 0.642973 0 0.010455 0 0 0 0 0.824792
0.170434 0.647369 0 0.010456 0 0 0 0 0.828259
0.168065 0.643633 0 0.010413 0 0 0 0 0.822111
0.173484 0.64783 0 0.010429 0 0 0 0 0.831743
0.183848 0.657417 0 0.010561 0 0 0 0 0.851826
0.179629 0.648032 0 0.010514 0 0 0 0 0.838175
0.176091 0.648618 0 0.010554 0 0 0 0 0.835263
0.171646 0.643438 0 0.010543 0 0 0 0 0.825627
0.170256 0.644632 0 0.010431 0 0 0 0 0.825319
0.160015 0.645205 0 0.010419 0 0 0 0 0.815639
0.15195 0.63821 0 0.010357 0 0 0 0 0.800517
0.141243 0.642993 0 0.01042 0 0 0 0 0.794656
0.161193 0.669815 0 0.01064 0 0 0 0 0.841648
0.168151 0.644278 0 0.010427 0 0 0 0 0.822856
0.166567 0.643977 0 0.010382 0 0 0 0 0.820926
0.174339 0.643216 0 0.010691 0 0 0 0 0.828246
0.179609 0.666264 0 0.010564 0 0 0 0 0.856437
0.179347 0.642861 0 0.010472 0 0 0 0 0.83268
0.175639 0.6472 0 0.010493 0 0 0 0 0.833332
0.17189 0.641787 0 0.010527 0 0 0 0 0.824204
0.169069 0.647453 0 0.011177 0 0 0 0 0.827699
0.155636 0.645674 0 0.010466 0 0 0 0 0.811776
0.160907 0.645011 0 0.010387 0 0 0 0 0.816305
0.160209 0.647834 0 0.01059 0 0 0 0 0.818633
0.162705 0.643444 0 0.010588 0 0 0 0 0.816737
0.169882 0.647946 0 0.010656 0 0 0 0 0.828484
0.180501 0.646027 0 0.010487 0 0 0 0 0.837015
0.181994 0.645136 0 0.010806 0 0 0 0 0.837936
0.188877 0.648075 0 0.010651 0 0 0 0 0.847603
0.166432 0.643013 0 0.010508 0 0 0 0 0.819953
0.155863 0.64652 0 0.01104 0 0 0 0 0.813423
0.155809 0.64344 0 0.010537 0 0 0 0 0.809786
0.161113 0.645862 0 0.0105 0 0 0 0 0.817475
0.16563 0.644823 0 0.010876 0 0 0 0 0.821329
0.183211 0.641921 0 0.010391 0 0 0 0 0.835523
0.181277 0.644624 0 0.010441 0 0 0 0 0.836342
0.17776 0.642283 0 0.010487 0 0 0 0 0.83053
0.169744 0.642999 0 0.010438 0 0 0 0 0.823181
0.155152 0.645567 0 0.010606 0 0 0 0 0.811325
0.154242 0.643385 0 0.01046 0 0 0 0 0.808087
0.173215 0.649708 0 0.012459 0 0 0 0 0.835382
0.169966 0.642551 0 0.01039 0 0 0 0 0.822907
0.19251 0.675012 0 0.013709 0 0 0 0 0.881231
0.1864 0.669538 0 0.011308 0 0 0 0 0.867246
0.177843 0.669632 0 0.011587 0 0 0 0 0.859062
0.166895 0.669054 0 0.011263 0 0 0 0 0.847212
0.156782 0.665498 0 0.011219 0 0 0 0 0.833499
