0 0.058548 0 0.035604 0 0 0 0 0.094152
0 0.070214 0 0.03206 0 0 0 0 0.102274
0 0.070829 0 0.038361 0 0 0 0 0.10919
0 0.071254 0 0.032869 0 0 0 0 0.104123
0 0.071661 0 0.045222 0 0 0 0 0.116883
0 0.071275 0 0.038923 0 0 0 0 0.110198
0 0.071158 0 0.038503 0 0 0 0 0.109661
0 0.071243 0 0.033212 0 0 0 0 0.104455
0 0.075414 0 0.061193 0 0 0 0 0.136607
0 0.074627 0 0.071246 0 0 0 0 0.145873
0 0.071056 0 0.074415 0 0 0 0 0.145471
0 0.071186 0 0.073027 0 0 0 0 0.144213
0 0.070811 0 0.119087 0 0 0 0 0.189898
0 0.070727 0 0.132294 0 0 0 0 0.203021
0 0.070591 0 0.10191 0 0 0 0 0.172501
