0 0.063585 0 0.038905 0 0 0 0 0.10249
0 0.070515 0 0.032194 0 0 0 0 0.102709
0 0.075903 0 0.039192 0 0 0 0 0.115095
0 0.078337 0 0.033571 0 0 0 0 0.111908
0 0.079835 0 0.048243 0 0 0 0 0.128078
0 0.078823 0 0.039985 0 0 0 0 0.118808
0 0.077218 0 0.039347 0 0 0 0 0.116565
0 0.079095 0 0.03404 0 0 0 0 0.113135
0 0.077564 0 0.060069 0 0 0 0 0.137633
0 0.077269 0 0.070341 0 0 0 0 0.14761
0 0.077119 0 0.077332 0 0 0 0 0.154451
0 0.077134 0 0.075751 0 0 0 0 0.152885
0 0.076088 0 0.123723 0 0 0 0 0.199811
0 0.07794 0 0.139986 0 0 0 0 0.217926
0 0.075785 0 0.106503 0 0 0 0 0.182288
