0 0.059956 0 0.036311 0 0 0 0 0.096267
0 0.069066 0 0.032862 0 0 0 0 0.101928
0 0.07257 0 0.039401 0 0 0 0 0.111971
0 0.072155 0 0.033494 0 0 0 0 0.105649
0 0.07253 0 0.046125 0 0 0 0 0.118655
0 0.072464 0 0.039783 0 0 0 0 0.112247
0 0.072867 0 0.039826 0 0 0 0 0.112693
0 0.073917 0 0.034757 0 0 0 0 0.108674
0 0.07564 0 0.060239 0 0 0 0 0.135879
0 0.073341 0 0.06944 0 0 0 0 0.142781
0 0.072529 0 0.076224 0 0 0 0 0.148753
0 0.072157 0 0.075006 0 0 0 0 0.147163
0 0.072428 0 0.123011 0 0 0 0 0.195439
0 0.073559 0 0.135912 0 0 0 0 0.209471
0 0.071772 0 0.104808 0 0 0 0 0.17658
