0.00569 0.038448 0 0.002053 0 0 0 0 0.046191
0.005716 0.047527 0 0.002124 0 0 0 0 0.055367
0.005514 0.049145 0 0.002135 0 0 0 0 0.056794
0.005565 0.04983 0 0.002143 0 0 0 0 0.057538
0.005589 0.048638 0 0.002129 0 0 0 0 0.056356
0.005581 0.048747 0 0.00214 0 0 0 0 0.056468
0.005546 0.049369 0 0.002215 0 0 0 0 0.05713
0.005892 0.049363 0 0.002257 0 0 0 0 0.057512
0.008068 0.04938 0 0.021764 0 0 0 0 0.079212
0.032877 0.073632 0 0.014735 0 0 0 0 0.121244
0.028909 0.059042 0 0.013089 0 0 0 0 0.10104
0.030751 0.058583 0 0.012965 0 0 0 0 0.102299
0.028686 0.058613 0 0.013724 0 0 0 0 0.101023
0.02975 0.058261 0 0.015522 0 0 0 0 0.103533
0.050816 0.062896 0 0.01398 0 0 0 0 0.127692
0.052674 0.062198 0 0.014087 0 0 0 0 0.128959
0.048513 0.058071 0 0.013904 0 0 0 0 0.120488
0.039534 0.058449 0 0.013198 0 0 0 0 0.111181
0.029363 0.058392 0 0.014553 0 0 0 0 0.102308
0.046836 0.058024 0 0.01835 0 0 0 0 0.12321
0.04604 0.05703 0 0.017918 0 0 0 0 0.120988
0.050274 0.058889 0 0.014404 0 0 0 0 0.123567
0.046763 0.057105 0 0.015274 0 0 0 0 0.119142
0.032176 0.056735 0 0.014946 0 0 0 0 0.103857
0.036331 0.056363 0 0.015027 0 0 0 0 0.107721
