0 0.059659 0 0.036501 0 0 0 0 0.09616
0 0.073695 0 0.032061 0 0 0 0 0.105756
0 0.072579 0 0.038474 0 0 0 0 0.111053
0 0.070688 0 0.033022 0 0 0 0 0.10371
0 0.070558 0 0.045266 0 0 0 0 0.115824
0 0.070529 0 0.03885 0 0 0 0 0.109379
0 0.071283 0 0.03842 0 0 0 0 0.109703
0 0.071137 0 0.033504 0 0 0 0 0.104641
0 0.07284 0 0.058676 0 0 0 0 0.131516
0 0.070595 0 0.067725 0 0 0 0 0.13832
0 0.069986 0 0.074467 0 0 0 0 0.144453
0 0.070723 0 0.072929 0 0 0 0 0.143652
0 0.070296 0 0.118974 0 0 0 0 0.18927
0 0.070824 0 0.139724 0 0 0 0 0.210548
0 0.073406 0 0.103485 0 0 0 0 0.176891
