0 0.063776 0 0.038446 0 0 0 0 0.102222
0 0.074542 0 0.034686 0 0 0 0 0.109228
0 0.079255 0 0.040116 0 0 0 0 0.119371
0 0.081045 0 0.035775 0 0 0 0 0.11682
0 0.080503 0 0.047614 0 0 0 0 0.128117
0 0.079641 0 0.041191 0 0 0 0 0.120832
0 0.078471 0 0.04017 0 0 0 0 0.118641
0 0.07994 0 0.034662 0 0 0 0 0.114602
0 0.089945 0 0.060661 0 0 0 0 0.150606
0 0.075819 0 0.069795 0 0 0 0 0.145614
0 0.075189 0 0.077487 0 0 0 0 0.152676
0 0.076152 0 0.079855 0 0 0 0 0.156007
0 0.080744 0 0.12812 0 0 0 0 0.208864
0 0.080924 0 0.140453 0 0 0 0 0.221377
0 0.074393 0 0.105489 0 0 0 0 0.179882
