0 0.05908 0 0.03605 0 0 0 0 0.09513
0 0.073351 0 0.034044 0 0 0 0 0.107395
0 0.074526 0 0.040445 0 0 0 0 0.114971
0 0.074437 0 0.034784 0 0 0 0 0.109221
0 0.07474 0 0.047593 0 0 0 0 0.122333
0 0.074951 0 0.041184 0 0 0 0 0.116135
0 0.075224 0 0.040506 0 0 0 0 0.11573
0 0.07507 0 0.035294 0 0 0 0 0.110364
0 0.077604 0 0.061728 0 0 0 0 0.139332
0 0.074984 0 0.071372 0 0 0 0 0.146356
0 0.075002 0 0.07833 0 0 0 0 0.153332
0 0.082169 0 0.080652 0 0 0 0 0.162821
0 0.074663 0 0.125994 0 0 0 0 0.200657
0 0.075772 0 0.140638 0 0 0 0 0.21641
0 0.075772 0 0.108065 0 0 0 0 0.183837
