0.005604 0.038438 0 0.002039 0 0 0 0 0.046081
0.0056 0.041594 0 0.002067 0 0 0 0 0.049261
0.00546 0.047774 0 0.002077 0 0 0 0 0.055311
0.005506 0.048352 0 0.002071 0 0 0 0 0.055929
0.005453 0.04822 0 0.002089 0 0 0 0 0.055762
0.005493 0.048611 0 0.002111 0 0 0 0 0.056215
0.005429 0.04827 0 0.002149 0 0 0 0 0.055848
0.005841 0.048415 0 0.002163 0 0 0 0 0.056419
0.007909 0.049122 0 0.021665 0 0 0 0 0.078696
0.032484 0.0752 0 0.014168 0 0 0 0 0.121852
0.028663 0.059053 0 0.01335 0 0 0 0 0.101066
0.030244 0.057757 0 0.013178 0 0 0 0 0.101179
0.028288 0.057458 0 0.013945 0 0 0 0 0.099691
0.029315 0.057211 0 0.015942 0 0 0 0 0.102468
0.050181 0.062562 0 0.013421 0 0 0 0 0.126164
0.051403 0.060982 0 0.014046 0 0 0 0 0.126431
0.047516 0.05774 0 0.014126 0 0 0 0 0.119382
0.038932 0.058543 0 0.013728 0 0 0 0 0.111203
0.029091 0.057496 0 0.014517 0 0 0 0 0.101104
0.046907 0.057827 0 0.018467 0 0 0 0 0.123201
0.04669 0.05715 0 0.018255 0 0 0 0 0.122095
0.050865 0.06001 0 0.01495 0 0 0 0 0.125825
0.04661 0.056879 0 0.015653 0 0 0 0 0.119142
0.031822 0.056206 0 0.014851 0 0 0 0 0.102879
0.035991 0.055803 0 0.015201 0 0 0 0 0.106995
