0.001012 0.050597 0 0.00106 0 0 0 0 0.052669
0.001047 0.058043 0 0.028875 0 0 0 0 0.087965
0.061596 0.072615 0 0.015049 0 0 0 0 0.14926
0.060241 0.072396 0 0.014195 0 0 0 0 0.146832
0.060487 0.072199 0 0.014536 0 0 0 0 0.147222
0.060168 0.07332 0 0.014905 0 0 0 0 0.148393
0.060258 0.072905 0 0.014751 0 0 0 0 0.147914
0.055571 0.074003 0 0.014596 0 0 0 0 0.14417
0.055973 0.090267 0 0.014346 0 0 0 0 0.160586
0.050551 0.071181 0 0.01454 0 0 0 0 0.136272
0.047621 0.070673 0 0.014535 0 0 0 0 0.132829
0.043512 0.070349 0 0.014428 0 0 0 0 0.128289
0.041932 0.06936 0 0.014372 0 0 0 0 0.125664
0.039159 0.068625 0 0.014421 0 0 0 0 0.122205
0.035711 0.067712 0 0.014463 0 0 0 0 0.117886
0.030364 0.067031 0 0.01449 0 0 0 0 0.111885
0.024867 0.066813 0 0.014839 0 0 0 0 0.106519
0.020701 0.066488 0 0.014801 0 0 0 0 0.10199
0.017147 0.064619 0 0.014412 0 0 0 0 0.096178
0.014091 0.063421 0 0.014401 0 0 0 0 0.091913
0.010149 0.062843 0 0.014282 0 0 0 0 0.087274
0.009278 0.061834 0 0.01429 0 0 0 0 0.085402
0.005922 0.061182 0 0.014303 0 0 0 0 0.081407
0.005196 0.060836 0 0.014353 0 0 0 0 0.080385
0.004474 0.060959 0 0.014508 0 0 0 0 0.079941
