0.005514 0.037871 0 0.002011 0 0 0 0 0.045396
0.005534 0.045401 0 0.002087 0 0 0 0 0.053022
0.00539 0.047771 0 0.002042 0 0 0 0 0.055203
0.005398 0.048031 0 0.002031 0 0 0 0 0.05546
0.00537 0.046981 0 0.002039 0 0 0 0 0.05439
0.005392 0.04706 0 0.00206 0 0 0 0 0.054512
0.005402 0.047142 0 0.002117 0 0 0 0 0.054661
0.00573 0.04695 0 0.002141 0 0 0 0 0.054821
0.007742 0.04734 0 0.021115 0 0 0 0 0.076197
0.031602 0.072545 0 0.013451 0 0 0 0 0.117598
0.027821 0.056666 0 0.012771 0 0 0 0 0.097258
0.029777 0.05649 0 0.013378 0 0 0 0 0.099645
0.027811 0.056991 0 0.013531 0 0 0 0 0.098333
0.028613 0.056724 0 0.015644 0 0 0 0 0.100981
0.049539 0.061785 0 0.013214 0 0 0 0 0.124538
0.050849 0.060516 0 0.013937 0 0 0 0 0.125302
0.046561 0.056785 0 0.013846 0 0 0 0 0.117192
0.038462 0.057137 0 0.013061 0 0 0 0 0.10866
0.028601 0.055834 0 0.014014 0 0 0 0 0.098449
0.045537 0.056831 0 0.018097 0 0 0 0 0.120465
0.045064 0.056253 0 0.01793 0 0 0 0 0.119247
0.049126 0.057769 0 0.01433 0 0 0 0 0.121225
0.045519 0.055196 0 0.01515 0 0 0 0 0.115865
0.030997 0.054791 0 0.014282 0 0 0 0 0.10007
0.034837 0.053526 0 0.014543 0 0 0 0 0.102906
