0 0.062832 0 0.038658 0 0 0 0 0.10149
0 0.072648 0 0.034935 0 0 0 0 0.107583
0 0.081174 0 0.041055 0 0 0 0 0.122229
0 0.082295 0 0.034701 0 0 0 0 0.116996
0 0.082571 0 0.047965 0 0 0 0 0.130536
0 0.08299 0 0.041146 0 0 0 0 0.124136
0 0.082749 0 0.040643 0 0 0 0 0.123392
0 0.084174 0 0.035356 0 0 0 0 0.11953
0 0.082603 0 0.062352 0 0 0 0 0.144955
0 0.082675 0 0.072715 0 0 0 0 0.15539
0 0.081684 0 0.080009 0 0 0 0 0.161693
0 0.082884 0 0.078501 0 0 0 0 0.161385
0 0.079338 0 0.129046 0 0 0 0 0.208384
0 0.078819 0 0.142167 0 0 0 0 0.220986
0 0.078173 0 0.109955 0 0 0 0 0.188128
