0 0.058368 0 0.035746 0 0 0 0 0.094114
0 0.075187 0 0.033881 0 0 0 0 0.109068
0 0.077515 0 0.04035 0 0 0 0 0.117865
0 0.077441 0 0.034834 0 0 0 0 0.112275
0 0.077472 0 0.047584 0 0 0 0 0.125056
0 0.077379 0 0.041011 0 0 0 0 0.11839
0 0.07743 0 0.040447 0 0 0 0 0.117877
0 0.076854 0 0.035079 0 0 0 0 0.111933
0 0.079895 0 0.061784 0 0 0 0 0.141679
0 0.077553 0 0.071552 0 0 0 0 0.149105
0 0.076989 0 0.07844 0 0 0 0 0.155429
0 0.077184 0 0.082518 0 0 0 0 0.159702
0 0.07636 0 0.125905 0 0 0 0 0.202265
0 0.077251 0 0.139985 0 0 0 0 0.217236
0 0.076588 0 0.107246 0 0 0 0 0.183834
