0.005471 0.036163 0 0.002017 0 0 0 0 0.043651
0.005508 0.041351 0 0.002065 0 0 0 0 0.048924
0.005399 0.044685 0 0.002032 0 0 0 0 0.052116
0.005391 0.04456 0 0.002043 0 0 0 0 0.051994
0.005412 0.044624 0 0.002036 0 0 0 0 0.052072
0.005414 0.044279 0 0.002061 0 0 0 0 0.051754
0.005368 0.044297 0 0.002074 0 0 0 0 0.051739
0.00569 0.044332 0 0.002134 0 0 0 0 0.052156
0.0078 0.044737 0 0.021571 0 0 0 0 0.074108
0.032693 0.054317 0 0.014346 0 0 0 0 0.101356
0.028717 0.072088 0 0.013556 0 0 0 0 0.114361
0.029876 0.054665 0 0.013135 0 0 0 0 0.097676
0.027472 0.05301 0 0.013716 0 0 0 0 0.094198
0.028633 0.052462 0 0.015348 0 0 0 0 0.096443
0.048674 0.056602 0 0.013074 0 0 0 0 0.11835
0.050562 0.055807 0 0.013765 0 0 0 0 0.120134
0.046504 0.052689 0 0.013759 0 0 0 0 0.112952
0.037911 0.052731 0 0.01307 0 0 0 0 0.103712
0.028035 0.0528 0 0.01419 0 0 0 0 0.095025
0.04503 0.052866 0 0.017705 0 0 0 0 0.115601
0.044266 0.051454 0 0.017473 0 0 0 0 0.113193
0.048069 0.053204 0 0.013971 0 0 0 0 0.115244
0.044788 0.05189 0 0.01505 0 0 0 0 0.111728
0.030828 0.051031 0 0.014443 0 0 0 0 0.096302
0.034857 0.05078 0 0.0147 0 0 0 0 0.100337
