0.005577 0.03712 0 0.002034 0 0 0 0 0.044731
0.005653 0.044734 0 0.002203 0 0 0 0 0.05259
0.005596 0.049214 0 0.002123 0 0 0 0 0.056933
0.005594 0.049223 0 0.00218 0 0 0 0 0.056997
0.005637 0.049178 0 0.002144 0 0 0 0 0.056959
0.005629 0.049595 0 0.002206 0 0 0 0 0.05743
0.005603 0.049148 0 0.002436 0 0 0 0 0.057187
0.006013 0.049379 0 0.002271 0 0 0 0 0.057663
0.008123 0.049306 0 0.022219 0 0 0 0 0.079648
0.033472 0.057032 0 0.014438 0 0 0 0 0.104942
0.02899 0.075457 0 0.013737 0 0 0 0 0.118184
0.031286 0.058287 0 0.013756 0 0 0 0 0.103329
0.02965 0.05739 0 0.014488 0 0 0 0 0.101528
0.031031 0.058446 0 0.016258 0 0 0 0 0.105735
0.052156 0.061235 0 0.01378 0 0 0 0 0.127171
0.05498 0.059108 0 0.014499 0 0 0 0 0.128587
0.049706 0.056604 0 0.014536 0 0 0 0 0.120846
0.043661 0.066563 0 0.013689 0 0 0 0 0.123913
0.030295 0.058319 0 0.014879 0 0 0 0 0.103493
0.047756 0.056579 0 0.018565 0 0 0 0 0.1229
0.047457 0.055158 0 0.018369 0 0 0 0 0.120984
0.05145 0.056782 0 0.0148 0 0 0 0 0.123032
0.048051 0.056703 0 0.016272 0 0 0 0 0.121026
0.032737 0.055276 0 0.015206 0 0 0 0 0.103219
0.037446 0.054086 0 0.015484 0 0 0 0 0.107016
