0 0.059437 0 0.036083 0 0 0 0 0.09552
0 0.071802 0 0.032288 0 0 0 0 0.10409
0 0.071573 0 0.038431 0 0 0 0 0.110004
0 0.071556 0 0.033232 0 0 0 0 0.104788
0 0.071691 0 0.04576 0 0 0 0 0.117451
0 0.072062 0 0.03937 0 0 0 0 0.111432
0 0.072329 0 0.038667 0 0 0 0 0.110996
0 0.071768 0 0.033582 0 0 0 0 0.10535
0 0.073569 0 0.059075 0 0 0 0 0.132644
0 0.071792 0 0.068473 0 0 0 0 0.140265
0 0.071114 0 0.075077 0 0 0 0 0.146191
0 0.072045 0 0.073741 0 0 0 0 0.145786
0 0.071338 0 0.120207 0 0 0 0 0.191545
0 0.071402 0 0.133498 0 0 0 0 0.2049
0 0.0708 0 0.102654 0 0 0 0 0.173454
