0.970008 0.090995 0.322149 0.969856 -0.338778 0.323122
0.969496 0.089647 0.304963 0.965304 -0.336337 0.300629
0.969253 0.091218 0.296779 0.964637 -0.336499 0.291746
0.969292 0.090269 0.288075 0.964614 -0.338318 0.282699
0.969122 0.089021 0.281240 0.965869 -0.339817 0.274965
0.970317 0.089383 0.276700 0.964594 -0.340959 0.268368
0.971691 0.089171 0.272721 0.965442 -0.340820 0.262183
0.971027 0.089114 0.247473 0.969244 -0.338930 0.247165
0.973489 0.090585 0.243694 0.968593 -0.338924 0.239942
0.976407 0.090943 0.243389 0.967837 -0.340062 0.232832
0.975949 0.090681 0.238535 0.967565 -0.340709 0.225423
0.975069 0.087861 0.233604 0.967517 -0.341951 0.218257
0.972064 0.089071 0.219796 0.965679 -0.344203 0.210325
0.969162 0.087436 0.207783 0.966315 -0.344241 0.204305
0.968828 0.086406 0.198834 0.966017 -0.344679 0.194608
0.969808 0.087618 0.192593 0.965486 -0.346493 0.185551
0.968378 0.086057 0.184565 0.965120 -0.347929 0.178280
0.966638 0.086843 0.178369 0.964721 -0.349480 0.174009
0.969096 0.088822 0.175539 0.966074 -0.347691 0.171951
0.970830 0.090169 0.173982 0.967786 -0.346212 0.169463
0.971412 0.090291 0.165347 0.966732 -0.343652 0.159703
0.972501 0.091423 0.157351 0.964922 -0.344122 0.149190
0.970593 0.091509 0.148210 0.963359 -0.343783 0.139739
0.968784 0.089785 0.135549 0.962298 -0.345093 0.130842
0.964456 0.089167 0.125385 0.963022 -0.344961 0.124408
0.963636 0.088815 0.123078 0.961490 -0.346506 0.121403
0.962265 0.088246 0.121094 0.958763 -0.347179 0.119516
0.960830 0.087612 0.116650 0.956251 -0.344254 0.115521
0.963153 0.090479 0.114626 0.955074 -0.343694 0.113499
0.962653 0.091741 0.114203 0.956549 -0.332703 0.109618
0.965972 0.092497 0.115732 0.957179 -0.328826 0.105936
0.969829 0.094592 0.118005 0.957932 -0.328097 0.105245
0.971454 0.091025 0.118697 0.957208 -0.333677 0.103743
0.973673 0.088529 0.119296 0.955580 -0.336837 0.110573
0.973467 0.088608 0.119581 0.949462 -0.334241 0.112432
0.973694 0.092218 0.121661 0.943312 -0.329162 0.114353
0.971731 0.093602 0.124833 0.936308 -0.330523 0.115559
0.964942 0.094745 0.126247 0.925629 -0.329547 0.115466
0.956811 0.093612 0.125011 0.915481 -0.329805 0.115187
0.944499 0.093752 0.123658 0.908447 -0.333662 0.113997
0.932339 0.091126 0.123212 0.902539 -0.336873 0.113753
0.922447 0.089213 0.121665 0.895752 -0.336031 0.113764
0.910131 0.087639 0.119322 0.888513 -0.339315 0.112556
0.893456 0.085490 0.118102 0.883868 -0.337657 0.111615
0.884190 0.082629 0.120089 0.875189 -0.339581 0.110759
0.876243 0.081816 0.118535 0.870210 -0.340822 0.109672
0.875590 0.080288 0.116470 0.866087 -0.341324 0.110124
0.869224 0.081699 0.113788 0.860692 -0.342362 0.109764
0.869101 0.081973 0.115935 0.855266 -0.341832 0.109237
0.873727 0.086412 0.115193 0.851884 -0.341518 0.109778
0.874585 0.087880 0.116864 0.849299 -0.341411 0.108780
0.874110 0.088755 0.118703 0.846811 -0.342042 0.109111
0.870584 0.090080 0.117792 0.843654 -0.342961 0.109864
0.860139 0.089964 0.116843 0.839951 -0.342800 0.110869
0.859482 0.090210 0.121807 0.835696 -0.342459 0.111569
0.850505 0.088140 0.124607 0.832394 -0.343366 0.113965
0.839449 0.088328 0.124590 0.824519 -0.343894 0.113651
0.826062 0.089799 0.123704 0.816582 -0.344343 0.113351
0.812936 0.090147 0.123320 0.810005 -0.342782 0.113437
0.799974 0.090589 0.122602 0.801030 -0.341243 0.113578
0.788925 0.092160 0.120561 0.794042 -0.339873 0.114804
0.780005 0.091201 0.119656 0.787442 -0.339951 0.116550
0.770575 0.092414 0.120051 0.781333 -0.340165 0.116106
0.763854 0.093381 0.118814 0.771525 -0.341568 0.117918
0.758874 0.094769 0.118747 0.766459 -0.342678 0.119721
0.749515 0.092493 0.118598 0.757291 -0.341799 0.119680
0.742589 0.089767 0.118940 0.747632 -0.342087 0.118377
0.737310 0.091170 0.117704 0.737316 -0.342121 0.117047
0.729051 0.089971 0.118403 0.728758 -0.341860 0.117107
0.723819 0.089258 0.120875 0.719491 -0.340263 0.118503
0.717095 0.089957 0.121584 0.713235 -0.340454 0.118030
0.708858 0.090328 0.120502 0.701489 -0.340387 0.118118
0.701313 0.091647 0.119344 0.692171 -0.340822 0.117896
0.691240 0.092100 0.118930 0.683664 -0.340236 0.116658
0.680385 0.092701 0.119080 0.675314 -0.340668 0.116093
0.674684 0.092679 0.118587 0.669371 -0.341236 0.115685
0.668396 0.093682 0.118441 0.665471 -0.341982 0.116834
0.658458 0.093882 0.118522 0.654216 -0.342430 0.117034
0.652343 0.095025 0.118636 0.650046 -0.342069 0.116974
0.648519 0.095564 0.118173 0.643875 -0.343391 0.116436
0.637473 0.094010 0.117924 0.634519 -0.344394 0.117267
0.623553 0.097697 0.111551 0.624777 -0.344201 0.117036
0.614714 0.100049 0.105385 0.616211 -0.344584 0.116711
0.608838 0.102523 0.103631 0.612355 -0.343130 0.116961
0.598872 0.107182 0.098632 0.602307 -0.342784 0.116474
0.596205 0.110523 0.097853 0.604051 -0.341208 0.115599
0.595506 0.112204 0.097459 0.603357 -0.340868 0.115314
0.597778 0.113788 0.096745 0.603576 -0.340730 0.115719
0.598377 0.115395 0.096513 0.603662 -0.340925 0.115805
0.598806 0.117108 0.096347 0.603714 -0.340258 0.115893
0.599355 0.118230 0.096490 0.604648 -0.340821 0.116146
0.599955 0.119310 0.095815 0.606120 -0.340054 0.116729
0.600966 0.119975 0.094913 0.609697 -0.338843 0.118408
0.601161 0.121181 0.094961 0.610405 -0.339284 0.118507
0.601410 0.121769 0.094890 0.610578 -0.338776 0.117952
0.600378 0.120783 0.092773 0.610678 -0.339797 0.117910
0.600728 0.121679 0.092910 0.610859 -0.339758 0.117826
0.602742 0.122564 0.093159 0.613762 -0.341650 0.118607
