0.964008 0.115995 0.322149 0.966856 -0.343778 0.323122
0.963496 0.114647 0.304963 0.962304 -0.341337 0.300629
0.963253 0.116218 0.296779 0.961637 -0.341499 0.291746
0.963292 0.115269 0.288075 0.961614 -0.343318 0.282699
0.963122 0.114021 0.281240 0.962869 -0.344817 0.274965
0.964317 0.114383 0.276700 0.961594 -0.345959 0.268368
0.965691 0.114171 0.272721 0.962442 -0.345820 0.262183
0.965027 0.114114 0.247473 0.966244 -0.343930 0.247165
0.967489 0.115585 0.243694 0.965593 -0.343924 0.239942
0.970407 0.115943 0.243389 0.964837 -0.345062 0.232832
0.969949 0.115681 0.238535 0.964565 -0.345709 0.225423
0.969069 0.112861 0.233604 0.964517 -0.346951 0.218257
0.966064 0.114071 0.219796 0.962679 -0.349203 0.210325
0.963161 0.112436 0.207783 0.963315 -0.349241 0.204305
0.962828 0.111406 0.198834 0.963017 -0.349679 0.194608
0.963808 0.112618 0.192593 0.962486 -0.351493 0.185551
0.962378 0.111057 0.184565 0.962120 -0.352929 0.178280
0.960638 0.111843 0.178369 0.961721 -0.354480 0.174009
0.963096 0.113822 0.175539 0.963074 -0.352691 0.171951
0.964830 0.115169 0.173982 0.964786 -0.351212 0.169463
0.965411 0.115291 0.165347 0.963732 -0.348652 0.159703
0.966501 0.116423 0.157351 0.961922 -0.349122 0.149190
0.964593 0.116509 0.148210 0.960359 -0.348783 0.139739
0.962784 0.114785 0.135549 0.959298 -0.350093 0.130842
0.958456 0.114167 0.125385 0.960022 -0.349961 0.124408
0.957636 0.113815 0.123078 0.958490 -0.351506 0.121403
0.956265 0.113246 0.121094 0.955763 -0.352179 0.119516
0.954830 0.112612 0.116650 0.953251 -0.349254 0.115521
0.957153 0.115479 0.114626 0.952074 -0.348694 0.113499
0.956652 0.116741 0.114203 0.953549 -0.337703 0.109618
0.959972 0.117497 0.115732 0.954179 -0.333826 0.105936
0.963829 0.119592 0.118005 0.954932 -0.333097 0.105245
0.965454 0.116025 0.118697 0.954208 -0.338677 0.103743
0.967673 0.113529 0.119296 0.952580 -0.341837 0.110573
0.967467 0.113608 0.119581 0.946462 -0.339241 0.112432
0.967694 0.117218 0.121661 0.940312 -0.334162 0.114353
0.965731 0.118602 0.124833 0.933308 -0.335523 0.115559
0.958942 0.119745 0.126247 0.922629 -0.334547 0.115466
0.950811 0.118612 0.125011 0.912481 -0.334805 0.115187
0.938499 0.118752 0.123658 0.905447 -0.338662 0.113997
0.926339 0.116126 0.123212 0.899539 -0.341873 0.113753
0.916447 0.114213 0.121665 0.892752 -0.341031 0.113764
0.904130 0.112639 0.119322 0.885513 -0.344315 0.112556
0.887456 0.110490 0.118102 0.880867 -0.342657 0.111615
0.878190 0.107629 0.120089 0.872189 -0.344581 0.110759
0.870243 0.106816 0.118535 0.867210 -0.345822 0.109672
0.869590 0.105288 0.116470 0.863087 -0.346324 0.110124
0.863224 0.106699 0.113788 0.857692 -0.347362 0.109764
0.863101 0.106973 0.115935 0.852266 -0.346832 0.109237
0.867727 0.111412 0.115193 0.848884 -0.346518 0.109778
0.868585 0.112880 0.116864 0.846299 -0.346411 0.108780
0.868110 0.113755 0.118703 0.843811 -0.347042 0.109111
0.864584 0.115080 0.117792 0.840654 -0.347961 0.109864
0.854138 0.114964 0.116843 0.836951 -0.347800 0.110869
0.853482 0.115210 0.121807 0.832696 -0.347459 0.111569
0.844505 0.113140 0.124607 0.829394 -0.348366 0.113965
0.833449 0.113328 0.124590 0.821519 -0.348894 0.113651
0.820062 0.114799 0.123704 0.813582 -0.349343 0.113351
0.806936 0.115147 0.123320 0.807005 -0.347782 0.113437
0.793974 0.115589 0.122602 0.798030 -0.346243 0.113578
0.782925 0.117160 0.120561 0.791042 -0.344873 0.114804
0.774005 0.116201 0.119656 0.784442 -0.344951 0.116550
0.764575 0.117414 0.120051 0.778333 -0.345165 0.116106
0.757854 0.118381 0.118814 0.768525 -0.346568 0.117918
0.752874 0.119769 0.118747 0.763459 -0.347678 0.119721
0.743515 0.117493 0.118598 0.754291 -0.346799 0.119680
0.736589 0.114767 0.118940 0.744632 -0.347087 0.118377
0.731309 0.116170 0.117704 0.734316 -0.347121 0.117047
0.723051 0.114971 0.118403 0.725758 -0.346860 0.117107
0.717818 0.114258 0.120875 0.716491 -0.345263 0.118503
0.711095 0.114957 0.121584 0.710235 -0.345454 0.118030
0.702858 0.115328 0.120502 0.698489 -0.345387 0.118118
0.695313 0.116647 0.119344 0.689171 -0.345822 0.117896
0.685240 0.117100 0.118930 0.680664 -0.345236 0.116658
0.674385 0.117701 0.119080 0.672314 -0.345668 0.116093
0.668684 0.117679 0.118587 0.666371 -0.346236 0.115685
0.662396 0.118682 0.118441 0.662471 -0.346982 0.116834
0.652458 0.118882 0.118522 0.651216 -0.347430 0.117034
0.646343 0.120025 0.118636 0.647046 -0.347069 0.116974
0.642519 0.120564 0.118173 0.640875 -0.348391 0.116436
0.631473 0.119010 0.117924 0.631519 -0.349394 0.117267
0.617553 0.122697 0.111551 0.621777 -0.349201 0.117036
0.608714 0.125049 0.105385 0.613211 -0.349584 0.116711
0.602838 0.127523 0.103631 0.609355 -0.348130 0.116961
0.592872 0.132182 0.098632 0.599307 -0.347784 0.116474
0.590205 0.135523 0.097853 0.601051 -0.346208 0.115599
0.589506 0.137204 0.097459 0.600357 -0.345868 0.115314
0.591778 0.138788 0.096745 0.600576 -0.345730 0.115719
0.592377 0.140395 0.096513 0.600662 -0.345925 0.115805
0.592806 0.142108 0.096347 0.600714 -0.345258 0.115893
0.593355 0.143230 0.096490 0.601648 -0.345821 0.116146
0.593955 0.144310 0.095815 0.603120 -0.345054 0.116729
0.594966 0.144975 0.094913 0.606697 -0.343843 0.118408
0.595161 0.146181 0.094961 0.607405 -0.344284 0.118507
0.595410 0.146769 0.094890 0.607578 -0.343776 0.117952
0.594378 0.145783 0.092773 0.607678 -0.344797 0.117910
0.594728 0.146679 0.092910 0.607859 -0.344758 0.117826
0.596742 0.147564 0.093159 0.610762 -0.346650 0.118607
