0.970000 0.100995 0.322149 0.970000 -0.338778 0.323122
0.969487 0.099647 0.304963 0.965448 -0.336337 0.300629
0.969245 0.101218 0.296779 0.964782 -0.336499 0.291746
0.969283 0.100269 0.288075 0.964759 -0.338318 0.282699
0.969114 0.099021 0.281240 0.966014 -0.339817 0.274965
0.970309 0.099383 0.276700 0.964738 -0.340959 0.268368
0.971683 0.099171 0.272721 0.965586 -0.340820 0.262183
0.971019 0.099114 0.247473 0.969389 -0.338930 0.247165
0.973481 0.100585 0.243694 0.968738 -0.338924 0.239942
0.976399 0.100943 0.243389 0.967982 -0.340062 0.232832
0.975940 0.100681 0.238535 0.967710 -0.340709 0.225423
0.975061 0.097861 0.233604 0.967661 -0.341951 0.218257
0.972056 0.099071 0.219796 0.965824 -0.344203 0.210325
0.969153 0.097436 0.207783 0.966459 -0.344241 0.204305
0.968819 0.096406 0.198834 0.966162 -0.344679 0.194608
0.969800 0.097618 0.192593 0.965630 -0.346493 0.185551
0.968369 0.096057 0.184565 0.965264 -0.347929 0.178280
0.966630 0.096843 0.178369 0.964865 -0.349480 0.174009
0.969087 0.098822 0.175539 0.966218 -0.347691 0.171951
0.970822 0.100169 0.173982 0.967930 -0.346212 0.169463
0.971403 0.100291 0.165347 0.966876 -0.343652 0.159703
0.972493 0.101423 0.157351 0.965067 -0.344122 0.149190
0.970585 0.101509 0.148210 0.963504 -0.343783 0.139739
0.968776 0.099785 0.135549 0.962443 -0.345093 0.130842
0.964448 0.099167 0.125385 0.963167 -0.344961 0.124408
0.963628 0.098815 0.123078 0.961635 -0.346506 0.121403
0.962257 0.098246 0.121094 0.958907 -0.347179 0.119516
0.960822 0.097612 0.116650 0.956396 -0.344254 0.115521
0.963144 0.100479 0.114626 0.955218 -0.343694 0.113499
0.962644 0.101741 0.114203 0.956693 -0.332703 0.109618
0.965963 0.102497 0.115732 0.957324 -0.328826 0.105936
0.969821 0.104592 0.118005 0.958076 -0.328097 0.105245
0.971445 0.101025 0.118697 0.957353 -0.333677 0.103743
0.973664 0.098529 0.119296 0.955724 -0.336837 0.110573
0.973459 0.098608 0.119581 0.949607 -0.334241 0.112432
0.973685 0.102218 0.121661 0.943457 -0.329162 0.114353
0.971723 0.103602 0.124833 0.936452 -0.330523 0.115559
0.964934 0.104745 0.126247 0.925773 -0.329547 0.115466
0.956803 0.103612 0.125011 0.915626 -0.329805 0.115187
0.944491 0.103752 0.123658 0.908592 -0.333662 0.113997
0.932331 0.101126 0.123212 0.902684 -0.336873 0.113753
0.922439 0.099213 0.121665 0.895897 -0.336031 0.113764
0.910122 0.097639 0.119322 0.888657 -0.339315 0.112556
0.893448 0.095490 0.118102 0.884012 -0.337657 0.111615
0.884182 0.092629 0.120089 0.875333 -0.339581 0.110759
0.876235 0.091816 0.118535 0.870355 -0.340822 0.109672
0.875582 0.090288 0.116470 0.866232 -0.341324 0.110124
0.869216 0.091699 0.113788 0.860836 -0.342362 0.109764
0.869093 0.091973 0.115935 0.855410 -0.341832 0.109237
0.873719 0.096412 0.115193 0.852028 -0.341518 0.109778
0.874577 0.097880 0.116864 0.849444 -0.341411 0.108780
0.874101 0.098755 0.118703 0.846955 -0.342042 0.109111
0.870576 0.100080 0.117792 0.843798 -0.342961 0.109864
0.860130 0.099964 0.116843 0.840096 -0.342800 0.110869
0.859473 0.100210 0.121807 0.835841 -0.342459 0.111569
0.850497 0.098140 0.124607 0.832539 -0.343366 0.113965
0.839441 0.098328 0.124590 0.824664 -0.343894 0.113651
0.826054 0.099799 0.123704 0.816727 -0.344343 0.113351
0.812928 0.100147 0.123320 0.810149 -0.342782 0.113437
0.799966 0.100589 0.122602 0.801174 -0.341243 0.113578
0.788917 0.102160 0.120561 0.794187 -0.339873 0.114804
0.779996 0.101201 0.119656 0.787586 -0.339951 0.116550
0.770567 0.102414 0.120051 0.781477 -0.340165 0.116106
0.763846 0.103381 0.118814 0.771670 -0.341568 0.117918
0.758866 0.104769 0.118747 0.766603 -0.342678 0.119721
0.749507 0.102493 0.118598 0.757436 -0.341799 0.119680
0.742581 0.099767 0.118940 0.747777 -0.342087 0.118377
0.737301 0.101170 0.117704 0.737461 -0.342121 0.117047
0.729043 0.099971 0.118403 0.728903 -0.341860 0.117107
0.723810 0.099258 0.120875 0.719636 -0.340263 0.118503
0.717087 0.099957 0.121584 0.713380 -0.340454 0.118030
0.708850 0.100328 0.120502 0.701634 -0.340387 0.118118
0.701305 0.101647 0.119344 0.692316 -0.340822 0.117896
0.691231 0.102100 0.118930 0.683809 -0.340236 0.116658
0.680377 0.102701 0.119080 0.675458 -0.340668 0.116093
0.674676 0.102679 0.118587 0.669515 -0.341236 0.115685
0.668388 0.103682 0.118441 0.665615 -0.341982 0.116834
0.658450 0.103882 0.118522 0.654361 -0.342430 0.117034
0.652335 0.105025 0.118636 0.650191 -0.342069 0.116974
0.648511 0.105564 0.118173 0.644020 -0.343391 0.116436
0.637465 0.104010 0.117924 0.634664 -0.344394 0.117267
0.623545 0.107697 0.111551 0.624921 -0.344201 0.117036
0.614706 0.110049 0.105385 0.616356 -0.344584 0.116711
0.608830 0.112523 0.103631 0.612500 -0.343130 0.116961
0.598864 0.117182 0.098632 0.602451 -0.342784 0.116474
0.596197 0.120523 0.097853 0.604195 -0.341208 0.115599
0.595498 0.122204 0.097459 0.603502 -0.340868 0.115314
0.597770 0.123788 0.096745 0.603721 -0.340730 0.115719
0.598369 0.125395 0.096513 0.603806 -0.340925 0.115805
0.598798 0.127108 0.096347 0.603858 -0.340258 0.115893
0.599347 0.128230 0.096490 0.604793 -0.340821 0.116146
0.599947 0.129310 0.095815 0.606265 -0.340054 0.116729
0.600958 0.129975 0.094913 0.609842 -0.338843 0.118408
0.601153 0.131181 0.094961 0.610550 -0.339284 0.118507
0.601402 0.131769 0.094890 0.610722 -0.338776 0.117952
0.600370 0.130783 0.092773 0.610822 -0.339797 0.117910
0.600720 0.131679 0.092910 0.611004 -0.339758 0.117826
0.602734 0.132564 0.093159 0.613906 -0.341650 0.118607
