0.967008 0.120995 0.322149 0.969856 -0.338778 0.323122
0.966496 0.119647 0.304963 0.965304 -0.336337 0.300629
0.966253 0.121218 0.296779 0.964637 -0.336499 0.291746
0.966292 0.120269 0.288075 0.964614 -0.338318 0.282699
0.966122 0.119021 0.281240 0.965869 -0.339817 0.274965
0.967317 0.119383 0.276700 0.964594 -0.340959 0.268368
0.968691 0.119171 0.272721 0.965442 -0.340820 0.262183
0.968027 0.119114 0.247473 0.969244 -0.338930 0.247165
0.970489 0.120585 0.243694 0.968593 -0.338924 0.239942
0.973407 0.120943 0.243389 0.967837 -0.340062 0.232832
0.972949 0.120681 0.238535 0.967565 -0.340709 0.225423
0.972069 0.117861 0.233604 0.967517 -0.341951 0.218257
0.969064 0.119071 0.219796 0.965679 -0.344203 0.210325
0.966161 0.117436 0.207783 0.966315 -0.344241 0.204305
0.965828 0.116406 0.198834 0.966017 -0.344679 0.194608
0.966808 0.117618 0.192593 0.965486 -0.346493 0.185551
0.965378 0.116057 0.184565 0.965120 -0.347929 0.178280
0.963638 0.116843 0.178369 0.964721 -0.349480 0.174009
0.966096 0.118822 0.175539 0.966074 -0.347691 0.171951
0.967830 0.120169 0.173982 0.967786 -0.346212 0.169463
0.968412 0.120291 0.165347 0.966732 -0.343652 0.159703
0.969501 0.121423 0.157351 0.964922 -0.344122 0.149190
0.967593 0.121509 0.148210 0.963359 -0.343783 0.139739
0.965784 0.119785 0.135549 0.962298 -0.345093 0.130842
0.961456 0.119167 0.125385 0.963022 -0.344961 0.124408
0.960636 0.118815 0.123078 0.961490 -0.346506 0.121403
0.959265 0.118246 0.121094 0.958763 -0.347179 0.119516
0.957830 0.117612 0.116650 0.956251 -0.344254 0.115521
0.960153 0.120479 0.114626 0.955074 -0.343694 0.113499
0.959652 0.121741 0.114203 0.956549 -0.332703 0.109618
0.962972 0.122497 0.115732 0.957179 -0.328826 0.105936
0.966829 0.124592 0.118005 0.957932 -0.328097 0.105245
0.968454 0.121025 0.118697 0.957208 -0.333677 0.103743
0.970673 0.118529 0.119296 0.955580 -0.336837 0.110573
0.970467 0.118608 0.119581 0.949462 -0.334241 0.112432
0.970694 0.122218 0.121661 0.943312 -0.329162 0.114353
0.968731 0.123602 0.124833 0.936308 -0.330523 0.115559
0.961942 0.124745 0.126247 0.925629 -0.329547 0.115466
0.953811 0.123612 0.125011 0.915481 -0.329805 0.115187
0.941499 0.123752 0.123658 0.908447 -0.333662 0.113997
0.929339 0.121126 0.123212 0.902539 -0.336873 0.113753
0.919447 0.119213 0.121665 0.895752 -0.336031 0.113764
0.907130 0.117639 0.119322 0.888513 -0.339315 0.112556
0.890456 0.115490 0.118102 0.883868 -0.337657 0.111615
0.881190 0.112629 0.120089 0.875189 -0.339581 0.110759
0.873243 0.111816 0.118535 0.870210 -0.340822 0.109672
0.872590 0.110288 0.116470 0.866087 -0.341324 0.110124
0.866224 0.111699 0.113788 0.860692 -0.342362 0.109764
0.866101 0.111973 0.115935 0.855266 -0.341832 0.109237
0.870727 0.116412 0.115193 0.851884 -0.341518 0.109778
0.871585 0.117880 0.116864 0.849299 -0.341411 0.108780
0.871110 0.118755 0.118703 0.846811 -0.342042 0.109111
0.867584 0.120080 0.117792 0.843654 -0.342961 0.109864
0.857139 0.119964 0.116843 0.839951 -0.342800 0.110869
0.856482 0.120210 0.121807 0.835696 -0.342459 0.111569
0.847505 0.118140 0.124607 0.832394 -0.343366 0.113965
0.836449 0.118328 0.124590 0.824519 -0.343894 0.113651
0.823062 0.119799 0.123704 0.816582 -0.344343 0.113351
0.809936 0.120147 0.123320 0.810005 -0.342782 0.113437
0.796974 0.120589 0.122602 0.801030 -0.341243 0.113578
0.785925 0.122160 0.120561 0.794042 -0.339873 0.114804
0.777005 0.121201 0.119656 0.787442 -0.339951 0.116550
0.767575 0.122414 0.120051 0.781333 -0.340165 0.116106
0.760854 0.123381 0.118814 0.771525 -0.341568 0.117918
0.755874 0.124769 0.118747 0.766459 -0.342678 0.119721
0.746515 0.122493 0.118598 0.757291 -0.341799 0.119680
0.739589 0.119767 0.118940 0.747632 -0.342087 0.118377
0.734309 0.121170 0.117704 0.737316 -0.342121 0.117047
0.726051 0.119971 0.118403 0.728758 -0.341860 0.117107
0.720819 0.119258 0.120875 0.719491 -0.340263 0.118503
0.714095 0.119957 0.121584 0.713235 -0.340454 0.118030
0.705858 0.120328 0.120502 0.701489 -0.340387 0.118118
0.698313 0.121647 0.119344 0.692171 -0.340822 0.117896
0.688240 0.122100 0.118930 0.683664 -0.340236 0.116658
0.677385 0.122701 0.119080 0.675314 -0.340668 0.116093
0.671684 0.122679 0.118587 0.669371 -0.341236 0.115685
0.665396 0.123682 0.118441 0.665471 -0.341982 0.116834
0.655458 0.123882 0.118522 0.654216 -0.342430 0.117034
0.649343 0.125025 0.118636 0.650046 -0.342069 0.116974
0.645519 0.125564 0.118173 0.643875 -0.343391 0.116436
0.634473 0.124010 0.117924 0.634519 -0.344394 0.117267
0.620553 0.127697 0.111551 0.624777 -0.344201 0.117036
0.611714 0.130049 0.105385 0.616211 -0.344584 0.116711
0.605838 0.132523 0.103631 0.612355 -0.343130 0.116961
0.595872 0.137182 0.098632 0.602307 -0.342784 0.116474
0.593205 0.140523 0.097853 0.604051 -0.341208 0.115599
0.592506 0.142204 0.097459 0.603357 -0.340868 0.115314
0.594778 0.143788 0.096745 0.603576 -0.340730 0.115719
0.595377 0.145395 0.096513 0.603662 -0.340925 0.115805
0.595806 0.147108 0.096347 0.603714 -0.340258 0.115893
0.596355 0.148230 0.096490 0.604648 -0.340821 0.116146
0.596955 0.149310 0.095815 0.606120 -0.340054 0.116729
0.597966 0.149975 0.094913 0.609697 -0.338843 0.118408
0.598161 0.151181 0.094961 0.610405 -0.339284 0.118507
0.598410 0.151769 0.094890 0.610578 -0.338776 0.117952
0.597378 0.150783 0.092773 0.610678 -0.339797 0.117910
0.597728 0.151679 0.092910 0.610859 -0.339758 0.117826
0.599742 0.152564 0.093159 0.613762 -0.341650 0.118607
