0.322149 0.090995 -0.970000
0.323122 -0.338778 -0.970000
0.304963 0.089647 -0.969487
0.300629 -0.336337 -0.965448
0.296779 0.091218 -0.969245
0.291746 -0.336499 -0.964782
0.288075 0.090269 -0.969283
0.282699 -0.338318 -0.964759
0.281240 0.089021 -0.969114
0.274965 -0.339817 -0.966014
0.276700 0.089383 -0.970309
0.268368 -0.340959 -0.964738
0.272721 0.089171 -0.971683
0.262183 -0.340820 -0.965586
0.247473 0.089114 -0.971019
0.247165 -0.338930 -0.969389
0.243694 0.090585 -0.973481
0.239942 -0.338924 -0.968738
0.243389 0.090943 -0.976399
0.232832 -0.340062 -0.967982
0.238535 0.090681 -0.975940
0.225423 -0.340709 -0.967710
0.233604 0.087861 -0.975061
0.218257 -0.341951 -0.967661
0.219796 0.089071 -0.972056
0.210325 -0.344203 -0.965824
0.207783 0.087436 -0.969153
0.204305 -0.344241 -0.966459
0.198834 0.086406 -0.968819
0.194608 -0.344679 -0.966162
0.192593 0.087618 -0.969800
0.185551 -0.346493 -0.965630
0.184565 0.086057 -0.968369
0.178280 -0.347929 -0.965264
0.178369 0.086843 -0.966630
0.174009 -0.349480 -0.964865
0.175539 0.088822 -0.969087
0.171951 -0.347691 -0.966218
0.173982 0.090169 -0.970822
0.169463 -0.346212 -0.967930
0.165347 0.090291 -0.971403
0.159703 -0.343652 -0.966876
0.157351 0.091423 -0.972493
0.149190 -0.344122 -0.965067
0.148210 0.091509 -0.970585
0.139739 -0.343783 -0.963504
0.135549 0.089785 -0.968776
0.130842 -0.345093 -0.962443
0.125385 0.089167 -0.964448
0.124408 -0.344961 -0.963167
0.123078 0.088815 -0.963628
0.121403 -0.346506 -0.961635
0.121094 0.088246 -0.962257
0.119516 -0.347179 -0.958907
0.116650 0.087612 -0.960822
0.115521 -0.344254 -0.956396
0.114626 0.090479 -0.963144
0.113499 -0.343694 -0.955218
0.114203 0.091741 -0.962644
0.109618 -0.332703 -0.956693
0.115732 0.092497 -0.965963
0.105936 -0.328826 -0.957324
0.118005 0.094592 -0.969821
0.105245 -0.328097 -0.958076
0.118697 0.091025 -0.971445
0.103743 -0.333677 -0.957353
0.119296 0.088529 -0.973664
0.110573 -0.336837 -0.955724
0.119581 0.088608 -0.973459
0.112432 -0.334241 -0.949607
0.121661 0.092218 -0.973685
0.114353 -0.329162 -0.943457
0.124833 0.093602 -0.971723
0.115559 -0.330523 -0.936452
0.126247 0.094745 -0.964934
0.115466 -0.329547 -0.925773
0.125011 0.093612 -0.956803
0.115187 -0.329805 -0.915626
0.123658 0.093752 -0.944491
0.113997 -0.333662 -0.908592
0.123212 0.091126 -0.932331
0.113753 -0.336873 -0.902684
0.121665 0.089213 -0.922439
0.113764 -0.336031 -0.895897
0.119322 0.087639 -0.910122
0.112556 -0.339315 -0.888657
0.118102 0.085490 -0.893448
0.111615 -0.337657 -0.884012
0.120089 0.082629 -0.884182
0.110759 -0.339581 -0.875333
0.118535 0.081816 -0.876235
0.109672 -0.340822 -0.870355
0.116470 0.080288 -0.875582
0.110124 -0.341324 -0.866232
0.113788 0.081699 -0.869216
0.109764 -0.342362 -0.860836
0.115935 0.081973 -0.869093
0.109237 -0.341832 -0.855410
0.115193 0.086412 -0.873719
0.109778 -0.341518 -0.852028
0.116864 0.087880 -0.874577
0.108780 -0.341411 -0.849444
0.118703 0.088755 -0.874101
0.109111 -0.342042 -0.846955
0.117792 0.090080 -0.870576
0.109864 -0.342961 -0.843798
0.116843 0.089964 -0.860130
0.110869 -0.342800 -0.840096
0.121807 0.090210 -0.859473
0.111569 -0.342459 -0.835841
0.124607 0.088140 -0.850497
0.113965 -0.343366 -0.832539
0.124590 0.088328 -0.839441
0.113651 -0.343894 -0.824664
0.123704 0.089799 -0.826054
0.113351 -0.344343 -0.816727
0.123320 0.090147 -0.812928
0.113437 -0.342782 -0.810149
0.122602 0.090589 -0.799966
0.113578 -0.341243 -0.801174
0.120561 0.092160 -0.788917
0.114804 -0.339873 -0.794187
0.119656 0.091201 -0.779996
0.116550 -0.339951 -0.787586
0.120051 0.092414 -0.770567
0.116106 -0.340165 -0.781477
0.118814 0.093381 -0.763846
0.117918 -0.341568 -0.771670
0.118747 0.094769 -0.758866
0.119721 -0.342678 -0.766603
0.118598 0.092493 -0.749507
0.119680 -0.341799 -0.757436
0.118940 0.089767 -0.742581
0.118377 -0.342087 -0.747777
0.117704 0.091170 -0.737301
0.117047 -0.342121 -0.737461
0.118403 0.089971 -0.729043
0.117107 -0.341860 -0.728903
0.120875 0.089258 -0.723810
0.118503 -0.340263 -0.719636
0.121584 0.089957 -0.717087
0.118030 -0.340454 -0.713380
0.120502 0.090328 -0.708850
0.118118 -0.340387 -0.701634
0.119344 0.091647 -0.701305
0.117896 -0.340822 -0.692316
0.118930 0.092100 -0.691231
0.116658 -0.340236 -0.683809
0.119080 0.092701 -0.680377
0.116093 -0.340668 -0.675458
0.118587 0.092679 -0.674676
0.115685 -0.341236 -0.669515
0.118441 0.093682 -0.668388
0.116834 -0.341982 -0.665615
0.118522 0.093882 -0.658450
0.117034 -0.342430 -0.654361
0.118636 0.095025 -0.652335
0.116974 -0.342069 -0.650191
0.118173 0.095564 -0.648511
0.116436 -0.343391 -0.644020
0.117924 0.094010 -0.637465
0.117267 -0.344394 -0.634664
0.111551 0.097697 -0.623545
0.117036 -0.344201 -0.624921
0.105385 0.100049 -0.614706
0.116711 -0.344584 -0.616356
0.103631 0.102523 -0.608830
0.116961 -0.343130 -0.612500
0.098632 0.107182 -0.598864
0.116474 -0.342784 -0.602451
0.097853 0.110523 -0.596197
0.115599 -0.341208 -0.604195
0.097459 0.112204 -0.595498
0.115314 -0.340868 -0.603502
0.096745 0.113788 -0.597770
0.115719 -0.340730 -0.603721
0.096513 0.115395 -0.598369
0.115805 -0.340925 -0.603806
0.096347 0.117108 -0.598798
0.115893 -0.340258 -0.603858
0.096490 0.118230 -0.599347
0.116146 -0.340821 -0.604793
0.095815 0.119310 -0.599947
0.116729 -0.340054 -0.606265
0.094913 0.119975 -0.600958
0.118408 -0.338843 -0.609842
0.094961 0.121181 -0.601153
0.118507 -0.339284 -0.610550
0.094890 0.121769 -0.601402
0.117952 -0.338776 -0.610722
0.092773 0.120783 -0.600370
0.117910 -0.339797 -0.610822
0.092910 0.121679 -0.600720
0.117826 -0.339758 -0.611004
0.093159 0.122564 -0.602734
0.118607 -0.341650 -0.613906
