0.964008 0.115995 0.275149 0.966856 -0.343778 0.276122
0.963496 0.114647 0.257963 0.962304 -0.341337 0.253629
0.963253 0.116218 0.249779 0.961637 -0.341499 0.244746
0.963292 0.115269 0.241075 0.961614 -0.343318 0.235699
0.963122 0.114021 0.234240 0.962869 -0.344817 0.227965
0.964317 0.114383 0.229700 0.961594 -0.345959 0.221368
0.965691 0.114171 0.225722 0.962442 -0.345820 0.215183
0.965027 0.114114 0.200473 0.966244 -0.343930 0.200165
0.967489 0.115585 0.196694 0.965593 -0.343924 0.192942
0.970407 0.115943 0.196389 0.964837 -0.345062 0.185832
0.969949 0.115681 0.191535 0.964565 -0.345709 0.178423
0.969069 0.112861 0.186604 0.964517 -0.346951 0.171257
0.966064 0.114071 0.172796 0.962679 -0.349203 0.163325
0.963161 0.112436 0.160783 0.963315 -0.349241 0.157305
0.962828 0.111406 0.151834 0.963017 -0.349679 0.147608
0.963808 0.112618 0.145593 0.962486 -0.351493 0.138551
0.962378 0.111057 0.137565 0.962120 -0.352929 0.131280
0.960638 0.111843 0.131369 0.961721 -0.354480 0.127009
0.963096 0.113822 0.128539 0.963074 -0.352691 0.124950
0.964830 0.115169 0.126982 0.964786 -0.351212 0.122463
0.965411 0.115291 0.118347 0.963732 -0.348652 0.112703
0.966501 0.116423 0.110351 0.961922 -0.349122 0.102190
0.964593 0.116509 0.101210 0.960359 -0.348783 0.092739
0.962784 0.114785 0.088549 0.959298 -0.350093 0.083842
0.958456 0.114167 0.078385 0.960022 -0.349961 0.077408
0.957636 0.113815 0.076078 0.958490 -0.351506 0.074403
0.956265 0.113246 0.074094 0.955763 -0.352179 0.072516
0.954830 0.112612 0.069650 0.953251 -0.349254 0.068521
0.957153 0.115479 0.067626 0.952074 -0.348694 0.066499
0.956652 0.116741 0.067203 0.953549 -0.337703 0.062618
0.959972 0.117497 0.068732 0.954179 -0.333826 0.058936
0.963829 0.119592 0.071005 0.954932 -0.333097 0.058245
0.965454 0.116025 0.071697 0.954208 -0.338677 0.056743
0.967673 0.113529 0.072296 0.952580 -0.341837 0.063573
0.967467 0.113608 0.072581 0.946462 -0.339241 0.065432
0.967694 0.117218 0.074661 0.940312 -0.334162 0.067353
0.965731 0.118602 0.077833 0.933308 -0.335523 0.068559
0.958942 0.119745 0.079247 0.922629 -0.334547 0.068466
0.950811 0.118612 0.078011 0.912481 -0.334805 0.068187
0.938499 0.118752 0.076658 0.905447 -0.338662 0.066997
0.926339 0.116126 0.076212 0.899539 -0.341873 0.066753
0.916447 0.114213 0.074665 0.892752 -0.341031 0.066764
0.904130 0.112639 0.072322 0.885513 -0.344315 0.065556
0.887456 0.110490 0.071102 0.880867 -0.342657 0.064615
0.878190 0.107629 0.073089 0.872189 -0.344581 0.063759
0.870243 0.106816 0.071535 0.867210 -0.345822 0.062672
0.869590 0.105288 0.069470 0.863087 -0.346324 0.063124
0.863224 0.106699 0.066788 0.857692 -0.347362 0.062764
0.863101 0.106973 0.068935 0.852266 -0.346832 0.062237
0.867727 0.111412 0.068193 0.848884 -0.346518 0.062778
0.868585 0.112880 0.069864 0.846299 -0.346411 0.061780
0.868110 0.113755 0.071703 0.843811 -0.347042 0.062111
0.864584 0.115080 0.070792 0.840654 -0.347961 0.062864
0.854138 0.114964 0.069843 0.836951 -0.347800 0.063869
0.853482 0.115210 0.074807 0.832696 -0.347459 0.064569
0.844505 0.113140 0.077607 0.829394 -0.348366 0.066965
0.833449 0.113328 0.077590 0.821519 -0.348894 0.066651
0.820062 0.114799 0.076704 0.813582 -0.349343 0.066351
0.806936 0.115147 0.076320 0.807005 -0.347782 0.066437
0.793974 0.115589 0.075602 0.798030 -0.346243 0.066578
0.782925 0.117160 0.073561 0.791042 -0.344873 0.067804
0.774005 0.116201 0.072656 0.784442 -0.344951 0.069550
0.764575 0.117414 0.073051 0.778333 -0.345165 0.069106
0.757854 0.118381 0.071814 0.768525 -0.346568 0.070918
0.752874 0.119769 0.071747 0.763459 -0.347678 0.072721
0.743515 0.117493 0.071598 0.754291 -0.346799 0.072680
0.736589 0.114767 0.071940 0.744632 -0.347087 0.071377
0.731309 0.116170 0.070704 0.734316 -0.347121 0.070047
0.723051 0.114971 0.071403 0.725758 -0.346860 0.070107
0.717818 0.114258 0.073875 0.716491 -0.345263 0.071503
0.711095 0.114957 0.074584 0.710235 -0.345454 0.071030
0.702858 0.115328 0.073502 0.698489 -0.345387 0.071118
0.695313 0.116647 0.072344 0.689171 -0.345822 0.070896
0.685240 0.117100 0.071930 0.680664 -0.345236 0.069658
0.674385 0.117701 0.072080 0.672314 -0.345668 0.069093
0.668684 0.117679 0.071587 0.666371 -0.346236 0.068685
0.662396 0.118682 0.071441 0.662471 -0.346982 0.069834
0.652458 0.118882 0.071522 0.651216 -0.347430 0.070034
0.646343 0.120025 0.071636 0.647046 -0.347069 0.069974
0.642519 0.120564 0.071173 0.640875 -0.348391 0.069436
0.631473 0.119010 0.070924 0.631519 -0.349394 0.070267
0.617553 0.122697 0.064551 0.621777 -0.349201 0.070036
0.608714 0.125049 0.058385 0.613211 -0.349584 0.069711
0.602838 0.127523 0.056631 0.609355 -0.348130 0.069961
0.592872 0.132182 0.051632 0.599307 -0.347784 0.069474
0.590205 0.135523 0.050853 0.601051 -0.346208 0.068599
0.589506 0.137204 0.050459 0.600357 -0.345868 0.068314
0.591778 0.138788 0.049745 0.600576 -0.345730 0.068719
0.592377 0.140395 0.049513 0.600662 -0.345925 0.068805
0.592806 0.142108 0.049347 0.600714 -0.345258 0.068893
0.593355 0.143230 0.049490 0.601648 -0.345821 0.069146
0.593955 0.144310 0.048815 0.603120 -0.345054 0.069729
0.594966 0.144975 0.047913 0.606697 -0.343843 0.071408
0.595161 0.146181 0.047961 0.607405 -0.344284 0.071507
0.595410 0.146769 0.047890 0.607578 -0.343776 0.070952
0.594378 0.145783 0.045773 0.607678 -0.344797 0.070910
0.594728 0.146679 0.045910 0.607859 -0.344758 0.070826
0.596742 0.147564 0.046159 0.610762 -0.346650 0.071607
