0.970000 0.090995 0.322149
0.969487 0.089647 0.304963
0.969245 0.091218 0.296779
0.969283 0.090269 0.288075
0.969114 0.089021 0.281240
0.970309 0.089383 0.276700
0.971683 0.089171 0.272721
0.971019 0.089114 0.247473
0.973481 0.090585 0.243694
0.976399 0.090943 0.243389
0.975940 0.090681 0.238535
0.975061 0.087861 0.233604
0.972056 0.089071 0.219796
0.969153 0.087436 0.207783
0.968819 0.086406 0.198834
0.969800 0.087618 0.192593
0.968369 0.086057 0.184565
0.966630 0.086843 0.178369
0.969087 0.088822 0.175539
0.970822 0.090169 0.173982
0.971403 0.090291 0.165347
0.972493 0.091423 0.157351
0.970585 0.091509 0.148210
0.968776 0.089785 0.135549
0.964448 0.089167 0.125385
0.963628 0.088815 0.123078
0.962257 0.088246 0.121094
0.960822 0.087612 0.116650
0.963144 0.090479 0.114626
0.962644 0.091741 0.114203
0.965963 0.092497 0.115732
0.969821 0.094592 0.118005
0.971445 0.091025 0.118697
0.973664 0.088529 0.119296
0.973459 0.088608 0.119581
0.973685 0.092218 0.121661
0.971723 0.093602 0.124833
0.964934 0.094745 0.126247
0.956803 0.093612 0.125011
0.944491 0.093752 0.123658
0.932331 0.091126 0.123212
0.922439 0.089213 0.121665
0.910122 0.087639 0.119322
0.893448 0.085490 0.118102
0.884182 0.082629 0.120089
0.876235 0.081816 0.118535
0.875582 0.080288 0.116470
0.869216 0.081699 0.113788
0.869093 0.081973 0.115935
0.873719 0.086412 0.115193
0.874577 0.087880 0.116864
0.874101 0.088755 0.118703
0.870576 0.090080 0.117792
0.860130 0.089964 0.116843
0.859473 0.090210 0.121807
0.850497 0.088140 0.124607
0.839441 0.088328 0.124590
0.826054 0.089799 0.123704
0.812928 0.090147 0.123320
0.799966 0.090589 0.122602
0.788917 0.092160 0.120561
0.779996 0.091201 0.119656
0.770567 0.092414 0.120051
0.763846 0.093381 0.118814
0.758866 0.094769 0.118747
0.749507 0.092493 0.118598
0.742581 0.089767 0.118940
0.737301 0.091170 0.117704
0.729043 0.089971 0.118403
0.723810 0.089258 0.120875
0.717087 0.089957 0.121584
0.708850 0.090328 0.120502
0.701305 0.091647 0.119344
0.691231 0.092100 0.118930
0.680377 0.092701 0.119080
0.674676 0.092679 0.118587
0.668388 0.093682 0.118441
0.658450 0.093882 0.118522
0.652335 0.095025 0.118636
0.648511 0.095564 0.118173
0.637465 0.094010 0.117924
0.623545 0.097697 0.111551
0.614706 0.100049 0.105385
0.608830 0.102523 0.103631
0.598864 0.107182 0.098632
0.596197 0.110523 0.097853
0.595498 0.112204 0.097459
0.597770 0.113788 0.096745
0.598369 0.115395 0.096513
0.598798 0.117108 0.096347
0.599347 0.118230 0.096490
0.599947 0.119310 0.095815
0.600958 0.119975 0.094913
0.601153 0.121181 0.094961
0.601402 0.121769 0.094890
0.600370 0.120783 0.092773
0.600720 0.121679 0.092910
0.602734 0.122564 0.093159
