0.964008 0.115995 0.312149 0.966856 -0.343778 0.313122
0.963496 0.114647 0.294963 0.962304 -0.341337 0.290629
0.963253 0.116218 0.286779 0.961637 -0.341499 0.281746
0.963292 0.115269 0.278075 0.961614 -0.343318 0.272699
0.963122 0.114021 0.271240 0.962869 -0.344817 0.264965
0.964317 0.114383 0.266700 0.961594 -0.345959 0.258368
0.965691 0.114171 0.262722 0.962442 -0.345820 0.252183
0.965027 0.114114 0.237473 0.966244 -0.343930 0.237165
0.967489 0.115585 0.233694 0.965593 -0.343924 0.229942
0.970407 0.115943 0.233389 0.964837 -0.345062 0.222832
0.969949 0.115681 0.228535 0.964565 -0.345709 0.215423
0.969069 0.112861 0.223604 0.964517 -0.346951 0.208257
0.966064 0.114071 0.209796 0.962679 -0.349203 0.200325
0.963161 0.112436 0.197783 0.963315 -0.349241 0.194305
0.962828 0.111406 0.188834 0.963017 -0.349679 0.184608
0.963808 0.112618 0.182593 0.962486 -0.351493 0.175551
0.962378 0.111057 0.174565 0.962120 -0.352929 0.168280
0.960638 0.111843 0.168369 0.961721 -0.354480 0.164009
0.963096 0.113822 0.165539 0.963074 -0.352691 0.161950
0.964830 0.115169 0.163982 0.964786 -0.351212 0.159463
0.965411 0.115291 0.155347 0.963732 -0.348652 0.149703
0.966501 0.116423 0.147351 0.961922 -0.349122 0.139190
0.964593 0.116509 0.138210 0.960359 -0.348783 0.129739
0.962784 0.114785 0.125549 0.959298 -0.350093 0.120842
0.958456 0.114167 0.115385 0.960022 -0.349961 0.114408
0.957636 0.113815 0.113078 0.958490 -0.351506 0.111403
0.956265 0.113246 0.111094 0.955763 -0.352179 0.109516
0.954830 0.112612 0.106650 0.953251 -0.349254 0.105521
0.957153 0.115479 0.104626 0.952074 -0.348694 0.103499
0.956652 0.116741 0.104203 0.953549 -0.337703 0.099618
0.959972 0.117497 0.105732 0.954179 -0.333826 0.095936
0.963829 0.119592 0.108005 0.954932 -0.333097 0.095245
0.965454 0.116025 0.108697 0.954208 -0.338677 0.093743
0.967673 0.113529 0.109296 0.952580 -0.341837 0.100573
0.967467 0.113608 0.109581 0.946462 -0.339241 0.102432
0.967694 0.117218 0.111661 0.940312 -0.334162 0.104353
0.965731 0.118602 0.114833 0.933308 -0.335523 0.105559
0.958942 0.119745 0.116247 0.922629 -0.334547 0.105466
0.950811 0.118612 0.115011 0.912481 -0.334805 0.105187
0.938499 0.118752 0.113658 0.905447 -0.338662 0.103997
0.926339 0.116126 0.113212 0.899539 -0.341873 0.103753
0.916447 0.114213 0.111665 0.892752 -0.341031 0.103764
0.904130 0.112639 0.109322 0.885513 -0.344315 0.102556
0.887456 0.110490 0.108102 0.880867 -0.342657 0.101615
0.878190 0.107629 0.110089 0.872189 -0.344581 0.100759
0.870243 0.106816 0.108535 0.867210 -0.345822 0.099672
0.869590 0.105288 0.106470 0.863087 -0.346324 0.100124
0.863224 0.106699 0.103788 0.857692 -0.347362 0.099764
0.863101 0.106973 0.105935 0.852266 -0.346832 0.099237
0.867727 0.111412 0.105193 0.848884 -0.346518 0.099778
0.868585 0.112880 0.106864 0.846299 -0.346411 0.098780
0.868110 0.113755 0.108703 0.843811 -0.347042 0.099111
0.864584 0.115080 0.107792 0.840654 -0.347961 0.099864
0.854138 0.114964 0.106843 0.836951 -0.347800 0.100869
0.853482 0.115210 0.111807 0.832696 -0.347459 0.101569
0.844505 0.113140 0.114607 0.829394 -0.348366 0.103965
0.833449 0.113328 0.114590 0.821519 -0.348894 0.103651
0.820062 0.114799 0.113704 0.813582 -0.349343 0.103351
0.806936 0.115147 0.113320 0.807005 -0.347782 0.103437
0.793974 0.115589 0.112602 0.798030 -0.346243 0.103578
0.782925 0.117160 0.110561 0.791042 -0.344873 0.104804
0.774005 0.116201 0.109656 0.784442 -0.344951 0.106550
0.764575 0.117414 0.110051 0.778333 -0.345165 0.106106
0.757854 0.118381 0.108814 0.768525 -0.346568 0.107918
0.752874 0.119769 0.108747 0.763459 -0.347678 0.109721
0.743515 0.117493 0.108598 0.754291 -0.346799 0.109680
0.736589 0.114767 0.108940 0.744632 -0.347087 0.108377
0.731309 0.116170 0.107704 0.734316 -0.347121 0.107047
0.723051 0.114971 0.108403 0.725758 -0.346860 0.107107
0.717818 0.114258 0.110875 0.716491 -0.345263 0.108503
0.711095 0.114957 0.111584 0.710235 -0.345454 0.108030
0.702858 0.115328 0.110502 0.698489 -0.345387 0.108118
0.695313 0.116647 0.109344 0.689171 -0.345822 0.107896
0.685240 0.117100 0.108930 0.680664 -0.345236 0.106658
0.674385 0.117701 0.109080 0.672314 -0.345668 0.106093
0.668684 0.117679 0.108587 0.666371 -0.346236 0.105685
0.662396 0.118682 0.108441 0.662471 -0.346982 0.106834
0.652458 0.118882 0.108522 0.651216 -0.347430 0.107034
0.646343 0.120025 0.108636 0.647046 -0.347069 0.106974
0.642519 0.120564 0.108173 0.640875 -0.348391 0.106436
0.631473 0.119010 0.107924 0.631519 -0.349394 0.107267
0.617553 0.122697 0.101551 0.621777 -0.349201 0.107036
0.608714 0.125049 0.095385 0.613211 -0.349584 0.106711
0.602838 0.127523 0.093631 0.609355 -0.348130 0.106961
0.592872 0.132182 0.088632 0.599307 -0.347784 0.106474
0.590205 0.135523 0.087853 0.601051 -0.346208 0.105599
0.589506 0.137204 0.087459 0.600357 -0.345868 0.105314
0.591778 0.138788 0.086745 0.600576 -0.345730 0.105719
0.592377 0.140395 0.086513 0.600662 -0.345925 0.105805
0.592806 0.142108 0.086347 0.600714 -0.345258 0.105893
0.593355 0.143230 0.086490 0.601648 -0.345821 0.106146
0.593955 0.144310 0.085815 0.603120 -0.345054 0.106729
0.594966 0.144975 0.084913 0.606697 -0.343843 0.108408
0.595161 0.146181 0.084961 0.607405 -0.344284 0.108507
0.595410 0.146769 0.084890 0.607578 -0.343776 0.107952
0.594378 0.145783 0.082773 0.607678 -0.344797 0.107910
0.594728 0.146679 0.082910 0.607859 -0.344758 0.107826
0.596742 0.147564 0.083159 0.610762 -0.346650 0.108607
