0.964008 0.152995 0.275149 0.966856 -0.306778 0.276122
0.963496 0.151647 0.257963 0.962304 -0.304337 0.253629
0.963253 0.153218 0.249779 0.961637 -0.304499 0.244746
0.963292 0.152269 0.241075 0.961614 -0.306318 0.235699
0.963122 0.151021 0.234240 0.962869 -0.307817 0.227965
0.964317 0.151383 0.229700 0.961594 -0.308959 0.221368
0.965691 0.151171 0.225722 0.962442 -0.308820 0.215183
0.965027 0.151114 0.200473 0.966244 -0.306930 0.200165
0.967489 0.152585 0.196694 0.965593 -0.306924 0.192942
0.970407 0.152943 0.196389 0.964837 -0.308062 0.185832
0.969949 0.152681 0.191535 0.964565 -0.308709 0.178423
0.969069 0.149861 0.186604 0.964517 -0.309951 0.171257
0.966064 0.151071 0.172796 0.962679 -0.312203 0.163325
0.963161 0.149436 0.160783 0.963315 -0.312241 0.157305
0.962828 0.148406 0.151834 0.963017 -0.312679 0.147608
0.963808 0.149618 0.145593 0.962486 -0.314493 0.138551
0.962378 0.148057 0.137565 0.962120 -0.315929 0.131280
0.960638 0.148843 0.131369 0.961721 -0.317480 0.127009
0.963096 0.150822 0.128539 0.963074 -0.315691 0.124950
0.964830 0.152169 0.126982 0.964786 -0.314212 0.122463
0.965411 0.152291 0.118347 0.963732 -0.311652 0.112703
0.966501 0.153423 0.110351 0.961922 -0.312122 0.102190
0.964593 0.153509 0.101210 0.960359 -0.311783 0.092739
0.962784 0.151785 0.088549 0.959298 -0.313093 0.083842
0.958456 0.151167 0.078385 0.960022 -0.312961 0.077408
0.957636 0.150815 0.076078 0.958490 -0.314506 0.074403
0.956265 0.150246 0.074094 0.955763 -0.315179 0.072516
0.954830 0.149612 0.069650 0.953251 -0.312254 0.068521
0.957153 0.152479 0.067626 0.952074 -0.311694 0.066499
0.956652 0.153741 0.067203 0.953549 -0.300703 0.062618
0.959972 0.154497 0.068732 0.954179 -0.296826 0.058936
0.963829 0.156592 0.071005 0.954932 -0.296097 0.058245
0.965454 0.153025 0.071697 0.954208 -0.301677 0.056743
0.967673 0.150529 0.072296 0.952580 -0.304837 0.063573
0.967467 0.150608 0.072581 0.946462 -0.302241 0.065432
0.967694 0.154218 0.074661 0.940312 -0.297162 0.067353
0.965731 0.155602 0.077833 0.933308 -0.298523 0.068559
0.958942 0.156745 0.079247 0.922629 -0.297547 0.068466
0.950811 0.155612 0.078011 0.912481 -0.297805 0.068187
0.938499 0.155752 0.076658 0.905447 -0.301662 0.066997
0.926339 0.153126 0.076212 0.899539 -0.304873 0.066753
0.916447 0.151213 0.074665 0.892752 -0.304031 0.066764
0.904130 0.149639 0.072322 0.885513 -0.307315 0.065556
0.887456 0.147490 0.071102 0.880867 -0.305657 0.064615
0.878190 0.144629 0.073089 0.872189 -0.307581 0.063759
0.870243 0.143816 0.071535 0.867210 -0.308822 0.062672
0.869590 0.142288 0.069470 0.863087 -0.309324 0.063124
0.863224 0.143699 0.066788 0.857692 -0.310362 0.062764
0.863101 0.143973 0.068935 0.852266 -0.309832 0.062237
0.867727 0.148412 0.068193 0.848884 -0.309518 0.062778
0.868585 0.149880 0.069864 0.846299 -0.309411 0.061780
0.868110 0.150755 0.071703 0.843811 -0.310042 0.062111
0.864584 0.152080 0.070792 0.840654 -0.310961 0.062864
0.854138 0.151964 0.069843 0.836951 -0.310800 0.063869
0.853482 0.152210 0.074807 0.832696 -0.310459 0.064569
0.844505 0.150140 0.077607 0.829394 -0.311366 0.066965
0.833449 0.150328 0.077590 0.821519 -0.311894 0.066651
0.820062 0.151799 0.076704 0.813582 -0.312343 0.066351
0.806936 0.152147 0.076320 0.807005 -0.310782 0.066437
0.793974 0.152589 0.075602 0.798030 -0.309243 0.066578
0.782925 0.154160 0.073561 0.791042 -0.307873 0.067804
0.774005 0.153201 0.072656 0.784442 -0.307951 0.069550
0.764575 0.154414 0.073051 0.778333 -0.308165 0.069106
0.757854 0.155381 0.071814 0.768525 -0.309568 0.070918
0.752874 0.156769 0.071747 0.763459 -0.310678 0.072721
0.743515 0.154493 0.071598 0.754291 -0.309799 0.072680
0.736589 0.151767 0.071940 0.744632 -0.310087 0.071377
0.731309 0.153170 0.070704 0.734316 -0.310121 0.070047
0.723051 0.151971 0.071403 0.725758 -0.309860 0.070107
0.717818 0.151258 0.073875 0.716491 -0.308263 0.071503
0.711095 0.151957 0.074584 0.710235 -0.308454 0.071030
0.702858 0.152328 0.073502 0.698489 -0.308387 0.071118
0.695313 0.153647 0.072344 0.689171 -0.308822 0.070896
0.685240 0.154100 0.071930 0.680664 -0.308236 0.069658
0.674385 0.154701 0.072080 0.672314 -0.308668 0.069093
0.668684 0.154679 0.071587 0.666371 -0.309236 0.068685
0.662396 0.155682 0.071441 0.662471 -0.309982 0.069834
0.652458 0.155882 0.071522 0.651216 -0.310430 0.070034
0.646343 0.157025 0.071636 0.647046 -0.310069 0.069974
0.642519 0.157564 0.071173 0.640875 -0.311391 0.069436
0.631473 0.156010 0.070924 0.631519 -0.312394 0.070267
0.617553 0.159697 0.064551 0.621777 -0.312201 0.070036
0.608714 0.162049 0.058385 0.613211 -0.312584 0.069711
0.602838 0.164523 0.056631 0.609355 -0.311130 0.069961
0.592872 0.169182 0.051632 0.599307 -0.310784 0.069474
0.590205 0.172523 0.050853 0.601051 -0.309208 0.068599
0.589506 0.174204 0.050459 0.600357 -0.308868 0.068314
0.591778 0.175788 0.049745 0.600576 -0.308730 0.068719
0.592377 0.177395 0.049513 0.600662 -0.308925 0.068805
0.592806 0.179108 0.049347 0.600714 -0.308258 0.068893
0.593355 0.180230 0.049490 0.601648 -0.308821 0.069146
0.593955 0.181310 0.048815 0.603120 -0.308054 0.069729
0.594966 0.181975 0.047913 0.606697 -0.306843 0.071408
0.595161 0.183181 0.047961 0.607405 -0.307284 0.071507
0.595410 0.183769 0.047890 0.607578 -0.306776 0.070952
0.594378 0.182783 0.045773 0.607678 -0.307797 0.070910
0.594728 0.183679 0.045910 0.607859 -0.307758 0.070826
0.596742 0.184564 0.046159 0.610762 -0.309650 0.071607
