0.803246 -0.299448 -0.169127
0.809931 -0.306420 -0.148930
0.816546 -0.309901 -0.136141
0.818066 -0.310188 -0.118454
0.815639 -0.304999 -0.100803
0.835102 -0.303082 -0.079538
0.831199 -0.303022 -0.064970
0.839040 -0.306543 -0.046944
0.837801 -0.305905 -0.026701
0.837870 -0.304794 -0.006121
0.846592 -0.304965 0.014224
0.850333 -0.304016 0.034806
0.855586 -0.304072 0.049712
0.857728 -0.305091 0.067600
0.856421 -0.307981 0.089422
0.864610 -0.309015 0.105356
0.869289 -0.308583 0.121744
0.873569 -0.309488 0.136464
0.875333 -0.308804 0.157282
0.876051 -0.306427 0.169064
0.876462 -0.302020 0.183005
0.877834 -0.297753 0.196208
0.876845 -0.296733 0.210091
0.876600 -0.300706 0.225870
0.872219 -0.302332 0.241050
0.874748 -0.303476 0.251579
0.873882 -0.306088 0.270762
0.877908 -0.312339 0.291439
0.882060 -0.315750 0.317029
0.885491 -0.307326 0.342381
0.893258 -0.298667 0.355085
0.895466 -0.296034 0.358647
0.898851 -0.297902 0.358485
0.900052 -0.304406 0.360017
0.899993 -0.306700 0.359446
0.900168 -0.307627 0.358924
0.900849 -0.307001 0.359203
0.899901 -0.307288 0.358493
0.897931 -0.305528 0.353595
0.897708 -0.305276 0.353310
0.897146 -0.305175 0.352270
0.896996 -0.306450 0.352271
0.897235 -0.305823 0.352483
0.897645 -0.306771 0.353683
0.896793 -0.306360 0.350897
