0.776737 -0.292748 -0.135177
0.783422 -0.299720 -0.114980
0.790037 -0.303201 -0.102191
0.791557 -0.303488 -0.084504
0.789130 -0.298299 -0.066853
0.808593 -0.296382 -0.045588
0.804690 -0.296322 -0.031020
0.812531 -0.299843 -0.012994
0.811292 -0.299205 0.007249
0.811361 -0.298094 0.027829
0.820083 -0.298265 0.048174
0.823824 -0.297316 0.068756
0.829077 -0.297372 0.083662
0.831219 -0.298391 0.101550
0.829912 -0.301281 0.123372
0.838101 -0.302315 0.139306
0.842780 -0.301883 0.155694
0.847060 -0.302788 0.170414
0.848824 -0.302104 0.191232
0.849542 -0.299727 0.203014
0.849953 -0.295320 0.216955
0.851325 -0.291053 0.230158
0.850336 -0.290033 0.244041
0.850091 -0.294006 0.259820
0.845710 -0.295632 0.275000
0.848239 -0.296776 0.285529
0.847373 -0.299388 0.304712
0.851399 -0.305639 0.325389
0.855551 -0.309050 0.350979
0.858982 -0.300626 0.376331
0.866749 -0.291967 0.389035
0.868957 -0.289334 0.392597
0.872342 -0.291202 0.392435
0.873543 -0.297706 0.393967
0.873484 -0.300000 0.393396
0.873659 -0.300927 0.392874
0.874340 -0.300301 0.393153
0.873392 -0.300588 0.392443
0.871422 -0.298828 0.387545
0.871199 -0.298576 0.387260
0.870637 -0.298475 0.386220
0.870487 -0.299750 0.386221
0.870726 -0.299123 0.386433
0.871136 -0.300071 0.387633
0.870284 -0.299660 0.384847
