0.735443 0.148608 1.376034 0.723427 -0.324034 0.361574
0.733827 0.146819 1.375953 0.720665 -0.324855 0.360471
0.731092 0.146766 1.377063 0.714992 -0.321234 0.366386
0.728767 0.145947 1.378959 0.710868 -0.321474 0.372056
0.725409 0.145962 1.380697 0.706555 -0.320659 0.377515
0.721996 0.147116 1.382103 0.702650 -0.321372 0.381433
0.715769 0.145660 1.381891 0.696876 -0.324028 0.382026
0.699785 0.143917 1.385738 0.684050 -0.326400 0.378801
0.688136 0.137225 1.398224 0.680888 -0.325849 0.375719
0.708733 0.133329 1.398882 0.708931 -0.327931 0.380502
0.763412 0.126250 1.400567 0.768884 -0.329652 0.387713
0.824579 0.123664 1.411714 0.823789 -0.330759 0.400354
0.875362 0.120404 1.432322 0.868685 -0.330646 0.417675
0.929342 0.114641 1.466377 0.912671 -0.331795 0.443749
0.978065 0.103083 1.521932 0.960126 -0.331084 0.488850
0.972131 0.100416 1.521746 0.960384 -0.333017 0.496990
0.961597 0.099086 1.509947 0.954781 -0.335111 0.492457
0.944723 0.099355 1.492918 0.944388 -0.338582 0.482187
0.924605 0.100784 1.474812 0.930670 -0.340308 0.468138
0.900762 0.103463 1.454161 0.913004 -0.340531 0.452353
0.849152 0.110055 1.422706 0.868904 -0.339975 0.424495
0.816927 0.108859 1.411057 0.841332 -0.339963 0.411973
0.788733 0.113372 1.402670 0.812029 -0.340642 0.402486
0.762017 0.116205 1.396177 0.785176 -0.339463 0.396495
0.741122 0.117511 1.393959 0.760229 -0.339448 0.391928
0.727696 0.120367 1.393317 0.745606 -0.339488 0.390718
0.704852 0.126210 1.395138 0.720155 -0.340420 0.388234
0.686805 0.133041 1.401062 0.696966 -0.340573 0.388334
0.686718 0.134918 1.404891 0.695665 -0.340341 0.388572
0.686919 0.134949 1.406227 0.696290 -0.338569 0.388481
0.689299 0.134028 1.405220 0.698522 -0.338236 0.389070
0.700859 0.130049 1.404243 0.710150 -0.337358 0.387826
0.723761 0.124100 1.404323 0.733564 -0.337805 0.387848
0.851316 0.102638 1.423896 0.855238 -0.339233 0.412438
0.917532 0.096909 1.452976 0.908343 -0.339453 0.438033
0.950574 0.095956 1.474521 0.934122 -0.339057 0.455280
1.008477 0.093931 1.528375 0.981874 -0.337786 0.500304
1.018454 0.091654 1.539598 0.994369 -0.337273 0.515617
1.016952 0.090161 1.536321 0.997002 -0.337985 0.519532
1.007496 0.088844 1.520798 0.990609 -0.336698 0.512291
0.992825 0.087762 1.499156 0.979511 -0.337810 0.500458
0.968724 0.089119 1.467579 0.959518 -0.338617 0.479277
0.909301 0.095466 1.408952 0.909710 -0.338058 0.441507
0.884193 0.100970 1.390178 0.888740 -0.340304 0.428938
0.864781 0.104282 1.378661 0.872321 -0.340111 0.420771
0.809801 0.115958 1.356572 0.824128 -0.341136 0.404103
0.787833 0.122003 1.351083 0.804162 -0.341214 0.397946
0.766892 0.126874 1.347500 0.784608 -0.341010 0.393197
0.745727 0.133536 1.347955 0.762654 -0.341297 0.389581
0.729712 0.138412 1.350232 0.745392 -0.340111 0.387508
0.714499 0.145672 1.353871 0.726873 -0.341086 0.386006
0.694049 0.155573 1.368133 0.701017 -0.341113 0.385730
0.698792 0.156709 1.373626 0.700086 -0.341587 0.385739
0.702444 0.156626 1.376235 0.700453 -0.340700 0.386221
0.707120 0.155993 1.377848 0.702144 -0.340340 0.386797
0.710795 0.154857 1.378101 0.706216 -0.340642 0.386800
0.745201 0.142614 1.375898 0.750739 -0.339654 0.386997
0.790154 0.131405 1.377154 0.797575 -0.339063 0.392137
0.838078 0.122281 1.384690 0.838341 -0.340881 0.400818
0.908155 0.117177 1.405094 0.896157 -0.344995 0.423538
0.984392 0.121890 1.446392 0.955302 -0.342265 0.465621
0.999269 0.128940 1.453758 0.968296 -0.340690 0.480670
0.994261 0.133597 1.446439 0.966098 -0.340643 0.483708
0.957660 0.133891 1.416816 0.938520 -0.343113 0.466421
0.938718 0.133315 1.405445 0.924907 -0.342979 0.455901
0.895612 0.130156 1.388924 0.891022 -0.344596 0.430065
0.874931 0.129672 1.382228 0.875001 -0.344877 0.419640
0.850292 0.129996 1.376659 0.854154 -0.343755 0.408431
0.831557 0.131569 1.374038 0.836243 -0.343456 0.401814
0.804073 0.132047 1.369481 0.808114 -0.341813 0.392564
0.785968 0.132935 1.366749 0.788314 -0.339764 0.388883
0.768049 0.136110 1.363548 0.770612 -0.337412 0.387012
0.749150 0.140040 1.359682 0.751961 -0.335401 0.384424
0.734733 0.144026 1.358458 0.737804 -0.336244 0.382700
0.714426 0.149604 1.359996 0.721100 -0.335626 0.381316
0.702426 0.153058 1.362093 0.713995 -0.335439 0.380877
0.693264 0.155274 1.365186 0.708916 -0.335498 0.382266
0.681170 0.159546 1.368651 0.699794 -0.335189 0.382682
0.677916 0.157682 1.372238 0.698966 -0.336339 0.383412
0.681329 0.155977 1.385877 0.697844 -0.334695 0.388020
0.681329 0.155977 1.385877 0.697844 -0.334695 0.388020
0.683755 0.157240 1.390385 0.697308 -0.334106 0.390970
0.685289 0.156643 1.393787 0.696960 -0.333462 0.392765
0.686927 0.159250 1.395234 0.696626 -0.334943 0.394885
0.688387 0.161116 1.396925 0.696739 -0.335249 0.395693
0.688723 0.164696 1.397009 0.696486 -0.337210 0.393445
0.688683 0.165836 1.397380 0.696320 -0.339263 0.392320
0.688403 0.164560 1.397268 0.696199 -0.339722 0.391072
0.688468 0.165678 1.397241 0.696540 -0.341358 0.388254
0.687871 0.162640 1.397800 0.696683 -0.342954 0.380578
0.687783 0.163234 1.397365 0.696121 -0.345127 0.372509
0.687456 0.162889 1.397730 0.696011 -0.346587 0.370389
0.688374 0.164206 1.397777 0.696542 -0.348138 0.370117
0.690919 0.162807 1.397206 0.702632 -0.350674 0.384485
0.687519 0.163122 1.397291 0.709954 -0.350068 0.402926
0.687331 0.162022 1.397434 0.709919 -0.350598 0.404569
0.686909 0.163458 1.395874 0.710361 -0.348175 0.405177
0.686886 0.162778 1.396320 0.709831 -0.348978 0.404013
0.686413 0.162443 1.396027 0.709972 -0.348145 0.402742
0.686349 0.162852 1.396333 0.709200 -0.349438 0.402108
0.686420 0.163596 1.395308 0.709115 -0.348597 0.402174
0.686361 0.164496 1.395338 0.709208 -0.347613 0.402978
0.686371 0.163810 1.395141 0.709812 -0.347582 0.404410
0.686428 0.163918 1.395262 0.710001 -0.347675 0.405123
0.686642 0.164063 1.395736 0.709290 -0.348244 0.402675
0.686528 0.163740 1.395188 0.709159 -0.348702 0.400613
0.686337 0.164189 1.394952 0.708892 -0.350972 0.396930
