0.689314 0.152094 0.374263 0.693766 -0.310706 0.335313
0.689314 0.152094 0.374263 0.693766 -0.310706 0.335313
0.692920 0.154975 0.379046 0.695358 -0.310024 0.340729
0.698423 0.155124 0.384925 0.695233 -0.312830 0.345773
0.701096 0.154069 0.387992 0.694892 -0.312943 0.350375
0.700122 0.153108 0.388244 0.695156 -0.312140 0.350859
0.696445 0.151284 0.383790 0.695781 -0.310117 0.349416
0.696445 0.151284 0.383790 0.695781 -0.310117 0.349416
0.687089 0.146706 0.374203 0.691922 -0.311130 0.346251
0.677483 0.144873 0.365170 0.687050 -0.309084 0.343372
0.677483 0.144873 0.365170 0.687050 -0.309084 0.343372
0.678259 0.145181 0.362928 0.686509 -0.308192 0.343375
0.706958 0.135092 0.358792 0.713799 -0.306450 0.343502
0.706958 0.135092 0.358792 0.713799 -0.306450 0.343502
0.739439 0.127361 0.358523 0.746444 -0.306529 0.344903
0.781914 0.119443 0.361768 0.787156 -0.310147 0.349950
0.832952 0.107118 0.372675 0.837232 -0.311458 0.363751
0.832952 0.107118 0.372675 0.837232 -0.311458 0.363751
0.877044 0.097390 0.391672 0.873120 -0.312528 0.380473
0.945909 0.082148 0.439090 0.928753 -0.314062 0.419281
0.945909 0.082148 0.439090 0.928753 -0.314062 0.419281
0.973037 0.079014 0.467101 0.950135 -0.316682 0.443657
0.981057 0.075804 0.478924 0.956787 -0.318902 0.455095
0.972061 0.073898 0.467481 0.946534 -0.323623 0.445518
0.972061 0.073898 0.467481 0.946534 -0.323623 0.445518
0.956238 0.075047 0.447050 0.930609 -0.326541 0.429637
0.931009 0.073277 0.419260 0.908155 -0.326903 0.409559
0.900256 0.074603 0.389932 0.881732 -0.323570 0.390659
0.873499 0.074705 0.370402 0.858084 -0.323507 0.376484
0.816962 0.076309 0.342226 0.805706 -0.321781 0.357658
0.789670 0.078009 0.335745 0.778602 -0.321585 0.351203
0.767154 0.082263 0.333241 0.755162 -0.322075 0.348077
0.746784 0.088190 0.333510 0.731475 -0.322629 0.345055
0.746784 0.088190 0.333510 0.731475 -0.322629 0.345055
0.729862 0.091894 0.334528 0.714839 -0.323115 0.343848
0.707955 0.100825 0.341743 0.693133 -0.322565 0.342864
0.694418 0.106414 0.347430 0.691394 -0.322318 0.343844
0.680095 0.113304 0.354396 0.692841 -0.323264 0.345128
0.673209 0.117086 0.362417 0.696289 -0.324484 0.346575
0.673209 0.117086 0.362417 0.696289 -0.324484 0.346575
0.684634 0.113211 0.367570 0.698854 -0.322673 0.346700
0.718160 0.101701 0.362704 0.712608 -0.320971 0.343061
0.718160 0.101701 0.362704 0.712608 -0.320971 0.343061
0.815522 0.068774 0.355648 0.806387 -0.326180 0.349095
0.885070 0.053863 0.366780 0.867972 -0.331821 0.366568
0.933715 0.048260 0.385093 0.907139 -0.335866 0.387387
0.933715 0.048260 0.385093 0.907139 -0.335866 0.387387
0.969548 0.048366 0.407772 0.939174 -0.334399 0.410663
0.986319 0.051450 0.421963 0.954522 -0.335188 0.425569
0.992943 0.055952 0.426135 0.957864 -0.335050 0.432982
0.992943 0.055952 0.426135 0.957864 -0.335050 0.432982
0.959131 0.062955 0.391183 0.918489 -0.334799 0.406724
0.959131 0.062955 0.391183 0.918489 -0.334799 0.406724
0.937823 0.065560 0.374188 0.899208 -0.334436 0.392386
0.904912 0.069824 0.354975 0.874640 -0.333035 0.376855
0.873751 0.073399 0.341363 0.854301 -0.332209 0.367114
0.845455 0.076679 0.333982 0.834719 -0.330742 0.359444
0.845455 0.076679 0.333982 0.834719 -0.330742 0.359444
0.783859 0.089133 0.337897 0.783583 -0.323705 0.346385
0.783859 0.089133 0.337897 0.783583 -0.323705 0.346385
0.748463 0.099260 0.354987 0.746927 -0.320694 0.342847
0.748463 0.099260 0.354987 0.746927 -0.320694 0.342847
0.740088 0.101111 0.357928 0.738740 -0.321634 0.342003
0.705632 0.109644 0.363586 0.710389 -0.319448 0.343180
0.691723 0.113603 0.364319 0.699201 -0.319799 0.344309
0.677846 0.116664 0.364319 0.693821 -0.318135 0.346491
0.677846 0.116664 0.364319 0.693821 -0.318135 0.346491
0.675440 0.117634 0.365548 0.693438 -0.318860 0.350073
0.675440 0.117634 0.365548 0.693438 -0.318860 0.350073
0.678720 0.117870 0.368927 0.693724 -0.320382 0.351777
0.685973 0.116406 0.370048 0.695907 -0.320665 0.351280
0.693965 0.114628 0.370544 0.700443 -0.321240 0.349672
0.716836 0.107930 0.371661 0.717810 -0.321891 0.348331
0.770543 0.092893 0.378476 0.769301 -0.326303 0.352616
0.770543 0.092893 0.378476 0.769301 -0.326303 0.352616
0.820082 0.081384 0.391067 0.817374 -0.330568 0.362808
0.861833 0.073133 0.406763 0.856951 -0.333982 0.378622
0.913103 0.066894 0.433106 0.897682 -0.335640 0.400479
0.913103 0.066894 0.433106 0.897682 -0.335640 0.400479
0.979085 0.060555 0.487399 0.945460 -0.335322 0.442971
0.988739 0.061240 0.495309 0.951969 -0.335893 0.453683
0.986383 0.059559 0.490531 0.948817 -0.336909 0.454106
0.978050 0.060029 0.475576 0.939519 -0.338145 0.447186
0.978050 0.060029 0.475576 0.939519 -0.338145 0.447186
0.962043 0.060042 0.453077 0.925978 -0.336617 0.434841
0.962043 0.060042 0.453077 0.925978 -0.336617 0.434841
0.921024 0.067855 0.409930 0.887006 -0.336325 0.402650
0.904401 0.069964 0.396104 0.871935 -0.333917 0.392503
0.875832 0.077982 0.377558 0.843503 -0.331794 0.378265
0.832241 0.087378 0.358083 0.801075 -0.330397 0.362024
0.811718 0.090542 0.352168 0.784073 -0.329160 0.357312
0.757498 0.103181 0.342472 0.742203 -0.327293 0.350263
0.757498 0.103181 0.342472 0.742203 -0.327293 0.350263
0.735050 0.107375 0.341006 0.727238 -0.326415 0.348095
0.718170 0.109181 0.341565 0.716640 -0.325844 0.348013
0.709133 0.111833 0.343304 0.709696 -0.325825 0.348093
0.698778 0.114103 0.346276 0.701172 -0.324691 0.347754
0.693579 0.114892 0.349567 0.695214 -0.323564 0.347643
0.692237 0.117608 0.355306 0.693218 -0.322412 0.349320
0.692237 0.117608 0.355306 0.693218 -0.322412 0.349320
0.690213 0.119530 0.357643 0.693532 -0.321733 0.350473
0.688166 0.121117 0.359096 0.693278 -0.321789 0.350980
0.684091 0.124203 0.359180 0.693133 -0.321574 0.350770
0.678826 0.128339 0.359854 0.689134 -0.321101 0.352625
0.677503 0.132555 0.362545 0.688170 -0.329226 0.340040
0.678345 0.132666 0.362998 0.687607 -0.333384 0.335100
0.677725 0.132386 0.362680 0.687633 -0.333917 0.333460
0.677568 0.131681 0.362394 0.687110 -0.336565 0.330548
0.677980 0.131512 0.362593 0.687190 -0.337688 0.328720
0.678309 0.132832 0.359919 0.689583 -0.339229 0.328873
0.678014 0.133600 0.359340 0.690154 -0.339866 0.328794
0.677740 0.134066 0.357571 0.690081 -0.341078 0.325601
0.677738 0.134318 0.356876 0.689334 -0.341888 0.323596
0.677760 0.133927 0.356573 0.688834 -0.342573 0.321474
0.677760 0.133927 0.356573 0.688834 -0.342573 0.321474
0.677882 0.137130 0.355197 0.688615 -0.344222 0.319409
0.678574 0.138561 0.354951 0.688117 -0.345246 0.317426
0.678172 0.138274 0.354762 0.688004 -0.344680 0.317374
0.678172 0.138274 0.354762 0.688004 -0.344680 0.317374
0.678255 0.139422 0.354491 0.687847 -0.345510 0.315850
0.678486 0.139092 0.354531 0.687682 -0.346358 0.315430
0.679023 0.138656 0.354716 0.688738 -0.346269 0.315702
0.679023 0.138656 0.354716 0.688738 -0.346269 0.315702
0.678987 0.139292 0.353552 0.689341 -0.345480 0.316119
