0.692028 0.174666 0.372565 0.708218 -0.280324 0.362426
0.689795 0.175925 0.373826 0.706282 -0.280754 0.362323
0.687240 0.175070 0.374321 0.704973 -0.280442 0.361807
0.684901 0.175583 0.375118 0.704310 -0.281439 0.362145
0.678906 0.171782 0.371661 0.703474 -0.280669 0.362453
0.674034 0.172330 0.366865 0.700747 -0.279880 0.361879
0.672944 0.173341 0.365118 0.700015 -0.280427 0.361613
0.672691 0.174318 0.363200 0.706573 -0.280583 0.360235
0.682196 0.172916 0.361614 0.718267 -0.279614 0.358805
0.749742 0.161407 0.364848 0.788089 -0.277404 0.360575
0.776537 0.157968 0.368839 0.809550 -0.277219 0.364056
0.839852 0.151212 0.390040 0.860456 -0.275930 0.382942
0.916894 0.146980 0.438784 0.928299 -0.275417 0.432799
0.946809 0.144012 0.468338 0.950758 -0.275456 0.460477
0.964193 0.142125 0.488564 0.963395 -0.275044 0.477477
0.975199 0.140378 0.502024 0.966421 -0.275679 0.483949
0.975582 0.139424 0.501833 0.961355 -0.277518 0.479188
0.955405 0.139433 0.469744 0.933781 -0.282506 0.446318
0.883645 0.138727 0.400159 0.861584 -0.285748 0.391057
0.863866 0.137528 0.388555 0.843925 -0.285587 0.383862
0.815866 0.140783 0.367248 0.804607 -0.286117 0.369743
0.786898 0.146373 0.358690 0.777888 -0.287434 0.362827
0.767894 0.148604 0.354070 0.760213 -0.287173 0.359389
0.739446 0.154438 0.349137 0.728643 -0.288291 0.353881
0.719462 0.157656 0.347081 0.707476 -0.289546 0.352578
0.701584 0.162269 0.346772 0.699174 -0.289807 0.353182
0.685268 0.164701 0.347167 0.698561 -0.290905 0.353526
0.675317 0.169467 0.346926 0.699601 -0.289664 0.353856
0.669397 0.170093 0.348221 0.698269 -0.288924 0.353619
0.672242 0.169455 0.348973 0.699635 -0.288560 0.352698
0.721034 0.158222 0.349791 0.732647 -0.286963 0.350587
0.759059 0.149891 0.351855 0.764378 -0.287207 0.351962
0.809008 0.138941 0.359643 0.805633 -0.290069 0.358683
0.851507 0.131420 0.372865 0.840091 -0.294720 0.369632
0.912189 0.123170 0.402818 0.891242 -0.297587 0.396496
0.946628 0.119422 0.431267 0.920506 -0.295853 0.418695
0.969199 0.118155 0.456410 0.939538 -0.294738 0.436781
0.985751 0.115313 0.481631 0.949578 -0.294303 0.449678
0.985919 0.113009 0.487375 0.943603 -0.294227 0.447704
0.958400 0.112956 0.457208 0.904018 -0.296346 0.417463
0.933102 0.114540 0.432917 0.871749 -0.298674 0.396917
0.908252 0.115616 0.410517 0.845412 -0.298410 0.383265
0.859550 0.118544 0.375445 0.794540 -0.297121 0.361013
0.809291 0.126629 0.351231 0.750430 -0.297338 0.348666
0.784947 0.131960 0.343134 0.731362 -0.297491 0.345686
0.756887 0.140539 0.335407 0.711155 -0.295382 0.344032
0.737365 0.145558 0.331653 0.698623 -0.293324 0.343232
0.697027 0.156908 0.328536 0.693322 -0.291677 0.341066
0.667775 0.168714 0.330966 0.688821 -0.290327 0.338314
0.661665 0.173921 0.333446 0.686854 -0.287855 0.337517
0.659849 0.175566 0.334620 0.685805 -0.287676 0.337373
0.661494 0.176541 0.335933 0.685242 -0.286592 0.337775
0.682539 0.165941 0.334905 0.692890 -0.286157 0.339785
0.770692 0.135832 0.340573 0.753712 -0.283670 0.340172
0.807297 0.125524 0.347578 0.784882 -0.283785 0.344451
0.879422 0.108230 0.377088 0.848898 -0.287275 0.362617
0.924702 0.101719 0.409625 0.889904 -0.289170 0.385448
0.962349 0.099388 0.449307 0.922403 -0.287648 0.409886
0.990576 0.100683 0.491285 0.944394 -0.286014 0.434272
0.997171 0.102269 0.507097 0.948137 -0.287497 0.442802
0.991942 0.104965 0.500888 0.937764 -0.286323 0.438254
0.958988 0.107796 0.453420 0.891793 -0.291480 0.408114
0.930661 0.111097 0.419872 0.851736 -0.292276 0.385031
0.902965 0.113236 0.393549 0.818990 -0.293118 0.371329
0.878851 0.114707 0.374498 0.795813 -0.293138 0.362838
0.853125 0.118050 0.358049 0.777411 -0.294110 0.357331
0.824623 0.122807 0.344281 0.758118 -0.293375 0.352223
0.774162 0.134462 0.327686 0.726969 -0.294193 0.348553
0.760973 0.138468 0.325055 0.717509 -0.294027 0.348103
0.736401 0.147583 0.322235 0.698300 -0.293396 0.347212
0.722357 0.152870 0.322448 0.696205 -0.294027 0.347151
0.706444 0.158683 0.323408 0.694313 -0.290821 0.345648
0.696259 0.163080 0.326482 0.693352 -0.287737 0.345095
0.692255 0.166760 0.336004 0.693087 -0.288103 0.345410
0.692144 0.167296 0.340160 0.693255 -0.287948 0.346145
0.693697 0.167753 0.344925 0.693539 -0.288657 0.346851
0.695660 0.169458 0.348959 0.693567 -0.288518 0.347271
0.701249 0.171978 0.356183 0.693347 -0.291056 0.349306
0.701644 0.172658 0.358034 0.693012 -0.291519 0.348590
0.701492 0.173662 0.357876 0.692307 -0.292956 0.347172
0.701833 0.175111 0.358505 0.690616 -0.297040 0.346880
0.702250 0.176531 0.359662 0.690784 -0.297720 0.348005
0.699930 0.179799 0.361691 0.690466 -0.295943 0.347853
0.698688 0.179116 0.363521 0.689790 -0.294621 0.346753
0.697141 0.179294 0.364629 0.689979 -0.293406 0.346818
0.697062 0.177654 0.365576 0.690551 -0.292682 0.347085
0.696573 0.177336 0.363750 0.690078 -0.294620 0.344187
0.697317 0.178212 0.358281 0.688388 -0.301173 0.331465
0.696847 0.179877 0.354245 0.687892 -0.303780 0.327343
0.697898 0.181388 0.352658 0.687595 -0.305724 0.325179
0.698701 0.183240 0.349271 0.687262 -0.308107 0.323848
0.699265 0.184720 0.349280 0.687363 -0.309147 0.323144
0.699216 0.185783 0.347775 0.687123 -0.309213 0.322372
0.699737 0.187777 0.345451 0.687856 -0.310162 0.321340
0.699903 0.187555 0.344774 0.688080 -0.310407 0.321472
0.698974 0.187350 0.343686 0.688099 -0.310789 0.320821
0.699883 0.186927 0.343565 0.688544 -0.311707 0.320257
0.700281 0.186585 0.344081 0.688397 -0.312461 0.319925
0.700762 0.187336 0.343362 0.688604 -0.312912 0.319627
0.702264 0.189538 0.343466 0.689287 -0.312504 0.319080
0.701253 0.188896 0.342796 0.689394 -0.312841 0.318711
0.701253 0.188896 0.342796 0.689394 -0.312841 0.318711
