0.730790 0.146773 1.372702 0.637836 -0.321311 0.341299
0.727604 0.148481 1.371745 0.637849 -0.322158 0.341375
0.727604 0.148481 1.371745 0.637849 -0.322158 0.341375
0.741012 0.142665 1.369899 0.646790 -0.326145 0.341168
0.741012 0.142665 1.369899 0.646790 -0.326145 0.341168
0.764227 0.135894 1.370525 0.664146 -0.328923 0.339908
0.808885 0.124674 1.375739 0.701253 -0.335704 0.340925
0.861140 0.114875 1.390306 0.750199 -0.344080 0.347903
0.907248 0.107091 1.412380 0.795071 -0.351046 0.362019
0.969005 0.095812 1.462148 0.856771 -0.357308 0.394126
0.998369 0.086486 1.498306 0.892257 -0.361279 0.420746
0.998369 0.086486 1.498306 0.892257 -0.361279 0.420746
1.016626 0.078889 1.528891 0.928464 -0.367481 0.452231
1.016626 0.078889 1.528891 0.928464 -0.367481 0.452231
1.007481 0.078733 1.516342 0.924691 -0.368524 0.446286
0.989812 0.082084 1.492009 0.910718 -0.371407 0.431708
0.969213 0.087026 1.466204 0.891801 -0.370273 0.415237
0.948789 0.090868 1.445550 0.872292 -0.369979 0.401667
0.891846 0.103642 1.402596 0.812367 -0.365437 0.371498
0.891846 0.103642 1.402596 0.812367 -0.365437 0.371498
0.832428 0.116263 1.376642 0.746850 -0.356747 0.351155
0.814060 0.120187 1.371282 0.726761 -0.354646 0.346865
0.792866 0.123755 1.365470 0.705167 -0.352140 0.343524
0.773967 0.129225 1.360899 0.685848 -0.351745 0.342238
0.773967 0.129225 1.360899 0.685848 -0.351745 0.342238
0.760619 0.132207 1.358884 0.671547 -0.350670 0.342248
0.742000 0.137702 1.359711 0.655099 -0.348759 0.342690
0.742000 0.137702 1.359711 0.655099 -0.348759 0.342690
0.737869 0.139387 1.361356 0.654724 -0.348603 0.342133
0.737600 0.141468 1.372803 0.653655 -0.347849 0.341391
0.737600 0.141468 1.372803 0.653655 -0.347849 0.341391
0.744080 0.141619 1.378786 0.653175 -0.348117 0.341308
0.747893 0.140318 1.380909 0.653493 -0.347123 0.341472
0.747893 0.140318 1.380909 0.653493 -0.347123 0.341472
0.750485 0.138765 1.379765 0.655412 -0.346817 0.341008
0.760661 0.133368 1.379050 0.665537 -0.345674 0.340339
0.786280 0.125339 1.379480 0.695156 -0.348565 0.339556
0.865568 0.101077 1.394764 0.786384 -0.356768 0.349723
0.865568 0.101077 1.394764 0.786384 -0.356768 0.349723
0.913566 0.085647 1.417172 0.840006 -0.363098 0.366107
0.913566 0.085647 1.417172 0.840006 -0.363098 0.366107
0.955196 0.074583 1.447129 0.888678 -0.365591 0.388957
0.992340 0.066355 1.486024 0.932852 -0.367576 0.419069
1.003042 0.062717 1.503123 0.947069 -0.364600 0.431631
1.005850 0.061207 1.511211 0.950136 -0.361960 0.436176
1.001193 0.061308 1.508083 0.945026 -0.359631 0.432762
0.992108 0.062691 1.497581 0.934089 -0.359871 0.423167
0.992108 0.062691 1.497581 0.934089 -0.359871 0.423167
0.959014 0.071023 1.460109 0.897032 -0.355729 0.393789
0.959014 0.071023 1.460109 0.897032 -0.355729 0.393789
0.926471 0.079283 1.429566 0.861926 -0.352935 0.370120
0.903965 0.085419 1.411333 0.837003 -0.352649 0.356932
0.881126 0.090420 1.397600 0.813665 -0.350972 0.345989
0.838095 0.100804 1.375896 0.768797 -0.347859 0.333060
0.838095 0.100804 1.375896 0.768797 -0.347859 0.333060
0.838095 0.100804 1.375896 0.768797 -0.347859 0.333060
0.805455 0.109288 1.365565 0.730888 -0.346590 0.326977
0.771934 0.120228 1.357641 0.693566 -0.341942 0.323964
0.748490 0.128623 1.353466 0.670649 -0.336924 0.325097
0.740866 0.131406 1.352860 0.663759 -0.335185 0.326523
0.740866 0.131406 1.352860 0.663759 -0.335185 0.326523
0.737651 0.133962 1.354794 0.662609 -0.334829 0.330038
0.737651 0.133962 1.354794 0.662609 -0.334829 0.330038
0.739559 0.135089 1.356653 0.662525 -0.334969 0.332132
0.740622 0.135364 1.357993 0.662490 -0.335847 0.332902
0.740278 0.135833 1.359331 0.662589 -0.336907 0.333894
0.741397 0.135254 1.360023 0.664094 -0.338368 0.334899
0.741397 0.135254 1.360023 0.664094 -0.338368 0.334899
0.767912 0.124816 1.361875 0.690305 -0.341421 0.335532
0.767912 0.124816 1.361875 0.690305 -0.341421 0.335532
0.826528 0.107494 1.372298 0.748360 -0.346349 0.341145
0.872908 0.094246 1.387452 0.792018 -0.351259 0.349910
0.927975 0.079885 1.415601 0.843571 -0.355609 0.367534
0.972949 0.070013 1.449863 0.887795 -0.358734 0.391079
1.025309 0.058039 1.524037 0.951283 -0.358400 0.450033
1.025309 0.058039 1.524037 0.951283 -0.358400 0.450033
1.021662 0.058861 1.523753 0.948943 -0.358956 0.451400
1.000966 0.067697 1.500538 0.929752 -0.358729 0.439044
1.000966 0.067697 1.500538 0.929752 -0.358729 0.439044
0.987874 0.072112 1.485413 0.917364 -0.358659 0.430439
0.973369 0.077096 1.469897 0.903798 -0.358486 0.419492
0.973369 0.077096 1.469897 0.903798 -0.358486 0.419492
0.931042 0.089723 1.429220 0.863667 -0.356475 0.390276
0.909227 0.094696 1.411622 0.841874 -0.355230 0.376331
0.909227 0.094696 1.411622 0.841874 -0.355230 0.376331
0.858365 0.103731 1.379327 0.788782 -0.352439 0.351927
0.858365 0.103731 1.379327 0.788782 -0.352439 0.351927
0.840611 0.106728 1.370792 0.771855 -0.351044 0.347161
0.750432 0.132495 1.352627 0.687242 -0.343257 0.337791
0.741163 0.141576 1.358249 0.673886 -0.341490 0.345140
0.744798 0.142052 1.360398 0.674173 -0.342216 0.346886
0.751270 0.141003 1.363658 0.672962 -0.344316 0.345657
0.751270 0.141003 1.363658 0.672962 -0.344316 0.345657
0.754585 0.139836 1.365302 0.672829 -0.344638 0.344270
0.757681 0.137985 1.365757 0.672275 -0.347163 0.341423
0.761616 0.134567 1.367170 0.670765 -0.349924 0.336473
0.766113 0.132781 1.368492 0.668988 -0.353491 0.329521
0.770418 0.131397 1.369540 0.669609 -0.357332 0.326157
0.772053 0.130157 1.370081 0.667769 -0.359412 0.322773
0.771966 0.130382 1.370494 0.667141 -0.364139 0.315810
0.771966 0.130382 1.370494 0.667141 -0.364139 0.315810
0.772567 0.129824 1.370325 0.667602 -0.363415 0.314571
0.773114 0.129023 1.370788 0.667557 -0.362756 0.313985
0.774427 0.129266 1.371700 0.668691 -0.360533 0.315260
0.774595 0.129673 1.371250 0.671120 -0.357070 0.320454
0.774595 0.129673 1.371250 0.671120 -0.357070 0.320454
0.772273 0.130658 1.370662 0.677159 -0.354710 0.328520
0.772273 0.130658 1.370662 0.677159 -0.354710 0.328520
0.772659 0.133005 1.370643 0.679813 -0.351200 0.330894
0.772659 0.133005 1.370643 0.679813 -0.351200 0.330894
0.772796 0.133408 1.371226 0.680324 -0.347626 0.330696
0.772965 0.133699 1.371396 0.680116 -0.345717 0.330674
0.772362 0.133014 1.371886 0.680471 -0.343982 0.330396
0.772194 0.132387 1.372376 0.680673 -0.343273 0.329971
0.772055 0.132401 1.372941 0.680735 -0.341665 0.329813
0.772055 0.132401 1.372941 0.680735 -0.341665 0.329813
0.771988 0.135266 1.374649 0.681037 -0.338798 0.330289
0.771843 0.135410 1.374396 0.681481 -0.337153 0.329821
0.772123 0.135473 1.374062 0.681673 -0.336938 0.330143
0.772123 0.135473 1.374062 0.681673 -0.336938 0.330143
