0.681739 0.154178 0.387327 0.730619 -0.280305 1.368119
0.715904 0.144151 0.390049 0.768279 -0.274152 1.375842
0.715904 0.144151 0.390049 0.768279 -0.274152 1.375842
0.753354 0.133596 0.396577 0.810152 -0.275670 1.382823
0.800780 0.125106 0.409146 0.859142 -0.279784 1.394318
0.877422 0.115107 0.443769 0.931461 -0.288398 1.419368
0.877422 0.115107 0.443769 0.931461 -0.288398 1.419368
0.955264 0.112316 0.506080 1.001576 -0.298187 1.456872
0.955264 0.112316 0.506080 1.001576 -0.298187 1.456872
0.985121 0.113946 0.544135 1.020970 -0.300834 1.476519
0.985121 0.113946 0.544135 1.020970 -0.300834 1.476519
0.983677 0.114350 0.541293 1.015910 -0.297944 1.474200
0.901843 0.114275 0.442361 0.931417 -0.297967 1.415021
0.839608 0.123355 0.398052 0.871315 -0.295950 1.380582
0.817935 0.125857 0.387660 0.849759 -0.293705 1.371680
0.792173 0.130411 0.378143 0.823364 -0.292211 1.363398
0.792173 0.130411 0.378143 0.823364 -0.292211 1.363398
0.751295 0.136927 0.367507 0.778381 -0.290900 1.356184
0.726414 0.140203 0.364541 0.748812 -0.289900 1.356232
0.726414 0.140203 0.364541 0.748812 -0.289900 1.356232
0.692741 0.145943 0.364134 0.727407 -0.288294 1.356367
0.671745 0.150864 0.365293 0.727285 -0.288342 1.356951
0.670682 0.150218 0.366841 0.729132 -0.288716 1.356831
0.670682 0.150218 0.366841 0.729132 -0.288716 1.356831
0.674568 0.151174 0.369533 0.727532 -0.289839 1.357693
0.674568 0.151174 0.369533 0.727532 -0.289839 1.357693
0.671425 0.153128 0.371850 0.728140 -0.290665 1.358168
0.671425 0.153128 0.371850 0.728140 -0.290665 1.358168
0.671424 0.153721 0.372559 0.727838 -0.290789 1.358415
0.671760 0.153909 0.373253 0.727954 -0.291155 1.358856
0.672440 0.153125 0.372577 0.730576 -0.292024 1.359379
0.672440 0.153125 0.372577 0.730576 -0.292024 1.359379
0.698639 0.144454 0.371483 0.760125 -0.296012 1.357627
0.797101 0.117671 0.384167 0.858400 -0.311182 1.368062
0.797101 0.117671 0.384167 0.858400 -0.311182 1.368062
0.847079 0.106909 0.399891 0.906730 -0.318333 1.385373
0.887714 0.100607 0.421280 0.947880 -0.322792 1.407959
0.917817 0.097508 0.442566 0.976808 -0.325951 1.431074
0.942783 0.097266 0.465534 0.997131 -0.324949 1.451438
0.961864 0.095058 0.489013 1.009781 -0.324995 1.468530
0.961864 0.095058 0.489013 1.009781 -0.324995 1.468530
0.966845 0.093631 0.497525 1.004610 -0.324067 1.468306
0.952825 0.092559 0.478545 0.988067 -0.323803 1.454583
0.952825 0.092559 0.478545 0.988067 -0.323803 1.454583
0.938251 0.092966 0.460110 0.972087 -0.324245 1.440538
0.919250 0.094382 0.438943 0.953458 -0.323329 1.424164
0.868181 0.103396 0.395144 0.908523 -0.318608 1.393360
0.844849 0.109023 0.379135 0.889198 -0.315141 1.381836
0.820708 0.114912 0.366411 0.868754 -0.309402 1.370995
0.820708 0.114912 0.366411 0.868754 -0.309402 1.370995
0.800258 0.120032 0.357675 0.848572 -0.308645 1.362689
0.788022 0.123614 0.353706 0.835654 -0.307242 1.358494
0.764849 0.129628 0.348298 0.809500 -0.305634 1.351367
0.764849 0.129628 0.348298 0.809500 -0.305634 1.351367
0.731358 0.137670 0.346709 0.774858 -0.302710 1.343767
0.717081 0.139990 0.348369 0.762488 -0.301432 1.341624
0.717081 0.139990 0.348369 0.762488 -0.301432 1.341624
0.700811 0.143556 0.351734 0.747507 -0.301145 1.340278
0.681281 0.147831 0.356325 0.732184 -0.299528 1.339888
0.664692 0.151562 0.360209 0.717408 -0.297754 1.339210
0.661935 0.152352 0.362112 0.708707 -0.296037 1.340642
0.662415 0.151788 0.362151 0.701926 -0.295578 1.341304
0.662415 0.151788 0.362151 0.701926 -0.295578 1.341304
0.658618 0.152225 0.363209 0.698241 -0.295191 1.341886
0.657953 0.150958 0.364192 0.696434 -0.296846 1.342638
0.657953 0.150958 0.364192 0.696434 -0.296846 1.342638
0.658147 0.150032 0.365799 0.695470 -0.297890 1.343140
0.657393 0.149010 0.367128 0.697381 -0.299376 1.343160
0.661162 0.146372 0.368337 0.704831 -0.301800 1.341007
0.680297 0.138783 0.368963 0.731804 -0.304072 1.337492
0.680297 0.138783 0.368963 0.731804 -0.304072 1.337492
0.715803 0.128648 0.371528 0.772146 -0.308050 1.336063
0.809976 0.103539 0.387721 0.865930 -0.316627 1.350926
0.809976 0.103539 0.387721 0.865930 -0.316627 1.350926
0.866284 0.092440 0.408024 0.922012 -0.322153 1.373654
0.891158 0.088953 0.420734 0.945298 -0.324050 1.388848
0.938158 0.089849 0.454091 0.992213 -0.325783 1.436102
0.938158 0.089849 0.454091 0.992213 -0.325783 1.436102
0.945035 0.091759 0.462230 0.999176 -0.326136 1.449965
0.946969 0.094794 0.464828 0.999286 -0.325649 1.459276
0.946969 0.094794 0.464828 0.999286 -0.325649 1.459276
0.944052 0.098923 0.461561 0.991870 -0.326330 1.457693
0.932386 0.101451 0.449428 0.971768 -0.324394 1.443508
0.921746 0.101545 0.439232 0.954825 -0.323271 1.430946
0.910193 0.102777 0.426688 0.936538 -0.320819 1.415866
0.893807 0.103247 0.410979 0.913193 -0.319161 1.400280
0.893807 0.103247 0.410979 0.913193 -0.319161 1.400280
0.874769 0.102963 0.395512 0.889980 -0.315947 1.386995
0.874769 0.102963 0.395512 0.889980 -0.315947 1.386995
0.831536 0.101151 0.370312 0.843577 -0.311684 1.366848
0.809998 0.102200 0.362483 0.824915 -0.309333 1.362029
0.809998 0.102200 0.362483 0.824915 -0.309333 1.362029
0.772917 0.110039 0.354306 0.792212 -0.306236 1.356020
0.738937 0.119772 0.349078 0.760686 -0.303876 1.353201
0.738937 0.119772 0.349078 0.760686 -0.303876 1.353201
0.708624 0.132834 0.344229 0.735781 -0.301377 1.353492
0.698229 0.136562 0.343579 0.728436 -0.300987 1.354420
0.698229 0.136562 0.343579 0.728436 -0.300987 1.354420
0.685163 0.140442 0.342916 0.719051 -0.299170 1.355235
0.669012 0.144216 0.343448 0.712732 -0.298489 1.356623
0.656972 0.147415 0.344523 0.712538 -0.298953 1.358714
0.640581 0.153255 0.346717 0.712837 -0.299518 1.362417
0.640581 0.153255 0.346717 0.712837 -0.299518 1.362417
0.635476 0.167020 0.351581 0.712416 -0.299609 1.376840
0.635476 0.167020 0.351581 0.712416 -0.299609 1.376840
0.633790 0.167541 0.352677 0.712710 -0.300830 1.375780
0.633790 0.167541 0.352677 0.712710 -0.300830 1.375780
0.631096 0.168689 0.353655 0.711633 -0.300439 1.363133
0.633847 0.167342 0.353214 0.710996 -0.301712 1.357715
0.634403 0.167065 0.352984 0.710338 -0.303132 1.353051
0.634403 0.167065 0.352984 0.710338 -0.303132 1.353051
0.634475 0.166740 0.352411 0.710051 -0.305132 1.349199
0.634248 0.165823 0.352165 0.709187 -0.308177 1.346462
0.634415 0.166508 0.352113 0.709199 -0.309747 1.345476
0.633768 0.167139 0.351847 0.710390 -0.317239 1.342926
0.633768 0.167139 0.351847 0.710390 -0.317239 1.342926
0.633768 0.167139 0.351847 0.710390 -0.317239 1.342926
0.636311 0.165163 0.349537 0.709387 -0.324243 1.339922
0.633483 0.168013 0.348491 0.710496 -0.324108 1.341755
0.633483 0.168013 0.348491 0.710496 -0.324108 1.341755
0.634100 0.167668 0.347916 0.716800 -0.319471 1.354867
0.634100 0.167668 0.347916 0.716800 -0.319471 1.354867
0.632789 0.168447 0.347636 0.718653 -0.317417 1.360974
0.633982 0.168174 0.347330 0.719609 -0.314563 1.367033
0.633982 0.168174 0.347330 0.719609 -0.314563 1.367033
0.634765 0.169458 0.345887 0.719814 -0.315019 1.369620
0.634765 0.169458 0.345887 0.719814 -0.315019 1.369620
0.635127 0.169964 0.344838 0.719523 -0.315345 1.367847
0.635035 0.169814 0.343829 0.719505 -0.314905 1.366946
0.635655 0.170057 0.343808 0.719577 -0.315122 1.363852
0.635256 0.170063 0.342454 0.719702 -0.315119 1.361545
0.635256 0.170063 0.342454 0.719702 -0.315119 1.361545
