0.689314 0.152094 0.374263 0.733766 -0.280706 1.365313
0.689314 0.152094 0.374263 0.733766 -0.280706 1.365313
0.692920 0.154975 0.379046 0.735358 -0.280024 1.370729
0.698423 0.155124 0.384925 0.735233 -0.282830 1.375772
0.701096 0.154069 0.387992 0.734892 -0.282943 1.380375
0.700122 0.153108 0.388244 0.735156 -0.282140 1.380859
0.696445 0.151284 0.383790 0.735781 -0.280117 1.379416
0.696445 0.151284 0.383790 0.735781 -0.280117 1.379416
0.687089 0.146706 0.374203 0.731922 -0.281130 1.376251
0.677483 0.144873 0.365170 0.727050 -0.279084 1.373372
0.677483 0.144873 0.365170 0.727050 -0.279084 1.373372
0.678259 0.145181 0.362928 0.726509 -0.278192 1.373375
0.706958 0.135092 0.358792 0.753799 -0.276450 1.373502
0.706958 0.135092 0.358792 0.753799 -0.276450 1.373502
0.739439 0.127361 0.358523 0.786444 -0.276529 1.374903
0.781914 0.119443 0.361768 0.827156 -0.280147 1.379950
0.832952 0.107118 0.372675 0.877232 -0.281458 1.393751
0.832952 0.107118 0.372675 0.877232 -0.281458 1.393751
0.877044 0.097390 0.391672 0.913120 -0.282528 1.410473
0.945909 0.082148 0.439090 0.968753 -0.284062 1.449281
0.945909 0.082148 0.439090 0.968753 -0.284062 1.449281
0.973037 0.079014 0.467101 0.990135 -0.286682 1.473657
0.981057 0.075804 0.478924 0.996787 -0.288902 1.485095
0.972061 0.073898 0.467481 0.986534 -0.293623 1.475518
0.972061 0.073898 0.467481 0.986534 -0.293623 1.475518
0.956238 0.075047 0.447050 0.970609 -0.296541 1.459637
0.931009 0.073277 0.419260 0.948155 -0.296903 1.439559
0.900256 0.074603 0.389932 0.921732 -0.293570 1.420659
0.873499 0.074705 0.370402 0.898084 -0.293507 1.406484
0.816962 0.076309 0.342226 0.845706 -0.291781 1.387658
0.789670 0.078009 0.335745 0.818602 -0.291585 1.381202
0.767154 0.082263 0.333241 0.795162 -0.292075 1.378077
0.746784 0.088190 0.333510 0.771475 -0.292629 1.375055
0.746784 0.088190 0.333510 0.771475 -0.292629 1.375055
0.729862 0.091894 0.334528 0.754839 -0.293115 1.373847
0.707955 0.100825 0.341743 0.733133 -0.292565 1.372864
0.694418 0.106414 0.347430 0.731394 -0.292318 1.373844
0.680095 0.113304 0.354396 0.732841 -0.293264 1.375128
0.673209 0.117086 0.362417 0.736289 -0.294484 1.376575
0.673209 0.117086 0.362417 0.736289 -0.294484 1.376575
0.684634 0.113211 0.367570 0.738854 -0.292673 1.376700
0.718160 0.101701 0.362704 0.752608 -0.290971 1.373061
0.718160 0.101701 0.362704 0.752608 -0.290971 1.373061
0.815522 0.068774 0.355648 0.846387 -0.296180 1.379094
0.885070 0.053863 0.366780 0.907972 -0.301821 1.396568
0.933715 0.048260 0.385093 0.947139 -0.305866 1.417387
0.933715 0.048260 0.385093 0.947139 -0.305866 1.417387
0.969548 0.048366 0.407772 0.979174 -0.304399 1.440663
0.986319 0.051450 0.421963 0.994522 -0.305188 1.455569
0.992943 0.055952 0.426135 0.997864 -0.305050 1.462982
0.992943 0.055952 0.426135 0.997864 -0.305050 1.462982
0.959131 0.062955 0.391183 0.958489 -0.304799 1.436724
0.959131 0.062955 0.391183 0.958489 -0.304799 1.436724
0.937823 0.065560 0.374188 0.939208 -0.304436 1.422386
0.904912 0.069824 0.354975 0.914640 -0.303035 1.406855
0.873751 0.073399 0.341363 0.894301 -0.302209 1.397114
0.845455 0.076679 0.333982 0.874720 -0.300742 1.389444
0.845455 0.076679 0.333982 0.874720 -0.300742 1.389444
0.783859 0.089133 0.337897 0.823583 -0.293705 1.376385
0.783859 0.089133 0.337897 0.823583 -0.293705 1.376385
0.748463 0.099260 0.354987 0.786927 -0.290694 1.372847
0.748463 0.099260 0.354987 0.786927 -0.290694 1.372847
0.740088 0.101111 0.357928 0.778740 -0.291634 1.372003
0.705632 0.109644 0.363586 0.750389 -0.289448 1.373180
0.691723 0.113603 0.364319 0.739201 -0.289799 1.374309
0.677846 0.116664 0.364319 0.733821 -0.288135 1.376490
0.677846 0.116664 0.364319 0.733821 -0.288135 1.376490
0.675440 0.117634 0.365548 0.733438 -0.288860 1.380073
0.675440 0.117634 0.365548 0.733438 -0.288860 1.380073
0.678720 0.117870 0.368927 0.733724 -0.290382 1.381777
0.685973 0.116406 0.370048 0.735907 -0.290665 1.381280
0.693965 0.114628 0.370544 0.740443 -0.291240 1.379672
0.716836 0.107930 0.371661 0.757810 -0.291891 1.378331
0.770543 0.092893 0.378476 0.809301 -0.296303 1.382616
0.770543 0.092893 0.378476 0.809301 -0.296303 1.382616
0.820082 0.081384 0.391067 0.857374 -0.300568 1.392808
0.861833 0.073133 0.406763 0.896951 -0.303982 1.408622
0.913103 0.066894 0.433106 0.937682 -0.305640 1.430479
0.913103 0.066894 0.433106 0.937682 -0.305640 1.430479
0.979085 0.060555 0.487399 0.985460 -0.305322 1.472971
0.988739 0.061240 0.495309 0.991969 -0.305893 1.483683
0.986383 0.059559 0.490531 0.988817 -0.306909 1.484106
0.978050 0.060029 0.475576 0.979519 -0.308145 1.477186
0.978050 0.060029 0.475576 0.979519 -0.308145 1.477186
0.962043 0.060042 0.453077 0.965978 -0.306617 1.464841
0.962043 0.060042 0.453077 0.965978 -0.306617 1.464841
0.921024 0.067855 0.409930 0.927006 -0.306325 1.432650
0.904401 0.069964 0.396104 0.911935 -0.303917 1.422503
0.875832 0.077982 0.377558 0.883503 -0.301794 1.408265
0.832241 0.087378 0.358083 0.841075 -0.300397 1.392024
0.811718 0.090542 0.352168 0.824073 -0.299160 1.387312
0.757498 0.103181 0.342472 0.782203 -0.297293 1.380263
0.757498 0.103181 0.342472 0.782203 -0.297293 1.380263
0.735050 0.107375 0.341006 0.767238 -0.296415 1.378095
0.718170 0.109181 0.341565 0.756640 -0.295844 1.378013
0.709133 0.111833 0.343304 0.749696 -0.295825 1.378093
0.698778 0.114103 0.346276 0.741172 -0.294691 1.377754
0.693579 0.114892 0.349567 0.735214 -0.293564 1.377643
0.692237 0.117608 0.355306 0.733218 -0.292412 1.379320
0.692237 0.117608 0.355306 0.733218 -0.292412 1.379320
0.690213 0.119530 0.357643 0.733532 -0.291733 1.380473
0.688166 0.121117 0.359096 0.733278 -0.291789 1.380980
0.684091 0.124203 0.359180 0.733133 -0.291574 1.380770
0.678826 0.128339 0.359854 0.729134 -0.291101 1.382625
0.677503 0.132555 0.362545 0.728170 -0.299226 1.370040
0.678345 0.132666 0.362998 0.727607 -0.303384 1.365100
0.677725 0.132386 0.362680 0.727633 -0.303917 1.363460
0.677568 0.131681 0.362394 0.727110 -0.306565 1.360548
0.677980 0.131512 0.362593 0.727190 -0.307688 1.358720
0.678309 0.132832 0.359919 0.729583 -0.309229 1.358873
0.678014 0.133600 0.359340 0.730154 -0.309866 1.358794
0.677740 0.134066 0.357571 0.730081 -0.311078 1.355601
0.677738 0.134318 0.356876 0.729334 -0.311888 1.353596
0.677760 0.133927 0.356573 0.728834 -0.312573 1.351474
0.677760 0.133927 0.356573 0.728834 -0.312573 1.351474
0.677882 0.137130 0.355197 0.728615 -0.314222 1.349409
0.678574 0.138561 0.354951 0.728117 -0.315246 1.347426
0.678172 0.138274 0.354762 0.728004 -0.314680 1.347373
0.678172 0.138274 0.354762 0.728004 -0.314680 1.347373
0.678255 0.139422 0.354491 0.727847 -0.315510 1.345850
0.678486 0.139092 0.354531 0.727682 -0.316358 1.345430
0.679023 0.138656 0.354716 0.728738 -0.316269 1.345702
0.679023 0.138656 0.354716 0.728738 -0.316269 1.345702
0.678987 0.139292 0.353552 0.729341 -0.315480 1.346119
