0.715443 0.163608 0.366034 0.723427 -0.324034 0.361574
0.713827 0.161819 0.365953 0.720665 -0.324855 0.360471
0.711092 0.161766 0.367063 0.714992 -0.321234 0.366386
0.708767 0.160947 0.368959 0.710868 -0.321474 0.372056
0.705409 0.160962 0.370697 0.706555 -0.320659 0.377515
0.701996 0.162116 0.372103 0.702650 -0.321372 0.381433
0.695769 0.160660 0.371891 0.696876 -0.324028 0.382026
0.679785 0.158917 0.375738 0.684050 -0.326400 0.378801
0.668136 0.152225 0.388224 0.680888 -0.325849 0.375719
0.688733 0.148329 0.388882 0.708931 -0.327931 0.380502
0.743412 0.141250 0.390567 0.768884 -0.329652 0.387713
0.804579 0.138664 0.401714 0.823789 -0.330759 0.400354
0.855362 0.135404 0.422322 0.868685 -0.330646 0.417675
0.909342 0.129641 0.456377 0.912671 -0.331795 0.443749
0.958065 0.118083 0.511932 0.960126 -0.331084 0.488850
0.952131 0.115416 0.511746 0.960384 -0.333017 0.496990
0.941597 0.114086 0.499947 0.954781 -0.335111 0.492457
0.924723 0.114355 0.482918 0.944388 -0.338582 0.482187
0.904605 0.115784 0.464812 0.930670 -0.340308 0.468138
0.880762 0.118463 0.444161 0.913004 -0.340531 0.452353
0.829152 0.125055 0.412706 0.868904 -0.339975 0.424495
0.796927 0.123859 0.401057 0.841332 -0.339963 0.411973
0.768733 0.128372 0.392670 0.812029 -0.340642 0.402486
0.742017 0.131205 0.386177 0.785176 -0.339463 0.396495
0.721122 0.132511 0.383959 0.760229 -0.339448 0.391928
0.707696 0.135367 0.383317 0.745606 -0.339488 0.390718
0.684852 0.141210 0.385138 0.720155 -0.340420 0.388234
0.666805 0.148041 0.391062 0.696966 -0.340573 0.388334
0.666718 0.149918 0.394891 0.695665 -0.340341 0.388572
0.666919 0.149949 0.396227 0.696290 -0.338569 0.388481
0.669299 0.149028 0.395220 0.698522 -0.338236 0.389070
0.680859 0.145049 0.394243 0.710150 -0.337358 0.387826
0.703761 0.139100 0.394323 0.733564 -0.337805 0.387848
0.831316 0.117638 0.413896 0.855238 -0.339233 0.412438
0.897532 0.111909 0.442976 0.908343 -0.339453 0.438033
0.930574 0.110956 0.464521 0.934122 -0.339057 0.455280
0.988477 0.108931 0.518375 0.981874 -0.337786 0.500304
0.998454 0.106654 0.529598 0.994369 -0.337273 0.515617
0.996952 0.105161 0.526321 0.997002 -0.337985 0.519532
0.987496 0.103844 0.510798 0.990609 -0.336698 0.512291
0.972825 0.102762 0.489156 0.979511 -0.337810 0.500458
0.948724 0.104119 0.457579 0.959518 -0.338617 0.479277
0.889301 0.110466 0.398952 0.909710 -0.338058 0.441507
0.864193 0.115970 0.380178 0.888740 -0.340304 0.428938
0.844781 0.119282 0.368661 0.872321 -0.340111 0.420771
0.789801 0.130958 0.346572 0.824128 -0.341136 0.404103
0.767833 0.137003 0.341083 0.804162 -0.341214 0.397946
0.746892 0.141874 0.337500 0.784608 -0.341010 0.393197
0.725727 0.148536 0.337955 0.762654 -0.341297 0.389581
0.709712 0.153412 0.340232 0.745392 -0.340111 0.387508
0.694499 0.160672 0.343871 0.726873 -0.341086 0.386006
0.674049 0.170573 0.358133 0.701017 -0.341113 0.385730
0.678792 0.171709 0.363627 0.700086 -0.341587 0.385739
0.682444 0.171626 0.366235 0.700453 -0.340700 0.386221
0.687120 0.170993 0.367848 0.702144 -0.340340 0.386797
0.690795 0.169857 0.368101 0.706216 -0.340642 0.386800
0.725201 0.157614 0.365898 0.750739 -0.339654 0.386997
0.770154 0.146405 0.367154 0.797575 -0.339063 0.392137
0.818078 0.137281 0.374690 0.838341 -0.340881 0.400818
0.888155 0.132177 0.395094 0.896157 -0.344995 0.423538
0.964392 0.136890 0.436392 0.955302 -0.342265 0.465621
0.979269 0.143940 0.443758 0.968296 -0.340690 0.480670
0.974261 0.148597 0.436439 0.966098 -0.340643 0.483708
0.937660 0.148891 0.406816 0.938520 -0.343113 0.466421
0.918718 0.148315 0.395445 0.924907 -0.342979 0.455901
0.875612 0.145156 0.378924 0.891022 -0.344596 0.430065
0.854931 0.144672 0.372228 0.875001 -0.344877 0.419640
0.830292 0.144996 0.366659 0.854154 -0.343755 0.408431
0.811557 0.146569 0.364038 0.836243 -0.343456 0.401814
0.784073 0.147047 0.359481 0.808114 -0.341813 0.392564
0.765968 0.147935 0.356749 0.788314 -0.339764 0.388883
0.748049 0.151110 0.353548 0.770612 -0.337412 0.387012
0.729150 0.155040 0.349682 0.751961 -0.335401 0.384424
0.714733 0.159026 0.348458 0.737804 -0.336244 0.382700
0.694426 0.164604 0.349996 0.721100 -0.335626 0.381316
0.682426 0.168058 0.352093 0.713995 -0.335439 0.380877
0.673264 0.170274 0.355186 0.708916 -0.335498 0.382266
0.661170 0.174546 0.358651 0.699794 -0.335189 0.382682
0.657916 0.172682 0.362238 0.698966 -0.336339 0.383412
0.661329 0.170977 0.375877 0.697844 -0.334695 0.388020
0.661329 0.170977 0.375877 0.697844 -0.334695 0.388020
0.663755 0.172240 0.380385 0.697308 -0.334106 0.390970
0.665289 0.171643 0.383787 0.696960 -0.333462 0.392765
0.666927 0.174250 0.385234 0.696626 -0.334943 0.394885
0.668387 0.176116 0.386925 0.696739 -0.335249 0.395693
0.668723 0.179696 0.387009 0.696486 -0.337210 0.393445
0.668683 0.180836 0.387380 0.696320 -0.339263 0.392320
0.668403 0.179560 0.387268 0.696199 -0.339722 0.391072
0.668468 0.180678 0.387241 0.696540 -0.341358 0.388254
0.667871 0.177640 0.387800 0.696683 -0.342954 0.380578
0.667783 0.178234 0.387365 0.696121 -0.345127 0.372509
0.667456 0.177889 0.387730 0.696011 -0.346587 0.370389
0.668374 0.179206 0.387777 0.696542 -0.348138 0.370117
0.670919 0.177807 0.387206 0.702632 -0.350674 0.384485
0.667519 0.178122 0.387291 0.709954 -0.350068 0.402926
0.667331 0.177022 0.387434 0.709919 -0.350598 0.404569
0.666909 0.178458 0.385874 0.710361 -0.348175 0.405177
0.666886 0.177778 0.386320 0.709831 -0.348978 0.404013
0.666413 0.177443 0.386027 0.709972 -0.348145 0.402742
0.666349 0.177852 0.386333 0.709200 -0.349438 0.402108
0.666420 0.178596 0.385307 0.709115 -0.348597 0.402174
0.666362 0.179496 0.385338 0.709208 -0.347613 0.402978
0.666371 0.178810 0.385141 0.709812 -0.347582 0.404410
0.666428 0.178918 0.385262 0.710001 -0.347675 0.405123
0.666642 0.179063 0.385736 0.709290 -0.348244 0.402675
0.666528 0.178740 0.385188 0.709159 -0.348702 0.400613
0.666337 0.179189 0.384952 0.708892 -0.350972 0.396930
