0.730790 0.146773 1.372702 0.732836 -0.281311 1.371299
0.727604 0.148481 1.371745 0.732849 -0.282158 1.371375
0.727604 0.148481 1.371745 0.732849 -0.282158 1.371375
0.741012 0.142665 1.369899 0.741790 -0.286145 1.371168
0.741012 0.142665 1.369899 0.741790 -0.286145 1.371168
0.764227 0.135894 1.370525 0.759146 -0.288923 1.369908
0.808885 0.124674 1.375739 0.796253 -0.295704 1.370924
0.861140 0.114875 1.390306 0.845199 -0.304080 1.377903
0.907248 0.107091 1.412380 0.890071 -0.311046 1.392019
0.969005 0.095812 1.462148 0.951771 -0.317308 1.424126
0.998369 0.086486 1.498306 0.987257 -0.321279 1.450746
0.998369 0.086486 1.498306 0.987257 -0.321279 1.450746
1.016626 0.078889 1.528891 1.023464 -0.327482 1.482231
1.016626 0.078889 1.528891 1.023464 -0.327482 1.482231
1.007481 0.078733 1.516342 1.019691 -0.328524 1.476286
0.989812 0.082084 1.492009 1.005718 -0.331407 1.461708
0.969213 0.087026 1.466204 0.986802 -0.330273 1.445237
0.948789 0.090868 1.445550 0.967292 -0.329979 1.431667
0.891846 0.103642 1.402596 0.907367 -0.325437 1.401498
0.891846 0.103642 1.402596 0.907367 -0.325437 1.401498
0.832428 0.116263 1.376642 0.841850 -0.316747 1.381155
0.814060 0.120187 1.371282 0.821761 -0.314646 1.376865
0.792866 0.123755 1.365470 0.800167 -0.312140 1.373524
0.773967 0.129225 1.360899 0.780848 -0.311745 1.372238
0.773967 0.129225 1.360899 0.780848 -0.311745 1.372238
0.760619 0.132207 1.358884 0.766547 -0.310670 1.372248
0.742000 0.137702 1.359711 0.750099 -0.308759 1.372690
0.742000 0.137702 1.359711 0.750099 -0.308759 1.372690
0.737869 0.139387 1.361356 0.749724 -0.308603 1.372133
0.737600 0.141468 1.372803 0.748655 -0.307849 1.371391
0.737600 0.141468 1.372803 0.748655 -0.307849 1.371391
0.744080 0.141619 1.378786 0.748175 -0.308117 1.371308
0.747893 0.140318 1.380909 0.748493 -0.307123 1.371472
0.747893 0.140318 1.380909 0.748493 -0.307123 1.371472
0.750485 0.138765 1.379765 0.750412 -0.306818 1.371008
0.760661 0.133368 1.379050 0.760537 -0.305674 1.370339
0.786280 0.125339 1.379480 0.790156 -0.308565 1.369556
0.865568 0.101077 1.394764 0.881384 -0.316768 1.379723
0.865568 0.101077 1.394764 0.881384 -0.316768 1.379723
0.913566 0.085647 1.417172 0.935006 -0.323098 1.396106
0.913566 0.085647 1.417172 0.935006 -0.323098 1.396106
0.955196 0.074583 1.447129 0.983678 -0.325591 1.418957
0.992340 0.066355 1.486024 1.027852 -0.327576 1.449069
1.003042 0.062717 1.503123 1.042069 -0.324600 1.461630
1.005850 0.061207 1.511211 1.045136 -0.321960 1.466176
1.001193 0.061308 1.508083 1.040026 -0.319631 1.462762
0.992108 0.062691 1.497581 1.029089 -0.319871 1.453167
0.992108 0.062691 1.497581 1.029089 -0.319871 1.453167
0.959014 0.071023 1.460109 0.992032 -0.315729 1.423789
0.959014 0.071023 1.460109 0.992032 -0.315729 1.423789
0.926471 0.079283 1.429566 0.956926 -0.312935 1.400120
0.903965 0.085419 1.411333 0.932003 -0.312649 1.386932
0.881126 0.090420 1.397600 0.908665 -0.310972 1.375989
0.838095 0.100804 1.375896 0.863797 -0.307859 1.363060
0.838095 0.100804 1.375896 0.863797 -0.307859 1.363060
0.838095 0.100804 1.375896 0.863797 -0.307859 1.363060
0.805455 0.109288 1.365565 0.825888 -0.306590 1.356977
0.771934 0.120228 1.357641 0.788566 -0.301942 1.353964
0.748490 0.128623 1.353466 0.765649 -0.296924 1.355097
0.740866 0.131406 1.352860 0.758759 -0.295185 1.356523
0.740866 0.131406 1.352860 0.758759 -0.295185 1.356523
0.737651 0.133962 1.354794 0.757609 -0.294829 1.360038
0.737651 0.133962 1.354794 0.757609 -0.294829 1.360038
0.739559 0.135089 1.356653 0.757525 -0.294969 1.362132
0.740622 0.135364 1.357993 0.757490 -0.295847 1.362902
0.740278 0.135833 1.359331 0.757589 -0.296907 1.363894
0.741397 0.135254 1.360023 0.759094 -0.298368 1.364899
0.741397 0.135254 1.360023 0.759094 -0.298368 1.364899
0.767912 0.124816 1.361875 0.785306 -0.301421 1.365531
0.767912 0.124816 1.361875 0.785306 -0.301421 1.365531
0.826528 0.107494 1.372298 0.843360 -0.306349 1.371145
0.872908 0.094246 1.387452 0.887018 -0.311259 1.379910
0.927975 0.079885 1.415601 0.938571 -0.315609 1.397534
0.972949 0.070013 1.449863 0.982795 -0.318734 1.421079
1.025309 0.058039 1.524037 1.046283 -0.318400 1.480033
1.025309 0.058039 1.524037 1.046283 -0.318400 1.480033
1.021662 0.058861 1.523753 1.043944 -0.318956 1.481400
1.000966 0.067697 1.500538 1.024752 -0.318729 1.469044
1.000966 0.067697 1.500538 1.024752 -0.318729 1.469044
0.987874 0.072112 1.485413 1.012364 -0.318659 1.460439
0.973369 0.077096 1.469897 0.998798 -0.318486 1.449492
0.973369 0.077096 1.469897 0.998798 -0.318486 1.449492
0.931042 0.089723 1.429220 0.958667 -0.316475 1.420276
0.909227 0.094696 1.411622 0.936874 -0.315230 1.406330
0.909227 0.094696 1.411622 0.936874 -0.315230 1.406330
0.858365 0.103731 1.379327 0.883782 -0.312439 1.381927
0.858365 0.103731 1.379327 0.883782 -0.312439 1.381927
0.840611 0.106728 1.370792 0.866855 -0.311044 1.377161
0.750432 0.132495 1.352627 0.782242 -0.303257 1.367791
0.741163 0.141576 1.358249 0.768886 -0.301490 1.375140
0.744798 0.142052 1.360398 0.769173 -0.302216 1.376886
0.751270 0.141003 1.363658 0.767962 -0.304316 1.375657
0.751270 0.141003 1.363658 0.767962 -0.304316 1.375657
0.754585 0.139836 1.365302 0.767829 -0.304639 1.374270
0.757681 0.137985 1.365757 0.767275 -0.307163 1.371423
0.761616 0.134567 1.367170 0.765765 -0.309924 1.366473
0.766113 0.132781 1.368492 0.763988 -0.313491 1.359521
0.770418 0.131397 1.369540 0.764609 -0.317332 1.356157
0.772053 0.130157 1.370081 0.762769 -0.319412 1.352773
0.771966 0.130382 1.370494 0.762141 -0.324139 1.345810
0.771966 0.130382 1.370494 0.762141 -0.324139 1.345810
0.772567 0.129824 1.370325 0.762601 -0.323415 1.344571
0.773114 0.129023 1.370788 0.762557 -0.322756 1.343985
0.774427 0.129266 1.371700 0.763691 -0.320533 1.345259
0.774595 0.129673 1.371250 0.766120 -0.317070 1.350454
0.774595 0.129673 1.371250 0.766120 -0.317070 1.350454
0.772273 0.130658 1.370662 0.772159 -0.314710 1.358520
0.772273 0.130658 1.370662 0.772159 -0.314710 1.358520
0.772659 0.133005 1.370643 0.774813 -0.311200 1.360894
0.772659 0.133005 1.370643 0.774813 -0.311200 1.360894
0.772796 0.133408 1.371226 0.775324 -0.307626 1.360696
0.772965 0.133699 1.371396 0.775116 -0.305717 1.360674
0.772362 0.133014 1.371886 0.775471 -0.303982 1.360396
0.772194 0.132387 1.372376 0.775673 -0.303273 1.359971
0.772055 0.132401 1.372941 0.775735 -0.301665 1.359813
0.772055 0.132401 1.372941 0.775735 -0.301665 1.359813
0.771988 0.135266 1.374649 0.776037 -0.298798 1.360289
0.771843 0.135410 1.374396 0.776481 -0.297153 1.359821
0.772123 0.135473 1.374062 0.776672 -0.296938 1.360143
0.772123 0.135473 1.374062 0.776672 -0.296938 1.360143
