0.734314 0.137094 1.364263 0.733766 -0.280706 1.365313
0.734314 0.137094 1.364263 0.733766 -0.280706 1.365313
0.737920 0.139975 1.369046 0.735358 -0.280024 1.370729
0.743423 0.140124 1.374925 0.735233 -0.282830 1.375772
0.746096 0.139069 1.377992 0.734892 -0.282943 1.380375
0.745122 0.138108 1.378244 0.735156 -0.282140 1.380859
0.741445 0.136284 1.373790 0.735781 -0.280117 1.379416
0.741445 0.136284 1.373790 0.735781 -0.280117 1.379416
0.732089 0.131706 1.364203 0.731922 -0.281130 1.376251
0.722483 0.129873 1.355170 0.727050 -0.279084 1.373372
0.722483 0.129873 1.355170 0.727050 -0.279084 1.373372
0.723260 0.130181 1.352928 0.726509 -0.278192 1.373375
0.751958 0.120092 1.348792 0.753799 -0.276450 1.373502
0.751958 0.120092 1.348792 0.753799 -0.276450 1.373502
0.784439 0.112361 1.348523 0.786444 -0.276529 1.374903
0.826914 0.104443 1.351768 0.827156 -0.280147 1.379950
0.877953 0.092118 1.362675 0.877232 -0.281458 1.393751
0.877953 0.092118 1.362675 0.877232 -0.281458 1.393751
0.922044 0.082390 1.381672 0.913120 -0.282528 1.410473
0.990909 0.067148 1.429090 0.968753 -0.284062 1.449281
0.990909 0.067148 1.429090 0.968753 -0.284062 1.449281
1.018037 0.064014 1.457101 0.990135 -0.286682 1.473657
1.026057 0.060804 1.468924 0.996787 -0.288902 1.485095
1.017061 0.058898 1.457481 0.986534 -0.293623 1.475518
1.017061 0.058898 1.457481 0.986534 -0.293623 1.475518
1.001238 0.060047 1.437050 0.970609 -0.296541 1.459637
0.976009 0.058277 1.409260 0.948155 -0.296903 1.439559
0.945256 0.059603 1.379932 0.921732 -0.293570 1.420659
0.918499 0.059705 1.360402 0.898084 -0.293507 1.406484
0.861962 0.061309 1.332226 0.845706 -0.291781 1.387658
0.834670 0.063009 1.325745 0.818602 -0.291585 1.381202
0.812154 0.067263 1.323241 0.795162 -0.292075 1.378077
0.791784 0.073190 1.323510 0.771475 -0.292629 1.375055
0.791784 0.073190 1.323510 0.771475 -0.292629 1.375055
0.774862 0.076894 1.324528 0.754839 -0.293115 1.373847
0.752955 0.085825 1.331743 0.733133 -0.292565 1.372864
0.739418 0.091414 1.337430 0.731394 -0.292318 1.373844
0.725095 0.098304 1.344396 0.732841 -0.293264 1.375128
0.718209 0.102086 1.352417 0.736289 -0.294484 1.376575
0.718209 0.102086 1.352417 0.736289 -0.294484 1.376575
0.729634 0.098211 1.357570 0.738854 -0.292673 1.376700
0.763160 0.086701 1.352704 0.752608 -0.290971 1.373061
0.763160 0.086701 1.352704 0.752608 -0.290971 1.373061
0.860522 0.053774 1.345648 0.846387 -0.296180 1.379094
0.930070 0.038863 1.356780 0.907972 -0.301821 1.396568
0.978715 0.033260 1.375093 0.947139 -0.305866 1.417387
0.978715 0.033260 1.375093 0.947139 -0.305866 1.417387
1.014548 0.033366 1.397772 0.979174 -0.304399 1.440663
1.031319 0.036450 1.411963 0.994522 -0.305188 1.455569
1.037943 0.040952 1.416135 0.997864 -0.305050 1.462982
1.037943 0.040952 1.416135 0.997864 -0.305050 1.462982
1.004131 0.047955 1.381183 0.958489 -0.304799 1.436724
1.004131 0.047955 1.381183 0.958489 -0.304799 1.436724
0.982823 0.050560 1.364188 0.939208 -0.304436 1.422386
0.949912 0.054824 1.344975 0.914640 -0.303035 1.406855
0.918751 0.058399 1.331363 0.894301 -0.302209 1.397114
0.890455 0.061679 1.323982 0.874720 -0.300742 1.389444
0.890455 0.061679 1.323982 0.874720 -0.300742 1.389444
0.828859 0.074133 1.327897 0.823583 -0.293705 1.376385
0.828859 0.074133 1.327897 0.823583 -0.293705 1.376385
0.793463 0.084260 1.344987 0.786927 -0.290694 1.372847
0.793463 0.084260 1.344987 0.786927 -0.290694 1.372847
0.785088 0.086111 1.347928 0.778740 -0.291634 1.372003
0.750632 0.094644 1.353585 0.750389 -0.289448 1.373180
0.736723 0.098603 1.354319 0.739201 -0.289799 1.374309
0.722846 0.101664 1.354319 0.733821 -0.288135 1.376490
0.722846 0.101664 1.354319 0.733821 -0.288135 1.376490
0.720440 0.102634 1.355548 0.733438 -0.288860 1.380073
0.720440 0.102634 1.355548 0.733438 -0.288860 1.380073
0.723720 0.102870 1.358927 0.733724 -0.290382 1.381777
0.730973 0.101406 1.360048 0.735907 -0.290665 1.381280
0.738965 0.099628 1.360544 0.740443 -0.291240 1.379672
0.761836 0.092930 1.361661 0.757810 -0.291891 1.378331
0.815543 0.077893 1.368476 0.809301 -0.296303 1.382616
0.815543 0.077893 1.368476 0.809301 -0.296303 1.382616
0.865082 0.066384 1.381067 0.857374 -0.300568 1.392808
0.906833 0.058133 1.396763 0.896951 -0.303982 1.408622
0.958103 0.051894 1.423106 0.937682 -0.305640 1.430479
0.958103 0.051894 1.423106 0.937682 -0.305640 1.430479
1.024085 0.045555 1.477399 0.985460 -0.305322 1.472971
1.033739 0.046240 1.485309 0.991969 -0.305893 1.483683
1.031383 0.044559 1.480531 0.988817 -0.306909 1.484106
1.023050 0.045029 1.465575 0.979519 -0.308145 1.477186
1.023050 0.045029 1.465575 0.979519 -0.308145 1.477186
1.007043 0.045042 1.443077 0.965978 -0.306617 1.464841
1.007043 0.045042 1.443077 0.965978 -0.306617 1.464841
0.966024 0.052855 1.399930 0.927006 -0.306325 1.432650
0.949401 0.054964 1.386104 0.911935 -0.303917 1.422503
0.920832 0.062982 1.367558 0.883503 -0.301794 1.408265
0.877241 0.072378 1.348083 0.841075 -0.300397 1.392024
0.856718 0.075542 1.342168 0.824073 -0.299160 1.387312
0.802498 0.088181 1.332472 0.782203 -0.297293 1.380263
0.802498 0.088181 1.332472 0.782203 -0.297293 1.380263
0.780050 0.092375 1.331006 0.767238 -0.296415 1.378095
0.763170 0.094181 1.331565 0.756640 -0.295844 1.378013
0.754133 0.096833 1.333304 0.749696 -0.295825 1.378093
0.743778 0.099103 1.336276 0.741172 -0.294691 1.377754
0.738579 0.099892 1.339567 0.735214 -0.293564 1.377643
0.737237 0.102608 1.345306 0.733218 -0.292412 1.379320
0.737237 0.102608 1.345306 0.733218 -0.292412 1.379320
0.735213 0.104530 1.347643 0.733532 -0.291733 1.380473
0.733166 0.106117 1.349096 0.733278 -0.291789 1.380980
0.729091 0.109203 1.349180 0.733133 -0.291574 1.380770
0.723826 0.113339 1.349854 0.729134 -0.291101 1.382625
0.722503 0.117555 1.352545 0.728170 -0.299226 1.370040
0.723345 0.117666 1.352998 0.727607 -0.303384 1.365100
0.722725 0.117386 1.352680 0.727633 -0.303917 1.363460
0.722568 0.116681 1.352394 0.727110 -0.306565 1.360548
0.722980 0.116512 1.352593 0.727190 -0.307688 1.358720
0.723309 0.117832 1.349919 0.729583 -0.309229 1.358873
0.723014 0.118600 1.349340 0.730154 -0.309866 1.358794
0.722740 0.119066 1.347571 0.730081 -0.311078 1.355601
0.722738 0.119318 1.346876 0.729334 -0.311888 1.353596
0.722760 0.118927 1.346573 0.728834 -0.312573 1.351474
0.722760 0.118927 1.346573 0.728834 -0.312573 1.351474
0.722882 0.122130 1.345197 0.728615 -0.314222 1.349409
0.723574 0.123561 1.344951 0.728117 -0.315246 1.347426
0.723172 0.123274 1.344762 0.728004 -0.314680 1.347373
0.723172 0.123274 1.344762 0.728004 -0.314680 1.347373
0.723255 0.124422 1.344491 0.727847 -0.315510 1.345850
0.723486 0.124092 1.344531 0.727682 -0.316358 1.345430
0.724023 0.123656 1.344716 0.728738 -0.316269 1.345702
0.724023 0.123656 1.344716 0.728738 -0.316269 1.345702
0.723987 0.124292 1.343552 0.729341 -0.315480 1.346119
