0.732028 0.144666 1.362565 0.708218 -0.280324 0.362426
0.729795 0.145925 1.363826 0.706282 -0.280754 0.362323
0.727241 0.145070 1.364321 0.704973 -0.280442 0.361807
0.724901 0.145583 1.365118 0.704310 -0.281439 0.362145
0.718906 0.141782 1.361661 0.703474 -0.280669 0.362453
0.714034 0.142330 1.356865 0.700747 -0.279880 0.361879
0.712944 0.143341 1.355118 0.700015 -0.280427 0.361613
0.712691 0.144318 1.353200 0.706573 -0.280583 0.360235
0.722196 0.142916 1.351614 0.718267 -0.279614 0.358805
0.789742 0.131407 1.354848 0.788089 -0.277404 0.360575
0.816537 0.127968 1.358839 0.809550 -0.277219 0.364056
0.879852 0.121212 1.380040 0.860456 -0.275930 0.382942
0.956894 0.116980 1.428784 0.928299 -0.275417 0.432799
0.986809 0.114012 1.458338 0.950758 -0.275456 0.460477
1.004193 0.112125 1.478564 0.963395 -0.275044 0.477477
1.015199 0.110378 1.492024 0.966421 -0.275679 0.483949
1.015582 0.109424 1.491833 0.961355 -0.277518 0.479188
0.995405 0.109433 1.459744 0.933781 -0.282506 0.446318
0.923645 0.108727 1.390159 0.861584 -0.285748 0.391057
0.903866 0.107528 1.378556 0.843925 -0.285587 0.383862
0.855866 0.110783 1.357248 0.804607 -0.286117 0.369743
0.826898 0.116373 1.348691 0.777888 -0.287434 0.362827
0.807894 0.118604 1.344070 0.760213 -0.287173 0.359389
0.779446 0.124438 1.339137 0.728643 -0.288291 0.353881
0.759462 0.127656 1.337081 0.707476 -0.289546 0.352578
0.741584 0.132269 1.336772 0.699174 -0.289807 0.353182
0.725268 0.134701 1.337167 0.698561 -0.290905 0.353526
0.715317 0.139467 1.336926 0.699601 -0.289664 0.353856
0.709397 0.140093 1.338221 0.698269 -0.288924 0.353619
0.712242 0.139455 1.338973 0.699635 -0.288560 0.352698
0.761034 0.128222 1.339791 0.732647 -0.286963 0.350587
0.799059 0.119891 1.341855 0.764378 -0.287207 0.351962
0.849008 0.108941 1.349643 0.805633 -0.290069 0.358683
0.891507 0.101420 1.362864 0.840091 -0.294720 0.369632
0.952189 0.093170 1.392818 0.891242 -0.297587 0.396496
0.986628 0.089422 1.421267 0.920506 -0.295853 0.418695
1.009199 0.088155 1.446410 0.939538 -0.294738 0.436781
1.025751 0.085313 1.471631 0.949578 -0.294303 0.449678
1.025919 0.083009 1.477375 0.943603 -0.294227 0.447704
0.998400 0.082956 1.447208 0.904018 -0.296346 0.417463
0.973102 0.084540 1.422917 0.871749 -0.298674 0.396917
0.948252 0.085616 1.400517 0.845412 -0.298410 0.383265
0.899550 0.088544 1.365445 0.794540 -0.297121 0.361013
0.849291 0.096629 1.341231 0.750430 -0.297338 0.348666
0.824947 0.101960 1.333134 0.731362 -0.297491 0.345686
0.796887 0.110539 1.325407 0.711155 -0.295382 0.344032
0.777365 0.115558 1.321653 0.698623 -0.293324 0.343232
0.737027 0.126908 1.318536 0.693322 -0.291677 0.341066
0.707775 0.138714 1.320966 0.688821 -0.290327 0.338314
0.701665 0.143921 1.323446 0.686854 -0.287855 0.337517
0.699849 0.145566 1.324620 0.685805 -0.287676 0.337373
0.701494 0.146541 1.325933 0.685242 -0.286592 0.337775
0.722539 0.135941 1.324905 0.692890 -0.286157 0.339785
0.810692 0.105832 1.330573 0.753712 -0.283670 0.340172
0.847297 0.095524 1.337578 0.784882 -0.283785 0.344451
0.919422 0.078230 1.367088 0.848898 -0.287275 0.362617
0.964702 0.071719 1.399625 0.889904 -0.289170 0.385448
1.002349 0.069388 1.439307 0.922403 -0.287648 0.409886
1.030576 0.070683 1.481285 0.944394 -0.286014 0.434272
1.037171 0.072269 1.497097 0.948137 -0.287497 0.442802
1.031942 0.074965 1.490888 0.937764 -0.286323 0.438254
0.998988 0.077796 1.443420 0.891793 -0.291480 0.408114
0.970661 0.081097 1.409872 0.851736 -0.292276 0.385031
0.942965 0.083236 1.383549 0.818990 -0.293118 0.371329
0.918851 0.084707 1.364498 0.795813 -0.293138 0.362838
0.893125 0.088050 1.348049 0.777411 -0.294110 0.357331
0.864623 0.092807 1.334281 0.758118 -0.293375 0.352223
0.814162 0.104462 1.317686 0.726969 -0.294193 0.348553
0.800973 0.108468 1.315055 0.717509 -0.294027 0.348103
0.776401 0.117583 1.312235 0.698300 -0.293396 0.347212
0.762357 0.122870 1.312448 0.696205 -0.294027 0.347151
0.746444 0.128683 1.313408 0.694313 -0.290821 0.345648
0.736259 0.133080 1.316482 0.693352 -0.287737 0.345095
0.732255 0.136760 1.326004 0.693087 -0.288103 0.345410
0.732144 0.137296 1.330160 0.693255 -0.287948 0.346145
0.733697 0.137753 1.334925 0.693539 -0.288657 0.346851
0.735660 0.139458 1.338959 0.693567 -0.288518 0.347271
0.741249 0.141978 1.346183 0.693347 -0.291056 0.349306
0.741644 0.142658 1.348034 0.693012 -0.291519 0.348590
0.741492 0.143662 1.347876 0.692307 -0.292956 0.347172
0.741833 0.145111 1.348505 0.690616 -0.297040 0.346880
0.742251 0.146531 1.349662 0.690784 -0.297720 0.348005
0.739930 0.149799 1.351691 0.690466 -0.295943 0.347853
0.738688 0.149116 1.353521 0.689790 -0.294621 0.346753
0.737141 0.149294 1.354629 0.689979 -0.293406 0.346818
0.737062 0.147654 1.355576 0.690551 -0.292682 0.347085
0.736573 0.147336 1.353750 0.690078 -0.294620 0.344187
0.737317 0.148212 1.348281 0.688388 -0.301173 0.331465
0.736847 0.149877 1.344245 0.687892 -0.303780 0.327343
0.737898 0.151388 1.342658 0.687595 -0.305724 0.325179
0.738701 0.153240 1.339271 0.687262 -0.308107 0.323848
0.739265 0.154720 1.339280 0.687363 -0.309147 0.323144
0.739216 0.155783 1.337775 0.687123 -0.309213 0.322372
0.739737 0.157777 1.335451 0.687856 -0.310162 0.321340
0.739903 0.157555 1.334774 0.688080 -0.310407 0.321472
0.738974 0.157350 1.333686 0.688099 -0.310789 0.320821
0.739883 0.156927 1.333565 0.688544 -0.311707 0.320257
0.740281 0.156585 1.334081 0.688397 -0.312461 0.319925
0.740762 0.157336 1.333362 0.688604 -0.312912 0.319627
0.742264 0.159538 1.333466 0.689287 -0.312504 0.319080
0.741253 0.158896 1.332796 0.689394 -0.312841 0.318711
0.741253 0.158896 1.332796 0.689394 -0.312841 0.318711
