0.732028 0.144666 1.362565 0.728217 -0.270324 1.372426
0.729795 0.145925 1.363826 0.726282 -0.270754 1.372323
0.727241 0.145070 1.364321 0.724973 -0.270442 1.371807
0.724901 0.145583 1.365118 0.724310 -0.271439 1.372145
0.718906 0.141782 1.361661 0.723474 -0.270669 1.372453
0.714034 0.142330 1.356865 0.720747 -0.269880 1.371879
0.712944 0.143341 1.355118 0.720015 -0.270427 1.371613
0.712691 0.144318 1.353200 0.726573 -0.270583 1.370234
0.722196 0.142916 1.351614 0.738267 -0.269614 1.368805
0.789742 0.131407 1.354848 0.808089 -0.267404 1.370575
0.816537 0.127968 1.358839 0.829550 -0.267219 1.374056
0.879852 0.121212 1.380040 0.880456 -0.265930 1.392942
0.956894 0.116980 1.428784 0.948299 -0.265417 1.442799
0.986809 0.114012 1.458338 0.970758 -0.265456 1.470477
1.004193 0.112125 1.478564 0.983395 -0.265044 1.487477
1.015199 0.110378 1.492024 0.986421 -0.265679 1.493949
1.015582 0.109424 1.491833 0.981355 -0.267518 1.489188
0.995405 0.109433 1.459744 0.953781 -0.272506 1.456318
0.923645 0.108727 1.390159 0.881584 -0.275748 1.401057
0.903866 0.107528 1.378556 0.863925 -0.275587 1.393862
0.855866 0.110783 1.357248 0.824607 -0.276117 1.379743
0.826898 0.116373 1.348691 0.797888 -0.277434 1.372827
0.807894 0.118604 1.344070 0.780213 -0.277173 1.369390
0.779446 0.124438 1.339137 0.748643 -0.278291 1.363881
0.759462 0.127656 1.337081 0.727476 -0.279546 1.362578
0.741584 0.132269 1.336772 0.719174 -0.279807 1.363182
0.725268 0.134701 1.337167 0.718561 -0.280905 1.363526
0.715317 0.139467 1.336926 0.719601 -0.279664 1.363856
0.709397 0.140093 1.338221 0.718269 -0.278924 1.363619
0.712242 0.139455 1.338973 0.719635 -0.278560 1.362698
0.761034 0.128222 1.339791 0.752647 -0.276963 1.360587
0.799059 0.119891 1.341855 0.784378 -0.277207 1.361962
0.849008 0.108941 1.349643 0.825633 -0.280069 1.368683
0.891507 0.101420 1.362864 0.860090 -0.284720 1.379632
0.952189 0.093170 1.392818 0.911242 -0.287587 1.406496
0.986628 0.089422 1.421267 0.940506 -0.285853 1.428695
1.009199 0.088155 1.446410 0.959538 -0.284738 1.446781
1.025751 0.085313 1.471631 0.969578 -0.284303 1.459678
1.025919 0.083009 1.477375 0.963603 -0.284227 1.457704
0.998400 0.082956 1.447208 0.924018 -0.286346 1.427463
0.973102 0.084540 1.422917 0.891749 -0.288674 1.406916
0.948252 0.085616 1.400517 0.865412 -0.288410 1.393265
0.899550 0.088544 1.365445 0.814540 -0.287121 1.371013
0.849291 0.096629 1.341231 0.770429 -0.287338 1.358666
0.824947 0.101960 1.333134 0.751362 -0.287491 1.355686
0.796887 0.110539 1.325407 0.731155 -0.285382 1.354032
0.777365 0.115558 1.321653 0.718623 -0.283324 1.353232
0.737027 0.126908 1.318536 0.713322 -0.281677 1.351066
0.707775 0.138714 1.320966 0.708821 -0.280327 1.348314
0.701665 0.143921 1.323446 0.706854 -0.277855 1.347517
0.699849 0.145566 1.324620 0.705805 -0.277676 1.347373
0.701494 0.146541 1.325933 0.705242 -0.276592 1.347775
0.722539 0.135941 1.324905 0.712889 -0.276157 1.349785
0.810692 0.105832 1.330573 0.773712 -0.273670 1.350172
0.847297 0.095524 1.337578 0.804882 -0.273785 1.354451
0.919422 0.078230 1.367088 0.868898 -0.277275 1.372617
0.964702 0.071719 1.399625 0.909904 -0.279170 1.395448
1.002349 0.069388 1.439307 0.942403 -0.277648 1.419886
1.030576 0.070683 1.481285 0.964394 -0.276014 1.444272
1.037171 0.072269 1.497097 0.968137 -0.277497 1.452802
1.031942 0.074965 1.490888 0.957764 -0.276323 1.448254
0.998988 0.077796 1.443420 0.911793 -0.281480 1.418114
0.970661 0.081097 1.409872 0.871736 -0.282276 1.395030
0.942965 0.083236 1.383549 0.838990 -0.283118 1.381329
0.918851 0.084707 1.364498 0.815813 -0.283138 1.372838
0.893125 0.088050 1.348049 0.797411 -0.284110 1.367331
0.864623 0.092807 1.334281 0.778118 -0.283375 1.362223
0.814162 0.104462 1.317686 0.746969 -0.284193 1.358553
0.800973 0.108468 1.315055 0.737509 -0.284027 1.358103
0.776401 0.117583 1.312235 0.718300 -0.283396 1.357212
0.762357 0.122870 1.312448 0.716205 -0.284027 1.357151
0.746444 0.128683 1.313408 0.714313 -0.280821 1.355648
0.736259 0.133080 1.316482 0.713352 -0.277737 1.355095
0.732255 0.136760 1.326004 0.713087 -0.278103 1.355410
0.732144 0.137296 1.330160 0.713255 -0.277948 1.356145
0.733697 0.137753 1.334925 0.713539 -0.278657 1.356851
0.735660 0.139458 1.338959 0.713567 -0.278518 1.357271
0.741249 0.141978 1.346183 0.713347 -0.281056 1.359306
0.741644 0.142658 1.348034 0.713012 -0.281519 1.358590
0.741492 0.143662 1.347876 0.712307 -0.282956 1.357172
0.741833 0.145111 1.348505 0.710616 -0.287040 1.356880
0.742251 0.146531 1.349662 0.710784 -0.287720 1.358005
0.739930 0.149799 1.351691 0.710466 -0.285943 1.357853
0.738688 0.149116 1.353521 0.709790 -0.284621 1.356753
0.737141 0.149294 1.354629 0.709979 -0.283406 1.356818
0.737062 0.147654 1.355576 0.710551 -0.282682 1.357085
0.736573 0.147336 1.353750 0.710078 -0.284620 1.354187
0.737317 0.148212 1.348281 0.708388 -0.291173 1.341465
0.736847 0.149877 1.344245 0.707892 -0.293780 1.337343
0.737898 0.151388 1.342658 0.707595 -0.295724 1.335179
0.738701 0.153240 1.339271 0.707262 -0.298107 1.333848
0.739265 0.154720 1.339280 0.707363 -0.299147 1.333144
0.739216 0.155783 1.337775 0.707123 -0.299213 1.332372
0.739737 0.157777 1.335451 0.707856 -0.300162 1.331340
0.739903 0.157555 1.334774 0.708080 -0.300407 1.331472
0.738974 0.157350 1.333686 0.708099 -0.300789 1.330821
0.739883 0.156927 1.333565 0.708544 -0.301707 1.330257
0.740281 0.156585 1.334081 0.708397 -0.302462 1.329925
0.740762 0.157336 1.333362 0.708604 -0.302912 1.329627
0.742264 0.159538 1.333466 0.709287 -0.302504 1.329080
0.741253 0.158896 1.332796 0.709394 -0.302841 1.328711
0.741253 0.158896 1.332796 0.709394 -0.302841 1.328711
