0.715443 0.163608 0.366034 0.708427 -0.274034 0.316574
0.713827 0.161819 0.365953 0.705665 -0.274855 0.315471
0.711092 0.161766 0.367063 0.699992 -0.271234 0.321386
0.708767 0.160947 0.368959 0.695868 -0.271474 0.327056
0.705409 0.160962 0.370697 0.691555 -0.270659 0.332515
0.701996 0.162116 0.372103 0.687650 -0.271372 0.336433
0.695769 0.160660 0.371891 0.681876 -0.274028 0.337026
0.679785 0.158917 0.375738 0.669050 -0.276400 0.333801
0.668136 0.152225 0.388224 0.665888 -0.275849 0.330719
0.688733 0.148329 0.388882 0.693931 -0.277931 0.335502
0.743412 0.141250 0.390567 0.753884 -0.279652 0.342713
0.804579 0.138664 0.401714 0.808789 -0.280759 0.355354
0.855362 0.135404 0.422322 0.853685 -0.280646 0.372675
0.909342 0.129641 0.456377 0.897671 -0.281795 0.398749
0.958065 0.118083 0.511932 0.945126 -0.281084 0.443850
0.952131 0.115416 0.511746 0.945384 -0.283017 0.451990
0.941597 0.114086 0.499947 0.939781 -0.285111 0.447457
0.924723 0.114355 0.482918 0.929388 -0.288582 0.437187
0.904605 0.115784 0.464812 0.915670 -0.290308 0.423138
0.880762 0.118463 0.444161 0.898004 -0.290531 0.407353
0.829152 0.125055 0.412706 0.853904 -0.289975 0.379495
0.796927 0.123859 0.401057 0.826332 -0.289963 0.366973
0.768733 0.128372 0.392670 0.797029 -0.290642 0.357486
0.742017 0.131205 0.386177 0.770176 -0.289463 0.351495
0.721122 0.132511 0.383959 0.745229 -0.289448 0.346928
0.707696 0.135367 0.383317 0.730606 -0.289488 0.345718
0.684852 0.141210 0.385138 0.705155 -0.290420 0.343234
0.666805 0.148041 0.391062 0.681966 -0.290573 0.343334
0.666718 0.149918 0.394891 0.680665 -0.290341 0.343572
0.666919 0.149949 0.396227 0.681290 -0.288569 0.343481
0.669299 0.149028 0.395220 0.683522 -0.288236 0.344070
0.680859 0.145049 0.394243 0.695150 -0.287358 0.342826
0.703761 0.139100 0.394323 0.718564 -0.287805 0.342848
0.831316 0.117638 0.413896 0.840238 -0.289233 0.367438
0.897532 0.111909 0.442976 0.893343 -0.289453 0.393033
0.930574 0.110956 0.464521 0.919122 -0.289057 0.410280
0.988477 0.108931 0.518375 0.966874 -0.287786 0.455304
0.998454 0.106654 0.529598 0.979369 -0.287273 0.470617
0.996952 0.105161 0.526321 0.982002 -0.287985 0.474532
0.987496 0.103844 0.510798 0.975609 -0.286698 0.467291
0.972825 0.102762 0.489156 0.964511 -0.287810 0.455458
0.948724 0.104119 0.457579 0.944518 -0.288617 0.434277
0.889301 0.110466 0.398952 0.894710 -0.288058 0.396507
0.864193 0.115970 0.380178 0.873740 -0.290304 0.383938
0.844781 0.119282 0.368661 0.857321 -0.290111 0.375771
0.789801 0.130958 0.346572 0.809128 -0.291136 0.359103
0.767833 0.137003 0.341083 0.789162 -0.291214 0.352946
0.746892 0.141874 0.337500 0.769608 -0.291010 0.348197
0.725727 0.148536 0.337955 0.747654 -0.291297 0.344581
0.709712 0.153412 0.340232 0.730392 -0.290111 0.342508
0.694499 0.160672 0.343871 0.711873 -0.291086 0.341006
0.674049 0.170573 0.358133 0.686017 -0.291113 0.340730
0.678792 0.171709 0.363627 0.685086 -0.291587 0.340739
0.682444 0.171626 0.366235 0.685453 -0.290700 0.341221
0.687120 0.170993 0.367848 0.687144 -0.290340 0.341797
0.690795 0.169857 0.368101 0.691216 -0.290642 0.341800
0.725201 0.157614 0.365898 0.735739 -0.289654 0.341997
0.770154 0.146405 0.367154 0.782575 -0.289063 0.347137
0.818078 0.137281 0.374690 0.823341 -0.290881 0.355818
0.888155 0.132177 0.395094 0.881157 -0.294995 0.378538
0.964392 0.136890 0.436392 0.940302 -0.292265 0.420621
0.979269 0.143940 0.443758 0.953296 -0.290690 0.435670
0.974261 0.148597 0.436439 0.951098 -0.290643 0.438708
0.937660 0.148891 0.406816 0.923520 -0.293113 0.421421
0.918718 0.148315 0.395445 0.909907 -0.292979 0.410901
0.875612 0.145156 0.378924 0.876022 -0.294596 0.385065
0.854931 0.144672 0.372228 0.860001 -0.294877 0.374640
0.830292 0.144996 0.366659 0.839154 -0.293755 0.363431
0.811557 0.146569 0.364038 0.821243 -0.293456 0.356814
0.784073 0.147047 0.359481 0.793114 -0.291813 0.347564
0.765968 0.147935 0.356749 0.773314 -0.289764 0.343883
0.748049 0.151110 0.353548 0.755612 -0.287412 0.342012
0.729150 0.155040 0.349682 0.736961 -0.285401 0.339424
0.714733 0.159026 0.348458 0.722804 -0.286244 0.337700
0.694426 0.164604 0.349996 0.706100 -0.285626 0.336316
0.682426 0.168058 0.352093 0.698995 -0.285439 0.335877
0.673264 0.170274 0.355186 0.693916 -0.285498 0.337266
0.661170 0.174546 0.358651 0.684794 -0.285189 0.337682
0.657916 0.172682 0.362238 0.683966 -0.286339 0.338412
0.661329 0.170977 0.375877 0.682844 -0.284695 0.343020
0.661329 0.170977 0.375877 0.682844 -0.284695 0.343020
0.663755 0.172240 0.380385 0.682308 -0.284106 0.345970
0.665289 0.171643 0.383787 0.681960 -0.283462 0.347765
0.666927 0.174250 0.385234 0.681626 -0.284943 0.349885
0.668387 0.176116 0.386925 0.681739 -0.285249 0.350693
0.668723 0.179696 0.387009 0.681486 -0.287210 0.348445
0.668683 0.180836 0.387380 0.681320 -0.289263 0.347320
0.668403 0.179560 0.387268 0.681199 -0.289722 0.346072
0.668468 0.180678 0.387241 0.681540 -0.291358 0.343254
0.667871 0.177640 0.387800 0.681683 -0.292954 0.335578
0.667783 0.178234 0.387365 0.681121 -0.295127 0.327509
0.667456 0.177889 0.387730 0.681011 -0.296587 0.325389
0.668374 0.179206 0.387777 0.681542 -0.298138 0.325117
0.670919 0.177807 0.387206 0.687632 -0.300674 0.339485
0.667519 0.178122 0.387291 0.694954 -0.300068 0.357926
0.667331 0.177022 0.387434 0.694919 -0.300598 0.359569
0.666909 0.178458 0.385874 0.695361 -0.298175 0.360177
0.666886 0.177778 0.386320 0.694831 -0.298978 0.359013
0.666413 0.177443 0.386027 0.694972 -0.298145 0.357742
0.666349 0.177852 0.386333 0.694200 -0.299438 0.357108
0.666420 0.178596 0.385307 0.694115 -0.298597 0.357174
0.666362 0.179496 0.385338 0.694208 -0.297613 0.357978
0.666371 0.178810 0.385141 0.694812 -0.297582 0.359410
0.666428 0.178918 0.385262 0.695001 -0.297675 0.360123
0.666642 0.179063 0.385736 0.694290 -0.298244 0.357675
0.666528 0.178740 0.385188 0.694159 -0.298702 0.355613
0.666337 0.179189 0.384952 0.693892 -0.300972 0.351930
