0.681739 0.154178 0.387327 0.670619 -0.340305 0.358119
0.715904 0.144151 0.390049 0.708279 -0.334152 0.365842
0.715904 0.144151 0.390049 0.708279 -0.334152 0.365842
0.753354 0.133596 0.396577 0.750152 -0.335670 0.372823
0.800780 0.125106 0.409146 0.799142 -0.339784 0.384318
0.877422 0.115107 0.443769 0.871461 -0.348398 0.409368
0.877422 0.115107 0.443769 0.871461 -0.348398 0.409368
0.955264 0.112316 0.506080 0.941576 -0.358187 0.446873
0.955264 0.112316 0.506080 0.941576 -0.358187 0.446873
0.985121 0.113946 0.544135 0.960970 -0.360834 0.466518
0.985121 0.113946 0.544135 0.960970 -0.360834 0.466518
0.983677 0.114350 0.541293 0.955910 -0.357944 0.464200
0.901843 0.114275 0.442361 0.871417 -0.357967 0.405021
0.839608 0.123355 0.398052 0.811315 -0.355950 0.370582
0.817935 0.125857 0.387660 0.789759 -0.353705 0.361680
0.792173 0.130411 0.378143 0.763364 -0.352211 0.353398
0.792173 0.130411 0.378143 0.763364 -0.352211 0.353398
0.751295 0.136927 0.367507 0.718381 -0.350900 0.346185
0.726414 0.140203 0.364541 0.688812 -0.349900 0.346232
0.726414 0.140203 0.364541 0.688812 -0.349900 0.346232
0.692741 0.145943 0.364134 0.667407 -0.348294 0.346367
0.671745 0.150864 0.365293 0.667285 -0.348342 0.346951
0.670682 0.150218 0.366841 0.669132 -0.348716 0.346831
0.670682 0.150218 0.366841 0.669132 -0.348716 0.346831
0.674568 0.151174 0.369533 0.667532 -0.349839 0.347693
0.674568 0.151174 0.369533 0.667532 -0.349839 0.347693
0.671425 0.153128 0.371850 0.668140 -0.350665 0.348168
0.671425 0.153128 0.371850 0.668140 -0.350665 0.348168
0.671424 0.153721 0.372559 0.667838 -0.350789 0.348415
0.671760 0.153909 0.373253 0.667954 -0.351155 0.348856
0.672440 0.153125 0.372577 0.670576 -0.352024 0.349379
0.672440 0.153125 0.372577 0.670576 -0.352024 0.349379
0.698639 0.144454 0.371483 0.700125 -0.356012 0.347627
0.797101 0.117671 0.384167 0.798400 -0.371182 0.358062
0.797101 0.117671 0.384167 0.798400 -0.371182 0.358062
0.847079 0.106909 0.399891 0.846730 -0.378333 0.375373
0.887714 0.100607 0.421280 0.887880 -0.382792 0.397959
0.917817 0.097508 0.442566 0.916808 -0.385951 0.421074
0.942783 0.097266 0.465534 0.937131 -0.384949 0.441438
0.961864 0.095058 0.489013 0.949781 -0.384995 0.458530
0.961864 0.095058 0.489013 0.949781 -0.384995 0.458530
0.966845 0.093631 0.497525 0.944610 -0.384067 0.458306
0.952825 0.092559 0.478545 0.928067 -0.383803 0.444583
0.952825 0.092559 0.478545 0.928067 -0.383803 0.444583
0.938251 0.092966 0.460110 0.912087 -0.384245 0.430538
0.919250 0.094382 0.438943 0.893458 -0.383329 0.414164
0.868181 0.103396 0.395144 0.848523 -0.378608 0.383360
0.844849 0.109023 0.379135 0.829198 -0.375141 0.371836
0.820708 0.114912 0.366411 0.808754 -0.369402 0.360995
0.820708 0.114912 0.366411 0.808754 -0.369402 0.360995
0.800258 0.120032 0.357675 0.788572 -0.368645 0.352689
0.788022 0.123614 0.353706 0.775654 -0.367242 0.348494
0.764849 0.129628 0.348298 0.749500 -0.365634 0.341367
0.764849 0.129628 0.348298 0.749500 -0.365634 0.341367
0.731358 0.137670 0.346709 0.714858 -0.362710 0.333767
0.717081 0.139990 0.348369 0.702488 -0.361432 0.331624
0.717081 0.139990 0.348369 0.702488 -0.361432 0.331624
0.700811 0.143556 0.351734 0.687507 -0.361145 0.330278
0.681281 0.147831 0.356325 0.672184 -0.359528 0.329888
0.664692 0.151562 0.360209 0.657408 -0.357754 0.329210
0.661935 0.152352 0.362112 0.648707 -0.356037 0.330642
0.662415 0.151788 0.362151 0.641926 -0.355578 0.331304
0.662415 0.151788 0.362151 0.641926 -0.355578 0.331304
0.658618 0.152225 0.363209 0.638241 -0.355191 0.331886
0.657953 0.150958 0.364192 0.636434 -0.356846 0.332638
0.657953 0.150958 0.364192 0.636434 -0.356846 0.332638
0.658147 0.150032 0.365799 0.635470 -0.357890 0.333140
0.657393 0.149010 0.367128 0.637381 -0.359376 0.333160
0.661162 0.146372 0.368337 0.644831 -0.361800 0.331007
0.680297 0.138783 0.368963 0.671804 -0.364072 0.327492
0.680297 0.138783 0.368963 0.671804 -0.364072 0.327492
0.715803 0.128648 0.371528 0.712146 -0.368050 0.326063
0.809976 0.103539 0.387721 0.805930 -0.376627 0.340926
0.809976 0.103539 0.387721 0.805930 -0.376627 0.340926
0.866284 0.092440 0.408024 0.862012 -0.382153 0.363654
0.891158 0.088953 0.420734 0.885298 -0.384050 0.378848
0.938158 0.089849 0.454091 0.932213 -0.385783 0.426102
0.938158 0.089849 0.454091 0.932213 -0.385783 0.426102
0.945035 0.091759 0.462230 0.939176 -0.386136 0.439965
0.946969 0.094794 0.464828 0.939286 -0.385649 0.449276
0.946969 0.094794 0.464828 0.939286 -0.385649 0.449276
0.944052 0.098923 0.461561 0.931870 -0.386330 0.447693
0.932386 0.101451 0.449428 0.911768 -0.384394 0.433508
0.921746 0.101545 0.439232 0.894825 -0.383271 0.420946
0.910193 0.102777 0.426688 0.876538 -0.380819 0.405866
0.893807 0.103247 0.410979 0.853193 -0.379161 0.390280
0.893807 0.103247 0.410979 0.853193 -0.379161 0.390280
0.874769 0.102963 0.395512 0.829980 -0.375947 0.376995
0.874769 0.102963 0.395512 0.829980 -0.375947 0.376995
0.831536 0.101151 0.370312 0.783577 -0.371684 0.356848
0.809998 0.102200 0.362483 0.764915 -0.369333 0.352029
0.809998 0.102200 0.362483 0.764915 -0.369333 0.352029
0.772917 0.110039 0.354306 0.732212 -0.366236 0.346020
0.738937 0.119772 0.349078 0.700686 -0.363876 0.343201
0.738937 0.119772 0.349078 0.700686 -0.363876 0.343201
0.708624 0.132834 0.344229 0.675781 -0.361377 0.343492
0.698229 0.136562 0.343579 0.668436 -0.360987 0.344420
0.698229 0.136562 0.343579 0.668436 -0.360987 0.344420
0.685163 0.140442 0.342916 0.659051 -0.359170 0.345235
0.669012 0.144216 0.343448 0.652732 -0.358489 0.346623
0.656972 0.147415 0.344523 0.652538 -0.358953 0.348714
0.640581 0.153255 0.346717 0.652837 -0.359518 0.352417
0.640581 0.153255 0.346717 0.652837 -0.359518 0.352417
0.635476 0.167020 0.351581 0.652416 -0.359609 0.366840
0.635476 0.167020 0.351581 0.652416 -0.359609 0.366840
0.633790 0.167541 0.352677 0.652710 -0.360830 0.365780
0.633790 0.167541 0.352677 0.652710 -0.360830 0.365780
0.631096 0.168689 0.353655 0.651633 -0.360439 0.353133
0.633847 0.167342 0.353214 0.650996 -0.361712 0.347715
0.634403 0.167065 0.352984 0.650338 -0.363132 0.343051
0.634403 0.167065 0.352984 0.650338 -0.363132 0.343051
0.634475 0.166740 0.352411 0.650051 -0.365132 0.339199
0.634248 0.165823 0.352165 0.649187 -0.368177 0.336462
0.634415 0.166508 0.352113 0.649199 -0.369747 0.335476
0.633768 0.167139 0.351847 0.650390 -0.377239 0.332926
0.633768 0.167139 0.351847 0.650390 -0.377239 0.332926
0.633768 0.167139 0.351847 0.650390 -0.377239 0.332926
0.636311 0.165163 0.349537 0.649387 -0.384243 0.329922
0.633483 0.168013 0.348491 0.650496 -0.384108 0.331755
0.633483 0.168013 0.348491 0.650496 -0.384108 0.331755
0.634100 0.167668 0.347916 0.656800 -0.379471 0.344867
0.634100 0.167668 0.347916 0.656800 -0.379471 0.344867
0.632789 0.168447 0.347636 0.658653 -0.377417 0.350974
0.633982 0.168174 0.347330 0.659609 -0.374563 0.357033
0.633982 0.168174 0.347330 0.659609 -0.374563 0.357033
0.634765 0.169458 0.345887 0.659814 -0.375019 0.359620
0.634765 0.169458 0.345887 0.659814 -0.375019 0.359620
0.635127 0.169964 0.344838 0.659523 -0.375345 0.357847
0.635035 0.169814 0.343829 0.659505 -0.374905 0.356946
0.635655 0.170057 0.343808 0.659577 -0.375122 0.353852
0.635256 0.170063 0.342454 0.659702 -0.375119 0.351545
0.635256 0.170063 0.342454 0.659702 -0.375119 0.351545
