0.731739 0.144178 1.377327 0.730619 -0.280305 1.368119
0.765904 0.134151 1.380049 0.768279 -0.274152 1.375842
0.765904 0.134151 1.380049 0.768279 -0.274152 1.375842
0.803354 0.123596 1.386577 0.810152 -0.275670 1.382823
0.850780 0.115106 1.399146 0.859142 -0.279784 1.394318
0.927422 0.105107 1.433769 0.931461 -0.288398 1.419368
0.927422 0.105107 1.433769 0.931461 -0.288398 1.419368
1.005264 0.102316 1.496080 1.001576 -0.298187 1.456872
1.005264 0.102316 1.496080 1.001576 -0.298187 1.456872
1.035121 0.103946 1.534135 1.020970 -0.300834 1.476519
1.035121 0.103946 1.534135 1.020970 -0.300834 1.476519
1.033677 0.104350 1.531293 1.015910 -0.297944 1.474200
0.951843 0.104275 1.432361 0.931417 -0.297967 1.415021
0.889608 0.113355 1.388052 0.871315 -0.295950 1.380582
0.867935 0.115857 1.377660 0.849759 -0.293705 1.371680
0.842173 0.120411 1.368143 0.823364 -0.292211 1.363398
0.842173 0.120411 1.368143 0.823364 -0.292211 1.363398
0.801295 0.126927 1.357507 0.778381 -0.290900 1.356184
0.776414 0.130203 1.354541 0.748812 -0.289900 1.356232
0.776414 0.130203 1.354541 0.748812 -0.289900 1.356232
0.742741 0.135943 1.354134 0.727407 -0.288294 1.356367
0.721745 0.140864 1.355293 0.727285 -0.288342 1.356951
0.720682 0.140218 1.356841 0.729132 -0.288716 1.356831
0.720682 0.140218 1.356841 0.729132 -0.288716 1.356831
0.724568 0.141174 1.359533 0.727532 -0.289839 1.357693
0.724568 0.141174 1.359533 0.727532 -0.289839 1.357693
0.721425 0.143128 1.361850 0.728140 -0.290665 1.358168
0.721425 0.143128 1.361850 0.728140 -0.290665 1.358168
0.721424 0.143721 1.362559 0.727838 -0.290789 1.358415
0.721760 0.143909 1.363253 0.727954 -0.291155 1.358856
0.722440 0.143125 1.362577 0.730576 -0.292024 1.359379
0.722440 0.143125 1.362577 0.730576 -0.292024 1.359379
0.748639 0.134454 1.361483 0.760125 -0.296012 1.357627
0.847101 0.107671 1.374167 0.858400 -0.311182 1.368062
0.847101 0.107671 1.374167 0.858400 -0.311182 1.368062
0.897079 0.096909 1.389891 0.906730 -0.318333 1.385373
0.937714 0.090607 1.411280 0.947880 -0.322792 1.407959
0.967817 0.087508 1.432566 0.976808 -0.325951 1.431074
0.992783 0.087266 1.455534 0.997131 -0.324949 1.451438
1.011864 0.085058 1.479013 1.009781 -0.324995 1.468530
1.011864 0.085058 1.479013 1.009781 -0.324995 1.468530
1.016845 0.083631 1.487525 1.004610 -0.324067 1.468306
1.002825 0.082559 1.468545 0.988067 -0.323803 1.454583
1.002825 0.082559 1.468545 0.988067 -0.323803 1.454583
0.988251 0.082966 1.450110 0.972087 -0.324245 1.440538
0.969250 0.084382 1.428943 0.953458 -0.323329 1.424164
0.918181 0.093396 1.385144 0.908523 -0.318608 1.393360
0.894849 0.099023 1.369135 0.889198 -0.315141 1.381836
0.870708 0.104912 1.356411 0.868754 -0.309402 1.370995
0.870708 0.104912 1.356411 0.868754 -0.309402 1.370995
0.850258 0.110032 1.347675 0.848572 -0.308645 1.362689
0.838022 0.113614 1.343706 0.835654 -0.307242 1.358494
0.814849 0.119628 1.338298 0.809500 -0.305634 1.351367
0.814849 0.119628 1.338298 0.809500 -0.305634 1.351367
0.781358 0.127670 1.336709 0.774858 -0.302710 1.343767
0.767081 0.129990 1.338369 0.762488 -0.301432 1.341624
0.767081 0.129990 1.338369 0.762488 -0.301432 1.341624
0.750811 0.133556 1.341734 0.747507 -0.301145 1.340278
0.731281 0.137831 1.346325 0.732184 -0.299528 1.339888
0.714692 0.141562 1.350209 0.717408 -0.297754 1.339210
0.711935 0.142352 1.352112 0.708707 -0.296037 1.340642
0.712415 0.141788 1.352151 0.701926 -0.295578 1.341304
0.712415 0.141788 1.352151 0.701926 -0.295578 1.341304
0.708618 0.142225 1.353209 0.698241 -0.295191 1.341886
0.707953 0.140958 1.354192 0.696434 -0.296846 1.342638
0.707953 0.140958 1.354192 0.696434 -0.296846 1.342638
0.708147 0.140032 1.355799 0.695470 -0.297890 1.343140
0.707393 0.139010 1.357128 0.697381 -0.299376 1.343160
0.711162 0.136372 1.358337 0.704831 -0.301800 1.341007
0.730297 0.128783 1.358963 0.731804 -0.304072 1.337492
0.730297 0.128783 1.358963 0.731804 -0.304072 1.337492
0.765803 0.118648 1.361528 0.772146 -0.308050 1.336063
0.859976 0.093539 1.377721 0.865930 -0.316627 1.350926
0.859976 0.093539 1.377721 0.865930 -0.316627 1.350926
0.916284 0.082440 1.398024 0.922012 -0.322153 1.373654
0.941158 0.078953 1.410734 0.945298 -0.324050 1.388848
0.988158 0.079849 1.444091 0.992213 -0.325783 1.436102
0.988158 0.079849 1.444091 0.992213 -0.325783 1.436102
0.995035 0.081759 1.452230 0.999176 -0.326136 1.449965
0.996969 0.084794 1.454828 0.999286 -0.325649 1.459276
0.996969 0.084794 1.454828 0.999286 -0.325649 1.459276
0.994052 0.088923 1.451561 0.991870 -0.326330 1.457693
0.982386 0.091451 1.439429 0.971768 -0.324394 1.443508
0.971746 0.091545 1.429232 0.954825 -0.323271 1.430946
0.960193 0.092777 1.416688 0.936538 -0.320819 1.415866
0.943807 0.093247 1.400979 0.913193 -0.319161 1.400280
0.943807 0.093247 1.400979 0.913193 -0.319161 1.400280
0.924769 0.092963 1.385512 0.889980 -0.315947 1.386995
0.924769 0.092963 1.385512 0.889980 -0.315947 1.386995
0.881536 0.091151 1.360312 0.843577 -0.311684 1.366848
0.859998 0.092200 1.352483 0.824915 -0.309333 1.362029
0.859998 0.092200 1.352483 0.824915 -0.309333 1.362029
0.822917 0.100039 1.344306 0.792212 -0.306236 1.356020
0.788938 0.109772 1.339078 0.760686 -0.303876 1.353201
0.788938 0.109772 1.339078 0.760686 -0.303876 1.353201
0.758624 0.122834 1.334229 0.735781 -0.301377 1.353492
0.748229 0.126562 1.333579 0.728436 -0.300987 1.354420
0.748229 0.126562 1.333579 0.728436 -0.300987 1.354420
0.735163 0.130442 1.332916 0.719051 -0.299170 1.355235
0.719012 0.134216 1.333448 0.712732 -0.298489 1.356623
0.706972 0.137415 1.334523 0.712538 -0.298953 1.358714
0.690581 0.143255 1.336717 0.712837 -0.299518 1.362417
0.690581 0.143255 1.336717 0.712837 -0.299518 1.362417
0.685476 0.157020 1.341581 0.712416 -0.299609 1.376840
0.685476 0.157020 1.341581 0.712416 -0.299609 1.376840
0.683790 0.157541 1.342677 0.712710 -0.300830 1.375780
0.683790 0.157541 1.342677 0.712710 -0.300830 1.375780
0.681096 0.158689 1.343655 0.711633 -0.300439 1.363133
0.683847 0.157342 1.343214 0.710996 -0.301712 1.357715
0.684403 0.157065 1.342984 0.710338 -0.303132 1.353051
0.684403 0.157065 1.342984 0.710338 -0.303132 1.353051
0.684475 0.156740 1.342411 0.710051 -0.305132 1.349199
0.684248 0.155823 1.342165 0.709187 -0.308177 1.346462
0.684415 0.156508 1.342113 0.709199 -0.309747 1.345476
0.683768 0.157139 1.341847 0.710390 -0.317239 1.342926
0.683768 0.157139 1.341847 0.710390 -0.317239 1.342926
0.683768 0.157139 1.341847 0.710390 -0.317239 1.342926
0.686311 0.155163 1.339537 0.709387 -0.324243 1.339922
0.683483 0.158013 1.338491 0.710496 -0.324108 1.341755
0.683483 0.158013 1.338491 0.710496 -0.324108 1.341755
0.684100 0.157668 1.337916 0.716800 -0.319471 1.354867
0.684100 0.157668 1.337916 0.716800 -0.319471 1.354867
0.682789 0.158447 1.337636 0.718653 -0.317417 1.360974
0.683982 0.158174 1.337330 0.719609 -0.314563 1.367033
0.683982 0.158174 1.337330 0.719609 -0.314563 1.367033
0.684765 0.159458 1.335887 0.719814 -0.315019 1.369620
0.684765 0.159458 1.335887 0.719814 -0.315019 1.369620
0.685127 0.159964 1.334838 0.719523 -0.315345 1.367847
0.685035 0.159814 1.333829 0.719505 -0.314905 1.366946
0.685655 0.160057 1.333808 0.719577 -0.315122 1.363852
0.685256 0.160063 1.332454 0.719702 -0.315119 1.361545
0.685256 0.160063 1.332454 0.719702 -0.315119 1.361545
