0.660790 0.136773 0.352702 0.637836 -0.321311 0.341299
0.657604 0.138481 0.351745 0.637849 -0.322158 0.341375
0.657604 0.138481 0.351745 0.637849 -0.322158 0.341375
0.671012 0.132665 0.349899 0.646790 -0.326145 0.341168
0.671012 0.132665 0.349899 0.646790 -0.326145 0.341168
0.694227 0.125894 0.350525 0.664146 -0.328923 0.339908
0.738885 0.114674 0.355739 0.701253 -0.335704 0.340925
0.791140 0.104875 0.370306 0.750199 -0.344080 0.347903
0.837248 0.097091 0.392381 0.795071 -0.351046 0.362019
0.899005 0.085812 0.442148 0.856771 -0.357308 0.394126
0.928369 0.076486 0.478306 0.892257 -0.361279 0.420746
0.928369 0.076486 0.478306 0.892257 -0.361279 0.420746
0.946626 0.068889 0.508891 0.928464 -0.367481 0.452231
0.946626 0.068889 0.508891 0.928464 -0.367481 0.452231
0.937481 0.068733 0.496342 0.924691 -0.368524 0.446286
0.919812 0.072084 0.472009 0.910718 -0.371407 0.431708
0.899213 0.077026 0.446204 0.891801 -0.370273 0.415237
0.878789 0.080868 0.425550 0.872292 -0.369979 0.401667
0.821846 0.093642 0.382596 0.812367 -0.365437 0.371498
0.821846 0.093642 0.382596 0.812367 -0.365437 0.371498
0.762428 0.106263 0.356642 0.746850 -0.356747 0.351155
0.744060 0.110187 0.351282 0.726761 -0.354646 0.346865
0.722866 0.113755 0.345470 0.705167 -0.352140 0.343524
0.703967 0.119225 0.340899 0.685848 -0.351745 0.342238
0.703967 0.119225 0.340899 0.685848 -0.351745 0.342238
0.690619 0.122207 0.338884 0.671547 -0.350670 0.342248
0.672000 0.127702 0.339711 0.655099 -0.348759 0.342690
0.672000 0.127702 0.339711 0.655099 -0.348759 0.342690
0.667869 0.129387 0.341357 0.654724 -0.348603 0.342133
0.667600 0.131468 0.352803 0.653655 -0.347849 0.341391
0.667600 0.131468 0.352803 0.653655 -0.347849 0.341391
0.674080 0.131619 0.358786 0.653175 -0.348117 0.341308
0.677893 0.130318 0.360909 0.653493 -0.347123 0.341472
0.677893 0.130318 0.360909 0.653493 -0.347123 0.341472
0.680485 0.128765 0.359765 0.655412 -0.346817 0.341008
0.690661 0.123368 0.359050 0.665537 -0.345674 0.340339
0.716280 0.115339 0.359480 0.695156 -0.348565 0.339556
0.795568 0.091077 0.374764 0.786384 -0.356768 0.349723
0.795568 0.091077 0.374764 0.786384 -0.356768 0.349723
0.843566 0.075647 0.397172 0.840006 -0.363098 0.366107
0.843566 0.075647 0.397172 0.840006 -0.363098 0.366107
0.885196 0.064583 0.427129 0.888678 -0.365591 0.388957
0.922340 0.056355 0.466024 0.932852 -0.367576 0.419069
0.933042 0.052717 0.483123 0.947069 -0.364600 0.431631
0.935850 0.051207 0.491211 0.950136 -0.361960 0.436176
0.931193 0.051308 0.488083 0.945026 -0.359631 0.432762
0.922108 0.052691 0.477581 0.934089 -0.359871 0.423167
0.922108 0.052691 0.477581 0.934089 -0.359871 0.423167
0.889014 0.061023 0.440109 0.897032 -0.355729 0.393789
0.889014 0.061023 0.440109 0.897032 -0.355729 0.393789
0.856471 0.069283 0.409566 0.861926 -0.352935 0.370120
0.833965 0.075419 0.391333 0.837003 -0.352649 0.356932
0.811126 0.080420 0.377600 0.813665 -0.350972 0.345989
0.768095 0.090804 0.355896 0.768797 -0.347859 0.333060
0.768095 0.090804 0.355896 0.768797 -0.347859 0.333060
0.768095 0.090804 0.355896 0.768797 -0.347859 0.333060
0.735455 0.099288 0.345565 0.730888 -0.346590 0.326977
0.701934 0.110228 0.337641 0.693566 -0.341942 0.323964
0.678490 0.118623 0.333466 0.670649 -0.336924 0.325097
0.670866 0.121406 0.332860 0.663759 -0.335185 0.326523
0.670866 0.121406 0.332860 0.663759 -0.335185 0.326523
0.667651 0.123962 0.334794 0.662609 -0.334829 0.330038
0.667651 0.123962 0.334794 0.662609 -0.334829 0.330038
0.669559 0.125089 0.336653 0.662525 -0.334969 0.332132
0.670622 0.125364 0.337994 0.662490 -0.335847 0.332902
0.670278 0.125833 0.339331 0.662589 -0.336907 0.333894
0.671397 0.125254 0.340023 0.664094 -0.338368 0.334899
0.671397 0.125254 0.340023 0.664094 -0.338368 0.334899
0.697912 0.114816 0.341875 0.690305 -0.341421 0.335532
0.697912 0.114816 0.341875 0.690305 -0.341421 0.335532
0.756528 0.097494 0.352298 0.748360 -0.346349 0.341145
0.802908 0.084246 0.367452 0.792018 -0.351259 0.349910
0.857975 0.069885 0.395601 0.843571 -0.355609 0.367534
0.902949 0.060013 0.429863 0.887795 -0.358734 0.391079
0.955309 0.048039 0.504037 0.951283 -0.358400 0.450033
0.955309 0.048039 0.504037 0.951283 -0.358400 0.450033
0.951662 0.048861 0.503753 0.948943 -0.358956 0.451400
0.930966 0.057697 0.480538 0.929752 -0.358729 0.439044
0.930966 0.057697 0.480538 0.929752 -0.358729 0.439044
0.917874 0.062112 0.465413 0.917364 -0.358659 0.430439
0.903369 0.067096 0.449897 0.903798 -0.358486 0.419492
0.903369 0.067096 0.449897 0.903798 -0.358486 0.419492
0.861042 0.079723 0.409220 0.863667 -0.356475 0.390276
0.839227 0.084696 0.391622 0.841874 -0.355230 0.376331
0.839227 0.084696 0.391622 0.841874 -0.355230 0.376331
0.788365 0.093731 0.359327 0.788782 -0.352439 0.351927
0.788365 0.093731 0.359327 0.788782 -0.352439 0.351927
0.770611 0.096728 0.350792 0.771855 -0.351044 0.347161
0.680432 0.122495 0.332627 0.687242 -0.343257 0.337791
0.671163 0.131576 0.338249 0.673886 -0.341490 0.345140
0.674798 0.132052 0.340398 0.674173 -0.342216 0.346886
0.681270 0.131003 0.343658 0.672962 -0.344316 0.345657
0.681270 0.131003 0.343658 0.672962 -0.344316 0.345657
0.684585 0.129836 0.345302 0.672829 -0.344638 0.344270
0.687681 0.127985 0.345757 0.672275 -0.347163 0.341423
0.691616 0.124567 0.347170 0.670765 -0.349924 0.336473
0.696113 0.122781 0.348492 0.668988 -0.353491 0.329521
0.700418 0.121397 0.349540 0.669609 -0.357332 0.326157
0.702053 0.120157 0.350081 0.667769 -0.359412 0.322773
0.701966 0.120382 0.350494 0.667141 -0.364139 0.315810
0.701966 0.120382 0.350494 0.667141 -0.364139 0.315810
0.702567 0.119824 0.350325 0.667602 -0.363415 0.314571
0.703114 0.119023 0.350788 0.667557 -0.362756 0.313985
0.704427 0.119266 0.351700 0.668691 -0.360533 0.315260
0.704595 0.119673 0.351250 0.671120 -0.357070 0.320454
0.704595 0.119673 0.351250 0.671120 -0.357070 0.320454
0.702273 0.120658 0.350662 0.677159 -0.354710 0.328520
0.702273 0.120658 0.350662 0.677159 -0.354710 0.328520
0.702659 0.123005 0.350643 0.679813 -0.351200 0.330894
0.702659 0.123005 0.350643 0.679813 -0.351200 0.330894
0.702796 0.123408 0.351226 0.680324 -0.347626 0.330696
0.702965 0.123699 0.351396 0.680116 -0.345717 0.330674
0.702362 0.123014 0.351886 0.680471 -0.343982 0.330396
0.702194 0.122387 0.352376 0.680673 -0.343273 0.329971
0.702055 0.122401 0.352941 0.680735 -0.341665 0.329813
0.702055 0.122401 0.352941 0.680735 -0.341665 0.329813
0.701988 0.125266 0.354649 0.681037 -0.338798 0.330289
0.701843 0.125410 0.354396 0.681481 -0.337153 0.329821
0.702123 0.125473 0.354062 0.681673 -0.336938 0.330143
0.702123 0.125473 0.354062 0.681673 -0.336938 0.330143
