0.725443 0.133608 0.336034 0.708427 -0.274034 0.316574
0.723827 0.131819 0.335953 0.705665 -0.274855 0.315471
0.721092 0.131766 0.337063 0.699992 -0.271234 0.321386
0.718767 0.130947 0.338959 0.695868 -0.271474 0.327056
0.715409 0.130962 0.340697 0.691555 -0.270659 0.332515
0.711996 0.132116 0.342103 0.687650 -0.271372 0.336433
0.705769 0.130660 0.341891 0.681876 -0.274028 0.337026
0.689785 0.128917 0.345738 0.669050 -0.276400 0.333801
0.678136 0.122225 0.358224 0.665888 -0.275849 0.330719
0.698733 0.118329 0.358882 0.693931 -0.277931 0.335502
0.753412 0.111250 0.360567 0.753884 -0.279652 0.342713
0.814579 0.108664 0.371714 0.808789 -0.280759 0.355354
0.865362 0.105404 0.392322 0.853685 -0.280646 0.372675
0.919342 0.099641 0.426377 0.897671 -0.281795 0.398749
0.968065 0.088083 0.481932 0.945126 -0.281084 0.443850
0.962131 0.085416 0.481746 0.945384 -0.283017 0.451990
0.951597 0.084086 0.469947 0.939781 -0.285111 0.447457
0.934723 0.084355 0.452918 0.929388 -0.288582 0.437187
0.914605 0.085784 0.434812 0.915670 -0.290308 0.423138
0.890762 0.088463 0.414161 0.898004 -0.290531 0.407353
0.839152 0.095055 0.382706 0.853904 -0.289975 0.379495
0.806927 0.093859 0.371057 0.826332 -0.289963 0.366973
0.778733 0.098372 0.362670 0.797029 -0.290642 0.357486
0.752017 0.101205 0.356177 0.770176 -0.289463 0.351495
0.731122 0.102511 0.353959 0.745229 -0.289448 0.346928
0.717696 0.105367 0.353317 0.730606 -0.289488 0.345718
0.694852 0.111210 0.355138 0.705155 -0.290420 0.343234
0.676805 0.118041 0.361062 0.681966 -0.290573 0.343334
0.676718 0.119918 0.364891 0.680665 -0.290341 0.343572
0.676919 0.119949 0.366227 0.681290 -0.288569 0.343481
0.679299 0.119028 0.365220 0.683522 -0.288236 0.344070
0.690859 0.115049 0.364243 0.695150 -0.287358 0.342826
0.713761 0.109100 0.364323 0.718564 -0.287805 0.342848
0.841316 0.087638 0.383896 0.840238 -0.289233 0.367438
0.907532 0.081909 0.412976 0.893343 -0.289453 0.393033
0.940574 0.080956 0.434521 0.919122 -0.289057 0.410280
0.998477 0.078931 0.488375 0.966874 -0.287786 0.455304
1.008454 0.076654 0.499598 0.979369 -0.287273 0.470617
1.006952 0.075161 0.496321 0.982002 -0.287985 0.474532
0.997496 0.073844 0.480798 0.975609 -0.286698 0.467291
0.982825 0.072762 0.459156 0.964511 -0.287810 0.455458
0.958724 0.074119 0.427579 0.944518 -0.288617 0.434277
0.899301 0.080466 0.368952 0.894710 -0.288058 0.396507
0.874193 0.085970 0.350178 0.873740 -0.290304 0.383938
0.854781 0.089282 0.338661 0.857321 -0.290111 0.375771
0.799801 0.100958 0.316572 0.809128 -0.291136 0.359103
0.777833 0.107003 0.311083 0.789162 -0.291214 0.352946
0.756892 0.111874 0.307500 0.769608 -0.291010 0.348197
0.735727 0.118536 0.307955 0.747654 -0.291297 0.344581
0.719712 0.123412 0.310232 0.730392 -0.290111 0.342508
0.704499 0.130672 0.313871 0.711873 -0.291086 0.341006
0.684049 0.140573 0.328133 0.686017 -0.291113 0.340730
0.688792 0.141709 0.333627 0.685086 -0.291587 0.340739
0.692444 0.141626 0.336235 0.685453 -0.290700 0.341221
0.697120 0.140993 0.337848 0.687144 -0.290340 0.341797
0.700795 0.139857 0.338101 0.691216 -0.290642 0.341800
0.735201 0.127614 0.335898 0.735739 -0.289654 0.341997
0.780154 0.116405 0.337154 0.782575 -0.289063 0.347137
0.828078 0.107281 0.344690 0.823341 -0.290881 0.355818
0.898155 0.102177 0.365094 0.881157 -0.294995 0.378538
0.974392 0.106890 0.406392 0.940302 -0.292265 0.420621
0.989269 0.113940 0.413758 0.953296 -0.290690 0.435670
0.984261 0.118597 0.406439 0.951098 -0.290643 0.438708
0.947660 0.118891 0.376816 0.923520 -0.293113 0.421421
0.928718 0.118315 0.365445 0.909907 -0.292979 0.410901
0.885612 0.115156 0.348924 0.876022 -0.294596 0.385065
0.864931 0.114672 0.342228 0.860001 -0.294877 0.374640
0.840292 0.114996 0.336659 0.839154 -0.293755 0.363431
0.821557 0.116569 0.334038 0.821243 -0.293456 0.356814
0.794073 0.117047 0.329481 0.793114 -0.291813 0.347564
0.775968 0.117935 0.326749 0.773314 -0.289764 0.343883
0.758049 0.121110 0.323548 0.755612 -0.287412 0.342012
0.739150 0.125040 0.319682 0.736961 -0.285401 0.339424
0.724733 0.129026 0.318458 0.722804 -0.286244 0.337700
0.704426 0.134604 0.319996 0.706100 -0.285626 0.336316
0.692426 0.138058 0.322093 0.698995 -0.285439 0.335877
0.683264 0.140274 0.325186 0.693916 -0.285498 0.337266
0.671170 0.144546 0.328651 0.684794 -0.285189 0.337682
0.667916 0.142682 0.332238 0.683966 -0.286339 0.338412
0.671329 0.140977 0.345877 0.682844 -0.284695 0.343020
0.671329 0.140977 0.345877 0.682844 -0.284695 0.343020
0.673755 0.142240 0.350385 0.682308 -0.284106 0.345970
0.675289 0.141643 0.353787 0.681960 -0.283462 0.347765
0.676927 0.144250 0.355234 0.681626 -0.284943 0.349885
0.678387 0.146116 0.356925 0.681739 -0.285249 0.350693
0.678723 0.149696 0.357009 0.681486 -0.287210 0.348445
0.678683 0.150836 0.357380 0.681320 -0.289263 0.347320
0.678403 0.149560 0.357268 0.681199 -0.289722 0.346072
0.678468 0.150678 0.357241 0.681540 -0.291358 0.343254
0.677871 0.147640 0.357800 0.681683 -0.292954 0.335578
0.677783 0.148234 0.357365 0.681121 -0.295127 0.327509
0.677456 0.147889 0.357730 0.681011 -0.296587 0.325389
0.678374 0.149206 0.357777 0.681542 -0.298138 0.325117
0.680919 0.147807 0.357206 0.687632 -0.300674 0.339485
0.677519 0.148122 0.357291 0.694954 -0.300068 0.357926
0.677331 0.147022 0.357434 0.694919 -0.300598 0.359569
0.676909 0.148458 0.355874 0.695361 -0.298175 0.360177
0.676886 0.147778 0.356320 0.694831 -0.298978 0.359013
0.676413 0.147443 0.356027 0.694972 -0.298145 0.357742
0.676349 0.147852 0.356333 0.694200 -0.299438 0.357108
0.676420 0.148596 0.355307 0.694115 -0.298597 0.357174
0.676362 0.149496 0.355338 0.694208 -0.297613 0.357978
0.676371 0.148810 0.355141 0.694812 -0.297582 0.359410
0.676428 0.148918 0.355262 0.695001 -0.297675 0.360123
0.676642 0.149063 0.355736 0.694290 -0.298244 0.357675
0.676528 0.148740 0.355188 0.694159 -0.298702 0.355613
0.676337 0.149189 0.354952 0.693892 -0.300972 0.351930
