0.735443 0.148608 1.376034 0.736427 -0.289034 1.371574
0.733827 0.146819 1.375953 0.733665 -0.289855 1.370471
0.731092 0.146766 1.377063 0.727992 -0.286234 1.376386
0.728767 0.145947 1.378959 0.723868 -0.286474 1.382056
0.725409 0.145962 1.380697 0.719555 -0.285659 1.387515
0.721996 0.147116 1.382103 0.715650 -0.286372 1.391433
0.715769 0.145660 1.381891 0.709876 -0.289028 1.392026
0.699785 0.143917 1.385738 0.697050 -0.291400 1.388801
0.688136 0.137225 1.398224 0.693888 -0.290849 1.385719
0.708733 0.133329 1.398882 0.721931 -0.292931 1.390502
0.763412 0.126250 1.400567 0.781884 -0.294652 1.397713
0.824579 0.123664 1.411714 0.836789 -0.295759 1.410354
0.875362 0.120404 1.432322 0.881685 -0.295646 1.427675
0.929342 0.114641 1.466377 0.925671 -0.296795 1.453749
0.978065 0.103083 1.521932 0.973126 -0.296084 1.498850
0.972131 0.100416 1.521746 0.973384 -0.298017 1.506990
0.961597 0.099086 1.509947 0.967781 -0.300111 1.502457
0.944723 0.099355 1.492918 0.957388 -0.303582 1.492187
0.924605 0.100784 1.474812 0.943670 -0.305308 1.478138
0.900762 0.103463 1.454161 0.926004 -0.305531 1.462353
0.849152 0.110055 1.422706 0.881904 -0.304975 1.434495
0.816927 0.108859 1.411057 0.854332 -0.304963 1.421973
0.788733 0.113372 1.402670 0.825029 -0.305642 1.412486
0.762017 0.116205 1.396177 0.798176 -0.304463 1.406494
0.741122 0.117511 1.393959 0.773229 -0.304448 1.401928
0.727696 0.120367 1.393317 0.758606 -0.304488 1.400718
0.704852 0.126210 1.395138 0.733155 -0.305420 1.398234
0.686805 0.133041 1.401062 0.709966 -0.305573 1.398334
0.686718 0.134918 1.404891 0.708665 -0.305341 1.398571
0.686919 0.134949 1.406227 0.709290 -0.303569 1.398481
0.689299 0.134028 1.405220 0.711522 -0.303236 1.399070
0.700859 0.130049 1.404243 0.723150 -0.302358 1.397826
0.723761 0.124100 1.404323 0.746564 -0.302805 1.397848
0.851316 0.102638 1.423896 0.868238 -0.304233 1.422438
0.917532 0.096909 1.452976 0.921343 -0.304453 1.448033
0.950574 0.095956 1.474521 0.947122 -0.304057 1.465280
1.008477 0.093931 1.528375 0.994874 -0.302786 1.510304
1.018454 0.091654 1.539598 1.007369 -0.302273 1.525617
1.016952 0.090161 1.536321 1.010002 -0.302985 1.529532
1.007496 0.088844 1.520798 1.003609 -0.301698 1.522291
0.992825 0.087762 1.499156 0.992511 -0.302810 1.510458
0.968724 0.089119 1.467579 0.972518 -0.303617 1.489277
0.909301 0.095466 1.408952 0.922710 -0.303058 1.451507
0.884193 0.100970 1.390178 0.901740 -0.305304 1.438938
0.864781 0.104282 1.378661 0.885321 -0.305111 1.430771
0.809801 0.115958 1.356572 0.837128 -0.306136 1.414103
0.787833 0.122003 1.351083 0.817162 -0.306214 1.407946
0.766892 0.126874 1.347500 0.797608 -0.306010 1.403197
0.745727 0.133536 1.347955 0.775654 -0.306297 1.399581
0.729712 0.138412 1.350232 0.758392 -0.305111 1.397508
0.714499 0.145672 1.353871 0.739873 -0.306086 1.396006
0.694049 0.155573 1.368133 0.714017 -0.306113 1.395730
0.698792 0.156709 1.373626 0.713086 -0.306587 1.395739
0.702444 0.156626 1.376235 0.713453 -0.305700 1.396221
0.707120 0.155993 1.377848 0.715144 -0.305340 1.396797
0.710795 0.154857 1.378101 0.719216 -0.305642 1.396800
0.745201 0.142614 1.375898 0.763739 -0.304654 1.396997
0.790154 0.131405 1.377154 0.810575 -0.304063 1.402137
0.838078 0.122281 1.384690 0.851341 -0.305881 1.410818
0.908155 0.117177 1.405094 0.909157 -0.309996 1.433538
0.984392 0.121890 1.446392 0.968302 -0.307265 1.475621
0.999269 0.128940 1.453758 0.981296 -0.305690 1.490670
0.994261 0.133597 1.446439 0.979098 -0.305643 1.493708
0.957660 0.133891 1.416816 0.951520 -0.308113 1.476421
0.938718 0.133315 1.405445 0.937907 -0.307979 1.465901
0.895612 0.130156 1.388924 0.904022 -0.309596 1.440065
0.874931 0.129672 1.382228 0.888001 -0.309877 1.429640
0.850292 0.129996 1.376659 0.867154 -0.308755 1.418431
0.831557 0.131569 1.374038 0.849243 -0.308456 1.411814
0.804073 0.132047 1.369481 0.821114 -0.306813 1.402565
0.785968 0.132935 1.366749 0.801314 -0.304764 1.398883
0.768049 0.136110 1.363548 0.783612 -0.302412 1.397012
0.749150 0.140040 1.359682 0.764961 -0.300401 1.394424
0.734733 0.144026 1.358458 0.750804 -0.301244 1.392700
0.714426 0.149604 1.359996 0.734100 -0.300626 1.391316
0.702426 0.153058 1.362093 0.726995 -0.300439 1.390877
0.693264 0.155274 1.365186 0.721916 -0.300498 1.392266
0.681170 0.159546 1.368651 0.712794 -0.300189 1.392682
0.677916 0.157682 1.372238 0.711966 -0.301339 1.393412
0.681329 0.155977 1.385877 0.710844 -0.299695 1.398020
0.681329 0.155977 1.385877 0.710844 -0.299695 1.398020
0.683755 0.157240 1.390385 0.710308 -0.299106 1.400970
0.685289 0.156643 1.393787 0.709960 -0.298462 1.402765
0.686927 0.159250 1.395234 0.709626 -0.299943 1.404885
0.688387 0.161116 1.396925 0.709739 -0.300249 1.405693
0.688723 0.164696 1.397009 0.709486 -0.302210 1.403445
0.688683 0.165836 1.397380 0.709320 -0.304263 1.402320
0.688403 0.164560 1.397268 0.709199 -0.304722 1.401072
0.688468 0.165678 1.397241 0.709540 -0.306358 1.398254
0.687871 0.162640 1.397800 0.709683 -0.307954 1.390578
0.687783 0.163234 1.397365 0.709121 -0.310127 1.382509
0.687456 0.162889 1.397730 0.709011 -0.311587 1.380389
0.688374 0.164206 1.397777 0.709542 -0.313138 1.380117
0.690919 0.162807 1.397206 0.715632 -0.315674 1.394485
0.687519 0.163122 1.397291 0.722954 -0.315068 1.412926
0.687331 0.162022 1.397434 0.722919 -0.315598 1.414569
0.686909 0.163458 1.395874 0.723361 -0.313175 1.415177
0.686886 0.162778 1.396320 0.722831 -0.313978 1.414013
0.686413 0.162443 1.396027 0.722972 -0.313145 1.412742
0.686349 0.162852 1.396333 0.722200 -0.314438 1.412107
0.686420 0.163596 1.395308 0.722115 -0.313597 1.412174
0.686361 0.164496 1.395338 0.722208 -0.312613 1.412978
0.686371 0.163810 1.395141 0.722812 -0.312582 1.414410
0.686428 0.163918 1.395262 0.723001 -0.312675 1.415123
0.686642 0.164063 1.395736 0.722290 -0.313244 1.412675
0.686528 0.163740 1.395188 0.722159 -0.313702 1.410613
0.686337 0.164189 1.394952 0.721892 -0.315972 1.406930
