0.622151 -0.315299 -0.169462
0.612686 -0.308974 -0.169385
0.606995 -0.304790 -0.169385
0.601005 -0.301907 -0.168852
0.595601 -0.299321 -0.168031
0.592054 -0.293972 -0.164778
0.597430 -0.291994 -0.159427
0.602701 -0.292104 -0.152593
0.605735 -0.295510 -0.147599
0.609110 -0.294146 -0.139776
0.612987 -0.289940 -0.134443
0.616488 -0.288373 -0.128599
0.619169 -0.287247 -0.123612
0.619400 -0.284324 -0.116632
0.623728 -0.279807 -0.111348
0.625142 -0.276834 -0.106952
0.626129 -0.275331 -0.101433
0.626038 -0.271155 -0.094912
0.628569 -0.264637 -0.088476
0.628999 -0.259397 -0.084046
0.627465 -0.255216 -0.079300
0.628512 -0.250727 -0.074785
0.632733 -0.243045 -0.068903
0.634238 -0.239012 -0.065538
0.633475 -0.236536 -0.062369
0.634896 -0.230739 -0.060722
0.637854 -0.225444 -0.056912
0.638381 -0.222191 -0.055016
0.638238 -0.218402 -0.052668
0.639385 -0.211796 -0.047817
0.640666 -0.206772 -0.045265
0.641809 -0.202695 -0.042791
0.638418 -0.203007 -0.041634
0.638935 -0.202709 -0.040232
0.639380 -0.202075 -0.039514
0.638555 -0.203293 -0.039149
0.638995 -0.201240 -0.038681
0.639369 -0.198161 -0.038588
0.639321 -0.195176 -0.039193
0.639532 -0.190559 -0.041073
0.638153 -0.189303 -0.041487
0.637953 -0.187302 -0.041195
0.639660 -0.182535 -0.041456
0.638703 -0.179829 -0.042227
0.639464 -0.176649 -0.042121
0.640081 -0.173099 -0.041117
0.643817 -0.169417 -0.039888
0.644874 -0.166047 -0.039702
0.644711 -0.163455 -0.039290
0.645183 -0.160793 -0.037440
0.648576 -0.155762 -0.035178
0.649702 -0.150986 -0.034652
0.648990 -0.147178 -0.033090
0.649302 -0.142184 -0.031837
0.649933 -0.141328 -0.031689
0.649969 -0.138473 -0.030978
0.650695 -0.136249 -0.030693
0.652397 -0.129654 -0.027656
0.651550 -0.123925 -0.027719
0.651872 -0.118891 -0.026620
0.652845 -0.113251 -0.025781
0.654555 -0.103339 -0.023712
0.653874 -0.096806 -0.023624
0.653671 -0.083903 -0.024467
0.655460 -0.076708 -0.024986
0.655632 -0.069112 -0.025032
0.656349 -0.057477 -0.025382
0.656899 -0.048303 -0.025382
0.658627 -0.036973 -0.025530
0.659787 -0.024979 -0.025620
0.659618 -0.018748 -0.025639
0.659047 -0.013965 -0.025784
0.660443 -0.011079 -0.025570
0.661202 -0.003355 -0.026314
0.659494 0.002095 -0.028022
0.657051 0.008420 -0.029267
0.656443 0.014464 -0.030129
0.655410 0.022037 -0.032049
0.653222 0.030141 -0.034259
0.650745 0.036636 -0.036027
0.650000 0.043586 -0.036953
0.648468 0.051252 -0.037411
0.644878 0.060626 -0.039040
0.642072 0.066131 -0.041010
0.639091 0.073202 -0.042806
0.635563 0.076410 -0.045343
0.631395 0.081646 -0.048605
0.630862 0.094611 -0.053578
0.627007 0.099376 -0.058703
0.622376 0.104550 -0.065623
0.620016 0.105964 -0.069576
0.620652 0.108479 -0.070893
0.621840 0.107450 -0.074053
0.620404 0.105359 -0.081206
0.618717 0.105678 -0.085291
0.619063 0.111632 -0.093890
0.621084 0.112898 -0.097877
0.621476 0.114334 -0.100969
0.622817 0.119247 -0.104108
0.622144 0.121138 -0.105045
0.623422 0.123266 -0.109944
0.620920 0.124414 -0.113096
0.619803 0.125905 -0.116528
0.618766 0.128017 -0.122867
0.616240 0.129295 -0.127480
0.615260 0.129404 -0.131460
0.614452 0.130172 -0.131754
0.613745 0.129844 -0.132138
0.615838 0.132341 -0.137197
0.610940 0.133063 -0.141227
0.606843 0.132331 -0.145622
0.602625 0.129875 -0.152858
0.599007 0.129974 -0.159389
0.598618 0.131511 -0.161689
0.599515 0.132617 -0.162963
0.601976 0.134813 -0.165482
0.601221 0.135238 -0.170467
0.601377 0.135157 -0.171444
0.602913 0.135064 -0.172129
0.604078 0.135653 -0.172447
0.604805 0.135763 -0.172276
