0.626270 -0.315304 -0.169782
0.616404 -0.310946 -0.169624
0.611592 -0.306778 -0.169040
0.606264 -0.303590 -0.168985
0.600627 -0.300987 -0.168047
0.597822 -0.295653 -0.164243
0.601770 -0.292965 -0.158019
0.606096 -0.294213 -0.152843
0.606661 -0.295233 -0.146515
0.611225 -0.292799 -0.139843
0.615917 -0.288303 -0.132055
0.617140 -0.287041 -0.127833
0.618880 -0.287479 -0.122002
0.621027 -0.286220 -0.118028
0.624922 -0.279970 -0.111368
0.625603 -0.276192 -0.107640
0.625222 -0.274305 -0.101533
0.628252 -0.270533 -0.094466
0.630549 -0.262152 -0.086944
0.630997 -0.259905 -0.084154
0.627891 -0.256613 -0.080678
0.628715 -0.252057 -0.076115
0.631729 -0.244847 -0.070573
0.633119 -0.242089 -0.068038
0.633698 -0.238487 -0.063117
0.636402 -0.233643 -0.060433
0.637611 -0.227997 -0.058377
0.639670 -0.222787 -0.055619
0.639460 -0.220335 -0.053004
0.639474 -0.216293 -0.049098
0.639891 -0.208938 -0.045625
0.640693 -0.203888 -0.042821
0.639507 -0.203183 -0.042405
0.638345 -0.202598 -0.041001
0.638325 -0.203263 -0.039667
0.637959 -0.202822 -0.038892
0.638056 -0.200957 -0.038743
0.638478 -0.197181 -0.038613
0.640022 -0.193463 -0.039972
0.637949 -0.189953 -0.041657
0.637064 -0.188812 -0.041615
0.637940 -0.185465 -0.041490
0.638386 -0.180262 -0.041361
0.639632 -0.178781 -0.040692
0.639333 -0.176474 -0.040764
0.641174 -0.173530 -0.040276
0.643536 -0.168244 -0.039922
0.644923 -0.166435 -0.039278
0.644433 -0.162654 -0.038513
0.645659 -0.158167 -0.037519
0.647773 -0.153530 -0.035746
0.650530 -0.150241 -0.035298
0.650879 -0.147496 -0.033168
0.649274 -0.143771 -0.032715
0.650107 -0.141050 -0.031752
0.650369 -0.137832 -0.030556
0.651375 -0.135846 -0.029173
0.651561 -0.131779 -0.028108
0.651323 -0.123235 -0.026611
0.653246 -0.118244 -0.025912
0.653287 -0.111677 -0.024542
0.654399 -0.107128 -0.024526
0.654497 -0.094786 -0.024684
0.652879 -0.087846 -0.025642
0.654021 -0.067941 -0.026011
0.656828 -0.058457 -0.026108
0.656099 -0.047080 -0.026490
0.658212 -0.039626 -0.026516
0.660629 -0.028938 -0.026016
0.659012 -0.021078 -0.025402
0.659083 -0.016878 -0.026012
0.659816 -0.009671 -0.025932
0.661543 -0.003545 -0.026001
0.658580 0.006351 -0.029389
0.656835 0.011524 -0.029832
0.656294 0.020398 -0.030758
0.655118 0.027154 -0.032548
0.653216 0.031001 -0.034127
0.650987 0.039472 -0.036344
0.650375 0.044070 -0.036433
0.647665 0.053864 -0.037710
0.643550 0.065223 -0.040395
0.640581 0.071990 -0.041926
0.637145 0.077233 -0.044628
0.632856 0.082855 -0.047647
0.627869 0.090438 -0.050810
0.628463 0.098667 -0.054595
0.625714 0.102234 -0.061402
0.622526 0.103009 -0.065993
0.619995 0.106883 -0.070486
0.619363 0.108621 -0.071699
0.622329 0.107492 -0.075836
0.620102 0.106363 -0.081495
0.616478 0.106129 -0.090074
0.619803 0.111910 -0.095388
0.620549 0.114907 -0.099503
0.621441 0.117768 -0.102932
0.621312 0.118844 -0.104149
0.625515 0.122099 -0.107681
0.621216 0.122642 -0.111242
0.619594 0.124698 -0.114220
0.620899 0.126545 -0.117339
0.621287 0.129169 -0.120080
0.620651 0.129141 -0.123217
0.615705 0.128275 -0.128649
0.613772 0.128481 -0.130551
0.615027 0.130134 -0.134095
0.612087 0.131009 -0.138759
0.608856 0.130470 -0.142059
0.605771 0.130499 -0.145768
0.605942 0.130667 -0.151018
0.602320 0.132235 -0.156517
0.601523 0.132045 -0.160196
0.602590 0.133879 -0.161947
0.604289 0.135028 -0.166345
0.604105 0.135402 -0.168531
0.603072 0.133540 -0.170764
0.603297 0.135165 -0.171975
0.603956 0.135653 -0.171667
0.605289 0.135508 -0.172304
0.605277 0.137534 -0.172148
0.606008 0.138698 -0.171541
0.606357 0.137909 -0.171704
0.605815 0.137365 -0.172188
