0.615121 -0.310575 -0.168074
0.609790 -0.304654 -0.167469
0.608615 -0.294871 -0.162176
0.611305 -0.290994 -0.156858
0.615563 -0.292920 -0.149251
0.617649 -0.293590 -0.143122
0.618676 -0.291184 -0.135279
0.619745 -0.289343 -0.132022
0.622458 -0.288215 -0.127203
0.623962 -0.287443 -0.122637
0.624760 -0.285261 -0.116407
0.627012 -0.281248 -0.112252
0.629317 -0.278156 -0.105868
0.629556 -0.273280 -0.098402
0.629528 -0.268049 -0.092482
0.631478 -0.260634 -0.086163
0.630879 -0.258413 -0.083702
0.629819 -0.255757 -0.079711
0.630208 -0.250469 -0.074109
0.633431 -0.243448 -0.068666
0.634164 -0.239918 -0.066048
0.635467 -0.235700 -0.062636
0.636602 -0.230666 -0.060467
0.639408 -0.222646 -0.055679
0.639626 -0.222277 -0.054948
0.637465 -0.217413 -0.051644
0.638305 -0.208971 -0.046758
0.641335 -0.204466 -0.044677
0.641950 -0.202370 -0.042824
0.639848 -0.204219 -0.042101
0.638677 -0.203563 -0.040645
0.638524 -0.202075 -0.039352
0.639215 -0.200942 -0.038977
0.638422 -0.199769 -0.038072
0.639758 -0.197533 -0.038039
0.639090 -0.194058 -0.039841
0.637779 -0.190897 -0.041605
0.637587 -0.188504 -0.041885
0.637663 -0.185402 -0.041582
0.639304 -0.180248 -0.041061
0.639658 -0.179463 -0.041664
0.640012 -0.176306 -0.040381
0.641869 -0.172132 -0.040124
0.644782 -0.167828 -0.039264
0.644851 -0.164461 -0.039108
0.646158 -0.160954 -0.037632
0.648195 -0.156465 -0.036292
0.649647 -0.153253 -0.035237
0.649884 -0.149762 -0.035322
0.649252 -0.146520 -0.033680
0.649954 -0.143228 -0.031969
0.650180 -0.142148 -0.032128
0.649143 -0.139403 -0.031372
0.651423 -0.136220 -0.028653
0.651252 -0.127895 -0.027471
0.652048 -0.122577 -0.026581
0.653168 -0.117475 -0.026333
0.653373 -0.111777 -0.025279
0.654675 -0.100564 -0.023422
0.654074 -0.090447 -0.024160
0.653296 -0.076854 -0.026309
0.654736 -0.071901 -0.025165
0.657305 -0.062677 -0.024686
0.657318 -0.051190 -0.026085
0.656792 -0.044828 -0.026233
0.659537 -0.033973 -0.024993
0.660828 -0.028887 -0.024419
0.660423 -0.021765 -0.025151
0.660695 -0.016589 -0.025538
0.661626 -0.012602 -0.025343
0.661193 -0.003929 -0.026840
0.659695 0.002490 -0.028394
0.655791 0.013139 -0.029726
0.655769 0.018524 -0.030546
0.654657 0.025056 -0.033028
0.652273 0.032028 -0.034917
0.650712 0.039788 -0.036334
0.650027 0.048764 -0.036237
0.645446 0.058584 -0.038856
0.638363 0.075250 -0.042359
0.635709 0.080942 -0.045585
0.630801 0.083944 -0.048645
0.627053 0.093378 -0.051944
0.626933 0.098345 -0.054445
0.626241 0.099681 -0.058488
0.622653 0.102683 -0.065441
0.620469 0.104995 -0.068183
0.621127 0.107685 -0.069853
0.621535 0.105874 -0.078047
0.619746 0.106180 -0.082244
0.615555 0.108196 -0.090152
0.620257 0.110060 -0.092847
0.622245 0.111825 -0.096699
0.622010 0.113507 -0.099721
0.625791 0.118090 -0.105554
0.621146 0.120824 -0.111318
0.621595 0.123848 -0.116266
0.618672 0.123961 -0.118439
0.618500 0.125669 -0.119432
0.621650 0.128194 -0.121959
0.619832 0.129159 -0.123181
0.615785 0.128776 -0.127059
0.617433 0.131558 -0.130134
0.614243 0.131318 -0.133172
0.614009 0.133311 -0.138823
0.609895 0.132404 -0.143414
0.606499 0.131718 -0.147062
0.603604 0.130490 -0.151097
0.600585 0.128729 -0.156759
