0.622935 -0.314540 -0.169706
0.615422 -0.310121 -0.168994
0.611279 -0.307505 -0.169220
0.606752 -0.304903 -0.168938
0.601929 -0.301481 -0.167774
0.602140 -0.297230 -0.162102
0.604801 -0.296525 -0.155972
0.609301 -0.297120 -0.149646
0.609438 -0.297154 -0.145238
0.613957 -0.294478 -0.139092
0.615922 -0.293196 -0.134786
0.620830 -0.289496 -0.122378
0.622310 -0.285312 -0.117334
0.625507 -0.279638 -0.111182
0.626651 -0.277760 -0.107793
0.627609 -0.274323 -0.099053
0.628272 -0.269141 -0.093246
0.630448 -0.262643 -0.088045
0.628235 -0.257971 -0.083701
0.628436 -0.256012 -0.079795
0.629998 -0.250533 -0.074943
0.633184 -0.244349 -0.069525
0.634546 -0.240364 -0.066587
0.635293 -0.233678 -0.062449
0.636427 -0.228942 -0.058946
0.637019 -0.224080 -0.057234
0.637317 -0.223172 -0.055675
0.637810 -0.218177 -0.051306
0.639942 -0.209825 -0.046633
0.641292 -0.204615 -0.043903
0.641030 -0.202441 -0.042399
0.639545 -0.201987 -0.041075
0.639590 -0.202036 -0.040006
0.638211 -0.201767 -0.038564
0.639510 -0.201159 -0.038308
0.639897 -0.199892 -0.037599
0.639806 -0.198729 -0.038023
0.639740 -0.196054 -0.039266
0.637481 -0.190879 -0.041410
0.637330 -0.188283 -0.041752
0.638460 -0.182858 -0.040970
0.639268 -0.180692 -0.041676
0.639615 -0.177905 -0.041446
0.639653 -0.175458 -0.040669
0.643085 -0.167308 -0.039645
0.644065 -0.164467 -0.039161
0.645043 -0.162041 -0.037766
0.647539 -0.156516 -0.036053
0.648819 -0.151833 -0.035393
0.650016 -0.150191 -0.035629
0.649963 -0.145747 -0.032761
0.650046 -0.141189 -0.031107
0.650043 -0.139325 -0.031142
0.650072 -0.136951 -0.030312
0.651323 -0.131752 -0.028487
0.651391 -0.127622 -0.027628
0.652153 -0.120251 -0.026840
0.653445 -0.115318 -0.025549
0.653310 -0.108909 -0.024394
0.654970 -0.098113 -0.023875
0.653410 -0.089502 -0.025188
0.652442 -0.081536 -0.027271
0.653333 -0.076824 -0.026883
0.655075 -0.071925 -0.025339
0.657459 -0.062057 -0.025530
0.656573 -0.051031 -0.026511
0.659505 -0.028188 -0.025361
0.659790 -0.019233 -0.024184
0.659856 -0.013206 -0.024649
0.660675 -0.010082 -0.025137
0.659588 -0.005466 -0.027637
0.658499 0.003228 -0.029532
0.657003 0.010353 -0.030863
0.655577 0.016368 -0.032165
0.655099 0.025778 -0.033911
0.652042 0.033209 -0.035914
0.650750 0.038606 -0.036805
0.648703 0.049572 -0.037647
0.646635 0.057030 -0.038921
0.642163 0.067814 -0.041058
0.639613 0.074103 -0.042388
0.637637 0.075604 -0.044331
0.633646 0.081315 -0.047812
0.627893 0.088215 -0.051198
0.627952 0.100725 -0.057108
0.624147 0.103304 -0.063896
0.621633 0.104070 -0.068282
0.621841 0.107371 -0.069920
0.621569 0.107973 -0.073687
0.620571 0.107845 -0.079249
0.617732 0.106819 -0.087273
0.618617 0.109674 -0.092675
0.620755 0.111768 -0.095422
0.620373 0.114173 -0.101495
0.620515 0.115540 -0.102646
0.625020 0.120793 -0.105045
0.624140 0.122362 -0.107734
0.620636 0.123078 -0.112789
0.618599 0.124376 -0.115699
0.620440 0.127470 -0.117710
0.621218 0.129121 -0.121912
0.613277 0.127222 -0.129957
0.615568 0.127955 -0.132128
0.614361 0.130170 -0.135480
0.612617 0.131449 -0.142769
0.609588 0.131284 -0.145910
0.606269 0.130997 -0.149973
0.604577 0.131181 -0.153322
0.603046 0.130238 -0.158353
0.601943 0.132986 -0.160299
0.603748 0.134082 -0.162778
0.603552 0.135001 -0.169086
0.602820 0.134723 -0.170392
0.604273 0.135301 -0.169800
0.603618 0.135605 -0.171045
0.604839 0.135760 -0.171139
0.606132 0.137200 -0.171804
0.606468 0.137396 -0.171692
0.606233 0.137593 -0.171477
