0.620462 -0.315564 -0.169602
0.617584 -0.312777 -0.169002
0.610163 -0.302526 -0.167376
0.607713 -0.295256 -0.166109
0.608250 -0.288793 -0.159767
0.611230 -0.289169 -0.156384
0.614901 -0.293235 -0.147332
0.614842 -0.295423 -0.142598
0.615337 -0.291775 -0.136235
0.619011 -0.288114 -0.129887
0.622896 -0.286925 -0.125870
0.625084 -0.285268 -0.120563
0.624665 -0.281465 -0.114958
0.626200 -0.278496 -0.110988
0.627994 -0.277632 -0.105225
0.627907 -0.272285 -0.096172
0.630794 -0.264418 -0.088340
0.631760 -0.260715 -0.085990
0.627949 -0.255912 -0.082412
0.628597 -0.251387 -0.076692
0.630479 -0.246505 -0.072109
0.634044 -0.241253 -0.067716
0.634430 -0.237401 -0.064786
0.634821 -0.234288 -0.062249
0.635236 -0.231104 -0.061157
0.638892 -0.225810 -0.056561
0.638014 -0.222227 -0.054031
0.639522 -0.215174 -0.049622
0.639719 -0.209566 -0.046717
0.641582 -0.204136 -0.044123
0.638553 -0.202294 -0.040932
0.638968 -0.202197 -0.039817
0.638731 -0.201513 -0.038974
0.639278 -0.200867 -0.038203
0.639252 -0.199948 -0.038005
0.639744 -0.195983 -0.039050
0.639429 -0.192757 -0.041175
0.638391 -0.190037 -0.041828
0.636806 -0.186790 -0.041800
0.638765 -0.183293 -0.041481
0.639053 -0.180994 -0.040829
0.640170 -0.179694 -0.040842
0.640375 -0.175060 -0.039939
0.643123 -0.171681 -0.039787
0.644318 -0.168115 -0.039981
0.644067 -0.165445 -0.039248
0.644845 -0.163063 -0.038628
0.647056 -0.158470 -0.036922
0.649365 -0.152060 -0.035194
0.651494 -0.149177 -0.034573
0.649253 -0.146979 -0.033767
0.648341 -0.144426 -0.032711
0.650420 -0.140337 -0.030839
0.650771 -0.137009 -0.030496
0.650093 -0.132956 -0.029774
0.652379 -0.126591 -0.026986
0.651848 -0.120538 -0.026809
0.652185 -0.113964 -0.026286
0.652527 -0.107713 -0.025163
0.654245 -0.097652 -0.024029
0.654252 -0.088158 -0.024736
0.654639 -0.078690 -0.024583
0.654741 -0.068552 -0.024677
0.656441 -0.058627 -0.024862
0.656488 -0.050330 -0.025894
0.658262 -0.039195 -0.026453
0.660622 -0.019248 -0.024850
0.658839 -0.015533 -0.025233
0.657851 -0.011401 -0.026206
0.659195 -0.007295 -0.026031
0.659302 -0.002038 -0.027779
0.658612 0.002497 -0.028825
0.657224 0.008618 -0.030141
0.656140 0.015985 -0.031722
0.655581 0.023476 -0.033139
0.651932 0.031180 -0.035397
0.651110 0.038553 -0.036124
0.649549 0.047559 -0.037817
0.646284 0.056580 -0.039293
0.642056 0.070086 -0.040935
0.638979 0.077236 -0.042672
0.635749 0.079907 -0.044871
0.629775 0.087062 -0.049635
0.631480 0.092416 -0.052660
0.627389 0.100371 -0.057735
0.621633 0.104156 -0.066332
0.620831 0.106555 -0.068642
0.620214 0.108170 -0.070357
0.621976 0.106888 -0.073858
0.621402 0.105161 -0.079605
0.617676 0.106933 -0.087181
0.615796 0.107961 -0.091164
0.619053 0.109030 -0.093784
0.620537 0.112205 -0.097006
0.621194 0.114359 -0.099926
0.622360 0.116808 -0.102210
0.623573 0.120957 -0.105565
0.620410 0.122703 -0.108877
0.621092 0.124445 -0.113959
0.618625 0.125342 -0.116050
0.620174 0.127347 -0.119264
0.618184 0.125210 -0.122493
0.616404 0.129270 -0.128186
0.614120 0.129083 -0.130406
0.617047 0.131542 -0.132972
0.612746 0.131085 -0.136941
0.609435 0.132143 -0.144908
0.606135 0.131337 -0.148673
0.601687 0.131461 -0.157238
0.600788 0.130886 -0.160614
0.601784 0.131857 -0.161324
0.603463 0.135965 -0.165043
0.602878 0.134263 -0.169896
0.603866 0.134314 -0.169709
0.604323 0.135503 -0.170778
0.603690 0.136640 -0.171140
