-0.142995 -0.824851 -0.964008 0.306778 -0.823878 -0.966856
-0.141647 -0.842037 -0.963496 0.304337 -0.846371 -0.962304
-0.143218 -0.850221 -0.963253 0.304499 -0.855254 -0.961637
-0.142269 -0.858925 -0.963292 0.306318 -0.864301 -0.961614
-0.141021 -0.865760 -0.963122 0.307817 -0.872035 -0.962869
-0.141383 -0.870300 -0.964317 0.308959 -0.878632 -0.961594
-0.141171 -0.874278 -0.965691 0.308820 -0.884817 -0.962442
-0.141114 -0.899527 -0.965027 0.306930 -0.899835 -0.966244
-0.142585 -0.903306 -0.967489 0.306924 -0.907058 -0.965593
-0.142943 -0.903611 -0.970407 0.308062 -0.914168 -0.964837
-0.142681 -0.908465 -0.969949 0.308709 -0.921577 -0.964565
-0.139861 -0.913396 -0.969069 0.309951 -0.928743 -0.964517
-0.141071 -0.927204 -0.966064 0.312203 -0.936675 -0.962679
-0.139436 -0.939217 -0.963161 0.312241 -0.942695 -0.963315
-0.138406 -0.948166 -0.962828 0.312679 -0.952392 -0.963017
-0.139618 -0.954407 -0.963808 0.314493 -0.961449 -0.962486
-0.138057 -0.962435 -0.962378 0.315929 -0.968720 -0.962120
-0.138843 -0.968631 -0.960638 0.317480 -0.972991 -0.961721
-0.140822 -0.971461 -0.963096 0.315691 -0.975049 -0.963074
-0.142169 -0.973018 -0.964830 0.314212 -0.977537 -0.964786
-0.142291 -0.981653 -0.965411 0.311652 -0.987297 -0.963732
-0.143423 -0.989649 -0.966501 0.312122 -0.997810 -0.961922
-0.143509 -0.998790 -0.964593 0.311783 -1.007262 -0.960359
-0.141785 -1.011451 -0.962784 0.313093 -1.016158 -0.959298
-0.141167 -1.021615 -0.958456 0.312961 -1.022592 -0.960022
-0.140815 -1.023922 -0.957636 0.314506 -1.025597 -0.958490
-0.140246 -1.025906 -0.956265 0.315179 -1.027484 -0.955763
-0.139612 -1.030350 -0.954830 0.312254 -1.031479 -0.953251
-0.142479 -1.032374 -0.957153 0.311694 -1.033501 -0.952074
-0.143741 -1.032797 -0.956652 0.300703 -1.037382 -0.953549
-0.144497 -1.031268 -0.959972 0.296826 -1.041065 -0.954179
-0.146592 -1.028996 -0.963829 0.296097 -1.041755 -0.954932
-0.143025 -1.028303 -0.965454 0.301677 -1.043257 -0.954208
-0.140529 -1.027704 -0.967673 0.304837 -1.036427 -0.952580
-0.140608 -1.027419 -0.967467 0.302241 -1.034568 -0.946462
-0.144218 -1.025339 -0.967694 0.297162 -1.032647 -0.940312
-0.145602 -1.022167 -0.965731 0.298523 -1.031441 -0.933308
-0.146745 -1.020753 -0.958942 0.297547 -1.031534 -0.922629
-0.145612 -1.021989 -0.950811 0.297805 -1.031813 -0.912481
-0.145752 -1.023342 -0.938499 0.301662 -1.033003 -0.905447
-0.143126 -1.023788 -0.926339 0.304873 -1.033247 -0.899539
-0.141213 -1.025335 -0.916447 0.304031 -1.033236 -0.892752
-0.139639 -1.027678 -0.904130 0.307315 -1.034444 -0.885513
-0.137490 -1.028898 -0.887456 0.305657 -1.035385 -0.880867
-0.134629 -1.026911 -0.878190 0.307581 -1.036241 -0.872189
-0.133816 -1.028465 -0.870243 0.308822 -1.037328 -0.867210
-0.132288 -1.030530 -0.869590 0.309324 -1.036876 -0.863087
-0.133699 -1.033212 -0.863224 0.310362 -1.037236 -0.857692
-0.133973 -1.031065 -0.863101 0.309832 -1.037763 -0.852266
-0.138412 -1.031807 -0.867727 0.309518 -1.037222 -0.848884
-0.139880 -1.030136 -0.868585 0.309411 -1.038220 -0.846299
-0.140755 -1.028297 -0.868110 0.310042 -1.037889 -0.843811
-0.142080 -1.029208 -0.864584 0.310961 -1.037136 -0.840654
-0.141964 -1.030157 -0.854138 0.310800 -1.036131 -0.836951
-0.142210 -1.025193 -0.853482 0.310459 -1.035431 -0.832696
-0.140140 -1.022393 -0.844505 0.311366 -1.033035 -0.829394
-0.140328 -1.022410 -0.833449 0.311894 -1.033349 -0.821519
-0.141799 -1.023296 -0.820062 0.312343 -1.033649 -0.813582
-0.142147 -1.023680 -0.806936 0.310782 -1.033563 -0.807005
-0.142589 -1.024398 -0.793974 0.309243 -1.033422 -0.798030
-0.144160 -1.026439 -0.782925 0.307873 -1.032196 -0.791042
-0.143201 -1.027344 -0.774005 0.307951 -1.030450 -0.784442
-0.144414 -1.026949 -0.764575 0.308165 -1.030894 -0.778333
-0.145381 -1.028186 -0.757854 0.309568 -1.029082 -0.768525
-0.146769 -1.028253 -0.752874 0.310678 -1.027279 -0.763459
-0.144493 -1.028402 -0.743515 0.309799 -1.027320 -0.754291
-0.141767 -1.028060 -0.736589 0.310087 -1.028623 -0.744632
-0.143170 -1.029296 -0.731309 0.310121 -1.029953 -0.734316
-0.141971 -1.028597 -0.723051 0.309860 -1.029893 -0.725758
-0.141258 -1.026125 -0.717818 0.308263 -1.028497 -0.716491
-0.141957 -1.025416 -0.711095 0.308454 -1.028970 -0.710235
-0.142328 -1.026498 -0.702858 0.308387 -1.028882 -0.698489
-0.143647 -1.027656 -0.695313 0.308822 -1.029104 -0.689171
-0.144100 -1.028070 -0.685240 0.308236 -1.030342 -0.680664
-0.144701 -1.027920 -0.674385 0.308668 -1.030907 -0.672314
-0.144679 -1.028414 -0.668684 0.309236 -1.031314 -0.666371
-0.145682 -1.028559 -0.662396 0.309982 -1.030166 -0.662471
-0.145882 -1.028478 -0.652458 0.310430 -1.029966 -0.651216
-0.147025 -1.028364 -0.646343 0.310069 -1.030026 -0.647046
-0.147564 -1.028827 -0.642519 0.311391 -1.030564 -0.640875
-0.146010 -1.029076 -0.631473 0.312394 -1.029733 -0.631519
-0.149697 -1.035449 -0.617553 0.312201 -1.029963 -0.621777
-0.152049 -1.041615 -0.608714 0.312584 -1.030289 -0.613211
-0.154523 -1.043369 -0.602838 0.311130 -1.030039 -0.609355
-0.159182 -1.048368 -0.592872 0.310784 -1.030527 -0.599307
-0.162523 -1.049147 -0.590205 0.309208 -1.031401 -0.601051
-0.164204 -1.049541 -0.589506 0.308868 -1.031686 -0.600357
-0.165788 -1.050255 -0.591778 0.308730 -1.031281 -0.600576
-0.167395 -1.050488 -0.592377 0.308925 -1.031195 -0.600662
-0.169108 -1.050653 -0.592806 0.308258 -1.031107 -0.600714
-0.170230 -1.050511 -0.593355 0.308821 -1.030854 -0.601648
-0.171310 -1.051185 -0.593955 0.308054 -1.030272 -0.603120
-0.171975 -1.052087 -0.594966 0.306843 -1.028592 -0.606697
-0.173181 -1.052039 -0.595161 0.307284 -1.028493 -0.607405
-0.173769 -1.052110 -0.595410 0.306776 -1.029048 -0.607578
-0.172783 -1.054227 -0.594378 0.307797 -1.029090 -0.607678
-0.173679 -1.054090 -0.594728 0.307758 -1.029174 -0.607859
-0.174564 -1.053841 -0.596742 0.309650 -1.028393 -0.610762
