0.963938 0.152930 0.258960 0.961704 -0.308184 0.256750
0.962426 0.149464 0.251530 0.961036 -0.310117 0.245146
0.963416 0.149436 0.246195 0.961712 -0.310965 0.239282
0.963521 0.150713 0.236330 0.962105 -0.311957 0.230153
0.962617 0.149933 0.230643 0.962146 -0.310219 0.224337
0.966604 0.150937 0.204353 0.964206 -0.309276 0.199573
0.965165 0.150596 0.198238 0.964206 -0.308869 0.196178
0.969259 0.151904 0.196506 0.964479 -0.309848 0.188467
0.970350 0.151612 0.192279 0.964348 -0.309283 0.178328
0.968958 0.151082 0.185735 0.963396 -0.310923 0.171421
0.965028 0.152011 0.170945 0.963881 -0.312085 0.164300
0.963951 0.150309 0.159078 0.963331 -0.313340 0.154311
0.963893 0.149549 0.150826 0.963662 -0.314531 0.148141
0.964453 0.148764 0.147385 0.962408 -0.315845 0.141493
0.962203 0.148773 0.139059 0.962674 -0.316956 0.135162
0.961028 0.151429 0.133417 0.962150 -0.316002 0.132475
0.961295 0.152560 0.126702 0.965097 -0.314145 0.127832
0.962946 0.154108 0.122902 0.965731 -0.311308 0.121520
0.965301 0.154336 0.118016 0.963199 -0.310838 0.110285
0.965249 0.155437 0.110123 0.961990 -0.310930 0.101506
0.964610 0.155602 0.102197 0.960472 -0.311354 0.093732
0.962756 0.153858 0.093892 0.961413 -0.312204 0.088317
0.960260 0.148880 0.080413 0.959712 -0.316241 0.077698
0.957288 0.148006 0.076781 0.956219 -0.317278 0.073718
0.956021 0.148288 0.073091 0.954144 -0.314812 0.070623
0.956366 0.151873 0.066447 0.952901 -0.306021 0.065495
0.956736 0.153835 0.067594 0.951286 -0.305190 0.064852
0.959905 0.156088 0.068805 0.953794 -0.300130 0.061057
0.961030 0.154280 0.070790 0.954071 -0.298074 0.059140
0.963345 0.153636 0.070214 0.954609 -0.299831 0.059928
0.965203 0.152956 0.072107 0.953717 -0.300840 0.058892
0.964902 0.151669 0.071475 0.953415 -0.301994 0.059793
0.967336 0.153242 0.071538 0.953272 -0.298779 0.064476
0.967916 0.152865 0.072329 0.947478 -0.299577 0.067821
0.968842 0.153053 0.074578 0.941691 -0.298159 0.067334
0.966181 0.153028 0.081179 0.931393 -0.296317 0.070221
0.957634 0.154855 0.078944 0.925169 -0.300593 0.070338
0.945937 0.155202 0.074819 0.908763 -0.300390 0.065741
0.938022 0.155968 0.074379 0.905429 -0.303121 0.063102
0.930662 0.153479 0.075006 0.899466 -0.303139 0.063639
0.918136 0.154133 0.075203 0.891216 -0.304058 0.066271
0.911216 0.152644 0.073435 0.888085 -0.304896 0.066979
0.891544 0.149654 0.071259 0.878989 -0.304794 0.063882
0.880861 0.145264 0.072153 0.869694 -0.305770 0.061046
0.873940 0.142089 0.072448 0.863138 -0.308405 0.061198
0.869021 0.141404 0.069856 0.860564 -0.311499 0.062267
0.865831 0.141202 0.068399 0.856506 -0.310321 0.062469
0.865017 0.143379 0.067504 0.852009 -0.308168 0.061996
0.867167 0.148018 0.069543 0.846747 -0.308806 0.061686
0.867335 0.150074 0.070628 0.844634 -0.307471 0.061200
0.864638 0.152171 0.071719 0.840372 -0.308886 0.062454
0.864671 0.152101 0.071499 0.838600 -0.309346 0.063902
0.853009 0.152874 0.071567 0.832284 -0.310583 0.063942
0.849787 0.152709 0.076118 0.829250 -0.311258 0.064487
0.839003 0.152094 0.077020 0.822150 -0.310599 0.064818
0.827969 0.151593 0.075312 0.816051 -0.312636 0.064303
0.814092 0.152193 0.074597 0.809538 -0.312276 0.064616
0.806542 0.151746 0.075019 0.805261 -0.312230 0.064491
0.792015 0.152349 0.073319 0.797496 -0.310644 0.065725
0.785089 0.153163 0.073405 0.793232 -0.309386 0.067738
0.778130 0.153706 0.073276 0.787391 -0.308044 0.069290
0.770585 0.154157 0.072801 0.781868 -0.308605 0.070041
0.759658 0.153668 0.072287 0.774040 -0.310046 0.069206
0.756577 0.155624 0.072184 0.769775 -0.310207 0.068279
0.750886 0.157377 0.072335 0.757858 -0.309233 0.071337
0.743505 0.155783 0.071806 0.750745 -0.308249 0.071614
0.733540 0.153069 0.071357 0.732213 -0.309195 0.070695
0.727354 0.151666 0.071131 0.721318 -0.310487 0.069589
0.720218 0.151924 0.072902 0.713109 -0.310046 0.069605
0.714881 0.151343 0.074346 0.705535 -0.308374 0.069704
0.703191 0.151615 0.073508 0.696618 -0.309405 0.071102
0.696982 0.152244 0.072744 0.690281 -0.307962 0.071189
0.689475 0.152373 0.072282 0.683782 -0.309137 0.069037
0.680568 0.153994 0.072126 0.676629 -0.309403 0.069089
0.667849 0.153075 0.071876 0.669052 -0.308763 0.069157
0.662056 0.153367 0.072411 0.661006 -0.309535 0.069976
0.656262 0.155065 0.071862 0.656296 -0.310515 0.070497
0.642578 0.156532 0.071721 0.640578 -0.310597 0.069458
0.634939 0.157684 0.070380 0.636135 -0.311281 0.070139
0.631192 0.158054 0.070130 0.632432 -0.311194 0.071663
0.621154 0.158309 0.067230 0.624695 -0.312940 0.069994
0.612596 0.160859 0.060740 0.615507 -0.312445 0.069506
0.604805 0.165792 0.055817 0.612867 -0.312679 0.069667
0.595425 0.171306 0.051414 0.603616 -0.311632 0.068656
0.593081 0.173918 0.051005 0.600641 -0.310462 0.069161
0.589650 0.175539 0.049433 0.602116 -0.309056 0.069678
0.590547 0.176901 0.049751 0.600936 -0.309394 0.068923
0.591155 0.176642 0.049865 0.601790 -0.309758 0.069261
0.591496 0.179512 0.049730 0.601512 -0.308977 0.069103
0.590894 0.180250 0.048547 0.601882 -0.309355 0.069405
