0.805842 -0.303514 -0.168907
0.805159 -0.303213 -0.169898
0.805778 -0.303305 -0.169152
0.805906 -0.302094 -0.169074
0.804762 -0.303456 -0.170016
0.805274 -0.303456 -0.169586
0.805539 -0.302250 -0.169490
0.805179 -0.299928 -0.168413
0.793202 -0.292454 -0.168827
0.773863 -0.283676 -0.167082
0.769455 -0.275807 -0.153366
0.784453 -0.294935 -0.106122
0.794904 -0.296112 -0.078655
0.796742 -0.292525 -0.045185
0.807495 -0.295143 -0.001520
0.814032 -0.298597 0.035270
0.824279 -0.297907 0.066000
0.833373 -0.297363 0.102853
0.836037 -0.301830 0.134526
0.845605 -0.305767 0.162449
0.848520 -0.300286 0.195198
0.849904 -0.291923 0.219655
0.850028 -0.290260 0.250762
0.845097 -0.295776 0.277039
0.850841 -0.302933 0.318870
0.857582 -0.304747 0.364748
0.867051 -0.291136 0.390641
0.872451 -0.294089 0.391593
0.873802 -0.299934 0.391899
0.873672 -0.301720 0.391640
0.872973 -0.300143 0.389431
0.870562 -0.298600 0.387514
