0.808186 -0.304797 -0.168356
0.805720 -0.304104 -0.169797
0.805486 -0.303954 -0.169447
0.805838 -0.304386 -0.169342
0.805752 -0.303424 -0.169343
0.805342 -0.304160 -0.169612
0.805322 -0.303656 -0.169700
0.805755 -0.304126 -0.169667
0.805229 -0.304438 -0.169770
0.805703 -0.303622 -0.169242
0.805009 -0.303363 -0.169751
0.804217 -0.302569 -0.169127
0.784428 -0.292519 -0.169280
0.766624 -0.293983 -0.149106
0.785069 -0.295728 -0.092440
0.798468 -0.302320 -0.042192
0.807621 -0.298313 0.015483
0.817823 -0.302076 0.070447
0.838544 -0.301469 0.142413
0.846759 -0.303244 0.187452
0.851102 -0.291099 0.227097
0.849438 -0.295634 0.256078
0.846116 -0.301199 0.296503
0.858493 -0.300718 0.376477
0.873133 -0.292440 0.392046
0.873581 -0.301431 0.390217
0.873050 -0.301071 0.390147
0.870814 -0.299293 0.391450
0.870393 -0.298973 0.388403
0.869214 -0.302496 0.386459
0.869766 -0.301906 0.386759
