0.968938 0.102930 0.318960 0.966704 -0.338184 0.318960
0.930000 0.099464 0.318960 0.930000 -0.340117 0.318960
0.900000 0.099436 0.318960 0.900000 -0.340965 0.318960
0.870000 0.100713 0.318960 0.870000 -0.341957 0.318960
0.840000 0.099933 0.318960 0.840000 -0.340219 0.318960
0.810000 0.100937 0.318960 0.810000 -0.339276 0.318960
0.780000 0.100596 0.318960 0.780000 -0.338869 0.318960
0.750000 0.101904 0.318960 0.750000 -0.339848 0.318960
0.720000 0.101612 0.318960 0.720000 -0.339283 0.318960
0.690000 0.101082 0.318960 0.690000 -0.340923 0.318960
0.760000 0.101082 0.318960 0.760000 -0.340923 0.318960
0.810000 0.101082 0.318960 0.810000 -0.340923 0.318960
0.880000 0.101082 0.318960 0.880000 -0.340923 0.318960
0.950000 0.101082 0.318960 0.950000 -0.340923 0.318960
1.020000 0.101082 0.318960 1.020000 -0.340923 0.318960
