0.734993 0.144086 1.371298 0.847648 -0.280124 0.430206
0.735348 0.144072 1.370157 0.852251 -0.277733 0.453001
0.734999 0.144361 1.370167 0.857417 -0.273056 0.486002
0.734999 0.144361 1.370167 0.857417 -0.273056 0.486002
0.734709 0.144200 1.372333 0.859442 -0.268565 0.530703
0.735072 0.144142 1.373420 0.856319 -0.271383 0.516947
0.735072 0.144142 1.373420 0.856319 -0.271383 0.516947
0.734280 0.143277 1.374319 0.831677 -0.280137 0.409499
0.734280 0.143277 1.374319 0.831677 -0.280137 0.409499
0.734305 0.143576 1.373639 0.816723 -0.281617 0.355106
0.734305 0.143576 1.373639 0.816723 -0.281617 0.355106
0.734305 0.143576 1.373639 0.816723 -0.281617 0.355106
0.733573 0.144059 1.367328 0.809685 -0.276421 0.306149
0.733573 0.144059 1.367328 0.809685 -0.276421 0.306149
0.732579 0.144347 1.365321 0.826725 -0.268795 0.330623
0.732794 0.144847 1.365903 0.848220 -0.263949 0.372072
0.732895 0.144912 1.367451 0.868797 -0.258090 0.428860
0.732895 0.144912 1.367451 0.868797 -0.258090 0.428860
0.733382 0.144987 1.369263 0.879139 -0.250874 0.472367
0.733265 0.144639 1.370500 0.883994 -0.247426 0.500770
0.733762 0.145355 1.371745 0.885076 -0.245524 0.507761
0.733269 0.144509 1.372458 0.881506 -0.247450 0.488683
0.733269 0.144509 1.372458 0.881506 -0.247450 0.488683
0.733206 0.142820 1.372645 0.866512 -0.253884 0.426536
0.733206 0.142820 1.372645 0.866512 -0.253884 0.426536
0.732824 0.140776 1.371269 0.833979 -0.262425 0.319977
0.732824 0.140776 1.371269 0.833979 -0.262425 0.319977
0.732275 0.139892 1.367786 0.819395 -0.269113 0.283275
0.732275 0.139892 1.367786 0.819395 -0.269113 0.283275
0.732275 0.139892 1.367786 0.819395 -0.269113 0.283275
0.732929 0.143382 1.366296 0.828748 -0.270261 0.311034
0.732929 0.143382 1.366296 0.828748 -0.270261 0.311034
0.733311 0.143997 1.366106 0.844491 -0.268028 0.350745
0.733474 0.145751 1.367195 0.858267 -0.264022 0.396585
0.733529 0.146884 1.367835 0.866735 -0.262715 0.441796
0.733529 0.146884 1.367835 0.866735 -0.262715 0.441796
0.733861 0.147157 1.369458 0.869899 -0.259580 0.483734
0.733861 0.147157 1.369458 0.869899 -0.259580 0.483734
0.733984 0.144535 1.370248 0.866437 -0.258392 0.507525
0.733984 0.144535 1.370248 0.866437 -0.258392 0.507525
0.734718 0.145036 1.372974 0.851962 -0.267902 0.463972
0.734718 0.145036 1.372974 0.851962 -0.267902 0.463972
0.734497 0.141645 1.375856 0.818697 -0.278786 0.364313
0.734963 0.139001 1.375506 0.798965 -0.279351 0.312374
0.734407 0.137694 1.372586 0.789811 -0.277598 0.287886
0.734407 0.137694 1.372586 0.789811 -0.277598 0.287886
0.734282 0.138527 1.369584 0.802539 -0.270902 0.296808
0.734282 0.138527 1.369584 0.802539 -0.270902 0.296808
0.735081 0.139749 1.368088 0.824524 -0.268579 0.338922
0.734536 0.139167 1.368803 0.842851 -0.266544 0.387507
0.734942 0.140559 1.370261 0.857865 -0.262334 0.445870
0.734942 0.140559 1.370261 0.857865 -0.262334 0.445870
0.735666 0.141024 1.372399 0.862449 -0.259533 0.490691
0.735666 0.141024 1.372399 0.862449 -0.259533 0.490691
0.735034 0.140293 1.374641 0.862675 -0.257013 0.512535
0.735567 0.140927 1.377743 0.849059 -0.273681 0.469745
0.735567 0.140927 1.377743 0.849059 -0.273681 0.469745
0.734971 0.139168 1.378321 0.831931 -0.283768 0.410906
0.734971 0.139168 1.378321 0.831931 -0.283768 0.410906
0.734493 0.138550 1.378070 0.812148 -0.286393 0.356095
0.735286 0.139105 1.375518 0.791270 -0.283471 0.302947
0.735962 0.139432 1.370464 0.781387 -0.278026 0.272921
0.733877 0.140464 1.364081 0.793186 -0.266810 0.281303
0.733877 0.140464 1.364081 0.793186 -0.266810 0.281303
0.734549 0.141944 1.362819 0.815352 -0.261958 0.318845
0.734549 0.141944 1.362819 0.815352 -0.261958 0.318845
0.734732 0.142471 1.362145 0.839070 -0.256504 0.371893
0.735182 0.144596 1.367764 0.864734 -0.253238 0.482550
0.735564 0.144788 1.373843 0.863178 -0.253529 0.510880
0.735564 0.144788 1.373843 0.863178 -0.253529 0.510880
0.735564 0.144788 1.373843 0.863178 -0.253529 0.510880
0.734661 0.142472 1.377969 0.834788 -0.274968 0.406908
0.734661 0.142472 1.377969 0.834788 -0.274968 0.406908
0.734349 0.141048 1.377817 0.816425 -0.280789 0.352954
0.734630 0.141276 1.378463 0.803043 -0.280404 0.308666
0.734630 0.141276 1.378463 0.803043 -0.280404 0.308666
0.735293 0.141750 1.372617 0.790596 -0.271946 0.269152
0.733751 0.142799 1.368623 0.808605 -0.260157 0.288900
0.733751 0.142799 1.368623 0.808605 -0.260157 0.288900
0.735245 0.144706 1.365788 0.854135 -0.252076 0.377898
0.735245 0.144706 1.365788 0.854135 -0.252076 0.377898
0.735347 0.144696 1.365689 0.867957 -0.251933 0.424471
0.735347 0.144696 1.365689 0.867957 -0.251933 0.424471
0.735694 0.146484 1.367786 0.877549 -0.253366 0.487532
0.735694 0.146484 1.367786 0.877549 -0.253366 0.487532
0.736476 0.145646 1.373526 0.872784 -0.252223 0.515435
0.736476 0.145646 1.373526 0.872784 -0.252223 0.515435
0.735635 0.146021 1.374940 0.865134 -0.254733 0.493399
0.735601 0.143492 1.377422 0.854835 -0.258588 0.455973
0.734836 0.141243 1.378554 0.835024 -0.262415 0.395859
0.735106 0.141189 1.379183 0.815420 -0.260835 0.343374
0.735106 0.141189 1.379183 0.815420 -0.260835 0.343374
0.737327 0.141022 1.374782 0.779814 -0.258217 0.255478
0.737327 0.141022 1.374782 0.779814 -0.258217 0.255478
0.737670 0.142893 1.371719 0.781023 -0.252952 0.254007
0.739087 0.144566 1.370659 0.794283 -0.250488 0.273347
0.739087 0.144566 1.370659 0.794283 -0.250488 0.273347
0.738940 0.145148 1.368537 0.811582 -0.251002 0.305619
0.737915 0.146721 1.367744 0.831651 -0.251084 0.354785
0.737915 0.146721 1.367744 0.831651 -0.251084 0.354785
0.737418 0.147669 1.368814 0.844953 -0.248880 0.403905
0.737418 0.147669 1.368814 0.844953 -0.248880 0.403905
0.738203 0.149038 1.372777 0.851928 -0.246309 0.461849
0.738203 0.149038 1.372777 0.851928 -0.246309 0.461849
0.738633 0.150995 1.375038 0.849830 -0.251958 0.474512
0.738783 0.150873 1.376062 0.847001 -0.256912 0.467872
0.738356 0.151081 1.376301 0.842051 -0.265527 0.449994
0.738356 0.151081 1.376301 0.842051 -0.265527 0.449994
0.738933 0.149249 1.377844 0.835990 -0.272297 0.426697
0.739693 0.149833 1.377407 0.831432 -0.275668 0.406815
0.739693 0.149833 1.377407 0.831432 -0.275668 0.406815
0.740246 0.148794 1.375654 0.826469 -0.284210 0.380763
0.740580 0.149762 1.375994 0.827143 -0.285769 0.377137
0.741682 0.150489 1.376570 0.827408 -0.288478 0.376865
