0.808028 0.189259 0.361151 0.760177 -0.280535 0.378080
0.808519 0.190314 0.359669 0.774717 -0.279963 0.409391
0.808519 0.190314 0.359669 0.774717 -0.279963 0.409391
0.807648 0.189821 0.360412 0.782734 -0.280494 0.441399
0.808134 0.189252 0.361057 0.788741 -0.279023 0.462117
0.808305 0.189770 0.361887 0.795417 -0.277970 0.476559
0.808305 0.189770 0.361887 0.795417 -0.277970 0.476559
0.808075 0.188830 0.363480 0.794514 -0.279057 0.462412
0.808075 0.188830 0.363480 0.794514 -0.279057 0.462412
0.807886 0.189201 0.364084 0.785015 -0.281030 0.432136
0.807886 0.189201 0.364084 0.785015 -0.281030 0.432136
0.808115 0.188699 0.365701 0.767141 -0.283758 0.384550
0.808231 0.189120 0.364576 0.750486 -0.283259 0.324107
0.807434 0.188216 0.362664 0.746810 -0.278855 0.296162
0.807434 0.188216 0.362664 0.746810 -0.278855 0.296162
0.807229 0.188973 0.361285 0.756054 -0.272402 0.296578
0.807346 0.189535 0.360154 0.773587 -0.267651 0.323817
0.806972 0.190012 0.359686 0.791154 -0.269264 0.361492
0.806972 0.190012 0.359686 0.791154 -0.269264 0.361492
0.808099 0.190850 0.361091 0.810178 -0.269266 0.449796
0.808099 0.190850 0.361091 0.810178 -0.269266 0.449796
0.808326 0.190092 0.362991 0.808164 -0.266616 0.475266
0.808387 0.189820 0.365997 0.810700 -0.271123 0.495960
0.808387 0.189820 0.365997 0.810700 -0.271123 0.495960
0.807839 0.189306 0.366391 0.799009 -0.278587 0.450905
0.807857 0.188215 0.367071 0.782584 -0.281314 0.397399
0.807555 0.188818 0.362434 0.754284 -0.274244 0.296628
0.807555 0.188818 0.362434 0.754284 -0.274244 0.296628
0.807555 0.188818 0.362434 0.754284 -0.274244 0.296628
0.806690 0.187999 0.360306 0.746471 -0.269272 0.266056
0.807268 0.189492 0.359253 0.755934 -0.263758 0.263497
0.807428 0.189959 0.358263 0.773082 -0.261433 0.289543
0.807428 0.189959 0.358263 0.773082 -0.261433 0.289543
0.807565 0.190022 0.358264 0.798524 -0.265658 0.339981
0.807371 0.189696 0.359310 0.816723 -0.266776 0.401399
0.807371 0.189696 0.359310 0.816723 -0.266776 0.401399
0.808086 0.190348 0.362794 0.809159 -0.263316 0.484763
0.808086 0.190348 0.362794 0.809159 -0.263316 0.484763
0.808060 0.190219 0.363199 0.806133 -0.262869 0.480037
0.808060 0.190219 0.363199 0.806133 -0.262869 0.480037
0.807549 0.188688 0.363358 0.791255 -0.268856 0.406129
0.807549 0.188688 0.363358 0.791255 -0.268856 0.406129
0.807549 0.188688 0.363358 0.791255 -0.268856 0.406129
0.808461 0.189263 0.363458 0.779650 -0.269140 0.332335
0.808206 0.189274 0.359920 0.772553 -0.266534 0.284986
0.808206 0.189274 0.359920 0.772553 -0.266534 0.284986
0.807274 0.188820 0.357476 0.772106 -0.264830 0.259602
0.808455 0.190587 0.357181 0.788576 -0.260959 0.279258
0.808455 0.190587 0.357181 0.788576 -0.260959 0.279258
0.808763 0.190403 0.358003 0.804682 -0.258600 0.314485
0.808435 0.189616 0.358756 0.820739 -0.256741 0.369577
0.808435 0.189616 0.358756 0.820739 -0.256741 0.369577
0.808547 0.189445 0.361419 0.826929 -0.254123 0.452854
0.808547 0.189445 0.361419 0.826929 -0.254123 0.452854
0.808327 0.188449 0.363092 0.816497 -0.256400 0.468571
0.808327 0.188449 0.363092 0.816497 -0.256400 0.468571
0.808309 0.189125 0.364622 0.801830 -0.261379 0.451385
0.808110 0.188471 0.366226 0.781384 -0.267066 0.372443
0.808110 0.188471 0.366226 0.781384 -0.267066 0.372443
0.808110 0.188471 0.366226 0.781384 -0.267066 0.372443
0.808517 0.188869 0.363968 0.763431 -0.263915 0.278353
0.807534 0.188592 0.362192 0.760067 -0.261578 0.250609
0.807534 0.188592 0.362192 0.760067 -0.261578 0.250609
0.808303 0.188936 0.361213 0.764340 -0.258443 0.244560
0.809419 0.189184 0.360488 0.776517 -0.252964 0.265789
0.809419 0.189184 0.360488 0.776517 -0.252964 0.265789
0.808815 0.188655 0.360265 0.788765 -0.249043 0.302086
0.808574 0.189208 0.360208 0.799944 -0.247744 0.349483
0.808574 0.189208 0.360208 0.799944 -0.247744 0.349483
0.808078 0.189231 0.362251 0.811162 -0.245654 0.467569
0.808078 0.189231 0.362251 0.811162 -0.245654 0.467569
0.808364 0.187815 0.362734 0.814581 -0.248134 0.483167
0.808364 0.187815 0.362734 0.814581 -0.248134 0.483167
0.808150 0.187461 0.363712 0.811342 -0.247649 0.475298
0.808045 0.187327 0.364071 0.797058 -0.248907 0.438387
0.807998 0.186911 0.364984 0.784385 -0.250830 0.395529
0.807998 0.186911 0.364984 0.784385 -0.250830 0.395529
0.809163 0.187178 0.362374 0.766002 -0.250090 0.304281
0.809163 0.187178 0.362374 0.766002 -0.250090 0.304281
0.808755 0.187348 0.360065 0.761554 -0.249927 0.268625
0.808404 0.187235 0.358312 0.759139 -0.245670 0.249131
0.808404 0.187235 0.358312 0.759139 -0.245670 0.249131
0.810450 0.188539 0.358683 0.768013 -0.239151 0.270592
0.810450 0.188539 0.358683 0.768013 -0.239151 0.270592
0.809611 0.187326 0.359080 0.788824 -0.239541 0.330101
0.809101 0.187609 0.359781 0.802338 -0.239329 0.377614
0.809101 0.187609 0.359781 0.802338 -0.239329 0.377614
0.808609 0.188771 0.360722 0.813803 -0.239208 0.456561
0.808259 0.188000 0.360527 0.812946 -0.248023 0.469792
0.808595 0.187861 0.360968 0.803990 -0.251493 0.446637
0.808243 0.187160 0.361438 0.793561 -0.253799 0.410088
0.808243 0.187160 0.361438 0.793561 -0.253799 0.410088
0.807937 0.186889 0.361665 0.777278 -0.253060 0.356048
0.808704 0.187389 0.359668 0.752535 -0.251800 0.266082
0.808704 0.187389 0.359668 0.752535 -0.251800 0.266082
0.807499 0.187567 0.359307 0.744541 -0.252011 0.236466
0.807499 0.187567 0.359307 0.744541 -0.252011 0.236466
0.809461 0.187927 0.359691 0.743685 -0.247189 0.229662
0.810577 0.187022 0.359337 0.760036 -0.244823 0.255274
0.810577 0.187022 0.359337 0.760036 -0.244823 0.255274
0.809058 0.187139 0.359309 0.779384 -0.242737 0.300170
0.809708 0.188263 0.360603 0.794929 -0.243559 0.344818
0.809708 0.188263 0.360603 0.794929 -0.243559 0.344818
0.808777 0.187941 0.361112 0.812778 -0.245645 0.428316
0.808601 0.188072 0.361627 0.814713 -0.246937 0.458744
0.808191 0.189211 0.361498 0.815741 -0.247407 0.480945
0.808191 0.189211 0.361498 0.815741 -0.247407 0.480945
0.808842 0.188920 0.362582 0.805728 -0.252306 0.457662
0.808842 0.188920 0.362582 0.805728 -0.252306 0.457662
0.808448 0.187579 0.362646 0.793135 -0.253289 0.423120
0.808448 0.187579 0.362646 0.793135 -0.253289 0.423120
0.810896 0.189337 0.361234 0.776032 -0.252423 0.356928
0.810896 0.189337 0.361234 0.776032 -0.252423 0.356928
0.811037 0.189191 0.360587 0.776215 -0.253683 0.350400
0.811037 0.189191 0.360587 0.776215 -0.253683 0.350400
0.810962 0.190000 0.359633 0.779434 -0.256514 0.344922
