0.734759 0.153932 1.373656 0.741560 -0.286084 1.369304
0.734759 0.153932 1.373656 0.741560 -0.286084 1.369304
0.734476 0.153373 1.373320 0.740121 -0.284604 1.367603
0.734590 0.152909 1.372680 0.741103 -0.282244 1.370494
0.734590 0.152909 1.372680 0.741103 -0.282244 1.370494
0.734655 0.152456 1.371143 0.759310 -0.277712 1.409657
0.734655 0.152456 1.371143 0.759310 -0.277712 1.409657
0.734155 0.152005 1.370540 0.769373 -0.276855 1.434069
0.734455 0.152131 1.370323 0.776831 -0.277791 1.454174
0.734692 0.151789 1.370799 0.782328 -0.276120 1.470620
0.734692 0.151789 1.370799 0.782328 -0.276120 1.470620
0.734453 0.151262 1.372099 0.781480 -0.279797 1.462018
0.734150 0.151430 1.372637 0.772499 -0.283408 1.430586
0.734437 0.150290 1.372870 0.754640 -0.285516 1.378718
0.734437 0.150290 1.372870 0.754640 -0.285516 1.378718
0.733823 0.149607 1.371703 0.734271 -0.284089 1.316086
0.734056 0.149851 1.368365 0.728429 -0.279027 1.297396
0.732526 0.149117 1.363658 0.732891 -0.272647 1.299923
0.732526 0.149117 1.363658 0.732891 -0.272647 1.299923
0.731842 0.149231 1.360812 0.749277 -0.269200 1.329062
0.731852 0.148650 1.360184 0.771589 -0.269921 1.377625
0.731852 0.148650 1.360184 0.771589 -0.269921 1.377625
0.731852 0.148650 1.360184 0.771589 -0.269921 1.377625
0.731701 0.148951 1.363011 0.807044 -0.272149 1.469040
0.732869 0.150605 1.367024 0.811844 -0.271125 1.494921
0.732869 0.150605 1.367024 0.811844 -0.271125 1.494921
0.732868 0.149920 1.369397 0.808425 -0.274402 1.488819
0.732379 0.150743 1.372362 0.797620 -0.280063 1.454658
0.732379 0.150743 1.372362 0.797620 -0.280063 1.454658
0.732877 0.150025 1.375371 0.779352 -0.284591 1.400772
0.732780 0.150106 1.376928 0.760333 -0.285025 1.350187
0.732780 0.150106 1.376928 0.760333 -0.285025 1.350187
0.731995 0.149317 1.373190 0.735711 -0.283773 1.265037
0.731995 0.149317 1.373190 0.735711 -0.283773 1.265037
0.731901 0.149969 1.369527 0.735746 -0.282017 1.252104
0.732725 0.151553 1.367107 0.749834 -0.278985 1.275749
0.732725 0.151553 1.367107 0.749834 -0.278985 1.275749
0.732688 0.151254 1.366173 0.768359 -0.276602 1.322457
0.732653 0.152278 1.366150 0.784502 -0.273988 1.382553
0.732653 0.152278 1.366150 0.784502 -0.273988 1.382553
0.733068 0.154222 1.367137 0.805978 -0.273206 1.442950
0.733068 0.154222 1.367137 0.805978 -0.273206 1.442950
0.734754 0.154954 1.371379 0.814618 -0.270577 1.494670
0.734754 0.154954 1.371379 0.814618 -0.270577 1.494670
0.735902 0.156132 1.374092 0.805179 -0.270790 1.469720
0.735902 0.156132 1.374092 0.805179 -0.270790 1.469720
0.736336 0.155745 1.378058 0.771895 -0.271869 1.372119
0.736336 0.155745 1.378058 0.771895 -0.271869 1.372119
0.736336 0.155745 1.378058 0.771895 -0.271869 1.372119
0.737292 0.156928 1.378157 0.753852 -0.271867 1.298486
0.736889 0.154995 1.374932 0.749052 -0.271206 1.269028
0.736248 0.156782 1.373423 0.752567 -0.267990 1.263999
0.736248 0.156782 1.373423 0.752567 -0.267990 1.263999
0.736495 0.156826 1.371631 0.761146 -0.261992 1.285560
0.737137 0.157582 1.371527 0.779335 -0.252144 1.332998
0.737137 0.157582 1.371527 0.779335 -0.252144 1.332998
0.737186 0.159513 1.373463 0.800336 -0.238901 1.452346
0.737186 0.159513 1.373463 0.800336 -0.238901 1.452346
0.737564 0.160734 1.374862 0.808205 -0.240298 1.487058
0.737564 0.160734 1.374862 0.808205 -0.240298 1.487058
0.737690 0.161091 1.376479 0.809763 -0.244478 1.494530
0.737690 0.161091 1.376479 0.809763 -0.244478 1.494530
0.737672 0.161819 1.377629 0.804983 -0.247239 1.475560
0.737398 0.161641 1.377681 0.784548 -0.254352 1.410647
0.737386 0.161496 1.377424 0.768083 -0.253938 1.363376
0.737386 0.161496 1.377424 0.768083 -0.253938 1.363376
0.737258 0.160041 1.375710 0.750290 -0.251882 1.310229
0.736533 0.158925 1.372755 0.741943 -0.252801 1.280076
0.736533 0.158925 1.372755 0.741943 -0.252801 1.280076
0.736985 0.159112 1.371182 0.756232 -0.252461 1.296055
0.736985 0.159112 1.371182 0.756232 -0.252461 1.296055
0.736618 0.159231 1.370806 0.772977 -0.251978 1.341763
0.737215 0.159895 1.371215 0.786166 -0.251082 1.379043
0.737890 0.162129 1.374638 0.816733 -0.247633 1.473423
0.737890 0.162129 1.374638 0.816733 -0.247633 1.473423
0.738215 0.162150 1.375767 0.820620 -0.245903 1.494710
0.737664 0.161999 1.375084 0.818421 -0.241377 1.498935
0.737397 0.161568 1.375960 0.792876 -0.247389 1.421623
0.737376 0.159733 1.375740 0.767866 -0.252720 1.358987
0.737376 0.159733 1.375740 0.767866 -0.252720 1.358987
0.737240 0.158977 1.373085 0.749075 -0.253975 1.283783
0.736371 0.156372 1.369916 0.765293 -0.249082 1.261109
0.736371 0.156372 1.369916 0.765293 -0.249082 1.261109
0.736371 0.156372 1.369916 0.765293 -0.249082 1.261109
0.736402 0.156587 1.368983 0.798013 -0.240813 1.335343
0.736402 0.156587 1.368983 0.798013 -0.240813 1.335343
0.736215 0.157191 1.369311 0.808663 -0.241551 1.393666
0.736215 0.157191 1.369311 0.808663 -0.241551 1.393666
0.736049 0.157494 1.370538 0.809999 -0.240900 1.428850
0.736789 0.157822 1.372335 0.818364 -0.239481 1.486453
0.736387 0.155628 1.373857 0.811661 -0.238845 1.476993
0.736374 0.155013 1.373747 0.798957 -0.239049 1.437783
0.736374 0.155013 1.373747 0.798957 -0.239049 1.437783
0.736199 0.155420 1.372532 0.750255 -0.241420 1.289906
0.736199 0.155420 1.372532 0.750255 -0.241420 1.289906
0.735973 0.154713 1.371259 0.734905 -0.242399 1.245070
0.735973 0.154713 1.371259 0.734905 -0.242399 1.245070
0.735554 0.155644 1.369669 0.730623 -0.242751 1.218332
0.735397 0.157416 1.369420 0.733985 -0.240418 1.215378
0.735397 0.157416 1.369420 0.733985 -0.240418 1.215378
0.735269 0.157581 1.369648 0.748094 -0.239374 1.234206
0.735269 0.157581 1.369648 0.748094 -0.239374 1.234206
0.735262 0.158234 1.369601 0.778879 -0.237854 1.313211
0.735262 0.158234 1.369601 0.778879 -0.237854 1.313211
0.735225 0.159260 1.369840 0.788286 -0.236507 1.360788
0.735719 0.159075 1.371415 0.795330 -0.239205 1.415702
0.735719 0.159075 1.371415 0.795330 -0.239205 1.415702
0.734959 0.158915 1.370442 0.809277 -0.243535 1.474699
0.735483 0.158887 1.371592 0.801378 -0.245836 1.473386
0.735483 0.158887 1.371592 0.801378 -0.245836 1.473386
0.735837 0.158767 1.371444 0.773308 -0.249705 1.402119
0.735837 0.158767 1.371444 0.773308 -0.249705 1.402119
0.734975 0.159469 1.370558 0.764749 -0.251926 1.369380
0.734975 0.159469 1.370558 0.764749 -0.251926 1.369380
0.735545 0.159919 1.370269 0.755804 -0.255571 1.341811
0.735545 0.159919 1.370269 0.755804 -0.255571 1.341811
0.735617 0.159577 1.371358 0.751450 -0.257404 1.342831
0.735596 0.158880 1.371760 0.754233 -0.259285 1.348754
0.735596 0.158880 1.371760 0.754233 -0.259285 1.348754
0.735917 0.160138 1.372480 0.760893 -0.261987 1.361854
0.735917 0.160138 1.372480 0.760893 -0.261987 1.361854
0.735747 0.159147 1.371002 0.762558 -0.260676 1.366040
0.735747 0.159147 1.371002 0.762558 -0.260676 1.366040
0.735747 0.159147 1.371002 0.762558 -0.260676 1.366040
0.735525 0.159846 1.370944 0.764548 -0.260905 1.367327
0.735525 0.159846 1.370944 0.764548 -0.260905 1.367327
0.735525 0.159846 1.370944 0.764548 -0.260905 1.367327
0.735650 0.159781 1.372144 0.768706 -0.265636 1.367273
0.735650 0.159781 1.372144 0.768706 -0.265636 1.367273
0.735600 0.159480 1.372563 0.770227 -0.268184 1.368079
0.735600 0.159480 1.372563 0.770227 -0.268184 1.368079
0.735686 0.159540 1.373059 0.770885 -0.270286 1.369246
0.735966 0.160172 1.374339 0.771108 -0.273469 1.369327
0.735838 0.159892 1.374695 0.772781 -0.275975 1.370858
0.735838 0.159892 1.374695 0.772781 -0.275975 1.370858
0.735716 0.158936 1.376538 0.773780 -0.280394 1.374890
0.735716 0.158936 1.376538 0.773780 -0.280394 1.374890
0.735716 0.158936 1.376538 0.773780 -0.280394 1.374890
0.735974 0.158440 1.377396 0.772474 -0.279807 1.377787
0.736220 0.156991 1.378799 0.773114 -0.280725 1.378390
0.735510 0.155926 1.377842 0.773536 -0.280047 1.379277
