0.734993 0.144086 1.371298 0.737648 -0.280124 1.380206
0.735348 0.144072 1.370157 0.742251 -0.277733 1.403001
0.734999 0.144361 1.370167 0.747417 -0.273056 1.436002
0.734999 0.144361 1.370167 0.747417 -0.273056 1.436002
0.734709 0.144200 1.372333 0.749442 -0.268565 1.480703
0.735072 0.144142 1.373420 0.746319 -0.271383 1.466947
0.735072 0.144142 1.373420 0.746319 -0.271383 1.466947
0.734280 0.143277 1.374319 0.721677 -0.280137 1.359499
0.734280 0.143277 1.374319 0.721677 -0.280137 1.359499
0.734305 0.143576 1.373639 0.706723 -0.281617 1.305106
0.734305 0.143576 1.373639 0.706723 -0.281617 1.305106
0.734305 0.143576 1.373639 0.706723 -0.281617 1.305106
0.733573 0.144059 1.367328 0.699685 -0.276421 1.256149
0.733573 0.144059 1.367328 0.699685 -0.276421 1.256149
0.732579 0.144347 1.365321 0.716725 -0.268795 1.280623
0.732794 0.144847 1.365903 0.738220 -0.263949 1.322073
0.732895 0.144912 1.367451 0.758797 -0.258090 1.378860
0.732895 0.144912 1.367451 0.758797 -0.258090 1.378860
0.733382 0.144987 1.369263 0.769139 -0.250874 1.422367
0.733265 0.144639 1.370500 0.773994 -0.247426 1.450770
0.733762 0.145355 1.371745 0.775076 -0.245524 1.457761
0.733269 0.144509 1.372458 0.771506 -0.247450 1.438683
0.733269 0.144509 1.372458 0.771506 -0.247450 1.438683
0.733206 0.142820 1.372645 0.756512 -0.253884 1.376536
0.733206 0.142820 1.372645 0.756512 -0.253884 1.376536
0.732824 0.140776 1.371269 0.723979 -0.262425 1.269977
0.732824 0.140776 1.371269 0.723979 -0.262425 1.269977
0.732275 0.139892 1.367786 0.709395 -0.269113 1.233275
0.732275 0.139892 1.367786 0.709395 -0.269113 1.233275
0.732275 0.139892 1.367786 0.709395 -0.269113 1.233275
0.732929 0.143382 1.366296 0.718748 -0.270261 1.261034
0.732929 0.143382 1.366296 0.718748 -0.270261 1.261034
0.733311 0.143997 1.366106 0.734491 -0.268028 1.300745
0.733474 0.145751 1.367195 0.748267 -0.264022 1.346585
0.733529 0.146884 1.367835 0.756735 -0.262715 1.391796
0.733529 0.146884 1.367835 0.756735 -0.262715 1.391796
0.733861 0.147157 1.369458 0.759899 -0.259580 1.433734
0.733861 0.147157 1.369458 0.759899 -0.259580 1.433734
0.733984 0.144535 1.370248 0.756437 -0.258392 1.457525
0.733984 0.144535 1.370248 0.756437 -0.258392 1.457525
0.734718 0.145036 1.372974 0.741962 -0.267902 1.413972
0.734718 0.145036 1.372974 0.741962 -0.267902 1.413972
0.734497 0.141645 1.375856 0.708697 -0.278786 1.314313
0.734963 0.139001 1.375506 0.688965 -0.279351 1.262374
0.734407 0.137694 1.372586 0.679811 -0.277598 1.237885
0.734407 0.137694 1.372586 0.679811 -0.277598 1.237885
0.734282 0.138527 1.369584 0.692539 -0.270902 1.246808
0.734282 0.138527 1.369584 0.692539 -0.270902 1.246808
0.735081 0.139749 1.368088 0.714524 -0.268579 1.288922
0.734536 0.139167 1.368803 0.732851 -0.266544 1.337507
0.734942 0.140559 1.370261 0.747865 -0.262334 1.395869
0.734942 0.140559 1.370261 0.747865 -0.262334 1.395869
0.735666 0.141024 1.372399 0.752449 -0.259533 1.440691
0.735666 0.141024 1.372399 0.752449 -0.259533 1.440691
0.735034 0.140293 1.374641 0.752675 -0.257013 1.462535
0.735567 0.140927 1.377743 0.739059 -0.273681 1.419745
0.735567 0.140927 1.377743 0.739059 -0.273681 1.419745
0.734971 0.139168 1.378321 0.721931 -0.283768 1.360906
0.734971 0.139168 1.378321 0.721931 -0.283768 1.360906
0.734493 0.138550 1.378070 0.702148 -0.286393 1.306095
0.735286 0.139105 1.375518 0.681270 -0.283471 1.252947
0.735962 0.139432 1.370464 0.671387 -0.278026 1.222921
0.733877 0.140464 1.364081 0.683186 -0.266810 1.231302
0.733877 0.140464 1.364081 0.683186 -0.266810 1.231302
0.734549 0.141944 1.362819 0.705352 -0.261958 1.268845
0.734549 0.141944 1.362819 0.705352 -0.261958 1.268845
0.734732 0.142471 1.362145 0.729070 -0.256504 1.321893
0.735182 0.144596 1.367764 0.754734 -0.253238 1.432550
0.735564 0.144788 1.373843 0.753178 -0.253529 1.460881
0.735564 0.144788 1.373843 0.753178 -0.253529 1.460881
0.735564 0.144788 1.373843 0.753178 -0.253529 1.460881
0.734661 0.142472 1.377969 0.724788 -0.274968 1.356908
0.734661 0.142472 1.377969 0.724788 -0.274968 1.356908
0.734349 0.141048 1.377817 0.706425 -0.280789 1.302954
0.734630 0.141276 1.378463 0.693043 -0.280404 1.258666
0.734630 0.141276 1.378463 0.693043 -0.280404 1.258666
0.735293 0.141750 1.372617 0.680596 -0.271946 1.219152
0.733751 0.142799 1.368623 0.698605 -0.260157 1.238900
0.733751 0.142799 1.368623 0.698605 -0.260157 1.238900
0.735245 0.144706 1.365788 0.744135 -0.252076 1.327898
0.735245 0.144706 1.365788 0.744135 -0.252076 1.327898
0.735347 0.144696 1.365689 0.757957 -0.251933 1.374470
0.735347 0.144696 1.365689 0.757957 -0.251933 1.374470
0.735694 0.146484 1.367786 0.767549 -0.253366 1.437532
0.735694 0.146484 1.367786 0.767549 -0.253366 1.437532
0.736476 0.145646 1.373526 0.762784 -0.252223 1.465435
0.736476 0.145646 1.373526 0.762784 -0.252223 1.465435
0.735635 0.146021 1.374940 0.755134 -0.254733 1.443399
0.735601 0.143492 1.377422 0.744835 -0.258588 1.405973
0.734836 0.141243 1.378554 0.725024 -0.262415 1.345859
0.735106 0.141189 1.379183 0.705420 -0.260835 1.293374
0.735106 0.141189 1.379183 0.705420 -0.260835 1.293374
0.737327 0.141022 1.374782 0.669814 -0.258217 1.205478
0.737327 0.141022 1.374782 0.669814 -0.258217 1.205478
0.737670 0.142893 1.371719 0.671023 -0.252952 1.204008
0.739087 0.144566 1.370659 0.684283 -0.250488 1.223347
0.739087 0.144566 1.370659 0.684283 -0.250488 1.223347
0.738940 0.145148 1.368537 0.701582 -0.251002 1.255619
0.737915 0.146721 1.367744 0.721651 -0.251084 1.304785
0.737915 0.146721 1.367744 0.721651 -0.251084 1.304785
0.737418 0.147669 1.368814 0.734953 -0.248880 1.353905
0.737418 0.147669 1.368814 0.734953 -0.248880 1.353905
0.738203 0.149038 1.372777 0.741928 -0.246309 1.411849
0.738203 0.149038 1.372777 0.741928 -0.246309 1.411849
0.738633 0.150995 1.375038 0.739830 -0.251958 1.424512
0.738783 0.150873 1.376062 0.737001 -0.256912 1.417872
0.738356 0.151081 1.376301 0.732051 -0.265527 1.399994
0.738356 0.151081 1.376301 0.732051 -0.265527 1.399994
0.738933 0.149249 1.377844 0.725990 -0.272297 1.376697
0.739693 0.149833 1.377407 0.721432 -0.275668 1.356815
0.739693 0.149833 1.377407 0.721432 -0.275668 1.356815
0.740246 0.148794 1.375654 0.716469 -0.284210 1.330763
0.740580 0.149762 1.375994 0.717143 -0.285769 1.327137
0.741682 0.150489 1.376570 0.717408 -0.288478 1.326865
