0.735105 0.153543 1.381935 0.738344 -0.288042 1.379346
0.735200 0.153420 1.380840 0.737062 -0.286159 1.374428
0.735200 0.153420 1.380840 0.737062 -0.286159 1.374428
0.735290 0.153183 1.381429 0.743007 -0.279629 1.385504
0.735290 0.153183 1.381429 0.743007 -0.279629 1.385504
0.735070 0.153761 1.380383 0.769521 -0.261603 1.459075
0.735070 0.153761 1.380383 0.769521 -0.261603 1.459075
0.734810 0.153800 1.381542 0.776532 -0.257941 1.493562
0.735134 0.154151 1.385234 0.776349 -0.258126 1.501905
0.735134 0.154151 1.385234 0.776349 -0.258126 1.501905
0.734798 0.153906 1.385701 0.772114 -0.259519 1.477069
0.734532 0.153714 1.385212 0.763649 -0.261560 1.441158
0.735118 0.153908 1.384699 0.749959 -0.264592 1.391039
0.734691 0.153135 1.382371 0.733506 -0.266373 1.338926
0.734691 0.153135 1.382371 0.733506 -0.266373 1.338926
0.733744 0.153088 1.378302 0.720418 -0.266325 1.298705
0.734175 0.154617 1.377085 0.722499 -0.261044 1.301656
0.734480 0.155036 1.377021 0.744026 -0.259326 1.332058
0.734480 0.155036 1.377021 0.744026 -0.259326 1.332058
0.734432 0.155819 1.378620 0.757488 -0.255423 1.368969
0.734486 0.154450 1.381917 0.786694 -0.248704 1.464974
0.734627 0.153807 1.382704 0.791088 -0.244849 1.492637
0.734549 0.152845 1.382462 0.791383 -0.241473 1.505353
0.734549 0.152845 1.382462 0.791383 -0.241473 1.505353
0.734307 0.151961 1.382568 0.782025 -0.240807 1.467616
0.734307 0.151961 1.382568 0.782025 -0.240807 1.467616
0.733953 0.151257 1.382346 0.767963 -0.243874 1.418088
0.734322 0.151386 1.382037 0.735070 -0.255838 1.300794
0.733481 0.151604 1.381055 0.725317 -0.262301 1.271742
0.734000 0.152219 1.380881 0.727517 -0.261263 1.271140
0.734446 0.154077 1.381086 0.736579 -0.254080 1.291592
0.734446 0.154077 1.381086 0.736579 -0.254080 1.291592
0.734448 0.156427 1.380430 0.769021 -0.232177 1.385908
0.734448 0.156427 1.380430 0.769021 -0.232177 1.385908
0.734864 0.158062 1.381602 0.785544 -0.218580 1.445992
0.735039 0.160334 1.382090 0.791945 -0.211899 1.486490
0.735462 0.160044 1.383634 0.793167 -0.210915 1.509689
0.735432 0.160218 1.384309 0.790625 -0.216519 1.510544
0.735432 0.160218 1.384309 0.790625 -0.216519 1.510544
0.734846 0.156546 1.387102 0.763439 -0.246907 1.420382
0.734846 0.156546 1.387102 0.763439 -0.246907 1.420382
0.734719 0.156170 1.387609 0.739446 -0.253838 1.360435
0.734901 0.153960 1.387677 0.724002 -0.252007 1.315933
0.734493 0.152695 1.384395 0.711766 -0.253232 1.278213
0.734030 0.151307 1.381107 0.709759 -0.253634 1.271798
0.734030 0.151307 1.381107 0.709759 -0.253634 1.271798
0.736473 0.152109 1.379586 0.723351 -0.254597 1.299203
0.735905 0.152507 1.378286 0.757359 -0.258474 1.380887
0.735905 0.152507 1.378286 0.757359 -0.258474 1.380887
0.735905 0.152507 1.378286 0.757359 -0.258474 1.380887
0.735201 0.154440 1.380769 0.779951 -0.250094 1.468519
0.735201 0.154440 1.380769 0.779951 -0.250094 1.468519
0.735097 0.153787 1.382065 0.782122 -0.247096 1.488952
0.735852 0.155366 1.384191 0.780629 -0.250326 1.489121
0.735852 0.155366 1.384191 0.780629 -0.250326 1.489121
0.735058 0.153894 1.385820 0.763203 -0.254212 1.423948
0.735834 0.149545 1.386988 0.720813 -0.257265 1.300172
0.735834 0.149545 1.386988 0.720813 -0.257265 1.300172
0.736538 0.149512 1.384507 0.707835 -0.259762 1.261853
0.735625 0.148553 1.380654 0.704334 -0.260260 1.252360
0.735908 0.152060 1.383140 0.782757 -0.248353 1.505095
0.735908 0.152060 1.383140 0.782757 -0.248353 1.505095
0.735359 0.152223 1.383533 0.773846 -0.247166 1.473289
0.734811 0.151079 1.384523 0.756468 -0.247362 1.416314
0.734811 0.151079 1.384523 0.756468 -0.247362 1.416314
0.734909 0.149629 1.385470 0.737033 -0.248290 1.363449
0.735380 0.150403 1.383800 0.719423 -0.247654 1.315208
0.735380 0.150403 1.383800 0.719423 -0.247654 1.315208
0.736214 0.152625 1.379383 0.704581 -0.254114 1.249645
0.736866 0.153436 1.379683 0.718229 -0.254889 1.273565
0.736866 0.153436 1.379683 0.718229 -0.254889 1.273565
0.735775 0.154309 1.380141 0.746557 -0.259319 1.341551
0.735775 0.154309 1.380141 0.746557 -0.259319 1.341551
0.736659 0.156123 1.382160 0.760849 -0.260755 1.379093
0.737588 0.157725 1.383466 0.770872 -0.262295 1.416638
0.737929 0.160216 1.382193 0.776022 -0.264646 1.459857
0.737929 0.160216 1.382193 0.776022 -0.264646 1.459857
0.737652 0.161318 1.381052 0.772874 -0.264386 1.462242
0.737652 0.161318 1.381052 0.772874 -0.264386 1.462242
0.737718 0.159482 1.382287 0.762506 -0.264034 1.437281
0.738347 0.159791 1.382618 0.758408 -0.264124 1.422233
0.737760 0.159090 1.382753 0.752325 -0.264774 1.403292
0.737760 0.159090 1.382753 0.752325 -0.264774 1.403292
0.738629 0.159652 1.382430 0.744282 -0.269442 1.373844
0.738629 0.159652 1.382430 0.744282 -0.269442 1.373844
0.738148 0.159795 1.382824 0.742900 -0.272940 1.365909
0.738268 0.159250 1.383187 0.744333 -0.276469 1.366031
0.738268 0.159250 1.383187 0.744333 -0.276469 1.366031
0.738144 0.159721 1.382542 0.745422 -0.276755 1.369536
0.738097 0.159032 1.381855 0.747141 -0.277551 1.374787
0.738594 0.159398 1.381432 0.750406 -0.277254 1.382868
0.738701 0.159220 1.382039 0.751734 -0.277102 1.387857
0.738696 0.159013 1.381936 0.751486 -0.276625 1.390345
0.738696 0.159013 1.381936 0.751486 -0.276625 1.390345
0.738620 0.159022 1.382442 0.751987 -0.276148 1.391074
0.738620 0.159022 1.382442 0.751987 -0.276148 1.391074
