0.734759 0.153932 1.373656 0.771560 -0.256084 0.379304
0.734759 0.153932 1.373656 0.771560 -0.256084 0.379304
0.734476 0.153373 1.373320 0.770121 -0.254604 0.377603
0.734590 0.152909 1.372680 0.771103 -0.252244 0.380494
0.734590 0.152909 1.372680 0.771103 -0.252244 0.380494
0.734655 0.152456 1.371143 0.789310 -0.247712 0.419657
0.734655 0.152456 1.371143 0.789310 -0.247712 0.419657
0.734155 0.152005 1.370540 0.799373 -0.246855 0.444069
0.734455 0.152131 1.370323 0.806831 -0.247791 0.464174
0.734692 0.151789 1.370799 0.812328 -0.246120 0.480620
0.734692 0.151789 1.370799 0.812328 -0.246120 0.480620
0.734453 0.151262 1.372099 0.811480 -0.249797 0.472018
0.734150 0.151430 1.372637 0.802499 -0.253408 0.440586
0.734437 0.150290 1.372870 0.784640 -0.255516 0.388718
0.734437 0.150290 1.372870 0.784640 -0.255516 0.388718
0.733823 0.149607 1.371703 0.764271 -0.254089 0.326086
0.734056 0.149851 1.368365 0.758429 -0.249027 0.307396
0.732526 0.149117 1.363658 0.762891 -0.242647 0.309923
0.732526 0.149117 1.363658 0.762891 -0.242647 0.309923
0.731842 0.149231 1.360812 0.779277 -0.239200 0.339062
0.731852 0.148650 1.360184 0.801589 -0.239921 0.387625
0.731852 0.148650 1.360184 0.801589 -0.239921 0.387625
0.731852 0.148650 1.360184 0.801589 -0.239921 0.387625
0.731701 0.148951 1.363011 0.837044 -0.242149 0.479040
0.732869 0.150605 1.367024 0.841844 -0.241125 0.504921
0.732869 0.150605 1.367024 0.841844 -0.241125 0.504921
0.732868 0.149920 1.369397 0.838425 -0.244402 0.498819
0.732379 0.150743 1.372362 0.827620 -0.250063 0.464658
0.732379 0.150743 1.372362 0.827620 -0.250063 0.464658
0.732877 0.150025 1.375371 0.809352 -0.254591 0.410772
0.732780 0.150106 1.376928 0.790333 -0.255025 0.360187
0.732780 0.150106 1.376928 0.790333 -0.255025 0.360187
0.731995 0.149317 1.373190 0.765711 -0.253773 0.275037
0.731995 0.149317 1.373190 0.765711 -0.253773 0.275037
0.731901 0.149969 1.369527 0.765746 -0.252017 0.262104
0.732725 0.151553 1.367107 0.779834 -0.248985 0.285749
0.732725 0.151553 1.367107 0.779834 -0.248985 0.285749
0.732688 0.151254 1.366173 0.798359 -0.246602 0.332457
0.732653 0.152278 1.366150 0.814502 -0.243988 0.392553
0.732653 0.152278 1.366150 0.814502 -0.243988 0.392553
0.733068 0.154222 1.367137 0.835978 -0.243206 0.452950
0.733068 0.154222 1.367137 0.835978 -0.243206 0.452950
0.734754 0.154954 1.371379 0.844618 -0.240577 0.504670
0.734754 0.154954 1.371379 0.844618 -0.240577 0.504670
0.735902 0.156132 1.374092 0.835179 -0.240790 0.479720
0.735902 0.156132 1.374092 0.835179 -0.240790 0.479720
0.736336 0.155745 1.378058 0.801895 -0.241869 0.382119
0.736336 0.155745 1.378058 0.801895 -0.241869 0.382119
0.736336 0.155745 1.378058 0.801895 -0.241869 0.382119
0.737292 0.156928 1.378157 0.783852 -0.241867 0.308486
0.736889 0.154995 1.374932 0.779052 -0.241206 0.279028
0.736248 0.156782 1.373423 0.782567 -0.237990 0.273999
0.736248 0.156782 1.373423 0.782567 -0.237990 0.273999
0.736495 0.156826 1.371631 0.791146 -0.231992 0.295560
0.737137 0.157582 1.371527 0.809335 -0.222144 0.342998
0.737137 0.157582 1.371527 0.809335 -0.222144 0.342998
0.737186 0.159513 1.373463 0.830336 -0.208901 0.462346
0.737186 0.159513 1.373463 0.830336 -0.208901 0.462346
0.737564 0.160734 1.374862 0.838205 -0.210298 0.497058
0.737564 0.160734 1.374862 0.838205 -0.210298 0.497058
0.737690 0.161091 1.376479 0.839763 -0.214478 0.504530
0.737690 0.161091 1.376479 0.839763 -0.214478 0.504530
0.737672 0.161819 1.377629 0.834983 -0.217239 0.485560
0.737398 0.161641 1.377681 0.814548 -0.224352 0.420647
0.737386 0.161496 1.377424 0.798083 -0.223938 0.373376
0.737386 0.161496 1.377424 0.798083 -0.223938 0.373376
0.737258 0.160041 1.375710 0.780290 -0.221882 0.320229
0.736533 0.158925 1.372755 0.771943 -0.222801 0.290076
0.736533 0.158925 1.372755 0.771943 -0.222801 0.290076
0.736985 0.159112 1.371182 0.786232 -0.222461 0.306055
0.736985 0.159112 1.371182 0.786232 -0.222461 0.306055
0.736618 0.159231 1.370806 0.802977 -0.221978 0.351763
0.737215 0.159895 1.371215 0.816166 -0.221082 0.389043
0.737890 0.162129 1.374638 0.846733 -0.217633 0.483423
0.737890 0.162129 1.374638 0.846733 -0.217633 0.483423
0.738215 0.162150 1.375767 0.850620 -0.215903 0.504710
0.737664 0.161999 1.375084 0.848421 -0.211377 0.508935
0.737397 0.161568 1.375960 0.822876 -0.217389 0.431623
0.737376 0.159733 1.375740 0.797866 -0.222720 0.368987
0.737376 0.159733 1.375740 0.797866 -0.222720 0.368987
0.737240 0.158977 1.373085 0.779075 -0.223975 0.293783
0.736371 0.156372 1.369916 0.795293 -0.219082 0.271109
0.736371 0.156372 1.369916 0.795293 -0.219082 0.271109
0.736371 0.156372 1.369916 0.795293 -0.219082 0.271109
0.736402 0.156587 1.368983 0.828013 -0.210813 0.345343
0.736402 0.156587 1.368983 0.828013 -0.210813 0.345343
0.736215 0.157191 1.369311 0.838663 -0.211551 0.403666
0.736215 0.157191 1.369311 0.838663 -0.211551 0.403666
0.736049 0.157494 1.370538 0.839999 -0.210900 0.438850
0.736789 0.157822 1.372335 0.848364 -0.209481 0.496453
0.736387 0.155628 1.373857 0.841661 -0.208845 0.486993
0.736374 0.155013 1.373747 0.828957 -0.209049 0.447783
0.736374 0.155013 1.373747 0.828957 -0.209049 0.447783
0.736199 0.155420 1.372532 0.780255 -0.211420 0.299906
0.736199 0.155420 1.372532 0.780255 -0.211420 0.299906
0.735973 0.154713 1.371259 0.764904 -0.212399 0.255070
0.735973 0.154713 1.371259 0.764904 -0.212399 0.255070
0.735554 0.155644 1.369669 0.760623 -0.212751 0.228332
0.735397 0.157416 1.369420 0.763985 -0.210418 0.225378
0.735397 0.157416 1.369420 0.763985 -0.210418 0.225378
0.735269 0.157581 1.369648 0.778094 -0.209374 0.244206
0.735269 0.157581 1.369648 0.778094 -0.209374 0.244206
0.735262 0.158234 1.369601 0.808879 -0.207854 0.323211
0.735262 0.158234 1.369601 0.808879 -0.207854 0.323211
0.735225 0.159260 1.369840 0.818286 -0.206507 0.370788
0.735719 0.159075 1.371415 0.825330 -0.209205 0.425702
0.735719 0.159075 1.371415 0.825330 -0.209205 0.425702
0.734959 0.158915 1.370442 0.839277 -0.213535 0.484699
0.735483 0.158887 1.371592 0.831378 -0.215836 0.483386
0.735483 0.158887 1.371592 0.831378 -0.215836 0.483386
0.735837 0.158767 1.371444 0.803308 -0.219705 0.412119
0.735837 0.158767 1.371444 0.803308 -0.219705 0.412119
0.734975 0.159469 1.370558 0.794749 -0.221926 0.379379
0.734975 0.159469 1.370558 0.794749 -0.221926 0.379379
0.735545 0.159919 1.370269 0.785804 -0.225571 0.351811
0.735545 0.159919 1.370269 0.785804 -0.225571 0.351811
0.735617 0.159577 1.371358 0.781450 -0.227404 0.352831
0.735596 0.158880 1.371760 0.784233 -0.229285 0.358754
0.735596 0.158880 1.371760 0.784233 -0.229285 0.358754
0.735917 0.160138 1.372480 0.790893 -0.231987 0.371854
0.735917 0.160138 1.372480 0.790893 -0.231987 0.371854
0.735747 0.159147 1.371002 0.792558 -0.230676 0.376040
0.735747 0.159147 1.371002 0.792558 -0.230676 0.376040
0.735747 0.159147 1.371002 0.792558 -0.230676 0.376040
0.735525 0.159846 1.370944 0.794548 -0.230905 0.377327
0.735525 0.159846 1.370944 0.794548 -0.230905 0.377327
0.735525 0.159846 1.370944 0.794548 -0.230905 0.377327
0.735650 0.159781 1.372144 0.798706 -0.235636 0.377273
0.735650 0.159781 1.372144 0.798706 -0.235636 0.377273
0.735600 0.159480 1.372563 0.800227 -0.238184 0.378079
0.735600 0.159480 1.372563 0.800227 -0.238184 0.378079
0.735686 0.159540 1.373059 0.800885 -0.240286 0.379246
0.735966 0.160172 1.374339 0.801108 -0.243469 0.379327
0.735838 0.159892 1.374695 0.802781 -0.245975 0.380858
0.735838 0.159892 1.374695 0.802781 -0.245975 0.380858
0.735716 0.158936 1.376538 0.803780 -0.250394 0.384890
0.735716 0.158936 1.376538 0.803780 -0.250394 0.384890
0.735716 0.158936 1.376538 0.803780 -0.250394 0.384890
0.735974 0.158440 1.377396 0.802474 -0.249807 0.387787
0.736220 0.156991 1.378799 0.803114 -0.250725 0.388390
0.735510 0.155926 1.377842 0.803536 -0.250047 0.389277
