0.738028 0.149259 1.361151 0.740177 -0.280535 1.378080
0.738519 0.150314 1.359669 0.754717 -0.279963 1.409391
0.738519 0.150314 1.359669 0.754717 -0.279963 1.409391
0.737648 0.149821 1.360412 0.762734 -0.280494 1.441399
0.738134 0.149252 1.361058 0.768741 -0.279023 1.462117
0.738305 0.149770 1.361887 0.775417 -0.277970 1.476559
0.738305 0.149770 1.361887 0.775417 -0.277970 1.476559
0.738075 0.148830 1.363480 0.774514 -0.279057 1.462412
0.738075 0.148830 1.363480 0.774514 -0.279057 1.462412
0.737886 0.149201 1.364084 0.765015 -0.281030 1.432136
0.737886 0.149201 1.364084 0.765015 -0.281030 1.432136
0.738115 0.148699 1.365701 0.747141 -0.283758 1.384550
0.738231 0.149120 1.364576 0.730486 -0.283259 1.324107
0.737434 0.148216 1.362664 0.726810 -0.278855 1.296162
0.737434 0.148216 1.362664 0.726810 -0.278855 1.296162
0.737229 0.148973 1.361285 0.736054 -0.272402 1.296578
0.737346 0.149535 1.360154 0.753587 -0.267651 1.323817
0.736972 0.150012 1.359686 0.771154 -0.269264 1.361492
0.736972 0.150012 1.359686 0.771154 -0.269264 1.361492
0.738099 0.150850 1.361091 0.790178 -0.269266 1.449796
0.738099 0.150850 1.361091 0.790178 -0.269266 1.449796
0.738326 0.150092 1.362991 0.788164 -0.266616 1.475266
0.738387 0.149820 1.365997 0.790700 -0.271123 1.495960
0.738387 0.149820 1.365997 0.790700 -0.271123 1.495960
0.737839 0.149306 1.366391 0.779009 -0.278587 1.450905
0.737857 0.148215 1.367071 0.762584 -0.281314 1.397399
0.737555 0.148818 1.362434 0.734284 -0.274244 1.296628
0.737555 0.148818 1.362434 0.734284 -0.274244 1.296628
0.737555 0.148818 1.362434 0.734284 -0.274244 1.296628
0.736690 0.147999 1.360306 0.726471 -0.269272 1.266056
0.737268 0.149492 1.359253 0.735934 -0.263758 1.263497
0.737428 0.149959 1.358263 0.753082 -0.261433 1.289543
0.737428 0.149959 1.358263 0.753082 -0.261433 1.289543
0.737565 0.150022 1.358264 0.778524 -0.265658 1.339981
0.737371 0.149696 1.359310 0.796723 -0.266776 1.401399
0.737371 0.149696 1.359310 0.796723 -0.266776 1.401399
0.738086 0.150348 1.362794 0.789159 -0.263316 1.484763
0.738086 0.150348 1.362794 0.789159 -0.263316 1.484763
0.738060 0.150219 1.363199 0.786133 -0.262869 1.480037
0.738060 0.150219 1.363199 0.786133 -0.262869 1.480037
0.737549 0.148688 1.363358 0.771255 -0.268856 1.406129
0.737549 0.148688 1.363358 0.771255 -0.268856 1.406129
0.737549 0.148688 1.363358 0.771255 -0.268856 1.406129
0.738461 0.149263 1.363458 0.759650 -0.269140 1.332335
0.738206 0.149274 1.359920 0.752553 -0.266534 1.284986
0.738206 0.149274 1.359920 0.752553 -0.266534 1.284986
0.737274 0.148820 1.357476 0.752106 -0.264830 1.259602
0.738455 0.150587 1.357181 0.768576 -0.260959 1.279258
0.738455 0.150587 1.357181 0.768576 -0.260959 1.279258
0.738763 0.150403 1.358003 0.784682 -0.258600 1.314485
0.738435 0.149616 1.358756 0.800739 -0.256741 1.369577
0.738435 0.149616 1.358756 0.800739 -0.256741 1.369577
0.738547 0.149445 1.361419 0.806929 -0.254123 1.452854
0.738547 0.149445 1.361419 0.806929 -0.254123 1.452854
0.738327 0.148449 1.363092 0.796497 -0.256400 1.468571
0.738327 0.148449 1.363092 0.796497 -0.256400 1.468571
0.738309 0.149125 1.364622 0.781830 -0.261379 1.451385
0.738110 0.148471 1.366226 0.761384 -0.267066 1.372443
0.738110 0.148471 1.366226 0.761384 -0.267066 1.372443
0.738110 0.148471 1.366226 0.761384 -0.267066 1.372443
0.738517 0.148869 1.363968 0.743431 -0.263915 1.278353
0.737534 0.148592 1.362192 0.740067 -0.261578 1.250609
0.737534 0.148592 1.362192 0.740067 -0.261578 1.250609
0.738303 0.148936 1.361213 0.744340 -0.258443 1.244560
0.739419 0.149184 1.360488 0.756517 -0.252964 1.265789
0.739419 0.149184 1.360488 0.756517 -0.252964 1.265789
0.738815 0.148655 1.360265 0.768765 -0.249043 1.302086
0.738574 0.149208 1.360208 0.779944 -0.247744 1.349483
0.738574 0.149208 1.360208 0.779944 -0.247744 1.349483
0.738078 0.149231 1.362251 0.791162 -0.245654 1.467569
0.738078 0.149231 1.362251 0.791162 -0.245654 1.467569
0.738364 0.147815 1.362734 0.794581 -0.248134 1.483167
0.738364 0.147815 1.362734 0.794581 -0.248134 1.483167
0.738150 0.147461 1.363712 0.791342 -0.247649 1.475298
0.738045 0.147327 1.364071 0.777058 -0.248907 1.438387
0.737998 0.146911 1.364984 0.764385 -0.250830 1.395529
0.737998 0.146911 1.364984 0.764385 -0.250830 1.395529
0.739163 0.147178 1.362374 0.746002 -0.250090 1.304281
0.739163 0.147178 1.362374 0.746002 -0.250090 1.304281
0.738755 0.147348 1.360065 0.741554 -0.249927 1.268625
0.738404 0.147235 1.358312 0.739139 -0.245670 1.249131
0.738404 0.147235 1.358312 0.739139 -0.245670 1.249131
0.740450 0.148539 1.358683 0.748013 -0.239151 1.270592
0.740450 0.148539 1.358683 0.748013 -0.239151 1.270592
0.739611 0.147326 1.359080 0.768825 -0.239541 1.330101
0.739101 0.147609 1.359782 0.782338 -0.239329 1.377614
0.739101 0.147609 1.359782 0.782338 -0.239329 1.377614
0.738609 0.148771 1.360723 0.793803 -0.239208 1.456561
0.738259 0.148000 1.360528 0.792947 -0.248023 1.469792
0.738595 0.147861 1.360968 0.783990 -0.251493 1.446637
0.738243 0.147160 1.361438 0.773561 -0.253799 1.410088
0.738243 0.147160 1.361438 0.773561 -0.253799 1.410088
0.737937 0.146889 1.361665 0.757278 -0.253060 1.356048
0.738704 0.147389 1.359668 0.732535 -0.251800 1.266082
0.738704 0.147389 1.359668 0.732535 -0.251800 1.266082
0.737499 0.147567 1.359307 0.724541 -0.252011 1.236466
0.737499 0.147567 1.359307 0.724541 -0.252011 1.236466
0.739461 0.147927 1.359691 0.723685 -0.247189 1.229662
0.740577 0.147022 1.359337 0.740036 -0.244823 1.255274
0.740577 0.147022 1.359337 0.740036 -0.244823 1.255274
0.739058 0.147139 1.359309 0.759384 -0.242737 1.300170
0.739708 0.148263 1.360603 0.774929 -0.243559 1.344818
0.739708 0.148263 1.360603 0.774929 -0.243559 1.344818
0.738777 0.147941 1.361112 0.792778 -0.245645 1.428316
0.738601 0.148072 1.361627 0.794713 -0.246937 1.458744
0.738191 0.149211 1.361498 0.795741 -0.247407 1.480945
0.738191 0.149211 1.361498 0.795741 -0.247407 1.480945
0.738842 0.148920 1.362582 0.785728 -0.252306 1.457662
0.738842 0.148920 1.362582 0.785728 -0.252306 1.457662
0.738448 0.147579 1.362646 0.773135 -0.253289 1.423120
0.738448 0.147579 1.362646 0.773135 -0.253289 1.423120
0.740896 0.149337 1.361234 0.756032 -0.252423 1.356928
0.740896 0.149337 1.361234 0.756032 -0.252423 1.356928
0.741037 0.149191 1.360587 0.756215 -0.253683 1.350400
0.741037 0.149191 1.360587 0.756215 -0.253683 1.350400
0.740962 0.150000 1.359633 0.759434 -0.256514 1.344922
