0.809208 0.207275 0.368069 0.765923 -0.306938 0.370429
0.809208 0.207275 0.368069 0.765923 -0.306938 0.370429
0.808863 0.206809 0.366817 0.767225 -0.302682 0.372866
0.808951 0.207015 0.366616 0.773343 -0.298671 0.385378
0.808951 0.207015 0.366616 0.773343 -0.298671 0.385378
0.809161 0.206824 0.365249 0.788024 -0.296872 0.417625
0.809362 0.204584 0.364696 0.800951 -0.297253 0.450754
0.809362 0.204584 0.364696 0.800951 -0.297253 0.450754
0.808786 0.203788 0.360706 0.817260 -0.296624 0.513408
0.808786 0.203788 0.360706 0.817260 -0.296624 0.513408
0.808862 0.203739 0.360499 0.817614 -0.298501 0.528205
0.808518 0.202764 0.360305 0.812992 -0.297369 0.520253
0.808518 0.202764 0.360305 0.812992 -0.297369 0.520253
0.808494 0.200295 0.360863 0.792907 -0.295945 0.466383
0.808494 0.200295 0.360863 0.792907 -0.295945 0.466383
0.808214 0.198376 0.361365 0.769059 -0.296384 0.396025
0.808460 0.198209 0.361302 0.755741 -0.297507 0.353206
0.808460 0.198209 0.361302 0.755741 -0.297507 0.353206
0.808333 0.197068 0.360773 0.747437 -0.298893 0.316867
0.807491 0.195676 0.358436 0.751546 -0.299710 0.290438
0.807491 0.195676 0.358436 0.751546 -0.299710 0.290438
0.807491 0.195676 0.358436 0.751546 -0.299710 0.290438
0.807611 0.195019 0.358315 0.781295 -0.300590 0.350603
0.807611 0.195019 0.358315 0.781295 -0.300590 0.350603
0.807975 0.194129 0.360213 0.793452 -0.299587 0.412168
0.807960 0.194496 0.360510 0.794013 -0.300002 0.453960
0.807960 0.194496 0.360510 0.794013 -0.300002 0.453960
0.808216 0.193714 0.361599 0.791735 -0.300768 0.493748
0.808118 0.193564 0.362893 0.805608 -0.307903 0.512523
0.808118 0.193564 0.362893 0.805608 -0.307903 0.512523
0.808040 0.192977 0.363299 0.800180 -0.306632 0.489708
0.808178 0.192816 0.363330 0.789321 -0.305175 0.451524
0.808178 0.192816 0.363330 0.789321 -0.305175 0.451524
0.807980 0.193725 0.362862 0.775332 -0.301460 0.407044
0.808609 0.194007 0.362377 0.761570 -0.298036 0.353382
0.807529 0.193861 0.359788 0.747369 -0.294964 0.278057
0.807529 0.193861 0.359788 0.747369 -0.294964 0.278057
0.807604 0.194517 0.360045 0.749933 -0.293075 0.269474
0.808183 0.194890 0.360937 0.765272 -0.289136 0.288873
0.808183 0.194890 0.360937 0.765272 -0.289136 0.288873
0.808191 0.196917 0.361060 0.796613 -0.285608 0.380048
0.808191 0.196917 0.361060 0.796613 -0.285608 0.380048
0.807754 0.196264 0.360942 0.802875 -0.285418 0.426767
0.808200 0.196714 0.362074 0.801994 -0.285441 0.476490
0.808200 0.196714 0.362074 0.801994 -0.285441 0.476490
0.808361 0.198807 0.362470 0.791264 -0.282841 0.505981
0.808361 0.198807 0.362470 0.791264 -0.282841 0.505981
0.808647 0.199718 0.363131 0.792821 -0.288968 0.495284
0.808145 0.199228 0.362983 0.780108 -0.289156 0.453604
0.808145 0.199228 0.362983 0.780108 -0.289156 0.453604
0.808644 0.199415 0.364833 0.752579 -0.287564 0.358868
0.808644 0.199415 0.364833 0.752579 -0.287564 0.358868
0.808091 0.198868 0.363383 0.743433 -0.287315 0.286284
0.808091 0.198868 0.363383 0.743433 -0.287315 0.286284
0.808467 0.199053 0.362297 0.754705 -0.282417 0.285006
0.808467 0.199053 0.362297 0.754705 -0.282417 0.285006
0.808239 0.199365 0.362117 0.767978 -0.278806 0.310520
0.808046 0.199480 0.361703 0.784310 -0.274704 0.350538
0.808046 0.199480 0.361703 0.784310 -0.274704 0.350538
0.808095 0.200004 0.362827 0.804218 -0.274961 0.449371
0.808095 0.200004 0.362827 0.804218 -0.274961 0.449371
0.808095 0.200004 0.362827 0.804218 -0.274961 0.449371
0.809035 0.201496 0.365747 0.789234 -0.274442 0.515576
0.808693 0.201031 0.366360 0.794569 -0.276532 0.514595
0.808426 0.200772 0.365082 0.793865 -0.280607 0.488045
0.807939 0.199822 0.363050 0.773815 -0.283466 0.405387
0.807939 0.199822 0.363050 0.773815 -0.283466 0.405387
0.808812 0.200181 0.363145 0.760332 -0.283138 0.353708
0.808305 0.200843 0.362390 0.754871 -0.281571 0.312606
0.808068 0.200773 0.360726 0.756448 -0.282040 0.280210
0.808068 0.200773 0.360726 0.756448 -0.282040 0.280210
0.808337 0.201203 0.361472 0.770271 -0.277054 0.280535
0.808752 0.200030 0.360689 0.779616 -0.277111 0.306759
0.808752 0.200030 0.360689 0.779616 -0.277111 0.306759
0.808887 0.201216 0.360782 0.793775 -0.276004 0.343812
0.808858 0.200987 0.360529 0.803160 -0.275614 0.381372
0.808858 0.200987 0.360529 0.803160 -0.275614 0.381372
0.809437 0.202173 0.362344 0.806760 -0.264713 0.479038
0.808626 0.200984 0.360920 0.799025 -0.256551 0.519283
0.808485 0.201995 0.360853 0.782723 -0.254712 0.536665
0.808485 0.201995 0.360853 0.782723 -0.254712 0.536665
0.809163 0.203896 0.362363 0.775608 -0.260576 0.527124
0.809184 0.203058 0.363542 0.767711 -0.273624 0.492576
0.809184 0.203058 0.363542 0.767711 -0.273624 0.492576
0.809514 0.204369 0.365027 0.762971 -0.284666 0.436145
0.809289 0.203983 0.365502 0.759126 -0.286058 0.410349
0.809289 0.203983 0.365502 0.759126 -0.286058 0.410349
0.808846 0.203150 0.362201 0.742001 -0.287211 0.301243
0.808486 0.201886 0.359507 0.741200 -0.285000 0.293556
0.808486 0.201886 0.359507 0.741200 -0.285000 0.293556
0.808640 0.201119 0.358702 0.748700 -0.281305 0.325846
0.808640 0.201119 0.358702 0.748700 -0.281305 0.325846
0.808964 0.202292 0.358336 0.778755 -0.278826 0.398452
0.808455 0.201943 0.358736 0.792173 -0.280872 0.447809
0.808455 0.201943 0.358736 0.792173 -0.280872 0.447809
0.808954 0.203104 0.361426 0.779794 -0.274240 0.512593
0.808954 0.203104 0.361426 0.779794 -0.274240 0.512593
0.809285 0.204052 0.366139 0.757221 -0.273755 0.487870
0.809285 0.204052 0.366139 0.757221 -0.273755 0.487870
0.809156 0.203743 0.366497 0.760083 -0.276625 0.447857
0.809010 0.202683 0.366739 0.756660 -0.277199 0.394811
0.809010 0.202683 0.366739 0.756660 -0.277199 0.394811
0.809250 0.202390 0.365996 0.748952 -0.276624 0.348117
0.809057 0.202110 0.364275 0.740443 -0.276651 0.297674
0.808830 0.202043 0.362187 0.736369 -0.275439 0.264813
0.808830 0.202043 0.362187 0.736369 -0.275439 0.264813
0.809067 0.201284 0.361326 0.731997 -0.271966 0.272143
0.808989 0.201191 0.361613 0.745014 -0.274064 0.299963
0.808989 0.201191 0.361613 0.745014 -0.274064 0.299963
0.810984 0.203243 0.361413 0.762552 -0.277447 0.326174
0.810984 0.203243 0.361413 0.762552 -0.277447 0.326174
0.809355 0.203458 0.362395 0.784934 -0.279987 0.378976
0.809715 0.202726 0.364704 0.788972 -0.276689 0.418051
0.809715 0.202726 0.364704 0.788972 -0.276689 0.418051
0.810111 0.203891 0.364817 0.790483 -0.272252 0.441805
0.809479 0.204205 0.362170 0.774475 -0.264786 0.482375
0.809479 0.204205 0.362170 0.774475 -0.264786 0.482375
0.809908 0.204533 0.362623 0.760919 -0.262168 0.483933
0.809908 0.204533 0.362623 0.760919 -0.262168 0.483933
0.810078 0.205100 0.362799 0.746451 -0.266238 0.458500
0.810078 0.205100 0.362799 0.746451 -0.266238 0.458500
0.809315 0.203707 0.362918 0.744563 -0.269870 0.442145
0.809946 0.204153 0.363025 0.743303 -0.272659 0.427621
0.809946 0.204153 0.363025 0.743303 -0.272659 0.427621
0.809729 0.204274 0.364604 0.740293 -0.282900 0.394993
0.809729 0.204274 0.364604 0.740293 -0.282900 0.394993
0.811547 0.203846 0.363880 0.748478 -0.292226 0.381191
0.810864 0.203286 0.362427 0.753378 -0.297518 0.378684
0.810864 0.203286 0.362427 0.753378 -0.297518 0.378684
0.811124 0.202479 0.363321 0.759401 -0.300312 0.390706
0.811124 0.202479 0.363321 0.759401 -0.300312 0.390706
0.811124 0.202479 0.363321 0.759401 -0.300312 0.390706
0.811627 0.203086 0.363410 0.759573 -0.299384 0.394203
0.810881 0.202492 0.362480 0.757676 -0.299014 0.395028
0.811209 0.203127 0.362931 0.756286 -0.297672 0.396013
0.811141 0.203848 0.362510 0.755023 -0.297738 0.394107
0.810873 0.202464 0.362237 0.754994 -0.295946 0.390412
