0.739208 0.157275 1.368069 0.765923 -0.306938 0.370429
0.739208 0.157275 1.368069 0.765923 -0.306938 0.370429
0.738863 0.156809 1.366817 0.767225 -0.302682 0.372866
0.738951 0.157015 1.366616 0.773343 -0.298671 0.385378
0.738951 0.157015 1.366616 0.773343 -0.298671 0.385378
0.739161 0.156824 1.365249 0.788024 -0.296872 0.417625
0.739362 0.154584 1.364696 0.800951 -0.297253 0.450754
0.739362 0.154584 1.364696 0.800951 -0.297253 0.450754
0.738786 0.153788 1.360706 0.817260 -0.296624 0.513408
0.738786 0.153788 1.360706 0.817260 -0.296624 0.513408
0.738862 0.153739 1.360499 0.817614 -0.298501 0.528205
0.738518 0.152764 1.360305 0.812992 -0.297369 0.520253
0.738518 0.152764 1.360305 0.812992 -0.297369 0.520253
0.738494 0.150295 1.360863 0.792907 -0.295945 0.466383
0.738494 0.150295 1.360863 0.792907 -0.295945 0.466383
0.738214 0.148376 1.361365 0.769059 -0.296384 0.396025
0.738460 0.148209 1.361302 0.755741 -0.297507 0.353206
0.738460 0.148209 1.361302 0.755741 -0.297507 0.353206
0.738333 0.147068 1.360773 0.747437 -0.298893 0.316867
0.737491 0.145676 1.358436 0.751546 -0.299710 0.290438
0.737491 0.145676 1.358436 0.751546 -0.299710 0.290438
0.737491 0.145676 1.358436 0.751546 -0.299710 0.290438
0.737611 0.145019 1.358315 0.781295 -0.300590 0.350603
0.737611 0.145019 1.358315 0.781295 -0.300590 0.350603
0.737975 0.144129 1.360213 0.793452 -0.299587 0.412168
0.737960 0.144496 1.360510 0.794013 -0.300002 0.453960
0.737960 0.144496 1.360510 0.794013 -0.300002 0.453960
0.738216 0.143714 1.361598 0.791735 -0.300768 0.493748
0.738118 0.143564 1.362893 0.805608 -0.307903 0.512523
0.738118 0.143564 1.362893 0.805608 -0.307903 0.512523
0.738040 0.142977 1.363299 0.800180 -0.306632 0.489708
0.738178 0.142816 1.363330 0.789321 -0.305175 0.451524
0.738178 0.142816 1.363330 0.789321 -0.305175 0.451524
0.737980 0.143725 1.362862 0.775332 -0.301460 0.407044
0.738609 0.144007 1.362377 0.761570 -0.298036 0.353382
0.737529 0.143861 1.359787 0.747369 -0.294964 0.278057
0.737529 0.143861 1.359787 0.747369 -0.294964 0.278057
0.737604 0.144517 1.360045 0.749933 -0.293075 0.269474
0.738183 0.144890 1.360937 0.765272 -0.289136 0.288873
0.738183 0.144890 1.360937 0.765272 -0.289136 0.288873
0.738191 0.146917 1.361060 0.796613 -0.285608 0.380048
0.738191 0.146917 1.361060 0.796613 -0.285608 0.380048
0.737754 0.146264 1.360942 0.802875 -0.285418 0.426767
0.738200 0.146714 1.362074 0.801994 -0.285441 0.476490
0.738200 0.146714 1.362074 0.801994 -0.285441 0.476490
0.738361 0.148807 1.362470 0.791264 -0.282841 0.505981
0.738361 0.148807 1.362470 0.791264 -0.282841 0.505981
0.738647 0.149718 1.363131 0.792821 -0.288968 0.495284
0.738145 0.149228 1.362983 0.780108 -0.289156 0.453604
0.738145 0.149228 1.362983 0.780108 -0.289156 0.453604
0.738644 0.149415 1.364833 0.752579 -0.287564 0.358868
0.738644 0.149415 1.364833 0.752579 -0.287564 0.358868
0.738091 0.148868 1.363383 0.743433 -0.287315 0.286284
0.738091 0.148868 1.363383 0.743433 -0.287315 0.286284
0.738467 0.149053 1.362297 0.754705 -0.282417 0.285006
0.738467 0.149053 1.362297 0.754705 -0.282417 0.285006
0.738239 0.149365 1.362117 0.767978 -0.278806 0.310520
0.738046 0.149480 1.361703 0.784310 -0.274704 0.350538
0.738046 0.149480 1.361703 0.784310 -0.274704 0.350538
0.738095 0.150004 1.362827 0.804218 -0.274961 0.449371
0.738095 0.150004 1.362827 0.804218 -0.274961 0.449371
0.738095 0.150004 1.362827 0.804218 -0.274961 0.449371
0.739035 0.151496 1.365746 0.789234 -0.274442 0.515576
0.738693 0.151031 1.366360 0.794569 -0.276532 0.514595
0.738426 0.150772 1.365082 0.793865 -0.280607 0.488045
0.737939 0.149822 1.363050 0.773815 -0.283466 0.405387
0.737939 0.149822 1.363050 0.773815 -0.283466 0.405387
0.738812 0.150181 1.363145 0.760332 -0.283138 0.353708
0.738305 0.150843 1.362390 0.754871 -0.281571 0.312606
0.738068 0.150773 1.360726 0.756448 -0.282040 0.280210
0.738068 0.150773 1.360726 0.756448 -0.282040 0.280210
0.738337 0.151203 1.361472 0.770271 -0.277054 0.280535
0.738752 0.150030 1.360689 0.779616 -0.277111 0.306759
0.738752 0.150030 1.360689 0.779616 -0.277111 0.306759
0.738887 0.151216 1.360782 0.793775 -0.276004 0.343812
0.738858 0.150987 1.360529 0.803160 -0.275614 0.381372
0.738858 0.150987 1.360529 0.803160 -0.275614 0.381372
0.739437 0.152173 1.362344 0.806760 -0.264713 0.479038
0.738626 0.150984 1.360920 0.799025 -0.256551 0.519283
0.738485 0.151995 1.360853 0.782723 -0.254712 0.536665
0.738485 0.151995 1.360853 0.782723 -0.254712 0.536665
0.739163 0.153896 1.362363 0.775608 -0.260576 0.527124
0.739184 0.153058 1.363542 0.767711 -0.273624 0.492576
0.739184 0.153058 1.363542 0.767711 -0.273624 0.492576
0.739514 0.154369 1.365027 0.762971 -0.284666 0.436145
0.739289 0.153983 1.365502 0.759126 -0.286058 0.410349
0.739289 0.153983 1.365502 0.759126 -0.286058 0.410349
0.738846 0.153150 1.362201 0.742001 -0.287211 0.301243
0.738486 0.151886 1.359507 0.741200 -0.285000 0.293556
0.738486 0.151886 1.359507 0.741200 -0.285000 0.293556
0.738640 0.151119 1.358702 0.748700 -0.281305 0.325846
0.738640 0.151119 1.358702 0.748700 -0.281305 0.325846
0.738964 0.152292 1.358336 0.778755 -0.278826 0.398452
0.738455 0.151943 1.358736 0.792173 -0.280872 0.447809
0.738455 0.151943 1.358736 0.792173 -0.280872 0.447809
0.738954 0.153104 1.361426 0.779794 -0.274240 0.512593
0.738954 0.153104 1.361426 0.779794 -0.274240 0.512593
0.739285 0.154052 1.366139 0.757221 -0.273755 0.487870
0.739285 0.154052 1.366139 0.757221 -0.273755 0.487870
0.739156 0.153743 1.366497 0.760083 -0.276625 0.447857
0.739010 0.152683 1.366739 0.756660 -0.277199 0.394811
0.739010 0.152683 1.366739 0.756660 -0.277199 0.394811
0.739250 0.152390 1.365996 0.748952 -0.276624 0.348117
0.739057 0.152110 1.364275 0.740443 -0.276651 0.297674
0.738830 0.152043 1.362187 0.736369 -0.275439 0.264813
0.738830 0.152043 1.362187 0.736369 -0.275439 0.264813
0.739067 0.151284 1.361326 0.731997 -0.271966 0.272143
0.738989 0.151191 1.361613 0.745014 -0.274064 0.299963
0.738989 0.151191 1.361613 0.745014 -0.274064 0.299963
0.740984 0.153243 1.361413 0.762552 -0.277447 0.326174
0.740984 0.153243 1.361413 0.762552 -0.277447 0.326174
0.739355 0.153458 1.362395 0.784934 -0.279987 0.378976
0.739715 0.152726 1.364704 0.788972 -0.276689 0.418051
0.739715 0.152726 1.364704 0.788972 -0.276689 0.418051
0.740111 0.153891 1.364817 0.790483 -0.272252 0.441805
0.739479 0.154205 1.362170 0.774475 -0.264786 0.482375
0.739479 0.154205 1.362170 0.774475 -0.264786 0.482375
0.739908 0.154533 1.362623 0.760919 -0.262168 0.483933
0.739908 0.154533 1.362623 0.760919 -0.262168 0.483933
0.740078 0.155100 1.362799 0.746451 -0.266238 0.458500
0.740078 0.155100 1.362799 0.746451 -0.266238 0.458500
0.739315 0.153707 1.362918 0.744563 -0.269870 0.442145
0.739946 0.154153 1.363025 0.743303 -0.272659 0.427621
0.739946 0.154153 1.363025 0.743303 -0.272659 0.427621
0.739729 0.154274 1.364604 0.740293 -0.282900 0.394993
0.739729 0.154274 1.364604 0.740293 -0.282900 0.394993
0.741547 0.153846 1.363880 0.748478 -0.292226 0.381191
0.740864 0.153286 1.362427 0.753378 -0.297518 0.378684
0.740864 0.153286 1.362427 0.753378 -0.297518 0.378684
0.741124 0.152479 1.363321 0.759401 -0.300312 0.390706
0.741124 0.152479 1.363321 0.759401 -0.300312 0.390706
0.741124 0.152479 1.363321 0.759401 -0.300312 0.390706
0.741627 0.153086 1.363410 0.759573 -0.299384 0.394203
0.740881 0.152492 1.362480 0.757676 -0.299014 0.395028
0.741210 0.153127 1.362931 0.756286 -0.297672 0.396013
0.741141 0.153848 1.362510 0.755023 -0.297738 0.394107
0.740873 0.152464 1.362237 0.754994 -0.295946 0.390412
