0.739208 0.157275 1.368069 0.735923 -0.276938 1.370429
0.739208 0.157275 1.368069 0.735923 -0.276938 1.370429
0.738863 0.156809 1.366817 0.737225 -0.272682 1.372866
0.738951 0.157015 1.366616 0.743343 -0.268671 1.385378
0.738951 0.157015 1.366616 0.743343 -0.268671 1.385378
0.739161 0.156824 1.365249 0.758024 -0.266872 1.417625
0.739362 0.154584 1.364696 0.770952 -0.267253 1.450754
0.739362 0.154584 1.364696 0.770952 -0.267253 1.450754
0.738786 0.153788 1.360706 0.787260 -0.266624 1.513408
0.738786 0.153788 1.360706 0.787260 -0.266624 1.513408
0.738862 0.153739 1.360499 0.787614 -0.268501 1.528205
0.738518 0.152764 1.360305 0.782992 -0.267369 1.520253
0.738518 0.152764 1.360305 0.782992 -0.267369 1.520253
0.738494 0.150295 1.360863 0.762908 -0.265945 1.466383
0.738494 0.150295 1.360863 0.762908 -0.265945 1.466383
0.738214 0.148376 1.361365 0.739059 -0.266384 1.396025
0.738460 0.148209 1.361302 0.725741 -0.267507 1.353205
0.738460 0.148209 1.361302 0.725741 -0.267507 1.353205
0.738333 0.147068 1.360773 0.717437 -0.268893 1.316867
0.737491 0.145676 1.358436 0.721546 -0.269710 1.290438
0.737491 0.145676 1.358436 0.721546 -0.269710 1.290438
0.737491 0.145676 1.358436 0.721546 -0.269710 1.290438
0.737611 0.145019 1.358315 0.751295 -0.270590 1.350603
0.737611 0.145019 1.358315 0.751295 -0.270590 1.350603
0.737975 0.144129 1.360213 0.763452 -0.269587 1.412168
0.737960 0.144496 1.360510 0.764013 -0.270002 1.453960
0.737960 0.144496 1.360510 0.764013 -0.270002 1.453960
0.738216 0.143714 1.361598 0.761735 -0.270768 1.493748
0.738118 0.143564 1.362893 0.775608 -0.277903 1.512523
0.738118 0.143564 1.362893 0.775608 -0.277903 1.512523
0.738040 0.142977 1.363299 0.770180 -0.276632 1.489708
0.738178 0.142816 1.363330 0.759321 -0.275175 1.451524
0.738178 0.142816 1.363330 0.759321 -0.275175 1.451524
0.737980 0.143725 1.362862 0.745332 -0.271460 1.407044
0.738609 0.144007 1.362377 0.731570 -0.268036 1.353382
0.737529 0.143861 1.359787 0.717369 -0.264964 1.278057
0.737529 0.143861 1.359787 0.717369 -0.264964 1.278057
0.737604 0.144517 1.360045 0.719933 -0.263075 1.269474
0.738183 0.144890 1.360937 0.735272 -0.259136 1.288873
0.738183 0.144890 1.360937 0.735272 -0.259136 1.288873
0.738191 0.146917 1.361060 0.766613 -0.255608 1.380048
0.738191 0.146917 1.361060 0.766613 -0.255608 1.380048
0.737754 0.146264 1.360942 0.772875 -0.255418 1.426767
0.738200 0.146714 1.362074 0.771994 -0.255441 1.476490
0.738200 0.146714 1.362074 0.771994 -0.255441 1.476490
0.738361 0.148807 1.362470 0.761264 -0.252841 1.505981
0.738361 0.148807 1.362470 0.761264 -0.252841 1.505981
0.738647 0.149718 1.363131 0.762821 -0.258968 1.495284
0.738145 0.149228 1.362983 0.750108 -0.259156 1.453604
0.738145 0.149228 1.362983 0.750108 -0.259156 1.453604
0.738644 0.149415 1.364833 0.722579 -0.257564 1.358868
0.738644 0.149415 1.364833 0.722579 -0.257564 1.358868
0.738091 0.148868 1.363383 0.713433 -0.257315 1.286284
0.738091 0.148868 1.363383 0.713433 -0.257315 1.286284
0.738467 0.149053 1.362297 0.724705 -0.252417 1.285006
0.738467 0.149053 1.362297 0.724705 -0.252417 1.285006
0.738239 0.149365 1.362117 0.737978 -0.248806 1.310520
0.738046 0.149480 1.361703 0.754310 -0.244704 1.350538
0.738046 0.149480 1.361703 0.754310 -0.244704 1.350538
0.738095 0.150004 1.362827 0.774218 -0.244961 1.449371
0.738095 0.150004 1.362827 0.774218 -0.244961 1.449371
0.738095 0.150004 1.362827 0.774218 -0.244961 1.449371
0.739035 0.151496 1.365746 0.759234 -0.244442 1.515576
0.738693 0.151031 1.366360 0.764569 -0.246532 1.514595
0.738426 0.150772 1.365082 0.763865 -0.250607 1.488045
0.737939 0.149822 1.363050 0.743815 -0.253466 1.405387
0.737939 0.149822 1.363050 0.743815 -0.253466 1.405387
0.738812 0.150181 1.363145 0.730332 -0.253138 1.353708
0.738305 0.150843 1.362390 0.724871 -0.251571 1.312606
0.738068 0.150773 1.360726 0.726448 -0.252040 1.280210
0.738068 0.150773 1.360726 0.726448 -0.252040 1.280210
0.738337 0.151203 1.361472 0.740271 -0.247054 1.280535
0.738752 0.150030 1.360689 0.749616 -0.247111 1.306759
0.738752 0.150030 1.360689 0.749616 -0.247111 1.306759
0.738887 0.151216 1.360782 0.763775 -0.246004 1.343812
0.738858 0.150987 1.360529 0.773160 -0.245614 1.381372
0.738858 0.150987 1.360529 0.773160 -0.245614 1.381372
0.739437 0.152173 1.362344 0.776760 -0.234713 1.479038
0.738626 0.150984 1.360920 0.769025 -0.226551 1.519283
0.738485 0.151995 1.360853 0.752723 -0.224712 1.536665
0.738485 0.151995 1.360853 0.752723 -0.224712 1.536665
0.739163 0.153896 1.362363 0.745608 -0.230576 1.527124
0.739184 0.153058 1.363542 0.737711 -0.243624 1.492576
0.739184 0.153058 1.363542 0.737711 -0.243624 1.492576
0.739514 0.154369 1.365027 0.732971 -0.254666 1.436145
0.739289 0.153983 1.365502 0.729127 -0.256058 1.410349
0.739289 0.153983 1.365502 0.729127 -0.256058 1.410349
0.738846 0.153150 1.362201 0.712001 -0.257211 1.301243
0.738486 0.151886 1.359507 0.711200 -0.255000 1.293556
0.738486 0.151886 1.359507 0.711200 -0.255000 1.293556
0.738640 0.151119 1.358702 0.718700 -0.251305 1.325846
0.738640 0.151119 1.358702 0.718700 -0.251305 1.325846
0.738964 0.152292 1.358336 0.748755 -0.248826 1.398452
0.738455 0.151943 1.358736 0.762173 -0.250872 1.447809
0.738455 0.151943 1.358736 0.762173 -0.250872 1.447809
0.738954 0.153104 1.361426 0.749794 -0.244240 1.512593
0.738954 0.153104 1.361426 0.749794 -0.244240 1.512593
0.739285 0.154052 1.366139 0.727221 -0.243755 1.487870
0.739285 0.154052 1.366139 0.727221 -0.243755 1.487870
0.739156 0.153743 1.366497 0.730083 -0.246625 1.447857
0.739010 0.152683 1.366739 0.726660 -0.247199 1.394811
0.739010 0.152683 1.366739 0.726660 -0.247199 1.394811
0.739250 0.152390 1.365996 0.718952 -0.246624 1.348117
0.739057 0.152110 1.364275 0.710443 -0.246651 1.297674
0.738830 0.152043 1.362187 0.706369 -0.245439 1.264813
0.738830 0.152043 1.362187 0.706369 -0.245439 1.264813
0.739067 0.151284 1.361326 0.701997 -0.241966 1.272143
0.738989 0.151191 1.361613 0.715014 -0.244064 1.299963
0.738989 0.151191 1.361613 0.715014 -0.244064 1.299963
0.740984 0.153243 1.361413 0.732552 -0.247447 1.326174
0.740984 0.153243 1.361413 0.732552 -0.247447 1.326174
0.739355 0.153458 1.362395 0.754934 -0.249987 1.378976
0.739715 0.152726 1.364704 0.758972 -0.246689 1.418051
0.739715 0.152726 1.364704 0.758972 -0.246689 1.418051
0.740111 0.153891 1.364817 0.760483 -0.242252 1.441805
0.739479 0.154205 1.362170 0.744475 -0.234786 1.482375
0.739479 0.154205 1.362170 0.744475 -0.234786 1.482375
0.739908 0.154533 1.362623 0.730919 -0.232168 1.483933
0.739908 0.154533 1.362623 0.730919 -0.232168 1.483933
0.740078 0.155100 1.362799 0.716452 -0.236238 1.458500
0.740078 0.155100 1.362799 0.716452 -0.236238 1.458500
0.739315 0.153707 1.362918 0.714563 -0.239870 1.442145
0.739946 0.154153 1.363025 0.713304 -0.242659 1.427621
0.739946 0.154153 1.363025 0.713304 -0.242659 1.427621
0.739729 0.154274 1.364604 0.710293 -0.252900 1.394993
0.739729 0.154274 1.364604 0.710293 -0.252900 1.394993
0.741547 0.153846 1.363880 0.718478 -0.262226 1.381191
0.740864 0.153286 1.362427 0.723378 -0.267518 1.378684
0.740864 0.153286 1.362427 0.723378 -0.267518 1.378684
0.741124 0.152479 1.363321 0.729401 -0.270312 1.390706
0.741124 0.152479 1.363321 0.729401 -0.270312 1.390706
0.741124 0.152479 1.363321 0.729401 -0.270312 1.390706
0.741627 0.153086 1.363410 0.729573 -0.269384 1.394203
0.740881 0.152492 1.362480 0.727676 -0.269014 1.395028
0.741210 0.153127 1.362931 0.726286 -0.267672 1.396013
0.741141 0.153848 1.362510 0.725023 -0.267738 1.394107
0.740873 0.152464 1.362237 0.724994 -0.265946 1.390412
