0.814759 0.183932 0.373656 0.771560 -0.256084 0.379304
0.814759 0.183932 0.373656 0.771560 -0.256084 0.379304
0.814476 0.183373 0.373320 0.770121 -0.254604 0.377603
0.814590 0.182909 0.372680 0.771103 -0.252244 0.380494
0.814590 0.182909 0.372680 0.771103 -0.252244 0.380494
0.814655 0.182456 0.371143 0.789310 -0.247712 0.419657
0.814655 0.182456 0.371143 0.789310 -0.247712 0.419657
0.814155 0.182005 0.370540 0.799373 -0.246855 0.444069
0.814455 0.182131 0.370323 0.806831 -0.247791 0.464174
0.814692 0.181789 0.370799 0.812328 -0.246120 0.480620
0.814692 0.181789 0.370799 0.812328 -0.246120 0.480620
0.814453 0.181262 0.372099 0.811480 -0.249797 0.472018
0.814150 0.181430 0.372637 0.802499 -0.253408 0.440586
0.814437 0.180290 0.372870 0.784640 -0.255516 0.388718
0.814437 0.180290 0.372870 0.784640 -0.255516 0.388718
0.813823 0.179607 0.371703 0.764271 -0.254089 0.326086
0.814056 0.179851 0.368365 0.758429 -0.249027 0.307396
0.812526 0.179117 0.363658 0.762891 -0.242647 0.309923
0.812526 0.179117 0.363658 0.762891 -0.242647 0.309923
0.811842 0.179231 0.360812 0.779277 -0.239200 0.339062
0.811852 0.178650 0.360184 0.801589 -0.239921 0.387625
0.811852 0.178650 0.360184 0.801589 -0.239921 0.387625
0.811852 0.178650 0.360184 0.801589 -0.239921 0.387625
0.811701 0.178951 0.363011 0.837044 -0.242149 0.479040
0.812869 0.180605 0.367024 0.841844 -0.241125 0.504921
0.812869 0.180605 0.367024 0.841844 -0.241125 0.504921
0.812868 0.179920 0.369397 0.838425 -0.244402 0.498819
0.812379 0.180743 0.372362 0.827620 -0.250063 0.464658
0.812379 0.180743 0.372362 0.827620 -0.250063 0.464658
0.812877 0.180025 0.375371 0.809352 -0.254591 0.410772
0.812780 0.180106 0.376928 0.790333 -0.255025 0.360187
0.812780 0.180106 0.376928 0.790333 -0.255025 0.360187
0.811995 0.179317 0.373190 0.765711 -0.253773 0.275037
0.811995 0.179317 0.373190 0.765711 -0.253773 0.275037
0.811901 0.179969 0.369527 0.765746 -0.252017 0.262104
0.812725 0.181553 0.367107 0.779834 -0.248985 0.285749
0.812725 0.181553 0.367107 0.779834 -0.248985 0.285749
0.812688 0.181254 0.366172 0.798359 -0.246602 0.332457
0.812653 0.182278 0.366150 0.814502 -0.243988 0.392553
0.812653 0.182278 0.366150 0.814502 -0.243988 0.392553
0.813068 0.184222 0.367137 0.835978 -0.243206 0.452950
0.813068 0.184222 0.367137 0.835978 -0.243206 0.452950
0.814754 0.184954 0.371379 0.844618 -0.240577 0.504670
0.814754 0.184954 0.371379 0.844618 -0.240577 0.504670
0.815902 0.186132 0.374092 0.835179 -0.240790 0.479720
0.815902 0.186132 0.374092 0.835179 -0.240790 0.479720
0.816336 0.185745 0.378058 0.801895 -0.241869 0.382119
0.816336 0.185745 0.378058 0.801895 -0.241869 0.382119
0.816336 0.185745 0.378058 0.801895 -0.241869 0.382119
0.817292 0.186928 0.378157 0.783852 -0.241867 0.308486
0.816889 0.184995 0.374932 0.779052 -0.241206 0.279028
0.816248 0.186782 0.373423 0.782567 -0.237990 0.273999
0.816248 0.186782 0.373423 0.782567 -0.237990 0.273999
0.816495 0.186826 0.371631 0.791146 -0.231992 0.295560
0.817137 0.187582 0.371527 0.809335 -0.222144 0.342998
0.817137 0.187582 0.371527 0.809335 -0.222144 0.342998
0.817186 0.189513 0.373463 0.830336 -0.208901 0.462346
0.817186 0.189513 0.373463 0.830336 -0.208901 0.462346
0.817564 0.190734 0.374862 0.838205 -0.210298 0.497058
0.817564 0.190734 0.374862 0.838205 -0.210298 0.497058
0.817690 0.191091 0.376479 0.839763 -0.214478 0.504530
0.817690 0.191091 0.376479 0.839763 -0.214478 0.504530
0.817672 0.191819 0.377629 0.834983 -0.217239 0.485560
0.817398 0.191641 0.377681 0.814548 -0.224352 0.420647
0.817386 0.191496 0.377424 0.798083 -0.223938 0.373376
0.817386 0.191496 0.377424 0.798083 -0.223938 0.373376
0.817258 0.190041 0.375710 0.780290 -0.221882 0.320229
0.816533 0.188925 0.372755 0.771943 -0.222801 0.290076
0.816533 0.188925 0.372755 0.771943 -0.222801 0.290076
0.816985 0.189112 0.371182 0.786232 -0.222461 0.306055
0.816985 0.189112 0.371182 0.786232 -0.222461 0.306055
0.816618 0.189231 0.370806 0.802977 -0.221978 0.351763
0.817215 0.189895 0.371215 0.816166 -0.221082 0.389043
0.817890 0.192129 0.374638 0.846733 -0.217633 0.483423
0.817890 0.192129 0.374638 0.846733 -0.217633 0.483423
0.818215 0.192150 0.375767 0.850620 -0.215903 0.504710
0.817664 0.191999 0.375084 0.848421 -0.211377 0.508935
0.817397 0.191568 0.375960 0.822876 -0.217389 0.431623
0.817376 0.189733 0.375740 0.797866 -0.222720 0.368987
0.817376 0.189733 0.375740 0.797866 -0.222720 0.368987
0.817240 0.188977 0.373085 0.779075 -0.223975 0.293783
0.816371 0.186372 0.369916 0.795293 -0.219082 0.271109
0.816371 0.186372 0.369916 0.795293 -0.219082 0.271109
0.816371 0.186372 0.369916 0.795293 -0.219082 0.271109
0.816402 0.186587 0.368983 0.828013 -0.210813 0.345343
0.816402 0.186587 0.368983 0.828013 -0.210813 0.345343
0.816215 0.187191 0.369311 0.838663 -0.211551 0.403666
0.816215 0.187191 0.369311 0.838663 -0.211551 0.403666
0.816049 0.187494 0.370538 0.839999 -0.210900 0.438850
0.816789 0.187822 0.372335 0.848364 -0.209481 0.496453
0.816387 0.185628 0.373857 0.841661 -0.208845 0.486993
0.816374 0.185013 0.373747 0.828957 -0.209049 0.447783
0.816374 0.185013 0.373747 0.828957 -0.209049 0.447783
0.816199 0.185420 0.372532 0.780255 -0.211420 0.299906
0.816199 0.185420 0.372532 0.780255 -0.211420 0.299906
0.815973 0.184713 0.371259 0.764904 -0.212399 0.255070
0.815973 0.184713 0.371259 0.764904 -0.212399 0.255070
0.815554 0.185644 0.369669 0.760623 -0.212751 0.228332
0.815397 0.187416 0.369420 0.763985 -0.210418 0.225378
0.815397 0.187416 0.369420 0.763985 -0.210418 0.225378
0.815269 0.187581 0.369648 0.778094 -0.209374 0.244206
0.815269 0.187581 0.369648 0.778094 -0.209374 0.244206
0.815262 0.188234 0.369601 0.808879 -0.207854 0.323211
0.815262 0.188234 0.369601 0.808879 -0.207854 0.323211
0.815225 0.189260 0.369840 0.818286 -0.206507 0.370788
0.815719 0.189075 0.371415 0.825330 -0.209205 0.425702
0.815719 0.189075 0.371415 0.825330 -0.209205 0.425702
0.814959 0.188915 0.370442 0.839277 -0.213535 0.484699
0.815483 0.188887 0.371592 0.831378 -0.215836 0.483386
0.815483 0.188887 0.371592 0.831378 -0.215836 0.483386
0.815837 0.188767 0.371444 0.803308 -0.219705 0.412119
0.815837 0.188767 0.371444 0.803308 -0.219705 0.412119
0.814975 0.189469 0.370558 0.794749 -0.221926 0.379379
0.814975 0.189469 0.370558 0.794749 -0.221926 0.379379
0.815545 0.189919 0.370269 0.785804 -0.225571 0.351811
0.815545 0.189919 0.370269 0.785804 -0.225571 0.351811
0.815617 0.189577 0.371358 0.781450 -0.227404 0.352831
0.815596 0.188880 0.371760 0.784233 -0.229285 0.358754
0.815596 0.188880 0.371760 0.784233 -0.229285 0.358754
0.815917 0.190138 0.372480 0.790893 -0.231987 0.371854
0.815917 0.190138 0.372480 0.790893 -0.231987 0.371854
0.815747 0.189147 0.371002 0.792558 -0.230676 0.376040
0.815747 0.189147 0.371002 0.792558 -0.230676 0.376040
0.815747 0.189147 0.371002 0.792558 -0.230676 0.376040
0.815525 0.189846 0.370944 0.794548 -0.230905 0.377327
0.815525 0.189846 0.370944 0.794548 -0.230905 0.377327
0.815525 0.189846 0.370944 0.794548 -0.230905 0.377327
0.815650 0.189781 0.372144 0.798706 -0.235636 0.377273
0.815650 0.189781 0.372144 0.798706 -0.235636 0.377273
0.815600 0.189480 0.372563 0.800227 -0.238184 0.378079
0.815600 0.189480 0.372563 0.800227 -0.238184 0.378079
0.815686 0.189540 0.373059 0.800885 -0.240286 0.379246
0.815966 0.190172 0.374339 0.801108 -0.243469 0.379327
0.815838 0.189892 0.374695 0.802781 -0.245975 0.380858
0.815838 0.189892 0.374695 0.802781 -0.245975 0.380858
0.815716 0.188936 0.376538 0.803780 -0.250394 0.384890
0.815716 0.188936 0.376538 0.803780 -0.250394 0.384890
0.815716 0.188936 0.376538 0.803780 -0.250394 0.384890
0.815974 0.188440 0.377396 0.802474 -0.249807 0.387787
0.816220 0.186991 0.378799 0.803114 -0.250725 0.388390
0.815510 0.185926 0.377842 0.803536 -0.250047 0.389277
