0.844993 0.144086 0.401298 0.847648 -0.280124 0.430206
0.845348 0.144072 0.400157 0.852251 -0.277733 0.453001
0.844999 0.144361 0.400167 0.857417 -0.273056 0.486002
0.844999 0.144361 0.400167 0.857417 -0.273056 0.486002
0.844709 0.144200 0.402333 0.859442 -0.268565 0.530703
0.845072 0.144142 0.403420 0.856319 -0.271383 0.516947
0.845072 0.144142 0.403420 0.856319 -0.271383 0.516947
0.844280 0.143277 0.404319 0.831677 -0.280137 0.409499
0.844280 0.143277 0.404319 0.831677 -0.280137 0.409499
0.844305 0.143576 0.403639 0.816723 -0.281617 0.355106
0.844305 0.143576 0.403639 0.816723 -0.281617 0.355106
0.844305 0.143576 0.403639 0.816723 -0.281617 0.355106
0.843573 0.144059 0.397328 0.809685 -0.276421 0.306149
0.843573 0.144059 0.397328 0.809685 -0.276421 0.306149
0.842579 0.144347 0.395321 0.826725 -0.268795 0.330623
0.842794 0.144847 0.395903 0.848220 -0.263949 0.372072
0.842895 0.144912 0.397451 0.868797 -0.258090 0.428860
0.842895 0.144912 0.397451 0.868797 -0.258090 0.428860
0.843382 0.144987 0.399263 0.879139 -0.250874 0.472367
0.843265 0.144639 0.400500 0.883994 -0.247426 0.500770
0.843762 0.145355 0.401745 0.885076 -0.245524 0.507761
0.843269 0.144509 0.402458 0.881506 -0.247450 0.488683
0.843269 0.144509 0.402458 0.881506 -0.247450 0.488683
0.843206 0.142820 0.402645 0.866512 -0.253884 0.426536
0.843206 0.142820 0.402645 0.866512 -0.253884 0.426536
0.842824 0.140776 0.401269 0.833979 -0.262425 0.319977
0.842824 0.140776 0.401269 0.833979 -0.262425 0.319977
0.842275 0.139892 0.397786 0.819395 -0.269113 0.283275
0.842275 0.139892 0.397786 0.819395 -0.269113 0.283275
0.842275 0.139892 0.397786 0.819395 -0.269113 0.283275
0.842929 0.143382 0.396296 0.828748 -0.270261 0.311034
0.842929 0.143382 0.396296 0.828748 -0.270261 0.311034
0.843311 0.143997 0.396106 0.844491 -0.268028 0.350745
0.843474 0.145751 0.397195 0.858267 -0.264022 0.396585
0.843529 0.146884 0.397835 0.866735 -0.262715 0.441796
0.843529 0.146884 0.397835 0.866735 -0.262715 0.441796
0.843861 0.147157 0.399458 0.869899 -0.259580 0.483734
0.843861 0.147157 0.399458 0.869899 -0.259580 0.483734
0.843984 0.144535 0.400248 0.866437 -0.258392 0.507525
0.843984 0.144535 0.400248 0.866437 -0.258392 0.507525
0.844718 0.145036 0.402974 0.851962 -0.267902 0.463972
0.844718 0.145036 0.402974 0.851962 -0.267902 0.463972
0.844497 0.141645 0.405856 0.818697 -0.278786 0.364313
0.844963 0.139001 0.405506 0.798965 -0.279351 0.312374
0.844407 0.137694 0.402586 0.789811 -0.277598 0.287886
0.844407 0.137694 0.402586 0.789811 -0.277598 0.287886
0.844282 0.138527 0.399584 0.802539 -0.270902 0.296808
0.844282 0.138527 0.399584 0.802539 -0.270902 0.296808
0.845081 0.139749 0.398088 0.824524 -0.268579 0.338922
0.844536 0.139167 0.398803 0.842851 -0.266544 0.387507
0.844942 0.140559 0.400261 0.857865 -0.262334 0.445870
0.844942 0.140559 0.400261 0.857865 -0.262334 0.445870
0.845666 0.141024 0.402399 0.862449 -0.259533 0.490691
0.845666 0.141024 0.402399 0.862449 -0.259533 0.490691
0.845034 0.140293 0.404641 0.862675 -0.257013 0.512535
0.845567 0.140927 0.407743 0.849059 -0.273681 0.469745
0.845567 0.140927 0.407743 0.849059 -0.273681 0.469745
0.844971 0.139168 0.408321 0.831931 -0.283768 0.410906
0.844971 0.139168 0.408321 0.831931 -0.283768 0.410906
0.844493 0.138550 0.408070 0.812148 -0.286393 0.356095
0.845286 0.139105 0.405518 0.791270 -0.283471 0.302947
0.845962 0.139432 0.400464 0.781387 -0.278026 0.272921
0.843877 0.140464 0.394081 0.793186 -0.266810 0.281303
0.843877 0.140464 0.394081 0.793186 -0.266810 0.281303
0.844549 0.141944 0.392819 0.815352 -0.261958 0.318845
0.844549 0.141944 0.392819 0.815352 -0.261958 0.318845
0.844732 0.142471 0.392145 0.839070 -0.256504 0.371893
0.845182 0.144596 0.397764 0.864734 -0.253238 0.482550
0.845564 0.144788 0.403843 0.863178 -0.253529 0.510880
0.845564 0.144788 0.403843 0.863178 -0.253529 0.510880
0.845564 0.144788 0.403843 0.863178 -0.253529 0.510880
0.844661 0.142472 0.407969 0.834788 -0.274968 0.406908
0.844661 0.142472 0.407969 0.834788 -0.274968 0.406908
0.844349 0.141048 0.407817 0.816425 -0.280789 0.352954
0.844630 0.141276 0.408463 0.803043 -0.280404 0.308666
0.844630 0.141276 0.408463 0.803043 -0.280404 0.308666
0.845293 0.141750 0.402617 0.790596 -0.271946 0.269152
0.843751 0.142799 0.398623 0.808605 -0.260157 0.288900
0.843751 0.142799 0.398623 0.808605 -0.260157 0.288900
0.845245 0.144706 0.395788 0.854135 -0.252076 0.377898
0.845245 0.144706 0.395788 0.854135 -0.252076 0.377898
0.845347 0.144696 0.395689 0.867957 -0.251933 0.424471
0.845347 0.144696 0.395689 0.867957 -0.251933 0.424471
0.845694 0.146484 0.397786 0.877549 -0.253366 0.487532
0.845694 0.146484 0.397786 0.877549 -0.253366 0.487532
0.846476 0.145646 0.403526 0.872784 -0.252223 0.515435
0.846476 0.145646 0.403526 0.872784 -0.252223 0.515435
0.845635 0.146021 0.404940 0.865134 -0.254733 0.493399
0.845601 0.143492 0.407422 0.854835 -0.258588 0.455973
0.844836 0.141243 0.408554 0.835024 -0.262415 0.395859
0.845106 0.141189 0.409183 0.815420 -0.260835 0.343374
0.845106 0.141189 0.409183 0.815420 -0.260835 0.343374
0.847327 0.141022 0.404782 0.779814 -0.258217 0.255478
0.847327 0.141022 0.404782 0.779814 -0.258217 0.255478
0.847670 0.142893 0.401719 0.781023 -0.252952 0.254007
0.849087 0.144566 0.400659 0.794283 -0.250488 0.273347
0.849087 0.144566 0.400659 0.794283 -0.250488 0.273347
0.848940 0.145148 0.398537 0.811582 -0.251002 0.305619
0.847915 0.146721 0.397744 0.831651 -0.251084 0.354785
0.847915 0.146721 0.397744 0.831651 -0.251084 0.354785
0.847418 0.147669 0.398814 0.844953 -0.248880 0.403905
0.847418 0.147669 0.398814 0.844953 -0.248880 0.403905
0.848203 0.149038 0.402777 0.851928 -0.246309 0.461849
0.848203 0.149038 0.402777 0.851928 -0.246309 0.461849
0.848633 0.150995 0.405038 0.849830 -0.251958 0.474512
0.848783 0.150873 0.406062 0.847001 -0.256912 0.467872
0.848356 0.151081 0.406301 0.842051 -0.265527 0.449994
0.848356 0.151081 0.406301 0.842051 -0.265527 0.449994
0.848933 0.149249 0.407844 0.835990 -0.272297 0.426697
0.849693 0.149833 0.407407 0.831432 -0.275668 0.406815
0.849693 0.149833 0.407407 0.831432 -0.275668 0.406815
0.850246 0.148794 0.405654 0.826469 -0.284210 0.380763
0.850580 0.149762 0.405994 0.827143 -0.285769 0.377137
0.851682 0.150489 0.406570 0.827408 -0.288478 0.376865
