0.735105 0.153543 1.381935 0.833344 -0.298042 0.389346
0.735200 0.153420 1.380840 0.832062 -0.296159 0.384428
0.735200 0.153420 1.380840 0.832062 -0.296159 0.384428
0.735290 0.153183 1.381429 0.838007 -0.289629 0.395504
0.735290 0.153183 1.381429 0.838007 -0.289629 0.395504
0.735070 0.153761 1.380383 0.864521 -0.271603 0.469075
0.735070 0.153761 1.380383 0.864521 -0.271603 0.469075
0.734810 0.153800 1.381542 0.871532 -0.267941 0.503561
0.735134 0.154151 1.385234 0.871349 -0.268126 0.511905
0.735134 0.154151 1.385234 0.871349 -0.268126 0.511905
0.734798 0.153906 1.385701 0.867114 -0.269519 0.487069
0.734532 0.153714 1.385212 0.858649 -0.271560 0.451158
0.735118 0.153908 1.384699 0.844959 -0.274592 0.401039
0.734691 0.153135 1.382371 0.828506 -0.276373 0.348926
0.734691 0.153135 1.382371 0.828506 -0.276373 0.348926
0.733744 0.153088 1.378302 0.815418 -0.276325 0.308705
0.734175 0.154617 1.377085 0.817499 -0.271044 0.311656
0.734480 0.155036 1.377021 0.839026 -0.269326 0.342058
0.734480 0.155036 1.377021 0.839026 -0.269326 0.342058
0.734432 0.155819 1.378620 0.852488 -0.265423 0.378969
0.734486 0.154450 1.381917 0.881694 -0.258704 0.474974
0.734627 0.153807 1.382704 0.886088 -0.254849 0.502637
0.734549 0.152845 1.382462 0.886383 -0.251473 0.515353
0.734549 0.152845 1.382462 0.886383 -0.251473 0.515353
0.734307 0.151961 1.382568 0.877025 -0.250807 0.477616
0.734307 0.151961 1.382568 0.877025 -0.250807 0.477616
0.733953 0.151257 1.382346 0.862963 -0.253874 0.428088
0.734322 0.151386 1.382037 0.830070 -0.265838 0.310794
0.733481 0.151604 1.381055 0.820318 -0.272301 0.281742
0.734000 0.152219 1.380881 0.822517 -0.271263 0.281140
0.734446 0.154077 1.381086 0.831579 -0.264080 0.301592
0.734446 0.154077 1.381086 0.831579 -0.264080 0.301592
0.734448 0.156427 1.380430 0.864021 -0.242177 0.395908
0.734448 0.156427 1.380430 0.864021 -0.242177 0.395908
0.734864 0.158062 1.381602 0.880544 -0.228580 0.455992
0.735039 0.160334 1.382090 0.886945 -0.221899 0.496490
0.735462 0.160044 1.383634 0.888167 -0.220915 0.519689
0.735432 0.160218 1.384309 0.885625 -0.226519 0.520544
0.735432 0.160218 1.384309 0.885625 -0.226519 0.520544
0.734846 0.156546 1.387102 0.858439 -0.256907 0.430382
0.734846 0.156546 1.387102 0.858439 -0.256907 0.430382
0.734719 0.156170 1.387609 0.834446 -0.263838 0.370434
0.734901 0.153960 1.387677 0.819002 -0.262007 0.325932
0.734493 0.152695 1.384395 0.806766 -0.263232 0.288213
0.734030 0.151307 1.381107 0.804759 -0.263634 0.281798
0.734030 0.151307 1.381107 0.804759 -0.263634 0.281798
0.736473 0.152109 1.379586 0.818351 -0.264597 0.309203
0.735905 0.152507 1.378286 0.852359 -0.268474 0.390887
0.735905 0.152507 1.378286 0.852359 -0.268474 0.390887
0.735905 0.152507 1.378286 0.852359 -0.268474 0.390887
0.735201 0.154440 1.380769 0.874951 -0.260094 0.478519
0.735201 0.154440 1.380769 0.874951 -0.260094 0.478519
0.735097 0.153787 1.382065 0.877122 -0.257096 0.498952
0.735852 0.155366 1.384191 0.875629 -0.260326 0.499121
0.735852 0.155366 1.384191 0.875629 -0.260326 0.499121
0.735058 0.153894 1.385820 0.858203 -0.264212 0.433948
0.735834 0.149545 1.386988 0.815813 -0.267265 0.310172
0.735834 0.149545 1.386988 0.815813 -0.267265 0.310172
0.736538 0.149512 1.384507 0.802835 -0.269762 0.271853
0.735625 0.148553 1.380654 0.799334 -0.270260 0.262360
0.735908 0.152060 1.383140 0.877757 -0.258353 0.515095
0.735908 0.152060 1.383140 0.877757 -0.258353 0.515095
0.735359 0.152223 1.383533 0.868846 -0.257166 0.483290
0.734811 0.151079 1.384523 0.851468 -0.257362 0.426314
0.734811 0.151079 1.384523 0.851468 -0.257362 0.426314
0.734909 0.149629 1.385470 0.832033 -0.258290 0.373449
0.735380 0.150403 1.383800 0.814423 -0.257654 0.325208
0.735380 0.150403 1.383800 0.814423 -0.257654 0.325208
0.736214 0.152625 1.379383 0.799581 -0.264114 0.259645
0.736866 0.153436 1.379683 0.813229 -0.264889 0.283565
0.736866 0.153436 1.379683 0.813229 -0.264889 0.283565
0.735775 0.154309 1.380141 0.841556 -0.269319 0.351551
0.735775 0.154309 1.380141 0.841556 -0.269319 0.351551
0.736659 0.156123 1.382160 0.855850 -0.270755 0.389093
0.737588 0.157725 1.383466 0.865872 -0.272295 0.426638
0.737929 0.160216 1.382193 0.871022 -0.274646 0.469856
0.737929 0.160216 1.382193 0.871022 -0.274646 0.469856
0.737652 0.161318 1.381052 0.867874 -0.274386 0.472242
0.737652 0.161318 1.381052 0.867874 -0.274386 0.472242
0.737718 0.159482 1.382287 0.857506 -0.274034 0.447281
0.738347 0.159791 1.382618 0.853408 -0.274124 0.432233
0.737760 0.159090 1.382753 0.847325 -0.274774 0.413292
0.737760 0.159090 1.382753 0.847325 -0.274774 0.413292
0.738629 0.159652 1.382430 0.839282 -0.279442 0.383844
0.738629 0.159652 1.382430 0.839282 -0.279442 0.383844
0.738148 0.159795 1.382824 0.837900 -0.282940 0.375909
0.738268 0.159250 1.383187 0.839333 -0.286469 0.376031
0.738268 0.159250 1.383187 0.839333 -0.286469 0.376031
0.738144 0.159721 1.382542 0.840422 -0.286755 0.379536
0.738097 0.159032 1.381855 0.842141 -0.287551 0.384787
0.738594 0.159398 1.381432 0.845406 -0.287254 0.392868
0.738701 0.159220 1.382039 0.846734 -0.287102 0.397857
0.738696 0.159013 1.381936 0.846486 -0.286625 0.400345
0.738696 0.159013 1.381936 0.846486 -0.286625 0.400345
0.738620 0.159022 1.382442 0.846986 -0.286148 0.401074
0.738620 0.159022 1.382442 0.846986 -0.286148 0.401074
