0.738028 0.149259 1.361151 0.760177 -0.280535 0.378080
0.738519 0.150314 1.359669 0.774717 -0.279963 0.409391
0.738519 0.150314 1.359669 0.774717 -0.279963 0.409391
0.737648 0.149821 1.360412 0.782734 -0.280494 0.441399
0.738134 0.149252 1.361058 0.788741 -0.279023 0.462117
0.738305 0.149770 1.361887 0.795417 -0.277970 0.476559
0.738305 0.149770 1.361887 0.795417 -0.277970 0.476559
0.738075 0.148830 1.363480 0.794514 -0.279057 0.462412
0.738075 0.148830 1.363480 0.794514 -0.279057 0.462412
0.737886 0.149201 1.364084 0.785015 -0.281030 0.432136
0.737886 0.149201 1.364084 0.785015 -0.281030 0.432136
0.738115 0.148699 1.365701 0.767141 -0.283758 0.384550
0.738231 0.149120 1.364576 0.750486 -0.283259 0.324107
0.737434 0.148216 1.362664 0.746810 -0.278855 0.296162
0.737434 0.148216 1.362664 0.746810 -0.278855 0.296162
0.737229 0.148973 1.361285 0.756054 -0.272402 0.296578
0.737346 0.149535 1.360154 0.773587 -0.267651 0.323817
0.736972 0.150012 1.359686 0.791154 -0.269264 0.361492
0.736972 0.150012 1.359686 0.791154 -0.269264 0.361492
0.738099 0.150850 1.361091 0.810178 -0.269266 0.449796
0.738099 0.150850 1.361091 0.810178 -0.269266 0.449796
0.738326 0.150092 1.362991 0.808164 -0.266616 0.475266
0.738387 0.149820 1.365997 0.810700 -0.271123 0.495960
0.738387 0.149820 1.365997 0.810700 -0.271123 0.495960
0.737839 0.149306 1.366391 0.799009 -0.278587 0.450905
0.737857 0.148215 1.367071 0.782584 -0.281314 0.397399
0.737555 0.148818 1.362434 0.754284 -0.274244 0.296628
0.737555 0.148818 1.362434 0.754284 -0.274244 0.296628
0.737555 0.148818 1.362434 0.754284 -0.274244 0.296628
0.736690 0.147999 1.360306 0.746471 -0.269272 0.266056
0.737268 0.149492 1.359253 0.755934 -0.263758 0.263497
0.737428 0.149959 1.358263 0.773082 -0.261433 0.289543
0.737428 0.149959 1.358263 0.773082 -0.261433 0.289543
0.737565 0.150022 1.358264 0.798524 -0.265658 0.339981
0.737371 0.149696 1.359310 0.816723 -0.266776 0.401399
0.737371 0.149696 1.359310 0.816723 -0.266776 0.401399
0.738086 0.150348 1.362794 0.809159 -0.263316 0.484763
0.738086 0.150348 1.362794 0.809159 -0.263316 0.484763
0.738060 0.150219 1.363199 0.806133 -0.262869 0.480037
0.738060 0.150219 1.363199 0.806133 -0.262869 0.480037
0.737549 0.148688 1.363358 0.791255 -0.268856 0.406129
0.737549 0.148688 1.363358 0.791255 -0.268856 0.406129
0.737549 0.148688 1.363358 0.791255 -0.268856 0.406129
0.738461 0.149263 1.363458 0.779650 -0.269140 0.332335
0.738206 0.149274 1.359920 0.772553 -0.266534 0.284986
0.738206 0.149274 1.359920 0.772553 -0.266534 0.284986
0.737274 0.148820 1.357476 0.772106 -0.264830 0.259602
0.738455 0.150587 1.357181 0.788576 -0.260959 0.279258
0.738455 0.150587 1.357181 0.788576 -0.260959 0.279258
0.738763 0.150403 1.358003 0.804682 -0.258600 0.314485
0.738435 0.149616 1.358756 0.820739 -0.256741 0.369577
0.738435 0.149616 1.358756 0.820739 -0.256741 0.369577
0.738547 0.149445 1.361419 0.826929 -0.254123 0.452854
0.738547 0.149445 1.361419 0.826929 -0.254123 0.452854
0.738327 0.148449 1.363092 0.816497 -0.256400 0.468571
0.738327 0.148449 1.363092 0.816497 -0.256400 0.468571
0.738309 0.149125 1.364622 0.801830 -0.261379 0.451385
0.738110 0.148471 1.366226 0.781384 -0.267066 0.372443
0.738110 0.148471 1.366226 0.781384 -0.267066 0.372443
0.738110 0.148471 1.366226 0.781384 -0.267066 0.372443
0.738517 0.148869 1.363968 0.763431 -0.263915 0.278353
0.737534 0.148592 1.362192 0.760067 -0.261578 0.250609
0.737534 0.148592 1.362192 0.760067 -0.261578 0.250609
0.738303 0.148936 1.361213 0.764340 -0.258443 0.244560
0.739419 0.149184 1.360488 0.776517 -0.252964 0.265789
0.739419 0.149184 1.360488 0.776517 -0.252964 0.265789
0.738815 0.148655 1.360265 0.788765 -0.249043 0.302086
0.738574 0.149208 1.360208 0.799944 -0.247744 0.349483
0.738574 0.149208 1.360208 0.799944 -0.247744 0.349483
0.738078 0.149231 1.362251 0.811162 -0.245654 0.467569
0.738078 0.149231 1.362251 0.811162 -0.245654 0.467569
0.738364 0.147815 1.362734 0.814581 -0.248134 0.483167
0.738364 0.147815 1.362734 0.814581 -0.248134 0.483167
0.738150 0.147461 1.363712 0.811342 -0.247649 0.475298
0.738045 0.147327 1.364071 0.797058 -0.248907 0.438387
0.737998 0.146911 1.364984 0.784385 -0.250830 0.395529
0.737998 0.146911 1.364984 0.784385 -0.250830 0.395529
0.739163 0.147178 1.362374 0.766002 -0.250090 0.304281
0.739163 0.147178 1.362374 0.766002 -0.250090 0.304281
0.738755 0.147348 1.360065 0.761554 -0.249927 0.268625
0.738404 0.147235 1.358312 0.759139 -0.245670 0.249131
0.738404 0.147235 1.358312 0.759139 -0.245670 0.249131
0.740450 0.148539 1.358683 0.768013 -0.239151 0.270592
0.740450 0.148539 1.358683 0.768013 -0.239151 0.270592
0.739611 0.147326 1.359080 0.788824 -0.239541 0.330101
0.739101 0.147609 1.359782 0.802338 -0.239329 0.377614
0.739101 0.147609 1.359782 0.802338 -0.239329 0.377614
0.738609 0.148771 1.360723 0.813803 -0.239208 0.456561
0.738259 0.148000 1.360528 0.812946 -0.248023 0.469792
0.738595 0.147861 1.360968 0.803990 -0.251493 0.446637
0.738243 0.147160 1.361438 0.793561 -0.253799 0.410088
0.738243 0.147160 1.361438 0.793561 -0.253799 0.410088
0.737937 0.146889 1.361665 0.777278 -0.253060 0.356048
0.738704 0.147389 1.359668 0.752535 -0.251800 0.266082
0.738704 0.147389 1.359668 0.752535 -0.251800 0.266082
0.737499 0.147567 1.359307 0.744541 -0.252011 0.236466
0.737499 0.147567 1.359307 0.744541 -0.252011 0.236466
0.739461 0.147927 1.359691 0.743685 -0.247189 0.229662
0.740577 0.147022 1.359337 0.760036 -0.244823 0.255274
0.740577 0.147022 1.359337 0.760036 -0.244823 0.255274
0.739058 0.147139 1.359309 0.779384 -0.242737 0.300170
0.739708 0.148263 1.360603 0.794929 -0.243559 0.344818
0.739708 0.148263 1.360603 0.794929 -0.243559 0.344818
0.738777 0.147941 1.361112 0.812778 -0.245645 0.428316
0.738601 0.148072 1.361627 0.814713 -0.246937 0.458744
0.738191 0.149211 1.361498 0.815741 -0.247407 0.480945
0.738191 0.149211 1.361498 0.815741 -0.247407 0.480945
0.738842 0.148920 1.362582 0.805728 -0.252306 0.457662
0.738842 0.148920 1.362582 0.805728 -0.252306 0.457662
0.738448 0.147579 1.362646 0.793135 -0.253289 0.423120
0.738448 0.147579 1.362646 0.793135 -0.253289 0.423120
0.740896 0.149337 1.361234 0.776032 -0.252423 0.356928
0.740896 0.149337 1.361234 0.776032 -0.252423 0.356928
0.741037 0.149191 1.360587 0.776215 -0.253683 0.350400
0.741037 0.149191 1.360587 0.776215 -0.253683 0.350400
0.740962 0.150000 1.359633 0.779434 -0.256514 0.344922
