0.845105 0.143543 0.401935 0.833344 -0.298042 0.389346
0.845200 0.143420 0.400840 0.832062 -0.296159 0.384428
0.845200 0.143420 0.400840 0.832062 -0.296159 0.384428
0.845290 0.143183 0.401429 0.838007 -0.289629 0.395504
0.845290 0.143183 0.401429 0.838007 -0.289629 0.395504
0.845070 0.143761 0.400383 0.864521 -0.271603 0.469075
0.845070 0.143761 0.400383 0.864521 -0.271603 0.469075
0.844810 0.143800 0.401542 0.871532 -0.267941 0.503561
0.845134 0.144151 0.405234 0.871349 -0.268126 0.511905
0.845134 0.144151 0.405234 0.871349 -0.268126 0.511905
0.844798 0.143906 0.405701 0.867114 -0.269519 0.487069
0.844532 0.143714 0.405212 0.858649 -0.271560 0.451158
0.845118 0.143908 0.404699 0.844959 -0.274592 0.401039
0.844691 0.143135 0.402371 0.828506 -0.276373 0.348926
0.844691 0.143135 0.402371 0.828506 -0.276373 0.348926
0.843744 0.143088 0.398302 0.815418 -0.276325 0.308705
0.844175 0.144617 0.397085 0.817499 -0.271044 0.311656
0.844480 0.145036 0.397021 0.839026 -0.269326 0.342058
0.844480 0.145036 0.397021 0.839026 -0.269326 0.342058
0.844432 0.145819 0.398620 0.852488 -0.265423 0.378969
0.844486 0.144450 0.401917 0.881694 -0.258704 0.474974
0.844627 0.143807 0.402704 0.886088 -0.254849 0.502637
0.844549 0.142845 0.402462 0.886383 -0.251473 0.515353
0.844549 0.142845 0.402462 0.886383 -0.251473 0.515353
0.844307 0.141961 0.402568 0.877025 -0.250807 0.477616
0.844307 0.141961 0.402568 0.877025 -0.250807 0.477616
0.843953 0.141257 0.402346 0.862963 -0.253874 0.428088
0.844322 0.141386 0.402037 0.830070 -0.265838 0.310794
0.843481 0.141604 0.401055 0.820318 -0.272301 0.281742
0.844000 0.142219 0.400881 0.822517 -0.271263 0.281140
0.844446 0.144077 0.401086 0.831579 -0.264080 0.301592
0.844446 0.144077 0.401086 0.831579 -0.264080 0.301592
0.844448 0.146427 0.400430 0.864021 -0.242177 0.395908
0.844448 0.146427 0.400430 0.864021 -0.242177 0.395908
0.844864 0.148062 0.401602 0.880544 -0.228580 0.455992
0.845039 0.150334 0.402090 0.886945 -0.221899 0.496490
0.845462 0.150044 0.403634 0.888167 -0.220915 0.519689
0.845432 0.150218 0.404309 0.885625 -0.226519 0.520544
0.845432 0.150218 0.404309 0.885625 -0.226519 0.520544
0.844846 0.146546 0.407102 0.858439 -0.256907 0.430382
0.844846 0.146546 0.407102 0.858439 -0.256907 0.430382
0.844719 0.146170 0.407609 0.834446 -0.263838 0.370434
0.844901 0.143960 0.407677 0.819002 -0.262007 0.325932
0.844493 0.142695 0.404395 0.806766 -0.263232 0.288213
0.844030 0.141307 0.401107 0.804759 -0.263634 0.281798
0.844030 0.141307 0.401107 0.804759 -0.263634 0.281798
0.846473 0.142109 0.399586 0.818351 -0.264597 0.309203
0.845905 0.142507 0.398286 0.852359 -0.268474 0.390887
0.845905 0.142507 0.398286 0.852359 -0.268474 0.390887
0.845905 0.142507 0.398286 0.852359 -0.268474 0.390887
0.845201 0.144440 0.400770 0.874951 -0.260094 0.478519
0.845201 0.144440 0.400770 0.874951 -0.260094 0.478519
0.845097 0.143787 0.402065 0.877122 -0.257096 0.498952
0.845852 0.145366 0.404191 0.875629 -0.260326 0.499121
0.845852 0.145366 0.404191 0.875629 -0.260326 0.499121
0.845058 0.143894 0.405820 0.858203 -0.264212 0.433948
0.845834 0.139545 0.406988 0.815813 -0.267265 0.310172
0.845834 0.139545 0.406988 0.815813 -0.267265 0.310172
0.846538 0.139512 0.404507 0.802835 -0.269762 0.271853
0.845625 0.138553 0.400654 0.799334 -0.270260 0.262360
0.845908 0.142060 0.403140 0.877757 -0.258353 0.515095
0.845908 0.142060 0.403140 0.877757 -0.258353 0.515095
0.845359 0.142223 0.403533 0.868846 -0.257166 0.483290
0.844811 0.141079 0.404523 0.851468 -0.257362 0.426314
0.844811 0.141079 0.404523 0.851468 -0.257362 0.426314
0.844909 0.139629 0.405470 0.832033 -0.258290 0.373449
0.845380 0.140403 0.403800 0.814423 -0.257654 0.325208
0.845380 0.140403 0.403800 0.814423 -0.257654 0.325208
0.846214 0.142625 0.399383 0.799581 -0.264114 0.259645
0.846866 0.143436 0.399683 0.813229 -0.264889 0.283565
0.846866 0.143436 0.399683 0.813229 -0.264889 0.283565
0.845775 0.144309 0.400141 0.841556 -0.269319 0.351551
0.845775 0.144309 0.400141 0.841556 -0.269319 0.351551
0.846659 0.146123 0.402160 0.855850 -0.270755 0.389093
0.847588 0.147725 0.403466 0.865872 -0.272295 0.426638
0.847929 0.150216 0.402193 0.871022 -0.274646 0.469856
0.847929 0.150216 0.402193 0.871022 -0.274646 0.469856
0.847652 0.151318 0.401052 0.867874 -0.274386 0.472242
0.847652 0.151318 0.401052 0.867874 -0.274386 0.472242
0.847718 0.149482 0.402287 0.857506 -0.274034 0.447281
0.848347 0.149791 0.402618 0.853408 -0.274124 0.432233
0.847760 0.149090 0.402753 0.847325 -0.274774 0.413292
0.847760 0.149090 0.402753 0.847325 -0.274774 0.413292
0.848629 0.149652 0.402430 0.839282 -0.279442 0.383844
0.848629 0.149652 0.402430 0.839282 -0.279442 0.383844
0.848148 0.149795 0.402824 0.837900 -0.282940 0.375909
0.848268 0.149250 0.403187 0.839333 -0.286469 0.376031
0.848268 0.149250 0.403187 0.839333 -0.286469 0.376031
0.848144 0.149721 0.402542 0.840422 -0.286755 0.379536
0.848097 0.149032 0.401855 0.842141 -0.287551 0.384787
0.848594 0.149398 0.401432 0.845406 -0.287254 0.392868
0.848701 0.149220 0.402039 0.846734 -0.287102 0.397857
0.848696 0.149013 0.401936 0.846486 -0.286625 0.400345
0.848696 0.149013 0.401936 0.846486 -0.286625 0.400345
0.848620 0.149022 0.402442 0.846986 -0.286148 0.401074
0.848620 0.149022 0.402442 0.846986 -0.286148 0.401074
