0 0.060399 0 0.037154 0 0 0 0 0.097553
0 0.06768 0 0.032535 0 0 0 0 0.100215
0 0.072038 0 0.039045 0 0 0 0 0.111083
0 0.072409 0 0.033501 0 0 0 0 0.10591
0 0.072016 0 0.046039 0 0 0 0 0.118055
0 0.072381 0 0.039461 0 0 0 0 0.111842
0 0.073061 0 0.039068 0 0 0 0 0.112129
0 0.071965 0 0.033672 0 0 0 0 0.105637
0 0.074712 0 0.059891 0 0 0 0 0.134603
0 0.072533 0 0.069089 0 0 0 0 0.141622
0 0.07219 0 0.075743 0 0 0 0 0.147933
0 0.072355 0 0.074697 0 0 0 0 0.147052
0 0.073271 0 0.122145 0 0 0 0 0.195416
0 0.071391 0 0.135157 0 0 0 0 0.206548
0 0.071258 0 0.104173 0 0 0 0 0.175431
