-2.174810320138931274e-01 -1.739867687225341797e+00
-2.873051166534423828e-01 -1.159877896308898926e+00
-2.456382662057876587e-01 -1.319757819175720215e+00
-4.898970723152160645e-01 -1.649389266967773438e+00
-1.253721266984939575e-01 -1.434960484504699707e+00
-3.354884982109069824e-01 -1.346269607543945312e+00
-5.962815880775451660e-01 -1.770463943481445312e+00
-2.239259630441665649e-01 -9.975314736366271973e-01
-3.847330808639526367e-01 -1.458756446838378906e+00
-3.012609481811523438e-01 -1.697834730148315430e+00
-4.646951556205749512e-01 -1.476564526557922363e+00
-3.974558711051940918e-01 -1.321971893310546875e+00
-3.047750592231750488e-01 -9.513038396835327148e-01
-4.080196619033813477e-01 -1.361034631729125977e+00
-1.451332122087478638e-01 -1.308903932571411133e+00
-4.554671049118041992e-01 -1.604706525802612305e+00
-2.685084342956542969e-01 -1.014213442802429199e+00
-3.358093500137329102e-01 -1.383489131927490234e+00
-1.324543505907058716e-01 -1.575506806373596191e+00
-2.276201993227005005e-01 -1.279848933219909668e+00
-4.085491299629211426e-01 -1.480658769607543945e+00
-4.592797160148620605e-01 -1.740512847900390625e+00
-3.581238389015197754e-01 -1.263841986656188965e+00
-4.708586931228637695e-01 -1.275187015533447266e+00
-3.363102078437805176e-01 -1.889187216758728027e+00
-6.632490456104278564e-02 -1.248022913932800293e+00
-3.443734645843505859e-01 -1.287804603576660156e+00
-2.027525454759597778e-01 -1.162385940551757812e+00
-3.618054986000061035e-01 -1.306501626968383789e+00
-3.060818910598754883e-01 -1.222542762756347656e+00
-4.224559068679809570e-01 -1.389947175979614258e+00
-1.470691114664077759e-01 -1.252968668937683105e+00
-2.490055710077285767e-01 -1.462987303733825684e+00
-4.419015049934387207e-01 -1.575524926185607910e+00
-1.218807846307754517e-01 -9.228222370147705078e-01
-2.485132962465286255e-01 -1.115464210510253906e+00
-1.471959501504898071e-01 -1.116479992866516113e+00
-3.476557135581970215e-01 -1.228036880493164062e+00
-3.429717421531677246e-01 -1.615206241607666016e+00
-8.733911812305450439e-02 -9.986491799354553223e-01
-2.796239852905273438e-01 -8.298835754394531250e-01
-7.557041943073272705e-02 -1.316922664642333984e+00
-4.070588350296020508e-01 -1.447868585586547852e+00
-5.331066250801086426e-01 -1.477308511734008789e+00
-3.880132436752319336e-01 -1.501017689704895020e+00
-4.979894161224365234e-01 -1.247553348541259766e+00
-4.304965734481811523e-01 -1.523936271667480469e+00
-2.177539616823196411e-01 -9.394546747207641602e-01
-4.759674072265625000e-01 -1.540750741958618164e+00
-1.319186240434646606e-01 -1.050730347633361816e+00
1.468162238597869873e-02 -1.097344279289245605e+00
-2.989962697029113770e-01 -1.609174609184265137e+00
-3.046339154243469238e-01 -1.345422506332397461e+00
-5.330084562301635742e-01 -1.328198194503784180e+00
-1.338346153497695923e-01 -1.294030189514160156e+00
-3.886703252792358398e-01 -9.270687699317932129e-01
-3.607519268989562988e-01 -1.289237737655639648e+00
-1.745588928461074829e-01 -9.433860778808593750e-01
-1.179140955209732056e-01 -1.195053696632385254e+00
-2.806746959686279297e-01 -1.149124622344970703e+00
