0 0.063576 0 0.038925 0 0 0 0 0.102501
0 0.078211 0 0.033988 0 0 0 0 0.112199
0 0.078312 0 0.040811 0 0 0 0 0.119123
0 0.078316 0 0.034885 0 0 0 0 0.113201
0 0.078614 0 0.048137 0 0 0 0 0.126751
0 0.078759 0 0.041194 0 0 0 0 0.119953
0 0.078507 0 0.040616 0 0 0 0 0.119123
0 0.080501 0 0.035577 0 0 0 0 0.116078
0 0.0792 0 0.062455 0 0 0 0 0.141655
0 0.07885 0 0.07888 0 0 0 0 0.15773
0 0.078555 0 0.080344 0 0 0 0 0.158899
0 0.07953 0 0.078983 0 0 0 0 0.158513
0 0.078715 0 0.131854 0 0 0 0 0.210569
0 0.078283 0 0.142433 0 0 0 0 0.220716
0 0.076816 0 0.109633 0 0 0 0 0.186449
