0.005482 0.036652 0 0.002275 0 0 0 0 0.044409
0.005551 0.042849 0 0.002106 0 0 0 0 0.050506
0.005393 0.045638 0 0.002081 0 0 0 0 0.053112
0.005368 0.045544 0 0.002043 0 0 0 0 0.052955
0.005439 0.046012 0 0.002088 0 0 0 0 0.053539
0.005444 0.04603 0 0.002089 0 0 0 0 0.053563
0.005434 0.045554 0 0.002154 0 0 0 0 0.053142
0.005805 0.045298 0 0.002384 0 0 0 0 0.053487
0.007897 0.045523 0 0.021329 0 0 0 0 0.074749
0.031741 0.053905 0 0.013767 0 0 0 0 0.099413
0.027769 0.070227 0 0.013028 0 0 0 0 0.111024
0.029699 0.056672 0 0.013374 0 0 0 0 0.099745
0.028229 0.0552 0 0.013773 0 0 0 0 0.097202
0.029373 0.054522 0 0.015711 0 0 0 0 0.099606
0.049257 0.058714 0 0.013449 0 0 0 0 0.12142
0.051625 0.056673 0 0.013715 0 0 0 0 0.122013
0.046806 0.05339 0 0.013789 0 0 0 0 0.113985
0.038579 0.053816 0 0.01315 0 0 0 0 0.105545
0.028121 0.053905 0 0.014067 0 0 0 0 0.096093
0.045414 0.053273 0 0.0176 0 0 0 0 0.116287
0.044557 0.051777 0 0.01728 0 0 0 0 0.113614
0.048685 0.05363 0 0.013976 0 0 0 0 0.116291
0.04498 0.052172 0 0.015047 0 0 0 0 0.112199
0.030736 0.051541 0 0.014389 0 0 0 0 0.096666
0.035131 0.050893 0 0.014635 0 0 0 0 0.100659
