0 0.06341 0 0.039513 0 0 0 0 0.102923
0 0.075718 0 0.033842 0 0 0 0 0.10956
0 0.078961 0 0.041036 0 0 0 0 0.119997
0 0.079166 0 0.035232 0 0 0 0 0.114398
0 0.078946 0 0.048445 0 0 0 0 0.127391
0 0.079172 0 0.041642 0 0 0 0 0.120814
0 0.079188 0 0.041076 0 0 0 0 0.120264
0 0.083288 0 0.035949 0 0 0 0 0.119237
0 0.081773 0 0.06295 0 0 0 0 0.144723
0 0.081368 0 0.073155 0 0 0 0 0.154523
0 0.080532 0 0.080754 0 0 0 0 0.161286
0 0.081247 0 0.078921 0 0 0 0 0.160168
0 0.081336 0 0.129362 0 0 0 0 0.210698
0 0.0802 0 0.142844 0 0 0 0 0.223044
0 0.079583 0 0.110012 0 0 0 0 0.189595
