0.005531 0.036246 0 0.002052 0 0 0 0 0.043829
0.005548 0.041672 0 0.00207 0 0 0 0 0.04929
0.005427 0.045917 0 0.002047 0 0 0 0 0.053391
0.005391 0.045356 0 0.002325 0 0 0 0 0.053072
0.005426 0.046784 0 0.002089 0 0 0 0 0.054299
0.00542 0.045336 0 0.002072 0 0 0 0 0.052828
0.00539 0.04532 0 0.002103 0 0 0 0 0.052813
0.005748 0.04576 0 0.002195 0 0 0 0 0.053703
0.007848 0.045876 0 0.020835 0 0 0 0 0.074559
0.031934 0.056081 0 0.014707 0 0 0 0 0.102722
0.028666 0.071517 0 0.013844 0 0 0 0 0.114027
0.03074 0.056492 0 0.014236 0 0 0 0 0.101468
0.02865 0.057059 0 0.015261 0 0 0 0 0.10097
0.030169 0.054865 0 0.015337 0 0 0 0 0.100371
0.04965 0.058063 0 0.013209 0 0 0 0 0.120922
0.051243 0.058099 0 0.014055 0 0 0 0 0.123397
0.046999 0.054557 0 0.013796 0 0 0 0 0.115352
0.038937 0.053548 0 0.012746 0 0 0 0 0.105231
0.028566 0.053884 0 0.013725 0 0 0 0 0.096175
0.04604 0.05477 0 0.017453 0 0 0 0 0.118263
0.044744 0.052658 0 0.017191 0 0 0 0 0.114593
0.048794 0.054396 0 0.013854 0 0 0 0 0.117044
0.04572 0.052999 0 0.015338 0 0 0 0 0.114057
0.031138 0.05306 0 0.014794 0 0 0 0 0.098992
0.03523 0.051596 0 0.014446 0 0 0 0 0.101272
