0 0.059943 0 0.036743 0 0 0 0 0.096686
0 0.067882 0 0.03235 0 0 0 0 0.100232
0 0.069706 0 0.0391 0 0 0 0 0.108806
0 0.073019 0 0.03374 0 0 0 0 0.106759
0 0.073462 0 0.046173 0 0 0 0 0.119635
0 0.073598 0 0.039853 0 0 0 0 0.113451
0 0.073485 0 0.039054 0 0 0 0 0.112539
0 0.073438 0 0.034068 0 0 0 0 0.107506
0 0.077718 0 0.059872 0 0 0 0 0.13759
0 0.075446 0 0.069702 0 0 0 0 0.145148
0 0.072927 0 0.076292 0 0 0 0 0.149219
0 0.073608 0 0.075315 0 0 0 0 0.148923
0 0.072844 0 0.123732 0 0 0 0 0.196576
0 0.073557 0 0.138742 0 0 0 0 0.212299
0 0.073691 0 0.105722 0 0 0 0 0.179413
