0.001048 0.047278 0 0.001103 0 0 0 0 0.049429
0.001094 0.048221 0 0.001102 0 0 0 0 0.050417
0.001016 0.049665 0 0.001095 0 0 0 0 0.051776
0.001058 0.049486 0 0.027717 0 0 0 0 0.078261
0.061597 0.061648 0 0.015049 0 0 0 0 0.138294
0.065491 0.06061 0 0.014652 0 0 0 0 0.140753
0.063925 0.061534 0 0.014971 0 0 0 0 0.14043
0.064722 0.06107 0 0.014826 0 0 0 0 0.140618
0.061954 0.061533 0 0.015107 0 0 0 0 0.138594
0.057938 0.060691 0 0.015178 0 0 0 0 0.133807
0.058121 0.060739 0 0.014974 0 0 0 0 0.133834
0.067011 0.062166 0 0.016308 0 0 0 0 0.145485
0.075993 0.060532 0 0.014987 0 0 0 0 0.151512
0.07688 0.059905 0 0.014914 0 0 0 0 0.151699
0.061279 0.059097 0 0.015222 0 0 0 0 0.135598
0.057223 0.058504 0 0.015095 0 0 0 0 0.130822
0.043577 0.057416 0 0.014967 0 0 0 0 0.11596
0.03837 0.056789 0 0.014873 0 0 0 0 0.110032
0.034281 0.056136 0 0.014825 0 0 0 0 0.105242
0.03079 0.055528 0 0.014997 0 0 0 0 0.101315
0.026547 0.054835 0 0.01492 0 0 0 0 0.096302
0.02329 0.054111 0 0.014905 0 0 0 0 0.092306
0.020465 0.054209 0 0.014928 0 0 0 0 0.089602
0.018706 0.053701 0 0.014954 0 0 0 0 0.087361
0.018888 0.053319 0 0.014938 0 0 0 0 0.087145
0.017031 0.05284 0 0.014968 0 0 0 0 0.084839
0.018084 0.053043 0 0.015018 0 0 0 0 0.086145
0.018692 0.052859 0 0.014844 0 0 0 0 0.086395
0.015543 0.053871 0 0.015136 0 0 0 0 0.08455
0.013908 0.053433 0 0.015157 0 0 0 0 0.082498
0.011061 0.057067 0 0.015471 0 0 0 0 0.083599
0.011024 0.053125 0 0.015034 0 0 0 0 0.079183
0.009534 0.052821 0 0.014968 0 0 0 0 0.077323
0.009549 0.053057 0 0.015041 0 0 0 0 0.077647
0.010332 0.053471 0 0.014819 0 0 0 0 0.078622
