0.005462 0.037004 0 0.002044 0 0 0 0 0.04451
0.005464 0.043102 0 0.002097 0 0 0 0 0.050663
0.005396 0.046343 0 0.002062 0 0 0 0 0.053801
0.005492 0.046345 0 0.002084 0 0 0 0 0.053921
0.005406 0.047119 0 0.002167 0 0 0 0 0.054692
0.005568 0.047402 0 0.002181 0 0 0 0 0.055151
0.005643 0.047778 0 0.002151 0 0 0 0 0.055572
0.00577 0.046745 0 0.002226 0 0 0 0 0.054741
0.007949 0.046329 0 0.021116 0 0 0 0 0.075394
0.032109 0.054445 0 0.013953 0 0 0 0 0.100507
0.028039 0.07153 0 0.013363 0 0 0 0 0.112932
0.030059 0.055938 0 0.01325 0 0 0 0 0.099247
0.028154 0.064436 0 0.01446 0 0 0 0 0.10705
0.030339 0.057266 0 0.016361 0 0 0 0 0.103966
0.05023 0.059416 0 0.013517 0 0 0 0 0.123163
0.052124 0.058535 0 0.014304 0 0 0 0 0.124963
0.048723 0.054721 0 0.014092 0 0 0 0 0.117536
0.038368 0.054854 0 0.013391 0 0 0 0 0.106613
0.028483 0.055502 0 0.014428 0 0 0 0 0.098413
0.045812 0.054188 0 0.01784 0 0 0 0 0.11784
0.046018 0.051864 0 0.017505 0 0 0 0 0.115387
0.048289 0.055031 0 0.014267 0 0 0 0 0.117587
0.04696 0.054675 0 0.015367 0 0 0 0 0.117002
0.030607 0.052672 0 0.014632 0 0 0 0 0.097911
0.035165 0.052549 0 0.015543 0 0 0 0 0.103257
