0 0.060711 0 0.040001 0 0 0 0 0.100712
0 0.068835 0 0.033884 0 0 0 0 0.102719
0 0.069414 0 0.040773 0 0 0 0 0.110187
0 0.068917 0 0.035443 0 0 0 0 0.10436
0 0.069449 0 0.048389 0 0 0 0 0.117838
0 0.069269 0 0.041589 0 0 0 0 0.110858
0 0.069758 0 0.041518 0 0 0 0 0.111276
0 0.069688 0 0.035894 0 0 0 0 0.105582
0 0.069386 0 0.062439 0 0 0 0 0.131825
0 0.069685 0 0.072103 0 0 0 0 0.141788
0 0.07005 0 0.082926 0 0 0 0 0.152976
0 0.069602 0 0.077965 0 0 0 0 0.147567
0 0.069466 0 0.127339 0 0 0 0 0.196805
0 0.069661 0 0.141188 0 0 0 0 0.210849
0 0.07029 0 0.109908 0 0 0 0 0.180198
