0 0.063848 0 0.039176 0 0 0 0 0.103024
0 0.075248 0 0.033997 0 0 0 0 0.109245
0 0.078925 0 0.040928 0 0 0 0 0.119853
0 0.079521 0 0.034969 0 0 0 0 0.11449
0 0.079367 0 0.048025 0 0 0 0 0.127392
0 0.079845 0 0.041337 0 0 0 0 0.121182
0 0.079524 0 0.040693 0 0 0 0 0.120217
0 0.081258 0 0.035814 0 0 0 0 0.117072
0 0.079982 0 0.062449 0 0 0 0 0.142431
0 0.079756 0 0.072813 0 0 0 0 0.152569
0 0.078539 0 0.080177 0 0 0 0 0.158716
0 0.079947 0 0.078736 0 0 0 0 0.158683
0 0.078593 0 0.128191 0 0 0 0 0.206784
0 0.07798 0 0.143253 0 0 0 0 0.221233
0 0.07775 0 0.109734 0 0 0 0 0.187484
