0.005516 0.037436 0 0.001988 0 0 0 0 0.04494
0.005507 0.039033 0 0.002002 0 0 0 0 0.046542
0.005457 0.041557 0 0.001996 0 0 0 0 0.04901
0.005407 0.042817 0 0.002067 0 0 0 0 0.050291
0.005411 0.047772 0 0.002031 0 0 0 0 0.055214
0.00542 0.046436 0 0.002063 0 0 0 0 0.053919
0.005415 0.046552 0 0.002086 0 0 0 0 0.054053
0.005715 0.046541 0 0.002127 0 0 0 0 0.054383
0.007744 0.046881 0 0.020872 0 0 0 0 0.075497
0.031654 0.070247 0 0.014232 0 0 0 0 0.116133
0.027844 0.057199 0 0.012872 0 0 0 0 0.097915
0.029333 0.056016 0 0.012864 0 0 0 0 0.098213
0.02754 0.055534 0 0.013518 0 0 0 0 0.096592
0.029862 0.058018 0 0.015973 0 0 0 0 0.103853
0.051075 0.063278 0 0.013793 0 0 0 0 0.128146
0.052372 0.061339 0 0.013794 0 0 0 0 0.127505
0.046247 0.055815 0 0.013878 0 0 0 0 0.11594
0.038068 0.056054 0 0.012923 0 0 0 0 0.107045
0.02822 0.056915 0 0.014117 0 0 0 0 0.099252
0.044818 0.055487 0 0.017837 0 0 0 0 0.118142
0.044008 0.054086 0 0.017374 0 0 0 0 0.115468
0.048015 0.056068 0 0.013962 0 0 0 0 0.118045
0.044999 0.056003 0 0.01501 0 0 0 0 0.116012
0.03069 0.053501 0 0.014348 0 0 0 0 0.098539
0.034716 0.053641 0 0.014736 0 0 0 0 0.103093
